
[38;2;0;0;0m                                                  
[38;2;0;0;0m                  ████                            
[38;2;0;0;0m                ██[38;2;64;64;64m██[38;2;192;168;48m██[38;2;0;0;0m██████                      
[38;2;0;0;0m                ██[38;2;192;168;48m██[38;2;152;128;56m████[38;2;240;216;64m████[38;2;0;0;0m██████████            
[38;2;0;0;0m                ██[38;2;152;128;56m██[38;2;240;216;64m██████████[38;2;64;64;64m██[38;2;192;168;48m██[38;2;240;216;64m██[38;2;0;0;0m██            
[38;2;0;0;0m                ██[38;2;240;216;64m████████████████[38;2;192;160;112m██[38;2;0;0;0m██      ██    
[38;2;0;0;0m              ██[38;2;240;216;64m████████████████[38;2;192;160;112m██[38;2;0;0;0m██      ██[38;2;240;216;64m██[38;2;0;0;0m██  
[38;2;0;0;0m              ████[38;2;240;216;64m██████████████[38;2;192;168;48m████[38;2;0;0;0m██    ██[38;2;240;216;64m██[38;2;0;0;0m██  
[38;2;0;0;0m              ██[38;2;192;168;48m██[38;2;152;128;56m██[38;2;240;216;64m██████[38;2;0;0;0m████[38;2;192;168;48m██████[38;2;0;0;0m██    ██[38;2;240;216;64m██[38;2;0;0;0m██  
[38;2;0;0;0m            ██[38;2;120;80;56m██[38;2;64;64;64m██[38;2;192;168;48m██[38;2;240;216;64m████[38;2;152;128;56m██[38;2;192;168;48m██████[38;2;0;0;0m████    ██[38;2;152;112;56m████[38;2;0;0;0m██  
[38;2;0;0;0m              ██[38;2;120;80;56m██[38;2;64;64;64m██[38;2;248;248;248m████[38;2;192;168;48m████[38;2;64;64;64m████[38;2;0;0;0m██      ██[38;2;240;216;64m██[38;2;152;112;56m██[38;2;0;0;0m██  
[38;2;0;0;0m            ██[38;2;152;128;56m██[38;2;192;168;48m██[38;2;64;64;64m████████████[38;2;152;112;56m████[38;2;0;0;0m██  ██[38;2;240;216;64m████[38;2;0;0;0m██    
[38;2;0;0;0m    ████████[38;2;64;64;64m██[38;2;192;168;48m██[38;2;64;64;64m████[38;2;152;112;56m████[38;2;64;64;64m████[38;2;152;112;56m████████[38;2;0;0;0m██[38;2;192;168;48m██[38;2;240;216;64m██[38;2;192;168;48m██[38;2;0;0;0m██    
[38;2;0;0;0m  ██[38;2;192;168;48m████[38;2;64;64;64m██[38;2;240;216;64m████[38;2;64;64;64m████[38;2;192;168;48m████[38;2;152;112;56m████[38;2;64;64;64m████[38;2;152;112;56m██[38;2;240;216;64m██[38;2;64;64;64m██[38;2;192;168;48m██████[38;2;0;0;0m██      
[38;2;0;0;0m  ██[38;2;64;64;64m██[38;2;192;168;48m████[38;2;64;64;64m██[38;2;240;216;64m██[38;2;192;168;48m██[38;2;240;216;64m██[38;2;64;64;64m██[38;2;240;216;64m██[38;2;192;168;48m██[38;2;64;64;64m██[38;2;192;168;48m██[38;2;152;128;56m██[38;2;64;64;64m██[38;2;192;168;48m████[38;2;64;64;64m████[38;2;0;0;0m██        
[38;2;0;0;0m    ████████[38;2;240;216;64m██████[38;2;192;168;48m██[38;2;64;64;64m██[38;2;192;168;48m██[38;2;64;64;64m████[38;2;192;168;48m██[38;2;64;64;64m████[38;2;240;216;64m██████[38;2;64;64;64m██[38;2;0;0;0m██      
[38;2;0;0;0m            ██[38;2;240;216;64m████[38;2;64;64;64m██[38;2;0;0;0m████[38;2;64;64;64m██[38;2;240;216;64m██[38;2;64;64;64m██[38;2;240;216;64m██[38;2;64;64;64m██[38;2;192;168;48m██[38;2;240;216;64m██[38;2;192;168;48m██[38;2;240;216;64m██[38;2;0;0;0m██      
[38;2;0;0;0m          ██[38;2;240;216;64m████[38;2;64;64;64m██[38;2;0;0;0m██    ██[38;2;240;216;64m██████[38;2;0;0;0m██████████        
[38;2;0;0;0m            ██████      ██[38;2;192;168;48m██[38;2;240;216;64m██[38;2;192;168;48m██[38;2;0;0;0m██                
[38;2;0;0;0m                          ██[38;2;192;168;48m██[38;2;0;0;0m██                  
[38;2;0;0;0m                          ██[38;2;240;216;64m██[38;2;0;0;0m██                  
[38;2;0;0;0m                            ██                    
[38;2;0;0;0m                                                  [0m
