
       [38;2;49;49;49m▄▄▄               [0m
    [38;2;49;49;49m▄[48;2;115;123;139m▀▀[38;2;115;123;139m[48;2;49;49;49m▀▀[38;2;49;49;49m[49m▀               [0m
  [38;2;49;49;49m▄[48;2;115;123;139m▀[38;2;115;123;139m▀[48;2;49;49;49m▀[38;2;49;49;49m[49m▀▄▄▄          ▄▄[48;2;115;123;139m▀[48;2;49;49;49m▀[49m [0m
 [38;2;49;49;49m▄[48;2;98;98;106m▀[38;2;115;123;139m▀[38;2;82;82;82m[48;2;82;82;82m▀[38;2;49;49;49m[48;2;255;255;255m▀▀[38;2;255;255;255m▀▀▀[38;2;49;49;49m▀[48;2;189;189;189m▀[49m▄     ▄[48;2;115;123;139m▀[38;2;115;123;139m▀[48;2;49;49;49m▀[38;2;49;49;49m[49m▀  [0m
 [38;2;49;49;49m[48;2;49;49;49m▀[38;2;98;98;106m[48;2;98;98;106m▀[38;2;82;82;82m[48;2;82;82;82m▀[38;2;255;255;255m[48;2;255;255;255m▀▀[38;2;115;123;139m[48;2;115;123;139m▀[38;2;255;255;255m[48;2;255;255;255m▀▀▀▀[48;2;189;189;189m▀[38;2;49;49;49m▀[49m▄▄  ▄[48;2;98;98;106m▀[38;2;115;123;139m▀[48;2;115;123;139m▀[38;2;49;49;49m[48;2;49;49;49m▀[49m   [0m
 [38;2;49;49;49m[48;2;49;49;49m▀[38;2;98;98;106m[48;2;98;98;106m▀[48;2;49;49;49m▀[38;2;82;82;82m[48;2;98;98;106m▀[38;2;255;255;255m[48;2;82;82;82m▀▀[48;2;49;49;49m▀[38;2;82;82;82m[48;2;164;74;65m▀[48;2;255;255;255m▀[38;2;189;189;189m[48;2;82;82;82m▀[48;2;189;189;189m▀▀[38;2;82;82;82m[48;2;82;82;82m▀[38;2;255;255;255m[48;2;255;255;255m▀[38;2;49;49;49m▀[48;2;82;82;82m▀[38;2;82;82;82m[48;2;255;255;255m▀[38;2;98;98;106m[48;2;82;82;82m▀[38;2;82;82;82m[48;2;49;49;49m▀[38;2;49;49;49m[49m▀▀   [0m
  [38;2;49;49;49m▀ [48;2;49;49;49m▀[38;2;115;123;139m[48;2;115;123;139m▀▀[38;2;230;82;74m[48;2;98;98;106m▀▀[38;2;98;98;106m[48;2;82;82;82m▀[38;2;82;82;82m[48;2;189;189;189m▀[38;2;189;189;189m▀[48;2;82;82;82m▀[38;2;82;82;82m[48;2;189;189;189m▀[38;2;255;255;255m[48;2;255;255;255m▀[38;2;115;123;139m▀[38;2;255;255;255m[48;2;98;98;106m▀[48;2;255;255;255m▀▀[38;2;49;49;49m▀[49m▄    [0m
     [38;2;49;49;49m▀[38;2;98;98;106m[48;2;49;49;49m▀[48;2;82;82;82m▀[38;2;82;82;82m[48;2;189;189;189m▀[48;2;82;82;82m▀[38;2;189;189;189m▀[38;2;82;82;82m[48;2;189;189;189m▀[38;2;189;189;189m▀[48;2;255;255;255m▀[38;2;115;123;139m▀[38;2;82;82;82m[48;2;82;82;82m▀[48;2;189;189;189m▀[38;2;255;255;255m[48;2;255;255;255m▀▀▀[38;2;49;49;49m[48;2;49;49;49m▀[49m    [0m
     [38;2;49;49;49m▀[38;2;255;255;255m[48;2;49;49;49m▀[48;2;82;82;82m▀[48;2;255;255;255m▀▀[38;2;189;189;189m▀[48;2;189;189;189m▀▀[38;2;82;82;82m[48;2;82;82;82m▀[48;2;189;189;189m▀[38;2;189;189;189m[48;2;49;49;49m▀[38;2;49;49;49m[49m▀[38;2;189;189;189m[48;2;49;49;49m▀[38;2;255;255;255m▀[48;2;189;189;189m▀[38;2;189;189;189m▀[38;2;49;49;49m▀[48;2;49;49;49m▀[49m  [0m
      [38;2;49;49;49m▄[48;2;189;189;189m▀[38;2;82;82;82m[48;2;82;82;82m▀[38;2;255;255;255m[48;2;255;255;255m▀[48;2;189;189;189m▀[38;2;189;189;189m▀[48;2;82;82;82m▀[38;2;82;82;82m[48;2;189;189;189m▀[38;2;189;189;189m▀[38;2;49;49;49m[48;2;115;123;139m▀[49m▄  [48;2;49;49;49m▀[38;2;189;189;189m[48;2;189;189;189m▀[48;2;49;49;49m▀[38;2;49;49;49m[49m▀  [0m
    [38;2;49;49;49m▄[48;2;98;98;106m▀[38;2;189;189;189m▀[48;2;189;189;189m▀[48;2;49;49;49m▀[38;2;49;49;49m[49m▀[38;2;189;189;189m[48;2;49;49;49m▀[38;2;49;49;49m[49m▀[48;2;49;49;49m▀[38;2;189;189;189m[48;2;255;255;255m▀[48;2;189;189;189m▀[48;2;49;49;49m▀[38;2;49;49;49m[49m▀ ▀[38;2;115;123;139m[48;2;49;49;49m▀▀[38;2;49;49;49m[49m▀   [0m
     [38;2;49;49;49m▀▀▀  ▄[48;2;115;123;139m▀[38;2;255;255;255m[48;2;82;82;82m▀▀[38;2;189;189;189m[48;2;189;189;189m▀[38;2;49;49;49m[48;2;49;49;49m▀[49m         [0m
          [38;2;49;49;49m▀▀[38;2;82;82;82m[48;2;49;49;49m▀[38;2;115;123;139m▀[38;2;49;49;49m[49m▀          [0m
                         [0m
