
[38;2;0;0;0m                                            
[38;2;0;0;0m                    ██                      
[38;2;0;0;0m                    [38;2;255;255;239m██[38;2;0;0;0m██                    
[38;2;0;0;0m                  ██[38;2;173;173;159m██[38;2;165;148;69m██[38;2;0;0;0m                    
[38;2;0;0;0m                  ██[38;2;82;74;34m██[38;2;165;148;69m██[38;2;0;0;0m                    
[38;2;0;0;0m                [38;2;8;4;0m██[38;2;255;255;223m██[38;2;165;148;69m██[38;2;66;66;66m██[38;2;0;0;0m██                  
[38;2;0;0;0m          ██    [38;2;0;0;16m██[38;2;214;198;94m██[38;2;66;66;66m██[38;2;165;148;69m██[38;2;0;0;0m██                  
[38;2;0;0;0m        ██[38;2;165;148;69m██[38;2;0;0;0m    [38;2;71;66;42m██[38;2;214;198;94m██[38;2;66;66;66m██[38;2;165;148;69m██[38;2;127;111;35m██[38;2;0;0;0m██                
[38;2;0;0;0m        ██[38;2;165;148;69m██[38;2;222;206;102m██[38;2;78;70;50m██[38;2;214;198;86m██████[38;2;165;148;69m██[38;2;66;66;66m████[38;2;80;74;45m██[38;2;214;198;94m██[38;2;0;0;0m██          
[38;2;0;0;0m        ██[38;2;165;148;69m██[38;2;214;198;86m██[38;2;214;198;94m██[38;2;66;66;66m████████[38;2;165;148;69m████[38;2;214;198;94m████[38;2;0;0;0m██          
[38;2;0;0;0m        [38;2;0;4;0m██[38;2;55;59;55m██[38;2;63;57;34m██[38;2;170;170;149m██[38;2;214;198;94m██████[38;2;165;148;69m██[38;2;66;66;66m████[38;2;165;148;69m████[38;2;0;0;0m██          
[38;2;0;0;0m        [38;2;82;86;82m████[38;2;118;107;51m██[38;2;0;0;0m██[38;2;66;66;66m████████[38;2;127;111;35m██[38;2;66;66;66m██[38;2;165;148;69m██[38;2;71;71;71m██[38;2;82;82;82m██[38;2;0;0;0m██        
[38;2;0;0;0m      ████    [38;2;0;0;8m██[38;2;115;103;171m██[38;2;162;154;199m██[38;2;0;4;0m██[38;2;82;74;42m██[38;2;66;66;66m██[38;2;165;165;165m██[38;2;0;0;8m██[38;2;0;0;0m████[38;2;82;82;82m██[38;2;0;0;0m██      
[38;2;0;0;0m        [38;2;82;82;82m██[38;2;0;0;0m██  ██[38;2;165;132;109m██████[38;2;66;66;66m██[38;2;165;165;165m██[38;2;0;0;0m██      ██[38;2;82;82;82m██[38;2;0;0;0m██    
[38;2;0;0;0m        [38;2;82;82;82m████[38;2;0;0;0m██[38;2;156;139;97m██[38;2;82;82;82m██[38;2;165;132;109m██[38;2;214;198;94m██[38;2;165;134;109m██[38;2;80;66;56m██[38;2;0;0;0m██    ██[38;2;82;82;82m████[38;2;0;0;0m██    
[38;2;0;0;0m  ██      ██[38;2;165;146;85m██[38;2;222;198;102m██[38;2;151;137;122m██[38;2;99;78;59m██[38;2;170;152;77m██[38;2;164;148;68m██[38;2;165;137;95m██[38;2;66;66;66m██[38;2;0;0;0m██[38;2;82;82;82m████[38;2;0;0;0m██        
[38;2;0;0;0m  ██████  ██[38;2;214;189;94m██[38;2;85;82;87m██[38;2;255;255;247m██[38;2;151;137;122m██[38;2;170;152;77m██[38;2;214;198;94m██[38;2;165;137;95m████[38;2;90;86;90m██[38;2;82;82;82m██[38;2;0;0;0m██          
[38;2;0;0;0m    [38;2;115;107;171m████[38;2;118;111;163m██[38;2;63;58;82m██[38;2;90;79;93m██[38;2;165;132;109m██[38;2;82;82;82m████[38;2;85;82;87m██[38;2;164;148;68m██[38;2;214;198;94m██[38;2;165;132;109m██[38;2;66;66;66m████[38;2;0;0;0m████[38;2;156;132;228m████[38;2;0;0;0m██  
[38;2;0;0;0m    ██[38;2;63;58;82m██[38;2;115;110;171m████[38;2;165;132;109m██[38;2;255;255;247m██[38;2;85;82;87m██[38;2;153;140;95m██[38;2;151;137;122m██[38;2;85;82;87m██[38;2;165;132;109m████[38;2;115;107;171m██[38;2;115;110;171m██[38;2;156;132;228m██████[38;2;156;140;228m██[38;2;0;0;0m    
[38;2;0;0;0m      ██[38;2;66;66;66m██[38;2;115;107;171m██[38;2;58;58;82m██[38;2;71;71;74m██[38;2;214;198;86m██[38;2;181;154;96m██[38;2;82;82;82m██[38;2;99;88;80m██[38;2;60;58;60m██[38;2;165;165;165m██[38;2;115;111;169m██[38;2;115;107;171m██[38;2;156;132;228m██████[38;2;0;0;0m██    
[38;2;0;0;0m        [38;2;115;107;171m████[38;2;0;4;0m██[38;2;71;71;74m██[38;2;165;132;101m████[38;2;165;132;109m██[38;2;66;66;66m██[38;2;165;165;165m██[38;2;8;4;8m██[38;2;115;111;169m██[38;2;156;132;228m██[38;2;115;107;171m████[38;2;8;8;0m██[38;2;0;0;0m      
[38;2;0;0;0m              ██[38;2;160;160;160m██[38;2;255;255;255m██[38;2;255;255;239m██[38;2;170;170;170m██[38;2;0;0;0m██      ██          
[38;2;0;0;0m                ██[38;2;255;255;255m████[38;2;0;0;0m██                    
[38;2;0;0;0m                                            
[38;2;0;0;0m                                            [0m
