
  [38;2;0;0;0m▄▄                                             [0m
 [38;2;0;0;0m▀[38;2;184;176;200m[48;2;0;0;0m▀[48;2;64;64;64m▀[38;2;0;0;0m[48;2;184;176;200m▀▀▀[49m▄[48;2;184;176;200m▀[48;2;64;64;64m▀[49m▄                                      [0m
   [38;2;0;0;0m▀[38;2;64;64;64m[48;2;0;0;0m▀[48;2;136;88;144m▀[38;2;184;176;200m[48;2;64;64;64m▀[38;2;64;64;64m[48;2;184;176;200m▀[48;2;64;64;64m▀[38;2;184;176;200m[48;2;0;0;0m▀[38;2;0;0;0m[49m▀                    ▄[48;2;64;64;64m▀[48;2;224;224;240m▀[49m▄  ▄▄▄[48;2;224;224;240m▀▀▀▀▀▀▀[49m▄ [0m
    [38;2;0;0;0m▀[38;2;136;88;144m[48;2;0;0;0m▀[38;2;64;64;64m[48;2;136;88;144m▀[38;2;184;176;200m[48;2;64;64;64m▀[38;2;0;0;0m[48;2;184;176;200m▀[49m▄    ▄               ▀[38;2;224;224;240m[48;2;0;0;0m▀[38;2;152;136;152m[48;2;152;136;152m▀[38;2;80;88;80m[48;2;224;224;240m▀[38;2;224;224;240m▀[38;2;0;0;0m▀▀[38;2;224;224;240m[48;2;80;88;80m▀▀▀[38;2;80;88;80m[48;2;136;88;144m▀▀▀[48;2;0;0;0m▀[38;2;0;0;0m[49m▀▀▀  [0m
     [38;2;0;0;0m[48;2;0;0;0m▀[38;2;136;88;144m[48;2;136;88;144m▀[38;2;64;64;64m[48;2;64;64;64m▀[38;2;184;176;200m[48;2;184;176;200m▀[38;2;0;0;0m[48;2;0;0;0m▀[49m   [48;2;0;0;0m▀[38;2;184;176;200m[48;2;184;176;200m▀[38;2;0;0;0m[48;2;0;0;0m▀[49m     ▄[48;2;224;224;240m▀[48;2;0;0;0m▀[49m        [48;2;0;0;0m▀[38;2;224;224;240m[48;2;224;224;240m▀[48;2;80;88;80m▀[38;2;80;88;80m[48;2;184;136;192m▀▀[38;2;136;88;144m[48;2;136;88;144m▀▀▀[48;2;0;0;0m▀[38;2;0;0;0m[49m▀▀      [0m
      [38;2;0;0;0m[48;2;0;0;0m▀[38;2;136;88;144m[48;2;136;88;144m▀[38;2;64;64;64m▀[38;2;184;176;200m[48;2;64;64;64m▀[38;2;0;0;0m[48;2;184;176;200m▀[49m▄ [48;2;0;0;0m▀[38;2;184;176;200m[48;2;224;224;240m▀▀[38;2;0;0;0m▀[48;2;152;136;152m▀[38;2;64;64;64m[49m▄[38;2;0;0;0m[48;2;224;224;240m▀▀[38;2;224;224;240m▀[48;2;0;0;0m▀[38;2;0;0;0m[49m▀       ▄[48;2;224;224;240m▀[38;2;224;224;240m[48;2;80;88;80m▀[38;2;80;88;80m[48;2;184;136;192m▀[38;2;184;136;192m▀▀▀[48;2;0;0;0m▀[38;2;0;0;0m[49m▀         [0m
      [38;2;0;0;0m▀[38;2;136;88;144m[48;2;0;0;0m▀▀[48;2;136;88;144m▀[38;2;64;64;64m▀[38;2;184;176;200m[48;2;64;64;64m▀[38;2;0;0;0m[48;2;224;224;240m▀[38;2;224;224;240m▀▀▀▀▀▀▀▀[48;2;0;0;0m▀[38;2;0;0;0m[49m▀ ▄▄     [48;2;0;0;0m▀[38;2;224;224;240m[48;2;224;224;240m▀[38;2;80;88;80m[48;2;80;88;80m▀[38;2;184;136;192m[48;2;184;136;192m▀▀▀[38;2;0;0;0m[48;2;0;0;0m▀[49m           [0m
         [38;2;0;0;0m▀▀[38;2;64;64;64m[48;2;0;0;0m▀[38;2;224;224;240m[48;2;224;224;240m▀▀[48;2;152;136;152m▀[48;2;224;224;240m▀▀[48;2;80;88;80m▀[38;2;80;88;80m[48;2;248;248;248m▀[38;2;224;224;240m[48;2;152;136;152m▀[38;2;184;176;200m[48;2;184;176;200m▀[38;2;0;0;0m[48;2;64;64;64m▀[49m▄[48;2;224;224;240m▀[38;2;224;224;240m▀▀[38;2;0;0;0m[48;2;0;0;0m▀[49m  ▄[48;2;64;64;64m▀[38;2;224;224;240m[48;2;224;224;240m▀[38;2;80;88;80m[48;2;80;88;80m▀[38;2;184;136;192m[48;2;184;136;192m▀▀▀[38;2;0;0;0m[48;2;0;0;0m▀[49m            [0m
          [38;2;0;0;0m▄▄[48;2;224;224;240m▀[38;2;224;224;240m▀[38;2;152;136;152m▀[38;2;224;224;240m[48;2;64;64;64m▀[38;2;0;0;0m[48;2;0;0;0m▀[38;2;248;248;248m[48;2;80;144;104m▀[48;2;248;248;248m▀[38;2;152;136;152m[48;2;184;176;200m▀[38;2;184;176;200m▀▀[38;2;64;64;64m[48;2;64;64;64m▀[38;2;224;224;240m[48;2;224;224;240m▀▀[48;2;64;64;64m▀▀[38;2;0;0;0m[48;2;224;224;240m▀▀[38;2;224;224;240m[48;2;80;88;80m▀▀[38;2;80;88;80m[48;2;136;88;144m▀[38;2;184;136;192m▀[48;2;184;136;192m▀▀▀[38;2;0;0;0m[48;2;0;0;0m▀[49m    ▄▄      [0m
       [38;2;0;0;0m▄[48;2;224;224;240m▀▀[38;2;224;224;240m▀▀▀▀[48;2;184;176;200m▀[38;2;184;176;200m▀▀▀▀▀[48;2;80;88;80m▀[48;2;184;176;200m▀▀[38;2;64;64;64m[48;2;64;64;64m▀[38;2;224;224;240m[48;2;184;176;200m▀[48;2;224;224;240m▀[48;2;80;88;80m▀[38;2;80;88;80m[48;2;136;88;144m▀▀[38;2;136;88;144m▀[48;2;0;0;0m▀▀[38;2;0;0;0m[49m▀▀▀▀ ▄[48;2;152;136;152m▀[48;2;80;88;80m▀[48;2;224;224;240m▀[38;2;224;224;240m▀[48;2;0;0;0m▀[38;2;0;0;0m[49m▀     [0m
      [38;2;0;0;0m▄[48;2;224;224;240m▀[38;2;224;224;240m▀[48;2;80;88;80m▀[38;2;80;88;80m[48;2;224;224;240m▀[38;2;224;224;240m▀[48;2;184;176;200m▀[38;2;184;176;200m[48;2;0;0;0m▀▀[48;2;64;64;64m▀[38;2;64;64;64m[48;2;144;88;48m▀▀▀▀[38;2;184;176;200m[48;2;184;176;200m▀[48;2;64;64;64m▀[38;2;80;88;80m[48;2;184;176;200m▀[38;2;184;176;200m▀▀[38;2;80;88;80m▀[38;2;136;88;144m▀[48;2;0;0;0m▀[38;2;0;0;0m[49m▀▀       ▄[48;2;224;224;240m▀[38;2;224;224;240m[48;2;152;136;152m▀[38;2;152;136;152m[48;2;224;224;240m▀[38;2;224;224;240m[48;2;0;0;0m▀[38;2;0;0;0m[49m▀      [0m
      [38;2;0;0;0m▀[38;2;224;224;240m[48;2;0;0;0m▀[48;2;224;224;240m▀▀[48;2;0;0;0m▀[38;2;0;0;0m[49m▀▀ ▄[48;2;248;120;136m▀[38;2;248;120;136m▀[38;2;144;88;48m▀[48;2;144;88;48m▀[38;2;184;176;200m[48;2;184;176;200m▀[48;2;64;64;64m▀[38;2;64;64;64m[48;2;184;176;200m▀[38;2;184;176;200m▀▀▀[48;2;152;136;152m▀[38;2;152;136;152m▀▀[38;2;0;0;0m[48;2;64;64;64m▀[48;2;152;136;152m▀▀[49m▄▄▄▄[48;2;224;224;240m▀▀[38;2;224;224;240m▀[48;2;0;0;0m▀[38;2;0;0;0m[49m▀[38;2;224;224;240m[48;2;0;0;0m▀[38;2;0;0;0m[49m▀       [0m
        [38;2;0;0;0m▀▀  ▄[48;2;248;120;136m▀[38;2;248;120;136m▀▀[48;2;144;88;48m▀[38;2;144;88;48m[48;2;248;248;248m▀[38;2;184;176;200m[48;2;184;176;200m▀[38;2;64;64;64m[48;2;64;64;64m▀[38;2;152;136;152m[48;2;152;136;152m▀[38;2;64;64;64m▀[38;2;152;136;152m[48;2;64;64;64m▀[48;2;0;0;0m▀[48;2;64;64;64m▀[48;2;184;176;200m▀▀[38;2;184;176;200m▀▀[38;2;64;64;64m[48;2;64;64;64m▀[38;2;152;136;152m[48;2;152;136;152m▀▀▀[38;2;184;176;200m[48;2;184;176;200m▀[38;2;224;224;240m[48;2;0;0;0m▀▀[38;2;0;0;0m[49m▀▀           [0m
          [38;2;0;0;0m▄[48;2;248;248;248m▀[38;2;144;88;48m[48;2;144;88;48m▀[38;2;248;120;136m▀▀[48;2;184;176;200m▀[38;2;248;248;248m▀[38;2;184;176;200m▀[38;2;64;64;64m[48;2;0;0;0m▀[38;2;152;136;152m▀[48;2;64;64;64m▀[38;2;64;64;64m[48;2;152;136;152m▀[38;2;0;0;0m[48;2;0;0;0m▀[49m ▀[38;2;184;176;200m[48;2;0;0;0m▀[48;2;184;176;200m▀▀[48;2;152;136;152m▀[38;2;64;64;64m▀▀[38;2;0;0;0m[48;2;0;0;0m▀[49m▀▀               [0m
          [38;2;0;0;0m▀[38;2;184;176;200m[48;2;0;0;0m▀[38;2;80;88;80m[48;2;184;176;200m▀▀[38;2;248;248;248m▀[38;2;184;176;200m▀[48;2;64;64;64m▀[38;2;0;0;0m[48;2;0;0;0m▀[49m  ▀▀    ▀▀[38;2;64;64;64m[48;2;0;0;0m▀[38;2;152;136;152m[48;2;152;136;152m▀▀[38;2;0;0;0m[48;2;0;0;0m▀[49m                 [0m
            [38;2;0;0;0m▀▀▀▀▀            ▀▀                  [0m
