
              [38;2;0;0;0m▄                        [0m
             [38;2;0;0;0m[48;2;0;0;0m▀[38;2;248;224;64m[48;2;248;224;64m▀[38;2;0;0;0m[48;2;64;64;64m▀[49m▄              ▄▄      [0m
             [38;2;0;0;0m▀[38;2;248;224;64m[48;2;0;0;0m▀[48;2;248;224;64m▀[38;2;0;0;0m▀[49m▄          ▄▄[48;2;248;224;64m▀[38;2;248;240;0m[48;2;0;0;0m▀[38;2;0;0;0m[49m▀      [0m
              [38;2;0;0;0m[48;2;0;0;0m▀[38;2;248;224;64m[48;2;248;224;64m▀▀▀[38;2;0;0;0m▀[49m▄▄▄▄  ▄▄[48;2;248;224;64m▀[38;2;248;224;64m▀▀[48;2;0;0;0m▀[38;2;0;0;0m[49m▀       [0m
              [38;2;0;0;0m[48;2;0;0;0m▀[38;2;64;64;64m[48;2;64;64;64m▀[38;2;248;224;64m[48;2;192;168;88m▀[38;2;192;168;88m[48;2;248;240;120m▀▀[38;2;248;224;64m▀[48;2;248;224;64m▀▀▀[38;2;0;0;0m▀[48;2;192;168;88m▀[38;2;248;224;64m[48;2;248;224;64m▀▀▀[48;2;192;168;88m▀[38;2;0;0;0m[48;2;0;0;0m▀[49m         [0m
           [38;2;0;0;0m▄[48;2;128;104;72m▀▀[38;2;128;104;72m[48;2;64;64;64m▀[38;2;64;64;64m[48;2;248;240;120m▀[38;2;248;240;120m▀▀▀▀▀[38;2;248;224;64m[48;2;248;224;64m▀▀▀▀[48;2;192;168;88m▀▀[38;2;192;168;88m▀[38;2;0;0;0m[48;2;0;0;0m▀[49m          [0m
  [38;2;0;0;0m▄▄      [48;2;0;0;0m▀[38;2;128;104;72m[48;2;128;104;72m▀[48;2;64;64;64m▀[38;2;64;64;64m[48;2;248;224;64m▀[38;2;152;128;72m[48;2;152;128;72m▀[38;2;248;240;120m[48;2;248;240;120m▀▀▀▀▀[48;2;248;224;64m▀[38;2;248;224;64m▀▀[48;2;128;104;72m▀[38;2;152;128;72m[48;2;192;168;88m▀[38;2;192;168;88m▀▀[38;2;0;0;0m[48;2;64;64;64m▀[49m▄[48;2;160;128;96m▀▀▀▀[48;2;128;104;72m▀[49m▄▄   [0m
 [38;2;0;0;0m[48;2;0;0;0m▀[38;2;80;88;104m[48;2;176;176;184m▀[38;2;248;248;248m[48;2;208;208;208m▀[38;2;0;0;0m[48;2;248;248;248m▀[49m▄    ▀[38;2;128;104;72m[48;2;0;0;0m▀[38;2;64;64;64m[48;2;128;104;72m▀[38;2;248;224;64m[48;2;64;64;64m▀[38;2;248;248;248m[48;2;248;248;248m▀[38;2;0;0;0m[48;2;0;0;0m▀[38;2;248;240;120m[48;2;248;224;64m▀▀[38;2;248;224;64m▀[48;2;128;104;72m▀[48;2;0;0;0m▀[38;2;128;104;72m[48;2;248;248;248m▀▀[38;2;152;128;72m[48;2;152;128;72m▀[38;2;192;168;88m[48;2;192;168;88m▀▀▀[38;2;64;64;64m[48;2;248;224;64m▀[38;2;160;128;96m[48;2;64;64;64m▀[48;2;160;128;96m▀▀▀▀▀[38;2;128;104;72m▀[48;2;128;104;72m▀[38;2;0;0;0m▀[49m▄ [0m
 [38;2;0;0;0m[48;2;0;0;0m▀[38;2;176;176;184m[48;2;176;176;184m▀▀[38;2;248;248;248m[48;2;208;208;208m▀[38;2;80;88;104m[48;2;176;176;184m▀[38;2;0;0;0m[48;2;96;80;48m▀[48;2;248;224;64m▀[49m▄  ▄[48;2;192;168;88m▀[38;2;128;104;72m[48;2;64;64;64m▀[38;2;64;64;64m▀[38;2;152;128;72m[48;2;248;224;64m▀[38;2;248;224;64m▀▀[38;2;152;128;72m[48;2;152;128;72m▀[38;2;248;248;248m[48;2;192;168;88m▀[38;2;0;0;0m▀[38;2;248;248;248m▀[38;2;192;168;88m▀▀[48;2;248;224;64m▀[38;2;248;224;64m[48;2;64;64;64m▀▀▀[38;2;64;64;64m[48;2;160;128;96m▀[38;2;160;128;96m▀▀▀[48;2;128;104;72m▀▀[38;2;128;104;72m▀▀[48;2;0;0;0m▀[38;2;0;0;0m[49m▀ [0m
  [38;2;0;0;0m▀[38;2;176;176;184m[48;2;0;0;0m▀[48;2;64;64;64m▀[38;2;96;80;48m[48;2;96;80;48m▀[38;2;248;224;64m[48;2;248;224;64m▀[48;2;192;168;88m▀[38;2;64;64;64m[48;2;64;64;64m▀[38;2;0;0;0m[48;2;128;104;72m▀[48;2;64;64;64m▀[38;2;192;168;88m[48;2;192;168;88m▀[48;2;64;64;64m▀▀[38;2;64;64;64m[48;2;128;104;72m▀[38;2;248;224;64m[48;2;248;224;64m▀▀[38;2;152;128;72m[48;2;192;168;88m▀[38;2;192;168;88m▀▀[48;2;64;64;64m▀▀[38;2;64;64;64m[48;2;128;104;72m▀▀▀[38;2;128;104;72m▀[38;2;64;64;64m▀[38;2;128;104;72m[48;2;64;64;64m▀[48;2;128;104;72m▀▀▀▀[48;2;64;64;64m▀▀[38;2;64;64;64m[48;2;0;0;0m▀[38;2;0;0;0m[49m▀   [0m
  [38;2;0;0;0m[48;2;0;0;0m▀[38;2;248;224;64m▀[48;2;248;224;64m▀[38;2;96;80;48m▀[38;2;192;168;88m[48;2;96;80;48m▀[38;2;64;64;64m[48;2;192;168;88m▀[38;2;128;104;72m[48;2;64;64;64m▀[48;2;128;104;72m▀[48;2;64;64;64m▀[38;2;64;64;64m[48;2;248;224;64m▀[38;2;192;168;88m▀[38;2;248;224;64m[48;2;0;0;0m▀[38;2;64;64;64m▀[38;2;248;224;64m[48;2;192;168;88m▀[38;2;128;104;72m▀[38;2;248;224;64m[48;2;0;0;0m▀[48;2;248;224;64m▀[38;2;64;64;64m▀[38;2;128;104;72m[48;2;64;64;64m▀▀[48;2;128;104;72m▀▀[48;2;64;64;64m▀[38;2;64;64;64m[48;2;248;248;248m▀▀[38;2;128;104;72m[48;2;64;64;64m▀[38;2;64;64;64m[48;2;0;0;0m▀[38;2;0;0;0m[49m▀▀▀[38;2;192;168;88m[48;2;0;0;0m▀[48;2;192;168;88m▀[38;2;0;0;0m▀[49m▄   [0m
   [38;2;0;0;0m▄[48;2;248;224;64m▀[38;2;96;80;48m▀[48;2;96;80;48m▀[38;2;192;168;88m▀[38;2;64;64;64m[48;2;64;64;64m▀[48;2;192;168;88m▀[38;2;248;224;64m▀[38;2;192;168;88m▀[38;2;0;0;0m[48;2;0;0;0m▀[49m  ▀▀▄[48;2;192;168;88m▀[38;2;248;224;64m[48;2;64;64;64m▀[48;2;248;224;64m▀▀[38;2;64;64;64m▀[48;2;64;64;64m▀[38;2;176;176;184m[48;2;176;176;184m▀▀[38;2;208;208;208m▀[38;2;248;248;248m[48;2;208;208;208m▀[38;2;0;0;0m[48;2;64;64;64m▀[49m▄ ▄▄[48;2;160;128;96m▀[38;2;64;64;64m▀[38;2;0;0;0m▀[49m▄  [0m
   [38;2;0;0;0m▀[38;2;64;64;64m[48;2;0;0;0m▀[38;2;248;224;64m[48;2;64;64;64m▀▀[38;2;64;64;64m▀[38;2;192;168;88m[48;2;192;168;88m▀▀▀[48;2;0;0;0m▀[38;2;0;0;0m[49m▀ ▄[48;2;160;128;96m▀[48;2;128;104;72m▀[38;2;192;168;88m[48;2;64;64;64m▀▀[48;2;192;168;88m▀[38;2;64;64;64m[48;2;0;0;0m▀[38;2;248;224;64m[48;2;248;224;64m▀▀[38;2;64;64;64m▀[38;2;176;176;184m[48;2;64;64;64m▀[48;2;176;176;184m▀▀[48;2;96;80;48m▀[38;2;64;64;64m▀[38;2;248;224;64m[48;2;248;224;64m▀[38;2;0;0;0m▀[38;2;160;128;96m[48;2;96;80;48m▀[48;2;160;128;96m▀▀▀[48;2;0;0;0m▀[38;2;0;0;0m[49m▀  [0m
     [38;2;0;0;0m[48;2;0;0;0m▀[38;2;176;176;184m[48;2;176;176;184m▀▀[38;2;64;64;64m[48;2;0;0;0m▀[38;2;0;0;0m[49m▀▀   ▀[38;2;128;104;72m[48;2;0;0;0m▀[38;2;160;128;96m[48;2;64;64;64m▀▀[38;2;128;104;72m▀[38;2;0;0;0m[48;2;192;168;88m▀[49m▄[48;2;0;0;0m▀[38;2;248;224;64m[48;2;248;224;64m▀▀[48;2;248;240;120m▀[38;2;64;64;64m[48;2;64;64;64m▀[38;2;96;80;48m[48;2;248;224;64m▀[38;2;248;224;64m▀[48;2;96;80;48m▀[38;2;96;80;48m▀[38;2;248;224;64m[48;2;64;64;64m▀[38;2;96;80;48m[48;2;128;104;72m▀[38;2;128;104;72m▀[38;2;160;128;96m[48;2;0;0;0m▀[38;2;0;0;0m[49m▀    [0m
      [38;2;0;0;0m▀▀    ▄[48;2;208;208;208m▀[48;2;152;128;72m▀[38;2;192;168;88m▀[48;2;96;80;48m▀[38;2;152;128;72m[48;2;192;168;88m▀[38;2;192;168;88m▀▀▀[38;2;64;64;64m[48;2;0;0;0m▀[38;2;248;224;64m▀[38;2;248;240;120m[48;2;248;240;120m▀▀[48;2;248;240;176m▀[38;2;64;64;64m[48;2;64;64;64m▀[38;2;96;80;48m[48;2;248;224;64m▀[38;2;248;224;64m▀[48;2;64;64;64m▀[38;2;64;64;64m[48;2;248;224;64m▀▀▀[38;2;248;224;64m▀[38;2;0;0;0m[48;2;0;0;0m▀[49m    [0m
             [38;2;0;0;0m▀▀▀[38;2;208;208;208m[48;2;0;0;0m▀[38;2;152;128;72m▀[38;2;192;168;88m▀[38;2;0;0;0m[49m▀▀  ▀[38;2;248;240;176m[48;2;0;0;0m▀▀▀[38;2;64;64;64m[48;2;64;64;64m▀[48;2;176;176;184m▀[38;2;176;176;184m▀[38;2;64;64;64m[48;2;64;64;64m▀[38;2;248;224;64m[48;2;152;128;72m▀[48;2;248;224;64m▀▀▀[38;2;0;0;0m[48;2;0;0;0m▀[49m   [0m
                          [38;2;0;0;0m▄[48;2;248;248;248m▀[38;2;64;64;64m▀[48;2;0;0;0m▀[38;2;248;224;64m▀[38;2;152;128;72m[48;2;152;128;72m▀[38;2;248;224;64m[48;2;192;168;88m▀▀[48;2;0;0;0m▀[38;2;0;0;0m[49m▀   [0m
                           [38;2;0;0;0m▀▀  ▀[38;2;248;248;248m[48;2;0;0;0m▀▀[38;2;0;0;0m[49m▀    [0m
                                       [0m
