
[38;2;0;0;0m                              
[38;2;0;0;0m                [38;2;49;49;49m████[38;2;0;0;0m          
[38;2;0;0;0m              [38;2;49;49;49m██[38;2;255;180;213m████[38;2;49;49;49m██[38;2;0;0;0m        
[38;2;0;0;0m            [38;2;49;49;49m██[38;2;255;180;213m██████[38;2;49;49;49m██[38;2;0;0;0m        
[38;2;0;0;0m        [38;2;49;49;49m████[38;2;255;180;213m████[38;2;246;148;189m██[38;2;238;115;156m██[38;2;49;49;49m██[38;2;0;0;0m        
[38;2;0;0;0m      [38;2;49;49;49m██[38;2;255;180;213m██[38;2;82;82;82m██[38;2;255;180;213m██[38;2;238;115;156m██████[38;2;49;49;49m██[38;2;0;0;0m        
[38;2;0;0;0m      [38;2;82;82;82m██[38;2;255;180;213m██[38;2;131;106;131m██[38;2;238;115;156m██████[38;2;49;49;49m██[38;2;0;0;0m          
[38;2;0;0;0m    [38;2;49;49;49m██[38;2;255;180;213m██[38;2;238;115;156m████████[38;2;82;82;82m████[38;2;49;49;49m██[38;2;0;0;0m        
[38;2;0;0;0m    [38;2;49;49;49m██[38;2;246;148;189m██[38;2;238;115;156m████[38;2;131;106;131m████[38;2;255;180;213m██[38;2;238;115;156m████[38;2;49;49;49m██[38;2;0;0;0m      
[38;2;0;0;0m    [38;2;49;49;49m██[38;2;238;115;156m████[38;2;131;106;131m██[38;2;255;180;213m████████[38;2;238;115;156m████[38;2;49;49;49m██[38;2;0;0;0m    
[38;2;0;0;0m    [38;2;49;49;49m██[38;2;238;115;156m██[38;2;131;106;131m██[38;2;246;205;230m██[38;2;255;180;213m████████[38;2;246;148;189m██[38;2;238;115;156m██[38;2;49;49;49m██[38;2;0;0;0m    
[38;2;0;0;0m    [38;2;82;82;82m██[38;2;49;49;49m██[38;2;246;205;230m██[38;2;255;180;213m██████[38;2;238;115;156m██[38;2;246;148;189m██[38;2;255;180;213m██[38;2;238;115;156m██[38;2;49;49;49m██[38;2;0;0;0m    
[38;2;0;0;0m    [38;2;49;49;49m██[38;2;246;205;230m████[38;2;255;180;213m██████[38;2;238;115;156m████[38;2;255;180;213m██[38;2;49;49;49m██[38;2;0;0;0m      
[38;2;0;0;0m    [38;2;49;49;49m██[38;2;246;205;230m██[38;2;255;180;213m██████[38;2;41;123;156m██[38;2;255;180;213m██[38;2;238;115;156m██[38;2;255;180;213m██[38;2;238;115;156m██[38;2;49;49;49m██[38;2;0;0;0m    
[38;2;0;0;0m  [38;2;49;49;49m██[38;2;246;205;230m██[38;2;255;180;213m██████[38;2;41;123;156m████[38;2;255;180;213m██[38;2;246;148;189m██[38;2;255;180;213m██[38;2;238;115;156m██[38;2;49;49;49m██[38;2;0;0;0m    
[38;2;0;0;0m  [38;2;49;49;49m██[38;2;246;205;230m██[38;2;255;180;213m████[38;2;41;123;156m██[38;2;49;49;49m██[38;2;255;255;255m██[38;2;255;180;213m████[38;2;246;148;189m██[38;2;238;115;156m██[38;2;49;49;49m██[38;2;0;0;0m    
[38;2;0;0;0m  [38;2;49;49;49m██[38;2;255;180;213m██████[38;2;41;123;156m██[38;2;246;139;41m██[38;2;255;255;255m██[38;2;255;180;213m████[38;2;238;115;156m██[38;2;49;49;49m██[38;2;0;0;0m      
[38;2;0;0;0m    [38;2;49;49;49m██[38;2;255;180;213m██████[38;2;255;255;255m██[38;2;255;180;213m████[38;2;246;148;189m██[38;2;82;82;82m██[38;2;238;115;156m██[38;2;49;49;49m██[38;2;0;0;0m    
[38;2;0;0;0m      [38;2;49;49;49m████[38;2;255;180;213m██████[38;2;131;106;131m████[38;2;238;115;156m████[38;2;49;49;49m██[38;2;0;0;0m    
[38;2;0;0;0m          [38;2;49;49;49m██[38;2;131;106;131m████[38;2;238;115;156m████████[38;2;246;148;189m██[38;2;49;49;49m██[38;2;0;0;0m  
[38;2;0;0;0m          [38;2;49;49;49m██[38;2;238;115;156m████[38;2;131;106;131m██[38;2;238;115;156m████[38;2;246;148;189m██[38;2;255;180;213m██[38;2;49;49;49m██[38;2;0;0;0m  
[38;2;0;0;0m            [38;2;49;49;49m██[38;2;246;148;189m██[38;2;255;180;213m██[38;2;49;49;49m██[38;2;255;180;213m██████[38;2;49;49;49m██[38;2;0;0;0m  
[38;2;0;0;0m              [38;2;49;49;49m████[38;2;0;0;0m  [38;2;49;49;49m██████[38;2;0;0;0m    
[38;2;0;0;0m                              [0m
