
         [38;2;49;49;49m▄▄▄▄  ▄▄     [0m
       [38;2;49;49;49m▄[48;2;65;106;156m▀[38;2;65;106;156m[48;2;90;148;213m▀[38;2;90;148;213m[48;2;49;49;49m▀[48;2;82;82;82m▀[48;2;65;106;156m▀[38;2;49;49;49m[48;2;90;148;213m▀▀[38;2;90;148;213m[48;2;49;49;49m▀[38;2;49;49;49m[49m▀     [0m
       [38;2;49;49;49m[48;2;49;49;49m▀[38;2;90;148;213m[48;2;90;148;213m▀[38;2;49;49;49m[48;2;65;106;156m▀[49m▄[48;2;123;189;255m▀[38;2;82;82;82m▀▀[38;2;49;49;49m[48;2;90;148;213m▀[49m▄  ▄▄  [0m
       [38;2;49;49;49m▄[48;2;65;106;156m▀[38;2;90;148;213m[48;2;123;189;255m▀[38;2;123;189;255m[48;2;82;82;82m▀[48;2;49;49;49m▀[38;2;49;49;49m[49m▀▀[38;2;65;106;156m[48;2;49;49;49m▀[38;2;90;148;213m[48;2;65;106;156m▀[38;2;49;49;49m[48;2;123;189;255m▀▀[38;2;123;189;255m[48;2;49;49;49m▀[38;2;49;49;49m[49m▀  [0m
   [38;2;49;49;49m▄▄▄[48;2;123;189;255m▀[38;2;123;189;255m▀[38;2;65;106;156m▀[38;2;82;82;82m▀[38;2;123;189;255m▀[38;2;90;148;213m▀[38;2;49;49;49m[48;2;90;148;213m▀[49m▄▄▀▀▀    [0m
 [38;2;49;49;49m▄[48;2;189;189;189m▀[38;2;189;189;189m▀▀[38;2;82;82;82m[48;2;82;82;82m▀[38;2;123;189;255m[48;2;90;148;213m▀[48;2;123;189;255m▀▀[48;2;255;255;255m▀[48;2;123;189;255m▀▀▀[38;2;82;82;82m[48;2;82;82;82m▀[38;2;189;189;189m[48;2;189;189;189m▀[38;2;49;49;49m[48;2;255;255;255m▀▀[49m▄    [0m
 [38;2;49;49;49m▀[38;2;189;189;189m[48;2;49;49;49m▀[48;2;255;255;255m▀[38;2;82;82;82m▀[38;2;222;238;255m[48;2;82;82;82m▀[48;2;222;238;255m▀[38;2;90;148;213m▀▀[38;2;49;49;49m[48;2;90;148;213m▀[38;2;123;189;255m[48;2;255;255;255m▀▀[38;2;90;148;213m[48;2;82;82;82m▀[38;2;82;82;82m[48;2;255;255;255m▀[38;2;255;255;255m▀▀▀[48;2;148;148;148m▀[38;2;49;49;49m[48;2;49;49;49m▀[49m▄  [0m
 [38;2;49;49;49m▄[48;2;255;255;255m▀[38;2;255;255;255m▀▀▀[38;2;82;82;82m[48;2;189;189;189m▀▀[48;2;82;82;82m▀[48;2;90;148;213m▀[38;2;90;148;213m▀[38;2;82;82;82m▀[38;2;255;255;255m[48;2;82;82;82m▀[48;2;255;255;255m▀▀▀[38;2;148;148;148m▀[38;2;255;255;255m▀▀[38;2;189;189;189m▀[38;2;49;49;49m[48;2;49;49;49m▀[49m [0m
 [38;2;49;49;49m▀[38;2;189;189;189m[48;2;49;49;49m▀[38;2;255;255;255m[48;2;82;82;82m▀▀[48;2;148;148;148m▀[38;2;189;189;189m[48;2;255;255;255m▀[38;2;255;255;255m▀▀[38;2;82;82;82m[48;2;148;148;148m▀[38;2;123;189;255m[48;2;255;255;255m▀▀[38;2;255;255;255m▀▀▀[48;2;189;189;189m▀[48;2;255;255;255m▀▀[48;2;189;189;189m▀[38;2;49;49;49m▀[49m▄ [0m
 [38;2;49;49;49m▀[38;2;123;189;255m[48;2;49;49;49m▀[38;2;65;106;156m▀[38;2;123;189;255m[48;2;65;106;156m▀[38;2;82;82;82m[48;2;90;148;213m▀[38;2;255;255;255m[48;2;65;106;156m▀[48;2;255;255;255m▀[48;2;189;189;189m▀[48;2;255;255;255m▀▀▀▀[48;2;189;189;189m▀[38;2;189;189;189m▀[38;2;148;148;148m▀[38;2;189;189;189m[48;2;148;148;148m▀[48;2;189;189;189m▀▀[48;2;49;49;49m▀[38;2;49;49;49m[49m▀ [0m
    [38;2;49;49;49m▀[38;2;90;148;213m[48;2;49;49;49m▀[38;2;82;82;82m▀[38;2;189;189;189m[48;2;189;189;189m▀▀[48;2;82;82;82m▀[38;2;82;82;82m[48;2;123;189;255m▀[48;2;65;106;156m▀[48;2;123;189;255m▀[38;2;189;189;189m[48;2;82;82;82m▀[48;2;189;189;189m▀[48;2;49;49;49m▀[38;2;49;49;49m[49m▀▀▀   [0m
       [38;2;49;49;49m▀▀▀[38;2;82;82;82m[48;2;49;49;49m▀[38;2;90;148;213m▀[48;2;90;148;213m▀[38;2;49;49;49m[48;2;49;49;49m▀[49m▀       [0m
            [38;2;49;49;49m▀         [0m
