
[38;2;0;0;0m                                            
[38;2;0;0;0m                [38;2;49;49;49m████████████[38;2;0;0;0m                
[38;2;0;0;0m            [38;2;49;49;49m████[38;2;205;205;189m████████[38;2;172;164;156m██[38;2;131;106;90m██[38;2;49;49;49m████[38;2;0;0;0m            
[38;2;0;0;0m        [38;2;49;49;49m████[38;2;205;205;189m████[38;2;131;106;90m██████████████[38;2;213;90;106m██[38;2;49;49;49m████[38;2;0;0;0m        
[38;2;0;0;0m      [38;2;49;49;49m██[38;2;131;106;90m██[38;2;205;205;189m████[38;2;131;106;90m████[38;2;205;205;189m████[38;2;172;164;156m██[38;2;131;106;90m████[38;2;238;123;164m██████[38;2;131;106;90m██[38;2;49;49;49m██[38;2;0;0;0m      
[38;2;0;0;0m    [38;2;49;49;49m██[38;2;131;106;90m██[38;2;205;205;189m██████[38;2;131;106;90m████[38;2;172;164;156m██[38;2;205;205;189m████[38;2;131;106;90m████[38;2;238;123;164m████████[38;2;131;106;90m██[38;2;49;49;49m██[38;2;0;0;0m    
[38;2;0;0;0m    [38;2;49;49;49m██[38;2;205;205;189m████████[38;2;172;164;156m██[38;2;131;106;90m██████████[38;2;238;123;164m████████[38;2;213;90;106m██[38;2;238;123;164m██[38;2;49;49;49m██[38;2;0;0;0m    
[38;2;0;0;0m  [38;2;49;49;49m██[38;2;172;164;156m██[38;2;205;205;189m████████[38;2;131;106;90m████[38;2;213;90;106m██[38;2;238;123;164m████████████████████[38;2;49;49;49m██[38;2;0;0;0m  
[38;2;0;0;0m  [38;2;49;49;49m██[38;2;205;205;189m████████[38;2;172;164;156m██[38;2;131;106;90m████[38;2;238;123;164m████[38;2;213;90;106m████[38;2;238;123;164m██[38;2;213;90;106m██[38;2;238;123;164m██████████[38;2;49;49;49m██[38;2;0;0;0m  
[38;2;0;0;0m  [38;2;49;49;49m██[38;2;205;205;189m████████[38;2;131;106;90m████[38;2;238;123;164m████[38;2;213;90;106m██[38;2;238;123;164m██[38;2;213;90;106m██[38;2;238;123;164m████████████[38;2;213;90;106m██[38;2;49;49;49m██[38;2;0;0;0m  
[38;2;0;0;0m  [38;2;49;49;49m██[38;2;131;106;90m██[38;2;205;205;189m████[38;2;172;164;156m██[38;2;131;106;90m████[38;2;238;123;164m████[38;2;213;90;106m████[38;2;238;123;164m████████████[38;2;213;90;106m██[38;2;131;106;90m██[38;2;49;49;49m██[38;2;0;0;0m  
[38;2;0;0;0m    [38;2;49;49;49m██[38;2;82;82;82m██[38;2;131;106;90m████████[38;2;213;90;106m██[38;2;238;123;164m██████████[38;2;213;90;106m██[38;2;131;106;90m██████[38;2;49;49;49m████[38;2;0;0;0m    
[38;2;0;0;0m      [38;2;49;49;49m██[38;2;82;82;82m██████[38;2;131;106;90m████████████████[38;2;49;49;49m██████[38;2;0;0;0m        
[38;2;0;0;0m    [38;2;49;49;49m██[38;2;172;164;156m██[38;2;131;106;90m████[38;2;82;82;82m████████████████[38;2;49;49;49m██[38;2;0;0;0m              
[38;2;0;0;0m    [38;2;49;49;49m██[38;2;205;205;189m██[38;2;131;106;90m██[38;2;205;205;189m██[38;2;82;82;82m██[38;2;49;49;49m██[38;2;255;255;255m██[38;2;172;164;156m██████████[38;2;49;49;49m██[38;2;0;0;0m              
[38;2;0;0;0m    [38;2;49;49;49m██[38;2;205;205;189m████[38;2;131;106;90m██[38;2;82;82;82m██[38;2;238;123;164m████[38;2;172;164;156m██[38;2;255;255;255m██[38;2;49;49;49m██[38;2;255;255;255m██[38;2;172;164;156m████[38;2;49;49;49m████████[38;2;0;0;0m      
[38;2;0;0;0m      [38;2;49;49;49m██[38;2;205;205;189m██[38;2;82;82;82m██[38;2;238;123;164m██[38;2;82;82;82m██[38;2;238;123;164m████[38;2;205;205;189m██[38;2;255;255;255m██[38;2;213;213;213m██[38;2;172;164;156m████[38;2;82;82;82m██[38;2;238;123;164m██████[38;2;49;49;49m██[38;2;0;0;0m    
[38;2;0;0;0m        [38;2;49;49;49m████[38;2;213;90;106m██[38;2;238;123;164m████[38;2;213;90;106m██[38;2;205;205;189m████████[38;2;82;82;82m██[38;2;238;123;164m████[38;2;131;106;90m████[38;2;238;123;164m██[38;2;49;49;49m██[38;2;0;0;0m  
[38;2;0;0;0m          [38;2;49;49;49m██[38;2;205;205;189m██[38;2;213;90;106m████[38;2;205;205;189m██████████[38;2;82;82;82m██[38;2;131;106;90m██████[38;2;205;205;189m██[38;2;131;106;90m██[38;2;49;49;49m██[38;2;0;0;0m  
[38;2;0;0;0m          [38;2;49;49;49m██[38;2;172;164;156m██[38;2;205;205;189m██████████████[38;2;49;49;49m██[38;2;205;205;189m████[38;2;131;106;90m████[38;2;205;205;189m██[38;2;49;49;49m██[38;2;0;0;0m  
[38;2;0;0;0m            [38;2;49;49;49m██[38;2;131;106;90m██[38;2;172;164;156m██[38;2;205;205;189m██████[38;2;172;164;156m██[38;2;131;106;90m████[38;2;49;49;49m██[38;2;205;205;189m██████[38;2;49;49;49m██[38;2;0;0;0m    
[38;2;0;0;0m              [38;2;49;49;49m████[38;2;131;106;90m████████[38;2;49;49;49m████[38;2;0;0;0m  [38;2;49;49;49m██████[38;2;0;0;0m      
[38;2;0;0;0m                  [38;2;49;49;49m████████[38;2;0;0;0m                  
[38;2;0;0;0m                                            [0m
