
              [38;2;0;0;0m▄▄▄                   [0m
         [38;2;0;0;0m▄▄▄[38;2;0;8;8m▄[38;2;0;0;0m[48;2;140;173;180m▀[38;2;140;165;180m[48;2;140;165;177m▀▀[48;2;189;214;221m▀[38;2;0;0;0m[48;2;139;164;175m▀[49m▄        ▄▄▄      [0m
       [38;2;0;0;0m▄[48;2;189;214;221m▀[38;2;189;214;221m▀[48;2;189;211;224m▀[48;2;255;255;255m▀[38;2;93;118;123m[48;2;189;214;221m▀[38;2;140;173;180m[48;2;90;134;144m▀[38;2;140;165;177m[48;2;140;173;148m▀[48;2;112;137;123m▀[38;2;139;164;175m[48;2;99;117;109m▀[48;2;148;173;156m▀[38;2;0;0;0m[48;2;0;0;0m▀[49m      ▄[48;2;140;165;177m▀[38;2;140;165;180m▀[48;2;140;169;182m▀[48;2;90;131;144m▀[38;2;0;0;0m[48;2;121;143;147m▀[49m▄    [0m
     [38;2;0;0;0m▄[48;2;189;214;224m▀[38;2;66;66;66m▀[38;2;90;134;144m[48;2;195;214;219m▀[38;2;189;214;221m[48;2;90;132;146m▀[38;2;189;211;224m[48;2;165;206;221m▀[48;2;110;137;147m▀[38;2;189;214;221m[48;2;107;126;101m▀[38;2;90;134;144m[48;2;57;71;87m▀[38;2;57;66;73m[48;2;90;132;146m▀[38;2;140;173;148m[48;2;0;0;0m▀[38;2;148;173;156m[48;2;165;173;109m▀[38;2;0;4;16m▀[38;2;0;0;0m[49m▄      [48;2;0;0;0m▀[38;2;140;165;177m[48;2;140;181;196m▀[48;2;93;123;133m▀[38;2;90;131;144m[48;2;189;214;224m▀[38;2;189;206;221m▀[38;2;181;214;221m[48;2;189;211;224m▀[48;2;255;255;255m▀[38;2;0;0;0m[48;2;189;214;221m▀[49m▄  [0m
    [38;2;0;0;0m[48;2;0;4;0m▀[38;2;189;214;221m[48;2;198;222;238m▀[38;2;189;214;224m[48;2;189;214;224m▀▀[38;2;247;255;255m[48;2;189;214;221m▀[38;2;195;214;219m▀[38;2;110;137;147m[48;2;0;0;0m▀[38;2;0;0;0m[49m▀[38;2;156;181;116m[48;2;8;4;16m▀[48;2;165;181;117m▀[38;2;0;0;0m[48;2;156;165;108m▀[49m▄[48;2;0;0;0m▀[38;2;165;173;109m[48;2;165;173;109m▀[38;2;0;0;0m[48;2;159;170;109m▀[38;2;0;0;8m[49m▄      [38;2;0;8;8m[48;2;0;0;0m▀[38;2;93;123;133m[48;2;121;143;147m▀[38;2;189;214;224m[48;2;90;134;144m▀[48;2;189;214;221m▀[38;2;189;211;224m▀▀[38;2;189;214;221m[48;2;140;165;180m▀[38;2;0;0;0m[48;2;0;0;0m▀[49m  [0m
    [38;2;0;4;0m[48;2;8;4;16m▀[38;2;132;149;159m[48;2;60;63;50m▀[38;2;189;214;224m[48;2;143;165;175m▀▀[38;2;189;214;221m[48;2;66;66;66m▀[38;2;139;164;175m▀[38;2;66;66;66m[48;2;173;231;237m▀[38;2;0;0;0m[48;2;74;94;106m▀[38;2;60;63;50m[48;2;68;90;111m▀[48;2;173;214;237m▀[38;2;78;82;54m[48;2;189;214;221m▀[38;2;0;0;0m▀[49m▄[48;2;55;63;71m▀[38;2;159;170;109m[48;2;66;66;66m▀[38;2;80;85;58m[48;2;90;136;142m▀[38;2;0;0;0m[48;2;113;93;73m▀▀[48;2;77;88;93m▀[38;2;16;0;0m[49m▄[38;2;0;0;0m▄[48;2;189;214;221m▀[38;2;181;214;221m[48;2;189;214;224m▀▀[38;2;189;214;221m[48;2;255;255;255m▀[38;2;90;134;144m[48;2;189;211;224m▀[38;2;139;173;179m[48;2;66;66;66m▀[38;2;90;132;138m[48;2;206;231;78m▀[38;2;0;0;0m[48;2;0;0;0m▀[49m   [0m
   [38;2;0;0;0m[48;2;0;0;0m▀[38;2;165;181;117m[48;2;140;148;132m▀[38;2;60;63;50m[48;2;74;74;58m▀[38;2;66;66;66m[48;2;189;214;221m▀▀[38;2;189;214;221m[48;2;181;214;221m▀[48;2;74;90;106m▀[38;2;74;94;106m[48;2;82;156;202m▀[38;2;140;185;193m[48;2;78;90;102m▀[38;2;121;152;174m▀[38;2;68;90;111m▀[38;2;66;94;106m[48;2;93;132;141m▀[38;2;107;134;144m[48;2;80;90;104m▀[38;2;82;94;106m[48;2;82;156;202m▀▀[38;2;66;66;66m[48;2;80;90;104m▀[48;2;159;136;127m▀[38;2;113;93;73m[48;2;74;66;66m▀[38;2;93;133;141m[48;2;104;91;86m▀[38;2;107;132;139m[48;2;82;88;85m▀[48;2;74;66;58m▀[38;2;63;71;74m[48;2;66;66;66m▀[38;2;189;214;221m[48;2;154;170;143m▀[38;2;189;214;224m[48;2;159;184;154m▀[48;2;132;156;180m▀[38;2;189;211;224m[48;2;181;214;229m▀[48;2;121;144;153m▀[38;2;66;66;66m[48;2;0;0;0m▀[38;2;206;231;78m[48;2;165;173;109m▀[38;2;0;0;0m[48;2;206;231;78m▀[49m▄  [0m
  [38;2;0;0;0m▄[48;2;156;165;108m▀[38;2;74;74;58m[48;2;49;53;57m▀[38;2;206;222;206m[48;2;189;206;221m▀[38;2;189;214;221m[48;2;74;86;114m▀[38;2;79;90;106m[48;2;91;166;189m▀[38;2;74;90;106m[48;2;80;90;104m▀[38;2;110;131;144m▀[38;2;78;90;102m[48;2;91;166;189m▀[38;2;82;156;202m[48;2;99;206;227m▀[48;2;82;156;202m▀▀[38;2;80;90;104m▀[38;2;93;132;141m[48;2;82;93;101m▀[38;2;255;255;255m[48;2;255;255;255m▀▀[38;2;80;90;104m[48;2;82;124;151m▀[48;2;82;93;101m▀[38;2;165;140;125m[48;2;156;140;132m▀[38;2;74;66;66m[48;2;57;66;73m▀[38;2;99;132;139m[48;2;66;66;66m▀[38;2;74;66;58m[48;2;165;176;106m▀[38;2;154;170;143m[48;2;66;66;66m▀[38;2;66;66;66m[48;2;80;91;104m▀[38;2;132;156;180m[48;2;60;63;50m▀[38;2;214;239;102m[48;2;165;181;117m▀[38;2;121;144;153m[48;2;206;231;78m▀[38;2;0;4;0m[48;2;0;0;0m▀[49m [38;2;0;0;0m[48;2;0;0;0m▀[38;2;206;231;78m[48;2;66;88;98m▀[38;2;0;0;0m[48;2;0;0;0m▀[49m  [0m
 [38;2;0;0;0m▄[48;2;90;136;142m▀[38;2;78;82;54m[48;2;66;66;66m▀[38;2;189;206;221m[48;2;189;214;221m▀[38;2;96;104;112m[48;2;79;90;106m▀[38;2;99;206;227m[48;2;82;156;202m▀[38;2;91;166;189m[48;2;115;211;209m▀[38;2;80;90;104m[48;2;159;136;127m▀[38;2;93;132;141m[48;2;80;90;104m▀[38;2;74;86;114m[48;2;93;132;141m▀[38;2;91;166;189m[48;2;80;90;104m▀[38;2;82;156;202m▀[38;2;78;90;102m[48;2;93;132;141m▀[38;2;82;93;101m[48;2;80;90;104m▀[38;2;82;124;151m▀[38;2;90;134;144m[48;2;78;90;102m▀▀[38;2;82;93;101m[48;2;82;156;202m▀[38;2;82;156;202m[48;2;115;211;209m▀[38;2;90;91;93m[48;2;82;87;98m▀[38;2;156;140;132m[48;2;140;147;156m▀[38;2;66;66;66m[48;2;66;66;66m▀[38;2;165;176;106m▀[38;2;66;66;66m[48;2;78;90;106m▀[38;2;80;91;104m[48;2;0;0;0m▀[38;2;8;4;16m[49m▀[38;2;60;63;50m[48;2;0;0;0m▀[38;2;206;231;78m[48;2;140;161;68m▀[38;2;0;0;0m[48;2;206;239;94m▀[49m▄ [48;2;0;0;0m▀[38;2;99;132;147m[48;2;93;132;141m▀[38;2;0;0;0m[48;2;0;0;0m▀[49m [0m
 [38;2;0;0;0m[48;2;0;0;0m▀[38;2;90;136;142m[48;2;96;132;141m▀[38;2;66;66;66m[48;2;52;66;71m▀[38;2;189;214;221m[48;2;189;214;221m▀[38;2;79;90;106m▀[38;2;82;156;202m[48;2;78;90;102m▀[38;2;115;211;209m[48;2;82;156;202m▀[38;2;159;136;127m[48;2;123;214;203m▀[38;2;80;90;104m[48;2;107;134;134m▀[38;2;93;132;141m[48;2;111;117;123m▀[48;2;74;94;106m▀[48;2;131;123;119m▀[38;2;80;90;104m▀[38;2;159;136;127m[48;2;82;156;202m▀[48;2;115;211;209m▀[38;2;82;156;202m▀[48;2;82;156;202m▀[38;2;115;211;209m[48;2;140;185;193m▀[38;2;82;156;202m[48;2;74;94;106m▀[38;2;82;87;98m[48;2;189;214;221m▀[38;2;198;206;214m▀[38;2;66;66;66m[48;2;0;0;0m▀[38;2;80;91;104m▀[38;2;0;0;0m[49m▀   [38;2;8;4;16m[48;2;0;0;0m▀[38;2;206;239;94m[48;2;78;90;106m▀[38;2;0;0;0m[48;2;0;0;0m▀[49m ▀[38;2;93;132;141m[48;2;0;0;0m▀[38;2;0;0;0m[49m▀ [0m
 [38;2;0;0;0m▀[38;2;96;132;141m[48;2;0;0;0m▀[38;2;8;0;0m[49m▀[38;2;66;66;66m[48;2;0;0;0m▀[38;2;189;214;221m[48;2;140;165;180m▀[38;2;78;90;102m[48;2;181;206;221m▀[48;2;74;90;98m▀[38;2;99;94;99m[48;2;93;132;141m▀[38;2;107;134;134m[48;2;80;90;104m▀[38;2;74;94;106m[48;2;74;94;106m▀[38;2;148;140;140m[48;2;140;185;193m▀[38;2;131;123;119m[48;2;115;214;211m▀[38;2;82;156;202m▀[38;2;115;211;209m[48;2;82;156;202m▀[38;2;82;156;202m[48;2;82;93;101m▀[38;2;115;211;209m[48;2;79;90;103m▀▀[38;2;74;94;106m[48;2;189;214;221m▀[38;2;173;231;237m▀[38;2;189;214;221m[48;2;140;165;180m▀[38;2;0;0;0m[48;2;0;0;0m▀[49m       [48;2;0;0;0m▀[38;2;90;132;146m[48;2;93;132;141m▀[38;2;0;0;0m[48;2;0;0;0m▀[49m    [0m
     [38;2;0;0;0m▀[38;2;145;167;180m[48;2;0;0;0m▀▀[38;2;80;90;104m[48;2;140;165;180m▀▀[38;2;173;231;237m[48;2;140;165;177m▀[38;2;74;94;106m▀[38;2;76;90;103m▀▀[38;2;82;93;101m[48;2;79;90;103m▀[38;2;82;124;151m▀[38;2;79;90;103m[48;2;140;165;180m▀[38;2;143;165;175m▀[38;2;139;164;175m[48;2;0;0;0m▀▀[38;2;0;0;0m[49m▀        [48;2;0;0;0m▀[38;2;93;132;141m[48;2;90;132;146m▀[38;2;0;0;0m[48;2;0;0;0m▀[49m    [0m
        [38;2;0;0;0m▀▀[38;2;140;165;177m[48;2;0;0;0m▀▀▀▀[38;2;143;165;175m▀▀[38;2;0;0;0m[49m▀▀            ▀     [0m
                                    [0m
