
[38;2;0;0;0m                                                            
[38;2;0;0;0m                            [38;2;49;49;49m██████[38;2;0;0;0m                          
[38;2;0;0;0m                        [38;2;49;49;49m████[38;2;255;255;255m████[38;2;49;49;49m██[38;2;0;0;0m                          
[38;2;0;0;0m                      [38;2;49;49;49m██[38;2;255;255;255m██████[38;2;49;49;49m██[38;2;0;0;0m                            
[38;2;0;0;0m      [38;2;49;49;49m██[38;2;0;0;0m            [38;2;49;49;49m██[38;2;255;255;255m██████[38;2;115;115;98m██[38;2;49;49;49m██[38;2;0;0;0m                            
[38;2;0;0;0m    [38;2;49;49;49m██[38;2;189;189;189m██[38;2;49;49;49m██[38;2;0;0;0m      [38;2;49;49;49m████[38;2;255;255;255m██[38;2;82;82;82m██[38;2;255;255;255m████[38;2;82;82;82m██[38;2;49;49;49m██[38;2;0;0;0m                            
[38;2;0;0;0m    [38;2;49;49;49m██[38;2;189;189;189m████[38;2;49;49;49m██████[38;2;255;255;255m████[38;2;82;82;82m██[38;2;255;255;255m██[38;2;49;49;49m██[38;2;189;189;189m██[38;2;82;82;82m██[38;2;49;49;49m██[38;2;0;0;0m                            
[38;2;0;0;0m    [38;2;49;49;49m██[38;2;189;189;189m██[38;2;115;115;98m██[38;2;255;255;255m████████[38;2;82;82;82m██[38;2;255;255;255m████[38;2;49;49;49m██[38;2;82;82;82m██[38;2;49;49;49m██[38;2;0;0;0m                      [38;2;49;49;49m████[38;2;0;0;0m    
[38;2;0;0;0m      [38;2;82;82;82m██[38;2;255;255;255m██████████[38;2;82;82;82m██[38;2;255;255;255m████[38;2;49;49;49m██[38;2;82;82;82m██[38;2;49;49;49m██[38;2;0;0;0m                  [38;2;49;49;49m████[38;2;255;255;255m████[38;2;49;49;49m██[38;2;0;0;0m  
[38;2;0;0;0m    [38;2;49;49;49m████[38;2;255;255;255m████████[38;2;82;82;82m██[38;2;255;255;255m██████[38;2;49;49;49m████[38;2;0;0;0m    [38;2;49;49;49m████[38;2;0;0;0m    [38;2;49;49;49m████[38;2;0;0;0m  [38;2;49;49;49m██[38;2;255;255;255m██████[38;2;49;49;49m██[38;2;0;0;0m    
[38;2;0;0;0m    [38;2;49;49;49m██[38;2;255;255;255m██████████████████[38;2;49;49;49m██[38;2;0;0;0m    [38;2;49;49;49m██[38;2;246;238;57m██[38;2;255;255;255m██[38;2;49;49;49m████[38;2;255;255;255m██[38;2;49;49;49m██[38;2;82;82;82m██[38;2;255;255;255m████[38;2;189;189;189m██[38;2;49;49;49m██[38;2;0;0;0m      
[38;2;0;0;0m  [38;2;49;49;49m██[38;2;189;164;65m██[38;2;255;255;255m██████████████████[38;2;49;49;49m██[38;2;0;0;0m      [38;2;49;49;49m██[38;2;189;164;65m██[38;2;255;255;255m██[38;2;246;238;57m██[38;2;189;164;65m██[38;2;82;82;82m██[38;2;255;255;255m████[38;2;189;189;189m██[38;2;82;82;82m██[38;2;49;49;49m██[38;2;0;0;0m      
[38;2;0;0;0m  [38;2;49;49;49m██[38;2;246;238;57m██[38;2;189;164;65m██[38;2;255;255;255m████████[38;2;49;197;49m██[38;2;82;82;82m██[38;2;255;255;255m████[38;2;82;82;82m██[38;2;49;49;49m████[38;2;0;0;0m    [38;2;49;49;49m██[38;2;49;197;49m██[38;2;246;238;57m██[38;2;82;82;82m██[38;2;189;189;189m██████[38;2;82;82;82m██[38;2;49;49;49m██[38;2;0;0;0m        
[38;2;0;0;0m  [38;2;49;49;49m██[38;2;246;238;57m██[38;2;189;164;65m██[38;2;255;255;255m████[38;2;189;189;189m██[38;2;213;98;65m██[38;2;49;197;49m██[38;2;82;82;82m██[38;2;255;255;255m██[38;2;82;82;82m████[38;2;156;131;57m██[38;2;189;164;65m██[38;2;49;49;49m████[38;2;246;238;57m██████[38;2;82;82;82m██[38;2;189;189;189m████[38;2;82;82;82m████[38;2;49;49;49m██[38;2;0;0;0m        
[38;2;0;0;0m  [38;2;49;49;49m██[38;2;246;238;57m██[38;2;189;164;65m██[38;2;255;255;255m██[38;2;115;115;98m██[38;2;82;82;82m██[38;2;49;49;49m████[38;2;49;197;49m██[38;2;189;189;189m██[38;2;82;82;82m██[38;2;189;189;189m██[38;2;82;82;82m████[38;2;246;238;57m████[38;2;189;164;65m██[38;2;82;82;82m██[38;2;246;238;57m██[38;2;189;164;65m██[38;2;82;82;82m██████[38;2;49;49;49m██[38;2;0;0;0m          
[38;2;0;0;0m    [38;2;49;49;49m██████[38;2;82;82;82m██[38;2;49;49;49m████[38;2;82;82;82m██[38;2;189;189;189m████[38;2;82;82;82m██[38;2;255;255;255m████[38;2;156;131;57m██[38;2;82;82;82m██[38;2;189;164;65m██[38;2;82;82;82m██[38;2;189;189;189m██[38;2;82;82;82m██[38;2;246;238;57m██[38;2;82;82;82m██[38;2;189;189;189m██[38;2;49;49;49m██[38;2;0;0;0m            
[38;2;0;0;0m          [38;2;49;49;49m██[38;2;189;189;189m██[38;2;255;255;255m████[38;2;82;82;82m████[38;2;189;189;189m██[38;2;255;255;255m██████[38;2;82;82;82m██[38;2;246;238;57m██[38;2;82;82;82m██[38;2;189;189;189m██[38;2;82;82;82m██[38;2;255;255;255m██[38;2;82;82;82m██[38;2;189;189;189m██[38;2;82;82;82m██[38;2;49;49;49m██[38;2;0;0;0m          
[38;2;0;0;0m            [38;2;49;49;49m████[38;2;82;82;82m██[38;2;49;49;49m██[38;2;189;189;189m██[38;2;255;255;255m██████[38;2;115;115;98m██[38;2;189;164;65m██[38;2;246;238;57m████[38;2;82;82;82m██[38;2;189;164;65m██[38;2;246;238;57m██[38;2;82;82;82m██[38;2;189;189;189m██████[38;2;49;49;49m██[38;2;0;0;0m        
[38;2;0;0;0m              [38;2;49;49;49m██[38;2;189;189;189m██[38;2;255;255;255m██[38;2;189;189;189m██[38;2;255;255;255m████[38;2;115;115;98m██[38;2;246;238;57m████[38;2;82;82;82m██[38;2;246;238;57m██[38;2;82;82;82m██[38;2;246;238;57m██[38;2;189;164;65m██[38;2;82;82;82m██[38;2;115;115;98m██[38;2;189;189;189m██[38;2;49;49;49m██[38;2;0;0;0m          
[38;2;0;0;0m            [38;2;49;49;49m██[38;2;189;189;189m██[38;2;82;82;82m██[38;2;189;189;189m██[38;2;115;115;98m██[38;2;255;255;255m████[38;2;189;189;189m██[38;2;82;82;82m████[38;2;115;115;98m██[38;2;189;164;65m████[38;2;246;238;57m██[38;2;82;82;82m██[38;2;189;189;189m████[38;2;49;49;49m██[38;2;0;0;0m            
[38;2;0;0;0m          [38;2;49;49;49m██[38;2;189;189;189m██[38;2;82;82;82m██[38;2;115;115;98m████[38;2;82;82;82m██[38;2;255;255;255m██████[38;2;189;189;189m██[38;2;49;49;49m██[38;2;156;131;57m██[38;2;49;49;49m██[38;2;49;197;49m██[38;2;246;238;57m██[38;2;82;82;82m██[38;2;189;189;189m██[38;2;156;131;57m██[38;2;189;189;189m██[38;2;49;49;49m██[38;2;0;0;0m          
[38;2;0;0;0m          [38;2;49;49;49m██[38;2;115;115;98m██[38;2;82;82;82m██[38;2;115;115;98m████[38;2;82;82;82m██[38;2;189;189;189m██[38;2;255;255;255m██[38;2;82;82;82m██[38;2;49;49;49m██[38;2;0;0;0m  [38;2;49;49;49m██[38;2;82;82;82m██[38;2;49;139;49m██[38;2;246;238;57m██[38;2;189;164;65m██[38;2;82;82;82m██[38;2;189;164;65m██[38;2;156;131;57m██[38;2;49;49;49m██[38;2;0;0;0m          
[38;2;0;0;0m            [38;2;49;49;49m██[38;2;189;164;65m██[38;2;82;82;82m████[38;2;255;255;255m██[38;2;115;115;98m████[38;2;255;255;255m██[38;2;49;49;49m██[38;2;0;0;0m    [38;2;49;49;49m██[38;2;246;238;57m██[38;2;49;49;49m██[38;2;246;238;57m██[38;2;82;82;82m██[38;2;49;49;49m██[38;2;189;164;65m██[38;2;49;49;49m██[38;2;0;0;0m          
[38;2;0;0;0m            [38;2;49;49;49m██[38;2;189;164;65m██[38;2;49;49;49m████[38;2;189;164;65m██[38;2;255;255;255m██[38;2;189;189;189m██[38;2;49;49;49m██[38;2;0;0;0m        [38;2;49;49;49m██[38;2;0;0;0m  [38;2;49;49;49m████[38;2;0;0;0m  [38;2;49;49;49m████[38;2;0;0;0m          
[38;2;0;0;0m              [38;2;49;49;49m██[38;2;0;0;0m  [38;2;49;49;49m██[38;2;246;238;57m██[38;2;189;164;65m██[38;2;189;189;189m██[38;2;49;49;49m██[38;2;0;0;0m                                
[38;2;0;0;0m                    [38;2;49;49;49m██[38;2;246;238;57m██[38;2;49;49;49m██[38;2;0;0;0m                                  
[38;2;0;0;0m                    [38;2;49;49;49m██[38;2;246;238;57m██[38;2;49;49;49m██[38;2;0;0;0m                                  
[38;2;0;0;0m                      [38;2;49;49;49m██[38;2;0;0;0m                                    
[38;2;0;0;0m                                                            [0m
