
[38;2;0;0;0m                                                        
[38;2;0;0;0m                                          [38;2;49;49;49m██[38;2;0;0;0m  [38;2;49;49;49m██████[38;2;0;0;0m    
[38;2;0;0;0m                                        [38;2;49;49;49m██[38;2;90;156;255m██[38;2;49;49;49m██[38;2;90;156;255m████[38;2;49;49;49m██[38;2;0;0;0m    
[38;2;0;0;0m                  [38;2;49;49;49m██████[38;2;0;0;0m              [38;2;49;49;49m████[38;2;90;156;255m██[38;2;82;106;164m██[38;2;90;156;255m██[38;2;49;49;49m████[38;2;0;0;0m    
[38;2;0;0;0m              [38;2;49;49;49m████[38;2;82;82;82m██[38;2;90;156;255m██[38;2;49;49;49m██[38;2;0;0;0m            [38;2;49;49;49m██[38;2;90;156;255m████[38;2;213;90;74m████[38;2;90;156;255m██████[38;2;49;49;49m██[38;2;0;0;0m  
[38;2;0;0;0m            [38;2;49;49;49m██[38;2;90;156;255m██[38;2;82;106;164m██[38;2;90;156;255m████[38;2;82;82;82m██[38;2;49;49;49m████[38;2;0;0;0m  [38;2;49;49;49m████[38;2;0;0;0m    [38;2;49;49;49m██[38;2;213;90;74m██[38;2;49;49;49m██[38;2;90;156;255m██[38;2;82;106;164m████[38;2;49;49;49m████[38;2;0;0;0m  
[38;2;0;0;0m        [38;2;49;49;49m████[38;2;90;156;255m████████[38;2;82;82;82m██[38;2;90;156;255m████[38;2;49;49;49m████[38;2;57;197;164m██[38;2;49;49;49m██[38;2;0;0;0m  [38;2;49;49;49m██[38;2;213;90;74m██[38;2;49;49;49m██[38;2;0;0;0m  [38;2;49;49;49m██[38;2;90;156;255m██[38;2;49;49;49m██[38;2;0;0;0m      
[38;2;0;0;0m      [38;2;49;49;49m██[38;2;205;148;32m██[38;2;255;205;106m████████[38;2;205;148;32m██[38;2;90;156;255m██████[38;2;82;82;82m██[38;2;82;106;164m██[38;2;49;156;115m██[38;2;82;106;164m██[38;2;49;49;49m██[38;2;213;90;74m██[38;2;49;49;49m██[38;2;0;0;0m      [38;2;49;49;49m████[38;2;0;0;0m      
[38;2;0;0;0m    [38;2;49;49;49m██[38;2;255;205;106m██████████[38;2;82;82;82m██████[38;2;90;156;255m██[38;2;255;205;106m██[38;2;205;148;32m██[38;2;255;205;106m████[38;2;205;148;32m██[38;2;255;205;106m██[38;2;213;90;74m██[38;2;49;49;49m██[38;2;0;0;0m                
[38;2;0;0;0m  [38;2;49;49;49m██[38;2;213;90;74m██[38;2;205;148;32m████[38;2;255;205;106m██[38;2;82;82;82m████[38;2;49;156;115m██[38;2;57;197;164m██[38;2;49;156;115m██[38;2;82;82;82m████[38;2;255;205;106m████████[38;2;205;148;32m██[38;2;82;82;82m██[38;2;205;148;32m██[38;2;49;49;49m████████[38;2;0;0;0m        
[38;2;0;0;0m  [38;2;49;49;49m██[38;2;255;255;255m██[38;2;213;90;74m██[38;2;255;205;106m██[38;2;82;82;82m██[38;2;49;156;115m██[38;2;57;197;164m████[38;2;49;156;115m██[38;2;57;197;164m██[38;2;49;156;115m████[38;2;82;82;82m████[38;2;255;205;106m██████[38;2;205;148;32m██[38;2;82;82;82m██[38;2;57;197;164m██████[38;2;49;49;49m██[38;2;0;0;0m        
[38;2;0;0;0m    [38;2;49;49;49m██[38;2;255;255;255m██[38;2;82;82;82m██[38;2;57;197;164m████[38;2;49;156;115m██[38;2;255;255;255m████[38;2;49;156;115m██[38;2;213;90;74m██████[38;2;255;205;106m██████[38;2;205;148;32m██████[38;2;49;156;115m██[38;2;57;197;164m██[38;2;49;49;49m██[38;2;0;0;0m          
[38;2;0;0;0m      [38;2;49;49;49m██[38;2;82;82;82m██[38;2;57;197;164m████[38;2;255;255;255m██[38;2;49;49;49m██[38;2;255;255;255m██[38;2;148;65;57m██[38;2;213;90;74m██[38;2;255;205;106m██████[38;2;205;148;32m██[38;2;255;205;106m██████[38;2;90;156;255m██[38;2;57;197;164m██████[38;2;49;49;49m██[38;2;0;0;0m        
[38;2;0;0;0m      [38;2;49;49;49m██[38;2;57;197;164m██[38;2;49;156;115m██[38;2;57;197;164m██[38;2;255;255;255m██[38;2;49;49;49m██[38;2;189;189;189m██[38;2;213;90;74m██████[38;2;255;205;106m██[38;2;205;148;32m██[38;2;82;82;82m██[38;2;255;205;106m████[38;2;205;148;32m████[38;2;82;82;82m████[38;2;49;49;49m██[38;2;0;0;0m          
[38;2;0;0;0m      [38;2;49;49;49m██[38;2;57;197;164m████[38;2;49;156;115m██[38;2;213;90;74m██████[38;2;49;49;49m████[38;2;255;205;106m██[38;2;49;49;49m██[38;2;205;148;32m██[38;2;82;82;82m██[38;2;255;205;106m██████[38;2;90;156;255m██████[38;2;82;82;82m██[38;2;49;49;49m████[38;2;0;0;0m      
[38;2;0;0;0m      [38;2;49;49;49m██[38;2;57;197;164m██[38;2;49;156;115m████[38;2;255;255;255m██[38;2;213;90;74m██[38;2;49;49;49m██[38;2;0;0;0m  [38;2;49;49;49m████[38;2;0;0;0m  [38;2;49;49;49m██[38;2;82;82;82m██[38;2;255;205;106m████[38;2;90;156;255m██████[38;2;82;106;164m██[38;2;90;156;255m████[38;2;82;82;82m██[38;2;49;49;49m████[38;2;0;0;0m  
[38;2;0;0;0m        [38;2;49;49;49m██[38;2;57;197;164m██[38;2;213;90;74m████[38;2;49;49;49m██[38;2;0;0;0m          [38;2;49;49;49m██[38;2;255;205;106m██████████[38;2;90;156;255m████[38;2;82;106;164m████[38;2;90;156;255m████[38;2;49;49;49m██[38;2;0;0;0m  
[38;2;0;0;0m          [38;2;49;49;49m██████[38;2;0;0;0m            [38;2;49;49;49m██[38;2;255;205;106m████████[38;2;90;156;255m██████████[38;2;49;49;49m████[38;2;0;0;0m    
[38;2;0;0;0m                          [38;2;49;49;49m██[38;2;255;205;106m████[38;2;213;90;74m████[38;2;255;205;106m██████[38;2;90;156;255m██[38;2;49;49;49m████[38;2;0;0;0m        
[38;2;0;0;0m                            [38;2;49;49;49m██[38;2;213;90;74m██[38;2;82;82;82m██[38;2;213;90;74m████[38;2;49;49;49m██████[38;2;0;0;0m            
[38;2;0;0;0m                            [38;2;49;49;49m██[38;2;255;255;255m██[38;2;49;49;49m██[38;2;255;255;255m██[38;2;49;49;49m██[38;2;0;0;0m                  
[38;2;0;0;0m                              [38;2;49;49;49m██[38;2;0;0;0m  [38;2;49;49;49m██[38;2;0;0;0m                    
[38;2;0;0;0m                                                        [0m
