
        [38;2;0;0;0m▄▄▄▄▄▄                  [0m
    [38;2;0;0;0m▄▄[48;2;214;239;254m▀▀[38;2;156;198;236m▀[38;2;181;222;245m[48;2;156;198;236m▀[48;2;214;239;254m▀[38;2;156;198;236m[48;2;66;66;66m▀[38;2;52;66;79m[48;2;74;115;154m▀[38;2;66;66;66m▀[38;2;0;0;0m[48;2;66;66;66m▀[48;2;107;156;195m▀[38;2;16;8;0m[49m▄               [0m
   [38;2;0;0;0m[48;2;0;0;0m▀[38;2;156;198;236m[48;2;173;214;245m▀[38;2;214;239;254m[48;2;214;239;254m▀▀▀[48;2;156;198;236m▀[48;2;156;200;236m▀[38;2;156;198;236m▀[38;2;66;66;66m▀▀[48;2;156;198;236m▀[38;2;74;115;154m[48;2;66;66;66m▀[38;2;46;57;65m[48;2;74;115;154m▀[38;2;107;156;195m[48;2;66;66;66m▀[38;2;0;0;0m[48;2;107;156;195m▀[49m▄             [0m
  [38;2;0;0;0m[48;2;0;0;0m▀[38;2;173;214;245m[48;2;156;198;236m▀▀[38;2;214;239;254m▀▀[38;2;156;198;236m[48;2;41;82;97m▀▀[38;2;156;200;236m[48;2;66;66;66m▀▀[48;2;156;198;236m▀▀[38;2;156;198;236m[48;2;156;200;236m▀[38;2;66;66;66m▀[38;2;74;115;154m[48;2;57;70;73m▀[38;2;66;66;66m▀[38;2;107;156;195m[48;2;66;66;66m▀[38;2;0;0;0m[48;2;121;154;185m▀[49m▄            [0m
 [38;2;0;0;0m[48;2;0;0;0m▀[38;2;214;239;254m[48;2;214;239;254m▀[38;2;33;90;113m▀▀▀▀[38;2;214;239;254m[48;2;66;66;66m▀[38;2;41;82;97m[48;2;239;247;255m▀[38;2;255;255;255m[48;2;0;0;0m▀▀[38;2;66;66;66m[48;2;255;255;255m▀[38;2;156;198;236m[48;2;41;82;97m▀[38;2;156;200;236m[48;2;156;198;236m▀[48;2;74;115;154m▀[38;2;87;113;130m[48;2;156;198;236m▀[38;2;148;198;244m[48;2;217;236;249m▀[48;2;156;198;236m▀[38;2;66;66;66m▀[38;2;0;0;0m[48;2;66;66;66m▀[49m▄      ▄[48;2;33;88;113m▀[48;2;0;0;0m▀[49m  [0m
 [38;2;0;0;0m[48;2;0;4;8m▀[38;2;214;239;254m[48;2;206;247;254m▀[48;2;24;86;112m▀[48;2;206;239;254m▀[48;2;214;239;254m▀▀[38;2;239;247;255m▀[38;2;66;66;66m▀[38;2;255;255;255m[48;2;66;66;66m▀▀[38;2;41;82;97m[48;2;214;239;254m▀[48;2;33;90;113m▀[38;2;156;198;236m[48;2;156;200;236m▀[38;2;74;115;154m▀[38;2;217;236;249m▀[38;2;247;255;255m▀[38;2;214;239;254m[48;2;156;198;236m▀[38;2;156;198;236m▀[38;2;66;66;66m[48;2;66;66;66m▀[48;2;156;198;236m▀[38;2;0;0;0m▀[49m▄  ▄[48;2;33;88;113m▀[38;2;33;88;113m▀[38;2;0;0;0m[48;2;0;0;0m▀[49m   [0m
 [38;2;0;4;8m[48;2;0;0;0m▀[38;2;69;85;90m[48;2;74;115;154m▀[38;2;85;137;159m[48;2;74;118;154m▀[38;2;24;86;112m▀[38;2;33;90;113m[48;2;74;115;154m▀[38;2;214;239;254m[48;2;33;90;113m▀[48;2;214;239;254m▀▀[48;2;206;239;254m▀[48;2;24;86;112m▀[48;2;33;90;113m▀[38;2;33;90;113m[48;2;156;198;236m▀[38;2;156;200;236m[48;2;156;200;236m▀▀▀▀[38;2;156;198;236m[48;2;148;198;244m▀[38;2;106;156;194m[48;2;118;154;187m▀[38;2;66;66;66m[48;2;66;66;66m▀[38;2;156;198;236m▀[48;2;156;198;236m▀[48;2;106;156;194m▀[38;2;0;0;0m[48;2;107;156;195m▀[38;2;16;8;0m[49m▄[38;2;0;0;0m[48;2;33;90;113m▀[38;2;33;88;113m▀[48;2;57;96;108m▀[38;2;0;0;0m[48;2;57;66;65m▀[49m▄▄ [0m
 [38;2;0;0;0m[48;2;0;0;0m▀[38;2;74;115;154m[48;2;74;115;154m▀[38;2;74;118;154m[48;2;74;118;154m▀▀[38;2;74;115;154m▀▀[38;2;33;90;113m▀▀[38;2;24;86;112m[48;2;74;115;154m▀[38;2;85;137;159m▀[38;2;33;90;113m[48;2;33;90;113m▀[38;2;156;198;236m[48;2;156;198;236m▀[38;2;156;200;236m[48;2;156;200;236m▀▀▀▀[38;2;148;198;244m[48;2;107;156;195m▀[38;2;57;66;73m[48;2;66;66;66m▀[38;2;107;156;195m[48;2;106;156;194m▀[38;2;66;66;66m▀[38;2;106;156;194m[48;2;66;66;66m▀[48;2;107;156;195m▀[38;2;107;156;195m[48;2;66;65;66m▀[38;2;46;57;65m▀[38;2;66;65;66m[48;2;66;156;194m▀▀[38;2;57;66;65m▀[38;2;57;156;193m▀[38;2;66;156;194m[48;2;0;0;0m▀[38;2;0;0;0m[49m▀ [0m
 [38;2;0;0;0m[48;2;0;0;0m▀[38;2;74;115;154m[48;2;66;123;162m▀[38;2;74;118;154m[48;2;74;118;154m▀▀▀▀▀▀[38;2;74;115;154m[48;2;74;126;154m▀[38;2;33;90;113m[48;2;33;90;113m▀[38;2;156;198;236m[48;2;156;200;236m▀▀[38;2;156;200;236m▀▀[48;2;156;198;236m▀[48;2;106;156;194m▀[38;2;107;156;195m[48;2;66;66;66m▀[38;2;66;66;66m▀[38;2;156;198;236m[48;2;156;200;236m▀▀[38;2;66;66;66m[48;2;173;214;245m▀[48;2;66;66;66m▀[38;2;66;156;194m[48;2;66;156;194m▀▀▀▀[48;2;0;0;0m▀[38;2;0;0;0m[49m▀   [0m
 [38;2;0;0;0m[48;2;0;0;0m▀[38;2;44;82;108m[48;2;156;198;236m▀[38;2;74;118;154m[48;2;33;90;113m▀[48;2;74;126;154m▀[48;2;74;115;154m▀▀[48;2;33;90;113m▀▀[38;2;33;90;113m[48;2;156;200;236m▀[38;2;156;198;236m▀[38;2;156;200;236m[48;2;156;198;236m▀▀[48;2;156;200;236m▀▀[38;2;156;198;236m[48;2;148;198;244m▀[38;2;106;156;194m[48;2;66;66;66m▀[38;2;66;66;66m[48;2;156;162;164m▀[38;2;156;198;236m[48;2;66;70;74m▀[38;2;156;200;236m[48;2;66;66;74m▀[48;2;181;192;195m▀[38;2;173;214;245m[48;2;156;198;236m▀▀[38;2;66;65;66m[48;2;66;65;66m▀[48;2;33;90;113m▀▀▀[38;2;0;0;0m[48;2;110;159;171m▀[38;2;0;0;8m[49m▄   [0m
 [38;2;0;0;0m▀[38;2;156;198;236m[48;2;0;0;0m▀[48;2;156;200;236m▀[38;2;33;90;113m▀▀▀[38;2;156;198;236m[48;2;156;198;236m▀▀[38;2;156;200;236m[48;2;156;200;236m▀▀[38;2;156;198;236m▀[38;2;74;115;154m▀[38;2;156;200;236m[48;2;74;115;154m▀[48;2;156;198;236m▀[38;2;121;154;185m[48;2;57;60;63m▀[38;2;66;66;66m[48;2;156;173;188m▀[38;2;66;70;74m[48;2;66;66;66m▀[38;2;247;255;255m[48;2;255;255;255m▀[38;2;239;255;255m[48;2;107;156;195m▀[38;2;66;66;74m[48;2;255;255;255m▀[38;2;156;198;236m[48;2;49;70;81m▀[38;2;66;66;66m[48;2;123;154;167m▀[38;2;66;65;66m[48;2;66;66;66m▀[38;2;33;90;113m[48;2;0;0;0m▀[38;2;66;156;194m[48;2;33;84;101m▀[38;2;33;90;113m[48;2;66;165;202m▀[38;2;110;159;171m[48;2;214;239;254m▀[38;2;165;239;253m▀[38;2;0;0;0m[48;2;0;0;0m▀[49m  [0m
  [38;2;0;0;0m[48;2;0;0;0m▀[38;2;156;200;236m[48;2;140;189;236m▀[48;2;93;126;157m▀[48;2;156;200;236m▀▀[38;2;74;115;154m[48;2;74;115;154m▀[38;2;156;198;236m[48;2;156;198;236m▀[38;2;156;200;236m[48;2;156;200;236m▀▀▀▀[38;2;156;198;236m[48;2;156;198;236m▀[38;2;74;115;154m[48;2;0;0;0m▀[38;2;57;60;63m▀[38;2;8;4;0m[49m▀[38;2;66;66;66m[48;2;0;0;0m▀[38;2;255;255;255m[48;2;231;247;255m▀[38;2;107;156;195m[48;2;107;156;195m▀[38;2;255;255;255m[48;2;255;255;255m▀[38;2;123;154;167m[48;2;107;156;195m▀[38;2;198;239;254m[48;2;214;239;254m▀[38;2;0;0;0m[48;2;0;0;0m▀[49m [38;2;0;4;0m▀▀[38;2;0;0;0m▀▀   [0m
   [38;2;0;0;0m[48;2;0;0;0m▀[38;2;93;126;157m[48;2;156;198;236m▀[38;2;156;200;236m[48;2;74;115;154m▀[48;2;156;198;236m▀[38;2;156;198;236m[48;2;156;200;236m▀[38;2;74;115;154m▀[38;2;156;200;236m[48;2;99;132;157m▀[48;2;148;198;236m▀[48;2;156;198;236m▀[48;2;0;0;0m▀[38;2;0;0;0m[49m▀   [48;2;0;0;0m▀[38;2;154;165;170m[48;2;255;255;255m▀[38;2;255;255;255m▀▀[38;2;107;156;195m[48;2;107;156;195m▀[38;2;214;239;254m[48;2;0;0;0m▀[38;2;0;0;0m[49m▀        [0m
    [38;2;0;0;0m▀[38;2;74;115;154m[48;2;0;0;0m▀[38;2;156;198;236m[48;2;156;198;236m▀[38;2;156;200;236m▀▀[38;2;148;198;236m[48;2;0;0;0m▀[38;2;0;0;0m[49m▀▀      ▀[38;2;255;255;255m[48;2;0;0;0m▀▀[38;2;0;0;0m[49m▀          [0m
      [38;2;0;0;0m▀▀▀                       [0m
