
  [38;2;49;49;49m▄▄                        [0m
 [38;2;49;49;49m▀[38;2;90;131;180m[48;2;49;49;49m▀[48;2;189;189;189m▀[38;2;49;49;49m[48;2;255;255;255m▀[48;2;90;131;180m▀[49m▄▄▄▄                  [0m
  [38;2;49;49;49m▀[38;2;90;131;180m[48;2;49;49;49m▀[38;2;255;255;255m[48;2;82;82;82m▀[38;2;49;49;49m▀[38;2;82;82;82m[48;2;246;98;90m▀[38;2;115;115;115m[48;2;115;115;115m▀[48;2;82;82;82m▀▀[38;2;49;49;49m▀▀[49m▄[48;2;123;172;222m▀▀▀[49m▄▄          [0m
   [38;2;49;49;49m▄[48;2;123;172;222m▀[38;2;246;98;90m[48;2;115;115;115m▀[38;2;115;115;115m[48;2;82;82;82m▀[38;2;82;82;82m[48;2;246;98;90m▀[38;2;246;98;90m▀[48;2;82;82;82m▀[38;2;82;82;82m▀[48;2;123;172;222m▀[38;2;123;172;222m[48;2;255;255;255m▀[38;2;49;49;49m[48;2;82;82;82m▀[38;2;255;255;255m[48;2;255;255;255m▀[48;2;123;172;222m▀[38;2;123;172;222m[48;2;49;49;49m▀[38;2;49;49;49m[49m▀          [0m
   [38;2;49;49;49m▀[38;2;123;172;222m[48;2;49;49;49m▀[38;2;82;82;82m[48;2;123;172;222m▀▀▀▀[38;2;123;172;222m▀[48;2;246;222;115m▀▀[38;2;82;82;82m[48;2;197;172;82m▀[38;2;123;172;222m[48;2;82;82;82m▀▀[38;2;49;49;49m[48;2;255;255;255m▀[48;2;246;98;90m▀[49m▄          [0m
     [38;2;49;49;49m▀▀[38;2;246;222;115m[48;2;49;49;49m▀[48;2;82;82;82m▀▀[38;2;197;172;82m▀[38;2;82;82;82m[48;2;90;131;180m▀[38;2;90;131;180m▀[38;2;197;172;82m[48;2;197;172;82m▀[38;2;82;82;82m[48;2;246;222;115m▀[48;2;82;82;82m▀[48;2;255;255;255m▀[38;2;49;49;49m[48;2;246;98;90m▀[49m▄ [48;2;49;49;49m▀[48;2;82;82;82m▀[49m▄[48;2;123;172;222m▀[49m▄   [0m
     [38;2;49;49;49m▄▄[48;2;82;82;82m▀[38;2;197;172;82m[48;2;246;222;115m▀[38;2;90;131;180m[48;2;197;172;82m▀[48;2;90;131;180m▀[48;2;197;172;82m▀[48;2;246;222;115m▀▀[38;2;246;222;115m▀[38;2;82;82;82m[48;2;197;172;82m▀[48;2;82;82;82m▀[48;2;255;255;255m▀[38;2;49;49;49m[48;2;246;98;90m▀[49m▄[48;2;49;49;49m▀[38;2;82;82;82m[48;2;123;172;222m▀[38;2;123;172;222m▀[48;2;82;82;82m▀[38;2;49;49;49m▀▀[49m▄ [0m
   [38;2;49;49;49m▄[48;2;123;172;222m▀[38;2;123;172;222m[48;2;82;82;82m▀[48;2;123;172;222m▀[38;2;82;82;82m▀[48;2;82;82;82m▀[38;2;246;222;115m[48;2;197;172;82m▀[48;2;246;222;115m▀[48;2;82;82;82m▀[38;2;82;82;82m[48;2;123;172;222m▀▀[38;2;246;222;115m[48;2;82;82;82m▀[38;2;82;82;82m[48;2;49;49;49m▀[38;2;90;131;180m[48;2;90;131;180m▀[38;2;82;82;82m[48;2;82;82;82m▀[48;2;197;172;82m▀[38;2;90;131;180m[48;2;82;82;82m▀[48;2;90;131;180m▀▀[38;2;123;172;222m▀[38;2;49;49;49m[48;2;49;49;49m▀[49m▀▀  [0m
  [38;2;49;49;49m[48;2;49;49;49m▀[38;2;82;82;82m[48;2;82;82;82m▀[38;2;123;172;222m[48;2;49;49;49m▀[38;2;49;49;49m[49m▀[38;2;82;82;82m[48;2;49;49;49m▀[48;2;90;131;180m▀[38;2;90;131;180m▀[38;2;82;82;82m[48;2;82;82;82m▀[48;2;197;172;82m▀[38;2;123;172;222m[48;2;82;82;82m▀[48;2;90;131;180m▀[38;2;90;131;180m[48;2;123;172;222m▀[38;2;82;82;82m[48;2;82;82;82m▀[38;2;49;49;49m[48;2;123;172;222m▀[38;2;82;82;82m▀▀[48;2;82;82;82m▀[38;2;197;172;82m▀[38;2;82;82;82m[48;2;197;172;82m▀[38;2;90;131;180m[48;2;49;49;49m▀[38;2;49;49;49m[49m▀     [0m
  [38;2;49;49;49m▀▀ ▄[48;2;189;189;189m▀[38;2;90;131;180m[48;2;82;82;82m▀[48;2;90;131;180m▀[48;2;49;49;49m▀[38;2;82;82;82m▀[38;2;123;172;222m[48;2;82;82;82m▀[48;2;123;172;222m▀[38;2;82;82;82m[48;2;82;82;82m▀[38;2;123;172;222m[48;2;123;172;222m▀▀[48;2;82;82;82m▀▀[48;2;123;172;222m▀[38;2;82;82;82m[48;2;49;49;49m▀[38;2;197;172;82m▀[38;2;49;49;49m▀[49m      [0m
      [38;2;49;49;49m▀▀▀ ▀[38;2;82;82;82m[48;2;49;49;49m▀[38;2;49;49;49m[49m▀[48;2;49;49;49m▀[38;2;123;172;222m[48;2;82;82;82m▀[38;2;82;82;82m[48;2;123;172;222m▀[48;2;82;82;82m▀▀[38;2;49;49;49m[48;2;123;172;222m▀[49m▄        [0m
              [38;2;49;49;49m▀[38;2;255;255;255m[48;2;49;49;49m▀[38;2;90;131;180m▀[38;2;123;172;222m▀[38;2;255;255;255m▀[38;2;49;49;49m[49m▀        [0m
                            [0m
