
    [38;2;0;0;0m▄▄                  [0m
   [38;2;0;0;0m▀[38;2;156;78;156m[48;2;0;0;0m▀[48;2;156;78;156m▀[38;2;0;0;0m[48;2;0;0;0m▀[49m ▄    ▄   ▄[48;2;181;107;181m▀▀[49m▄   [0m
   [38;2;0;0;0m▄[38;2;16;0;72m[48;2;135;99;79m▀[38;2;135;99;79m[48;2;255;198;87m▀[38;2;154;79;154m[48;2;154;79;154m▀[38;2;0;8;0m[48;2;77;44;77m▀[38;2;156;78;156m[48;2;156;78;156m▀[38;2;0;0;0m[48;2;0;0;0m▀[49m  [48;2;0;0;0m▀[38;2;181;107;181m[48;2;181;107;181m▀[38;2;0;0;0m[48;2;66;66;66m▀[49m▄[38;2;0;0;56m[48;2;170;126;98m▀[38;2;170;126;98m[48;2;255;189;119m▀[38;2;255;198;87m[48;2;170;132;63m▀[38;2;0;0;16m[48;2;0;0;16m▀[49m    [0m
   [38;2;0;0;0m▀[38;2;165;126;66m[48;2;0;0;40m▀[38;2;247;189;79m[48;2;82;63;53m▀[38;2;156;77;156m[48;2;156;77;156m▀▀[38;2;151;84;153m[48;2;112;68;118m▀[38;2;74;53;82m[48;2;189;99;189m▀[38;2;0;0;0m[48;2;181;107;181m▀▀[38;2;74;53;82m[48;2;189;99;189m▀[38;2;151;84;153m[48;2;112;68;118m▀[38;2;157;77;157m[48;2;157;77;157m▀[38;2;181;108;181m[48;2;181;108;181m▀[38;2;181;107;181m[48;2;181;107;181m▀[38;2;255;214;15m[48;2;255;214;15m▀[38;2;181;107;181m[48;2;181;107;181m▀[38;2;0;0;0m▀[49m▄   [0m
   [38;2;0;0;0m▀[38;2;154;79;154m[48;2;0;8;0m▀[48;2;77;44;77m▀[38;2;159;74;157m[48;2;179;111;181m▀[38;2;179;111;181m[48;2;198;148;206m▀[38;2;192;148;205m[48;2;192;148;205m▀▀[38;2;193;148;205m[48;2;181;107;181m▀[38;2;181;107;181m▀[38;2;181;110;181m[48;2;181;110;181m▀▀▀▀[38;2;255;214;15m[48;2;165;86;165m▀[38;2;165;86;165m▀[38;2;181;108;181m[48;2;181;108;181m▀[48;2;157;77;157m▀[38;2;0;0;0m[48;2;0;0;0m▀[49m   [0m
  [38;2;0;0;0m[48;2;0;0;0m▀[49m▄[38;2;0;8;0m[48;2;60;41;60m▀[38;2;181;107;181m[48;2;121;74;121m▀[38;2;181;108;181m[48;2;157;77;157m▀[48;2;181;108;181m▀[38;2;181;105;181m[48;2;181;105;181m▀[48;2;124;55;132m▀[48;2;181;105;181m▀[48;2;124;55;132m▀▀[48;2;181;105;181m▀[38;2;181;110;181m[48;2;181;110;181m▀[48;2;66;66;66m▀[38;2;181;108;181m[48;2;181;108;181m▀[48;2;157;77;157m▀[38;2;121;69;121m[48;2;181;103;181m▀[38;2;0;0;0m▀[49m▄   [0m
   [38;2;0;0;0m[48;2;0;0;0m▀[38;2;126;52;62m[48;2;126;52;62m▀[38;2;148;148;148m[48;2;148;148;148m▀[38;2;123;49;131m[48;2;222;206;214m▀[38;2;172;127;172m[48;2;123;49;131m▀[38;2;123;57;131m[48;2;214;214;214m▀[38;2;214;214;214m▀[38;2;148;53;92m[48;2;173;137;153m▀[38;2;198;222;214m[48;2;148;53;92m▀[38;2;214;214;214m[48;2;66;66;66m▀[38;2;66;66;66m▀▀[48;2;198;198;198m▀[38;2;181;105;181m[48;2;124;55;132m▀[48;2;181;105;181m▀[38;2;123;57;131m[48;2;0;0;0m▀[38;2;0;0;0m[49m▀▄   [0m
  [38;2;0;0;0m▄[48;2;156;78;156m▀[38;2;66;66;66m[48;2;66;66;66m▀[48;2;214;214;214m▀[38;2;214;217;214m[48;2;214;217;214m▀▀▀▀[38;2;255;247;247m[48;2;101;82;82m▀[38;2;24;0;0m[48;2;24;0;0m▀[38;2;187;58;75m[48;2;247;57;79m▀[38;2;66;61;66m[48;2;66;61;66m▀[38;2;66;66;66m[48;2;66;66;66m▀▀[48;2;181;110;181m▀[38;2;181;110;181m▀[38;2;77;44;77m[48;2;154;79;154m▀[38;2;0;8;0m▀[38;2;156;78;156m[48;2;156;78;156m▀[38;2;0;0;0m[48;2;0;0;0m▀[49m  [0m
  [38;2;0;0;0m▄[48;2;156;78;156m▀[38;2;66;53;66m[48;2;144;121;144m▀[38;2;222;189;222m[48;2;66;53;66m▀[38;2;214;214;214m[48;2;214;214;214m▀[38;2;143;143;143m[48;2;71;71;71m▀[38;2;66;66;66m[48;2;214;214;214m▀[38;2;214;214;214m▀[38;2;57;0;1m[48;2;255;181;191m▀[38;2;189;121;128m[48;2;123;60;64m▀[38;2;181;41;61m[48;2;66;66;66m▀[38;2;66;66;66m▀[38;2;164;127;164m[48;2;123;57;131m▀[38;2;123;57;131m[48;2;164;127;164m▀[38;2;181;108;181m[48;2;181;108;181m▀[38;2;157;77;157m[48;2;157;77;157m▀[38;2;156;76;156m[48;2;66;66;66m▀[48;2;156;76;156m▀[38;2;0;0;0m[48;2;123;57;131m▀[49m▄  [0m
 [38;2;0;0;0m[48;2;0;0;0m▀[38;2;157;77;157m[48;2;181;108;181m▀[38;2;181;108;181m▀[38;2;148;86;151m[48;2;66;61;74m▀[38;2;189;99;189m[48;2;148;86;151m▀[38;2;66;66;66m[48;2;181;110;181m▀[38;2;181;110;181m▀[38;2;124;55;132m[48;2;181;105;181m▀▀▀▀[38;2;181;108;181m[48;2;181;108;181m▀[48;2;157;77;157m▀[48;2;181;108;181m▀[38;2;157;77;157m▀[38;2;156;76;156m[48;2;66;66;66m▀[48;2;156;76;156m▀[38;2;159;82;119m[48;2;66;66;74m▀[38;2;66;66;74m[48;2;206;90;142m▀[38;2;66;66;66m[48;2;206;90;118m▀[38;2;206;90;118m▀[38;2;0;0;0m[48;2;0;0;0m▀[49m [0m
 [38;2;0;0;0m▀[38;2;82;71;37m[48;2;0;0;40m▀[38;2;247;214;31m[48;2;82;71;37m▀[38;2;66;66;74m[48;2;239;132;183m▀[38;2;181;110;147m[48;2;66;66;74m▀[38;2;66;66;74m[48;2;239;132;183m▀[38;2;181;110;147m[48;2;66;66;74m▀[38;2;66;66;74m[48;2;239;132;183m▀[38;2;181;110;147m[48;2;66;66;74m▀[38;2;143;89;143m[48;2;181;103;181m▀[38;2;181;103;181m[48;2;66;61;66m▀[38;2;66;66;66m[48;2;239;132;159m▀▀[38;2;148;86;151m[48;2;66;61;74m▀[38;2;189;99;189m[48;2;148;86;151m▀[38;2;181;110;181m[48;2;181;110;181m▀[38;2;66;66;66m[48;2;66;66;66m▀[38;2;206;91;118m[48;2;206;91;118m▀▀[38;2;206;90;118m[48;2;206;90;118m▀[38;2;0;0;0m▀[49m▄ [0m
  [38;2;8;0;0m[48;2;8;0;0m▀[38;2;255;132;167m[48;2;173;88;111m▀[38;2;239;132;159m[48;2;239;132;159m▀▀▀▀▀▀[38;2;66;66;66m▀[38;2;239;132;159m▀▀▀▀[38;2;66;66;66m▀[38;2;255;198;39m[48;2;74;57;82m▀[38;2;74;57;82m[48;2;164;127;60m▀[38;2;206;91;118m[48;2;206;91;118m▀▀▀▀[38;2;0;0;0m[48;2;0;0;0m▀[49m [0m
   [38;2;0;0;0m[48;2;0;0;0m▀[38;2;206;89;118m[48;2;206;89;118m▀[38;2;239;132;159m▀▀▀[48;2;239;132;159m▀▀[48;2;66;66;66m▀[48;2;239;132;159m▀[38;2;239;132;183m[48;2;66;66;74m▀[38;2;66;66;74m[48;2;181;110;147m▀[38;2;239;132;159m[48;2;66;66;66m▀[48;2;239;132;159m▀[48;2;206;89;118m▀[38;2;206;89;118m▀[38;2;206;90;118m[48;2;66;66;66m▀[48;2;206;90;118m▀[38;2;94;51;58m[48;2;189;99;117m▀[38;2;0;4;0m[48;2;0;4;0m▀[49m  [0m
    [38;2;0;0;0m▀▀[38;2;173;86;133m[48;2;0;8;0m▀[38;2;86;47;66m[48;2;173;86;133m▀[38;2;206;94;118m[48;2;69;42;45m▀[48;2;0;16;8m▀[38;2;206;90;118m[48;2;206;90;118m▀[38;2;66;66;66m[48;2;66;66;66m▀[38;2;181;108;181m[48;2;157;77;157m▀[38;2;157;77;157m▀[38;2;66;66;66m[48;2;66;66;66m▀[38;2;206;90;118m▀[38;2;206;91;118m[48;2;206;91;118m▀▀[38;2;206;90;118m[48;2;0;0;0m▀[38;2;0;0;0m[49m▀▀   [0m
       [38;2;0;0;0m▀▀ ▀[38;2;66;66;66m[48;2;0;0;0m▀[38;2;154;79;154m[48;2;154;79;154m▀[38;2;77;44;77m[48;2;0;8;0m▀[38;2;0;0;0m[49m▀[38;2;206;90;118m[48;2;0;0;0m▀[38;2;0;0;0m[49m▀▀      [0m
            [38;2;0;0;0m▀           [0m
