
       [38;2;49;49;49m▄▄▄              [0m
     [38;2;49;49;49m▄[48;2;255;164;180m▀[38;2;222;131;148m▀[38;2;255;189;205m[48;2;172;115;123m▀[38;2;255;164;180m[48;2;222;131;148m▀[38;2;49;49;49m[48;2;255;189;205m▀▀[48;2;255;164;180m▀[49m▄▄         [0m
  [38;2;49;49;49m▄[48;2;255;238;180m▀▀[38;2;255;164;180m[48;2;255;164;180m▀[48;2;82;82;82m▀[38;2;82;82;82m[48;2;255;164;180m▀[38;2;255;164;180m▀[38;2;255;189;205m▀[48;2;255;189;205m▀▀[48;2;255;164;180m▀[38;2;255;164;180m▀▀[38;2;49;49;49m[48;2;82;82;82m▀[49m▄▄      [0m
  [38;2;49;49;49m▄[48;2;213;172;106m▀[38;2;255;238;180m[48;2;82;82;82m▀[38;2;213;172;106m▀[38;2;57;123;205m[48;2;255;238;180m▀[38;2;255;255;255m[48;2;57;123;205m▀[38;2;255;164;180m[48;2;255;164;180m▀▀▀[48;2;222;131;148m▀[48;2;255;164;180m▀▀[38;2;172;115;123m▀[38;2;255;164;180m▀[38;2;255;189;205m▀[38;2;255;164;180m▀[38;2;49;49;49m[48;2;222;131;148m▀[38;2;82;82;82m[49m▄    [0m
 [38;2;49;49;49m[48;2;49;49;49m▀[38;2;255;238;180m[48;2;255;238;180m▀[38;2;82;82;82m▀[38;2;246;205;148m[48;2;49;49;49m▀[38;2;82;82;82m▀[38;2;255;238;180m[48;2;255;238;180m▀[48;2;246;205;148m▀[48;2;255;238;180m▀[38;2;255;164;180m▀▀[38;2;255;255;255m[48;2;57;123;205m▀[38;2;156;172;255m[48;2;156;172;255m▀[38;2;255;164;180m[48;2;255;164;180m▀[48;2;222;131;148m▀[48;2;255;164;180m▀[48;2;255;238;180m▀[48;2;255;164;180m▀▀[38;2;82;82;82m[48;2;255;238;180m▀[38;2;49;49;49m[49m▄   [0m
  [38;2;49;49;49m▀▀▄▄[48;2;255;164;180m▀[38;2;255;238;180m[48;2;82;82;82m▀[38;2;213;172;106m[48;2;255;238;180m▀[38;2;246;205;148m▀[38;2;255;238;180m▀▀▀[38;2;255;164;180m▀[38;2;172;115;123m[48;2;172;115;123m▀[38;2;255;238;180m[48;2;255;238;180m▀[38;2;213;172;106m[48;2;82;82;82m▀[38;2;255;238;180m[48;2;213;172;106m▀[48;2;255;238;180m▀[48;2;246;205;148m▀[48;2;49;49;49m▀[38;2;49;49;49m[49m▀  [0m
   [38;2;49;49;49m▀[38;2;255;238;180m[48;2;49;49;49m▀[38;2;255;164;180m[48;2;255;164;180m▀[48;2;82;82;82m▀[38;2;82;82;82m[48;2;255;164;180m▀[38;2;255;238;180m[48;2;255;238;180m▀▀▀▀▀[38;2;246;205;148m[48;2;255;164;180m▀[38;2;222;131;148m▀[38;2;82;82;82m[48;2;82;82;82m▀[38;2;255;238;180m[48;2;213;172;106m▀[38;2;82;82;82m[48;2;255;238;180m▀[48;2;213;172;106m▀[38;2;49;49;49m[48;2;255;238;180m▀[49m▄   [0m
     [38;2;49;49;49m[48;2;49;49;49m▀[38;2;172;115;123m[48;2;255;164;180m▀[38;2;255;164;180m[48;2;255;238;180m▀[38;2;255;238;180m▀▀▀▀[38;2;255;164;180m[48;2;255;164;180m▀[48;2;172;115;123m▀[48;2;255;164;180m▀▀[38;2;82;82;82m▀[38;2;246;205;148m[48;2;82;82;82m▀[38;2;255;238;180m▀▀[38;2;49;49;49m[48;2;255;255;255m▀▀[49m▄ [0m
     [38;2;49;49;49m▀[38;2;246;205;148m[48;2;49;49;49m▀[38;2;255;238;180m[48;2;255;238;180m▀▀▀▀▀[38;2;246;205;148m▀[38;2;255;164;180m[48;2;255;164;180m▀[38;2;172;115;123m▀[38;2;82;82;82m[48;2;222;131;148m▀[38;2;255;238;180m[48;2;82;82;82m▀[38;2;246;205;148m▀[38;2;82;82;82m[48;2;189;189;189m▀[38;2;255;255;255m[48;2;213;222;222m▀▀[38;2;49;49;49m[48;2;49;49;49m▀[49m  [0m
      [38;2;49;49;49m[48;2;49;49;49m▀[38;2;82;82;82m[48;2;213;172;106m▀[38;2;246;205;148m▀[38;2;255;238;180m[48;2;49;49;49m▀▀[48;2;246;205;148m▀▀▀[38;2;255;164;180m▀▀▀[38;2;246;205;148m[48;2;213;172;106m▀[38;2;82;82;82m[48;2;82;82;82m▀[38;2;213;222;222m[48;2;189;189;189m▀[38;2;189;189;189m[48;2;49;49;49m▀[38;2;49;49;49m[49m▀  [0m
       [38;2;49;49;49m▀▀  ▀[38;2;82;82;82m[48;2;49;49;49m▀[48;2;255;238;180m▀[38;2;213;172;106m[48;2;246;205;148m▀[48;2;213;172;106m▀[48;2;49;49;49m▀[38;2;49;49;49m[49m▀▀▀    [0m
             [38;2;49;49;49m▀▀▀        [0m
