
     [38;2;49;49;49m▄▄       ▄▄           [0m
    [38;2;49;49;49m▀[38;2;98;189;246m[48;2;49;49;49m▀[48;2;65;131;205m▀[38;2;49;49;49m[48;2;98;189;246m▀[49m▄    [48;2;49;49;49m▀[38;2;98;189;246m[48;2;98;189;246m▀[38;2;65;131;205m▀[38;2;49;49;49m[48;2;49;49;49m▀[49m          [0m
      [38;2;49;49;49m[48;2;49;49;49m▀[38;2;246;106;90m[48;2;246;106;90m▀[38;2;98;189;246m[48;2;172;148;172m▀[38;2;49;49;49m[48;2;49;49;49m▀[49m  [48;2;49;49;49m▀[38;2;98;189;246m[48;2;98;189;246m▀[38;2;180;65;82m[48;2;246;106;90m▀[38;2;98;189;246m[48;2;98;189;246m▀[38;2;49;49;49m[48;2;49;49;49m▀[49m          [0m
      [38;2;49;49;49m▀[38;2;98;189;246m[48;2;49;49;49m▀[38;2;246;106;90m[48;2;246;106;90m▀[38;2;49;49;49m[48;2;49;49;49m▀[49m  [48;2;49;49;49m▀[38;2;172;148;172m[48;2;246;106;90m▀[38;2;246;106;90m[48;2;98;189;246m▀[38;2;65;131;205m[48;2;49;49;49m▀[38;2;49;49;49m[49m▀          [0m
       [38;2;49;49;49m[48;2;49;49;49m▀[38;2;246;106;90m[48;2;65;131;205m▀[38;2;65;131;205m[48;2;98;189;246m▀[38;2;49;49;49m▀[48;2;82;82;82m▀[38;2;172;148;172m[48;2;246;106;90m▀[38;2;246;106;90m[48;2;98;189;246m▀[38;2;65;131;205m[48;2;49;49;49m▀[38;2;49;49;49m[49m▀           [0m
     [38;2;49;49;49m▄[48;2;255;255;255m▀[38;2;98;189;246m[48;2;98;189;246m▀▀▀[48;2;82;164;230m▀[48;2;98;189;246m▀▀[38;2;65;131;205m▀[38;2;49;49;49m▀[49m▄           [0m
    [38;2;49;49;49m[48;2;49;49;49m▀[38;2;98;189;246m[48;2;98;189;246m▀[38;2;49;49;49m▀[38;2;98;189;246m[48;2;172;106;131m▀▀[48;2;98;189;246m▀[38;2;255;255;255m[48;2;49;49;49m▀[38;2;65;131;205m[48;2;82;164;230m▀[38;2;98;189;246m[48;2;98;189;246m▀▀▀▀[38;2;49;49;49m[48;2;49;49;49m▀[49m     ▄▄   [0m
 [38;2;49;49;49m▄[48;2;82;164;230m▀[48;2;82;82;82m▀[38;2;98;189;246m[48;2;255;255;255m▀[48;2;98;189;246m▀[48;2;255;255;255m▀[48;2;98;189;246m▀[38;2;222;148;197m▀[38;2;98;189;246m▀▀▀▀▀▀▀▀[38;2;49;49;49m[48;2;49;49;49m▀[49m  ▄[48;2;98;189;246m▀[38;2;98;189;246m[48;2;172;222;255m▀[48;2;98;189;246m▀[38;2;49;49;49m[48;2;65;131;205m▀[49m▄ [0m
 [38;2;49;49;49m▀[38;2;82;164;230m[48;2;49;49;49m▀[38;2;82;82;82m▀[38;2;255;255;255m[48;2;65;131;205m▀[38;2;98;189;246m[48;2;98;189;246m▀[48;2;255;255;255m▀▀[48;2;98;189;246m▀▀[38;2;255;255;255m[48;2;255;255;255m▀▀[38;2;98;189;246m[48;2;98;189;246m▀[48;2;65;131;205m▀▀[48;2;98;189;246m▀[38;2;82;82;82m▀[38;2;49;49;49m[48;2;49;49;49m▀[49m  ▀[38;2;98;189;246m[48;2;49;49;49m▀[48;2;65;131;205m▀[38;2;65;131;205m▀[48;2;49;49;49m▀[38;2;49;49;49m[49m▀ [0m
    [38;2;82;82;82m[48;2;49;49;49m▀[38;2;65;131;205m[48;2;255;255;255m▀[38;2;255;255;255m[48;2;65;131;205m▀▀[38;2;65;131;205m[48;2;255;255;255m▀▀[38;2;98;189;246m[48;2;65;131;205m▀▀[38;2;65;131;205m[48;2;255;255;255m▀[38;2;255;255;255m[48;2;189;189;180m▀[38;2;82;82;82m▀[38;2;98;189;246m[48;2;82;82;82m▀[48;2;98;189;246m▀▀[38;2;49;49;49m[48;2;49;49;49m▀[49m   ▀[48;2;49;49;49m▀[49m   [0m
    [38;2;49;49;49m▄[48;2;65;131;205m▀[38;2;255;255;255m[48;2;49;49;49m▀[48;2;255;255;255m▀▀[48;2;189;189;180m▀▀[38;2;189;189;180m▀▀▀[48;2;82;82;82m▀[38;2;49;49;49m[48;2;49;49;49m▀[49m▀[48;2;49;49;49m▀[49m ▄[48;2;49;49;49m▀[49m▄[48;2;49;49;49m▀[49m▀   [0m
     [38;2;49;49;49m▀▀▀▀[38;2;189;189;180m[48;2;49;49;49m▀▀▀▀[38;2;82;82;82m[48;2;98;189;246m▀[38;2;49;49;49m▀[49m▄ ▀▀▀ ▀     [0m
             [38;2;49;49;49m▀▀            [0m
