
[38;2;0;0;0m                                                
[38;2;0;0;0m              [38;2;49;49;49m████[38;2;0;0;0m                              
[38;2;0;0;0m      [38;2;49;49;49m████[38;2;0;0;0m  [38;2;49;49;49m██[38;2;148;148;139m██[38;2;49;49;49m████████[38;2;0;0;0m                        
[38;2;0;0;0m    [38;2;49;49;49m██[38;2;115;115;106m██[38;2;82;82;82m██[38;2;49;49;49m██[38;2;148;148;139m████[38;2;115;115;106m██[38;2;82;82;82m██[38;2;115;115;106m████[38;2;49;49;49m████[38;2;0;0;0m                    
[38;2;0;0;0m    [38;2;49;49;49m██[38;2;115;115;106m██[38;2;148;148;139m██[38;2;82;82;82m██[38;2;148;148;139m████[38;2;115;115;106m████[38;2;82;82;82m██[38;2;115;115;106m██████[38;2;49;49;49m██[38;2;0;0;0m                  
[38;2;0;0;0m    [38;2;49;49;49m██[38;2;148;148;139m██[38;2;82;82;82m██[38;2;148;148;139m████████[38;2;82;82;82m██[38;2;148;148;139m██[38;2;82;82;82m██[38;2;115;115;106m████[38;2;49;49;49m██[38;2;0;0;0m                  
[38;2;0;0;0m  [38;2;49;49;49m██[38;2;82;82;82m██[38;2;148;148;139m████████████████[38;2;115;115;106m██[38;2;82;82;82m██[38;2;115;115;106m████[38;2;49;49;49m██[38;2;0;0;0m  [38;2;49;49;49m██████[38;2;0;0;0m        
[38;2;0;0;0m  [38;2;49;49;49m██[38;2;213;82;98m██[38;2;148;148;139m████████[38;2;82;82;82m██[38;2;148;148;139m████████[38;2;82;82;82m██[38;2;115;115;106m██████[38;2;49;49;49m██[38;2;115;115;106m████[38;2;82;82;82m██[38;2;49;49;49m██[38;2;0;0;0m      
[38;2;0;0;0m  [38;2;49;49;49m██[38;2;148;148;139m████████[38;2;82;82;82m██[38;2;213;82;98m██[38;2;82;82;82m████[38;2;148;148;139m██[38;2;115;115;106m██[38;2;82;82;82m██[38;2;49;49;49m██[38;2;115;115;106m████████[38;2;49;49;49m██[38;2;82;82;82m████[38;2;49;49;49m██[38;2;0;0;0m    
[38;2;0;0;0m    [38;2;49;49;49m██[38;2;115;115;106m██[38;2;148;148;139m████[38;2;213;82;98m██[38;2;49;49;49m██[38;2;255;172;205m██[38;2;213;82;98m██[38;2;115;115;106m████[38;2;49;49;49m██[38;2;0;0;0m  [38;2;49;49;49m██[38;2;115;115;106m████[38;2;49;49;49m██[38;2;0;0;0m  [38;2;49;49;49m████[38;2;82;82;82m██[38;2;49;49;49m██[38;2;0;0;0m  
[38;2;0;0;0m    [38;2;49;49;49m██[38;2;246;213;74m██[38;2;115;115;106m████[38;2;148;148;139m██[38;2;255;172;205m██[38;2;213;82;98m██[38;2;115;115;106m████[38;2;49;49;49m██[38;2;0;0;0m      [38;2;49;49;49m████[38;2;0;0;0m        [38;2;49;49;49m████[38;2;0;0;0m  
[38;2;0;0;0m      [38;2;49;49;49m██[38;2;205;172;65m██[38;2;246;213;74m██[38;2;115;115;106m██████[38;2;246;213;74m██[38;2;49;49;49m██[38;2;0;0;0m          [38;2;49;49;49m██[38;2;0;0;0m              
[38;2;0;0;0m        [38;2;49;49;49m██[38;2;115;115;106m██[38;2;205;172;65m██[38;2;246;213;74m██[38;2;205;172;65m██[38;2;82;82;82m██[38;2;115;115;106m██[38;2;49;49;49m██[38;2;0;0;0m      [38;2;49;49;49m██[38;2;205;172;65m██[38;2;49;49;49m████[38;2;0;0;0m          
[38;2;0;0;0m    [38;2;49;49;49m████[38;2;82;82;82m██████████[38;2;115;115;106m████[38;2;148;148;139m██[38;2;49;49;49m████[38;2;0;0;0m  [38;2;49;49;49m██[38;2;246;213;74m████[38;2;49;49;49m██[38;2;0;0;0m          
[38;2;0;0;0m  [38;2;49;49;49m██[38;2;82;82;82m████████[38;2;115;115;106m████████[38;2;82;82;82m██[38;2;148;148;139m████[38;2;82;82;82m██[38;2;49;49;49m██[38;2;205;172;65m████[38;2;246;213;74m██[38;2;205;172;65m██[38;2;49;49;49m██[38;2;0;0;0m        
[38;2;0;0;0m  [38;2;49;49;49m██[38;2;82;82;82m██████[38;2;49;49;49m████[38;2;115;115;106m████[38;2;82;82;82m██[38;2;148;148;139m██████[38;2;82;82;82m██[38;2;115;115;106m██[38;2;82;82;82m██[38;2;205;172;65m██[38;2;49;49;49m████[38;2;0;0;0m          
[38;2;0;0;0m  [38;2;49;49;49m██[38;2;82;82;82m██[38;2;49;49;49m██[38;2;82;82;82m██[38;2;49;49;49m██[38;2;0;0;0m  [38;2;49;49;49m██[38;2;82;82;82m██[38;2;148;148;139m████████[38;2;82;82;82m██[38;2;115;115;106m██[38;2;49;49;49m████[38;2;0;0;0m              
[38;2;0;0;0m    [38;2;49;49;49m██[38;2;0;0;0m  [38;2;49;49;49m██[38;2;0;0;0m      [38;2;49;49;49m██[38;2;148;148;139m██[38;2;82;82;82m██[38;2;148;148;139m██[38;2;82;82;82m██[38;2;115;115;106m████[38;2;49;49;49m██[38;2;0;0;0m                
[38;2;0;0;0m                [38;2;49;49;49m████[38;2;0;0;0m  [38;2;49;49;49m████[38;2;115;115;106m██[38;2;49;49;49m██[38;2;0;0;0m                  
[38;2;0;0;0m                          [38;2;49;49;49m████[38;2;0;0;0m                  
[38;2;0;0;0m                                                [0m
