
       [38;2;0;0;0m▄▄▄▄▄                          [0m
      [38;2;0;0;0m▀[38;2;231;247;175m[48;2;0;0;0m▀[38;2;115;94;75m[48;2;231;247;175m▀[38;2;231;247;175m[48;2;115;94;75m▀[38;2;239;255;167m[48;2;156;166;112m▀[38;2;74;78;58m▀[38;2;0;0;0m[48;2;110;110;73m▀[48;2;165;165;109m▀[49m▄                  ▄▄▄  [0m
       [38;2;0;0;0m[48;2;0;0;0m▀[38;2;165;175;106m[48;2;82;82;66m▀[48;2;165;175;106m▀[38;2;110;104;78m[48;2;165;173;101m▀[38;2;165;173;101m[48;2;82;70;66m▀[38;2;115;93;72m[48;2;82;80;69m▀[38;2;82;80;69m[48;2;115;93;72m▀[38;2;0;0;0m[48;2;0;0;0m▀[49m ▄▄[48;2;148;115;76m▀[48;2;99;77;51m▀[48;2;156;111;68m▀[49m▄▄      ▄[48;2;231;247;175m▀▀[48;2;80;82;58m▀[38;2;239;247;175m[48;2;159;165;117m▀[38;2;165;173;109m[48;2;165;173;109m▀[48;2;0;0;0m▀[38;2;0;0;0m[49m▀ [0m
        [38;2;0;0;0m[48;2;0;0;0m▀[38;2;77;69;55m[48;2;115;103;83m▀[38;2;82;80;69m[48;2;115;93;72m▀[38;2;115;93;72m▀[38;2;113;93;73m[48;2;113;93;73m▀[48;2;206;107;70m▀[38;2;80;82;66m[48;2;80;82;66m▀[38;2;0;0;8m[48;2;239;247;183m▀[38;2;200;173;123m[48;2;90;74;66m▀[38;2;90;74;66m[48;2;255;222;151m▀[38;2;200;173;123m[48;2;90;74;66m▀[38;2;90;74;66m[48;2;255;222;151m▀[38;2;165;111;71m[48;2;247;140;79m▀[48;2;82;82;64m▀[38;2;104;77;48m[48;2;156;115;68m▀[38;2;0;0;8m▀[38;2;0;0;0m[49m▄   [48;2;0;0;0m▀[38;2;231;247;175m[48;2;231;247;175m▀[48;2;82;82;69m▀[38;2;82;82;69m▀[38;2;162;176;106m[48;2;162;176;106m▀▀[38;2;82;82;66m[48;2;82;82;66m▀[38;2;165;175;106m[48;2;165;175;106m▀[38;2;0;0;0m[48;2;0;0;0m▀[49m [0m
         [38;2;0;0;0m▀[38;2;115;93;73m[48;2;0;0;0m▀▀[38;2;82;82;69m[48;2;82;82;69m▀[48;2;231;247;175m▀[38;2;82;81;69m[48;2;82;81;69m▀▀[38;2;93;85;69m[48;2;93;85;69m▀[38;2;231;247;175m▀[38;2;82;82;69m[48;2;82;82;69m▀[38;2;231;247;175m▀[38;2;82;82;69m▀[38;2;231;247;175m[48;2;231;247;175m▀[38;2;255;140;87m[48;2;99;90;67m▀[38;2;151;107;74m▀[38;2;0;0;0m[48;2;82;78;70m▀[49m▄ ▄[38;2;0;0;8m[48;2;156;115;68m▀[38;2;104;77;48m▀[38;2;132;99;68m[48;2;132;99;68m▀[48;2;255;255;255m▀[38;2;82;80;69m[48;2;115;93;72m▀▀[38;2;77;69;55m[48;2;115;103;83m▀[38;2;0;0;0m[48;2;0;0;0m▀[49m  [0m
            [38;2;0;0;0m[48;2;0;0;0m▀[38;2;239;247;183m[48;2;80;82;61m▀[38;2;255;140;87m[48;2;255;140;87m▀[38;2;112;93;72m[48;2;112;93;72m▀[38;2;255;255;247m[48;2;118;90;83m▀[38;2;49;8;1m▀[38;2;115;78;59m[48;2;162;134;119m▀[48;2;255;247;239m▀[38;2;90;85;82m[48;2;8;0;0m▀[48;2;255;255;247m▀[38;2;82;80;69m[48;2;82;80;69m▀[48;2;115;93;72m▀[38;2;115;93;73m[48;2;115;93;73m▀[38;2;0;0;0m[48;2;0;0;0m▀[49m [48;2;0;0;0m▀[38;2;159;113;66m[48;2;115;94;75m▀[48;2;159;113;66m▀[38;2;156;99;60m[48;2;156;99;60m▀[38;2;255;255;247m[48;2;189;151;122m▀[38;2;80;80;80m[48;2;239;239;239m▀[38;2;239;239;239m[48;2;0;0;0m▀[38;2;0;0;0m[49m▀   [0m
           [38;2;0;0;0m[48;2;0;0;0m▀[38;2;104;107;139m[48;2;231;239;239m▀[38;2;231;239;239m▀[38;2;74;74;74m[48;2;231;231;239m▀[48;2;126;126;129m▀[38;2;90;78;74m[48;2;134;129;129m▀[48;2;222;231;238m▀[38;2;107;78;59m[48;2;247;231;231m▀[38;2;154;129;116m[48;2;154;129;116m▀[38;2;247;132;87m[48;2;74;78;66m▀[38;2;74;78;66m[48;2;132;96;73m▀[38;2;112;94;72m[48;2;112;94;72m▀▀[38;2;115;93;72m[48;2;82;80;69m▀[38;2;82;80;69m▀[38;2;0;12;16m[48;2;123;80;59m▀[38;2;247;148;103m▀[38;2;239;148;103m[48;2;119;78;59m▀[38;2;119;78;59m[48;2;0;8;16m▀[38;2;0;0;0m[49m▀▀▀     [0m
           [38;2;0;0;0m▄[38;2;16;0;0m[48;2;135;115;115m▀[38;2;255;231;231m▀[38;2;231;239;239m[48;2;231;239;239m▀[38;2;104;107;139m▀[38;2;231;239;239m[48;2;104;107;139m▀▀[38;2;135;148;148m▀▀[38;2;121;124;129m[48;2;231;231;239m▀[38;2;66;70;74m▀[38;2;82;82;66m[48;2;231;239;239m▀▀[38;2;231;239;239m▀[38;2;82;82;66m▀[38;2;206;107;70m[48;2;79;80;71m▀▀[38;2;0;0;0m[48;2;231;239;239m▀[49m▄        [0m
   [38;2;0;0;0m▄▄▄[48;2;115;93;73m▀▀[49m▄[48;2;82;78;70m▀[38;2;0;16;16m[48;2;206;123;86m▀[38;2;103;69;51m[48;2;103;69;51m▀[38;2;189;123;109m[48;2;126;85;78m▀[38;2;126;85;78m[48;2;0;8;16m▀[38;2;104;107;139m[48;2;104;107;139m▀[38;2;231;239;239m▀[38;2;234;239;236m[48;2;234;239;236m▀▀[38;2;231;239;239m[48;2;231;239;239m▀[48;2;137;148;150m▀[48;2;104;107;139m▀▀▀[48;2;231;239;239m▀[38;2;137;148;150m▀[38;2;231;239;239m▀[38;2;231;239;231m[48;2;99;107;131m▀[48;2;143;151;164m▀[38;2;121;126;142m[48;2;121;126;142m▀[38;2;0;0;0m[48;2;0;0;0m▀[49m        [0m
 [38;2;0;0;0m▄[38;2;0;4;0m[48;2;239;247;175m▀[38;2;239;247;175m[48;2;159;166;117m▀[38;2;231;247;175m[48;2;82;82;69m▀[38;2;82;82;69m▀[38;2;112;94;72m[48;2;112;94;72m▀▀[38;2;115;93;72m[48;2;115;93;72m▀[38;2;82;80;69m▀[38;2;206;111;70m[48;2;69;45;34m▀[48;2;0;12;16m▀[38;2;0;0;0m[49m▀ ▀▀[38;2;107;111;139m[48;2;8;4;0m▀[48;2;57;57;69m▀[38;2;104;107;139m[48;2;135;148;148m▀▀[38;2;136;148;148m[48;2;66;66;66m▀▀[48;2;136;148;148m▀[38;2;107;107;139m▀[38;2;115;121;142m[48;2;115;121;142m▀[48;2;0;0;0m▀[38;2;159;113;95m[48;2;82;86;82m▀[38;2;82;86;82m[48;2;198;127;102m▀[38;2;0;0;0m[48;2;206;107;70m▀[49m▄        [0m
  [38;2;0;0;0m[48;2;0;0;0m▀[38;2;78;82;54m[48;2;156;165;108m▀[38;2;165;173;101m[48;2;110;104;78m▀[38;2;82;70;66m[48;2;165;173;101m▀[38;2;88;82;77m[48;2;8;4;0m▀[38;2;247;239;231m▀[38;2;231;239;239m[48;2;0;0;0m▀[38;2;0;0;0m[49m▀▀    ▄[48;2;143;143;153m▀[38;2;71;71;77m[48;2;214;214;230m▀[38;2;74;70;66m[48;2;74;70;66m▀[48;2;255;140;87m▀[38;2;208;108;67m▀[48;2;208;108;67m▀[38;2;69;71;66m[48;2;206;107;70m▀[48;2;69;71;66m▀[38;2;0;0;0m[48;2;231;239;239m▀[49m▄▀[38;2;66;66;66m[48;2;0;0;0m▀[38;2;112;93;72m[48;2;255;140;87m▀▀[38;2;0;0;0m[48;2;99;77;51m▀[48;2;148;115;76m▀[48;2;156;111;68m▀[49m▄    [0m
   [38;2;0;0;0m▀▀▀       ▄[48;2;60;63;71m▀[38;2;121;126;142m[48;2;121;126;142m▀[38;2;231;239;239m[48;2;104;107;139m▀▀[48;2;231;239;239m▀[38;2;82;82;66m▀▀▀[38;2;66;70;74m[48;2;231;231;239m▀[38;2;231;231;239m[48;2;121;124;129m▀[38;2;231;239;231m[48;2;99;107;131m▀[38;2;99;107;131m[48;2;143;151;164m▀[38;2;0;0;0m[48;2;0;0;0m▀[49m [48;2;0;0;0m▀[38;2;99;77;51m[48;2;148;115;76m▀[38;2;160;111;64m[48;2;160;111;64m▀[48;2;82;82;66m▀[38;2;162;110;66m[48;2;85;79;69m▀▀[38;2;0;0;0m[48;2;165;173;109m▀[49m▄  [0m
            [38;2;0;4;0m[48;2;0;4;0m▀[38;2;132;78;52m[48;2;198;115;78m▀[38;2;113;93;73m[48;2;113;93;73m▀[38;2;66;66;66m▀[38;2;110;114;129m[48;2;66;61;74m▀[38;2;132;140;156m[48;2;132;140;156m▀[38;2;99;107;131m[48;2;143;151;164m▀[38;2;231;239;231m[48;2;99;107;131m▀[48;2;143;151;159m▀[38;2;99;107;123m▀[38;2;110;114;129m[48;2;132;140;156m▀[38;2;132;140;156m[48;2;66;61;74m▀[38;2;137;143;148m[48;2;69;71;74m▀[38;2;0;0;0m[48;2;0;0;0m▀[49m  [38;2;8;0;0m[48;2;8;0;0m▀[38;2;127;119;83m[48;2;247;239;167m▀[38;2;82;82;66m[48;2;160;164;116m▀[38;2;239;247;167m[48;2;82;82;66m▀[38;2;231;247;175m[48;2;231;247;175m▀[38;2;82;82;69m▀[38;2;165;170;111m[48;2;82;85;56m▀[38;2;0;0;0m[48;2;0;0;0m▀[49m  [0m
            [38;2;0;0;0m▄[48;2;165;173;109m▀[38;2;206;107;70m[48;2;74;82;74m▀[48;2;118;90;73m▀[38;2;111;90;75m[48;2;0;0;0m▀[38;2;0;0;0m[49m▀[38;2;121;126;142m[48;2;0;0;0m▀▀[38;2;140;148;140m[48;2;8;0;0m▀[48;2;96;99;93m▀[38;2;57;70;65m[48;2;247;140;87m▀[38;2;120;93;72m[48;2;120;93;72m▀▀[38;2;57;70;65m[48;2;247;140;87m▀[38;2;0;0;0m[48;2;0;0;0m▀[49m  [48;2;0;0;0m▀[38;2;231;247;175m[48;2;82;82;69m▀[38;2;82;82;69m[48;2;231;247;175m▀[38;2;80;82;64m[48;2;0;0;8m▀[38;2;239;247;175m[48;2;239;247;175m▀[38;2;0;0;0m[48;2;66;66;66m▀[49m   [0m
           [38;2;0;0;0m▀[38;2;165;165;109m[48;2;0;0;0m▀[38;2;110;110;73m▀[38;2;156;165;108m▀[38;2;78;82;54m▀[38;2;0;0;0m[49m▀    ▀[38;2;123;80;59m[48;2;0;12;16m▀[38;2;247;148;103m[48;2;123;80;59m▀[38;2;255;140;87m[48;2;112;93;72m▀[38;2;112;93;72m▀[38;2;110;110;73m[48;2;165;165;109m▀[38;2;0;0;0m[48;2;0;0;0m▀[49m  ▀▀ ▀    [0m
                     [38;2;0;0;0m▀[38;2;231;231;175m[48;2;0;0;0m▀[38;2;115;115;87m▀[38;2;231;247;175m▀▀[38;2;66;66;66m▀[38;2;0;0;0m[49m▀          [0m
                                      [0m
