
                    [38;2;20;20;20m▄▄                [0m
           [38;2;24;20;24m▄[48;2;139;125;107m▀[38;2;20;20;20m[48;2;20;20;20m▀[49m   [38;2;24;20;24m▄[48;2;139;125;107m▀[38;2;16;20;24m[48;2;140;123;108m▀[38;2;140;123;108m[48;2;78;71;66m▀[38;2;24;20;24m[48;2;65;65;65m▀[49m▄  [38;2;20;20;20m▄▄[38;2;24;20;24m[48;2;139;125;107m▀[48;2;24;20;24m▀[49m         [0m
          [38;2;20;20;20m▄[38;2;24;20;24m[48;2;139;125;107m▀[38;2;139;125;107m▀[38;2;24;20;24m[48;2;65;65;65m▀[49m▄[38;2;16;20;24m[48;2;77;71;66m▀[48;2;137;122;108m▀[38;2;66;66;66m[48;2;143;126;105m▀▀[38;2;143;126;105m[48;2;66;66;66m▀[48;2;143;126;105m▀[38;2;148;127;100m[48;2;255;255;247m▀[48;2;184;170;149m▀[38;2;24;20;24m[48;2;139;125;107m▀▀[38;2;140;119;100m[48;2;247;127;79m▀[48;2;193;123;89m▀[38;2;247;132;87m[48;2;247;132;87m▀[48;2;142;123;105m▀[38;2;20;20;20m[48;2;20;20;20m▀[49m        [0m
         [38;2;24;20;24m▄[48;2;139;125;107m▀[38;2;143;126;105m[48;2;143;126;105m▀▀[48;2;66;66;66m▀[48;2;143;126;105m▀▀▀▀[38;2;66;66;66m[48;2;66;66;66m▀[38;2;198;181;134m[48;2;255;255;255m▀[38;2;255;255;255m▀[38;2;197;179;133m▀▀[38;2;255;255;255m[48;2;198;181;134m▀[38;2;198;181;134m▀[38;2;189;173;144m[48;2;255;255;247m▀[38;2;156;132;92m[48;2;189;173;144m▀[38;2;145;118;92m[48;2;222;156;110m▀[38;2;222;156;110m[48;2;107;99;83m▀[38;2;198;103;62m[48;2;24;20;24m▀[38;2;24;20;24m[49m▀[38;2;20;20;20m▄▄▄▄▄  [0m
        [38;2;20;20;20m[48;2;20;20;20m▀[38;2;143;123;105m[48;2;214;198;182m▀[48;2;143;123;105m▀[38;2;129;129;121m[48;2;66;66;58m▀[38;2;66;66;58m[48;2;255;255;247m▀[38;2;140;123;102m[48;2;255;255;255m▀[48;2;140;123;102m▀[38;2;143;126;105m[48;2;143;126;105m▀▀[38;2;69;66;66m[48;2;137;123;100m▀[38;2;206;181;134m[48;2;69;66;66m▀[38;2;255;255;247m[48;2;82;74;58m▀[38;2;168;164;152m[48;2;255;255;247m▀[38;2;198;181;134m[48;2;198;181;134m▀[38;2;255;255;255m▀[48;2;200;192;176m▀[48;2;145;129;97m▀[48;2;200;192;176m▀[48;2;145;129;97m▀[38;2;198;192;190m[48;2;198;192;190m▀[48;2;115;99;75m▀[38;2;111;102;95m[48;2;198;189;182m▀[38;2;24;16;8m▀[38;2;222;181;166m[48;2;79;60;55m▀[38;2;79;60;55m[48;2;151;121;111m▀[38;2;247;132;87m[48;2;195;102;64m▀[48;2;247;132;87m▀[48;2;24;20;24m▀[38;2;24;20;24m[49m▀ [0m
       [38;2;24;20;24m[48;2;24;20;24m▀[38;2;139;125;107m[48;2;139;125;107m▀[38;2;143;126;105m[48;2;66;66;66m▀[38;2;66;66;66m▀[38;2;255;255;255m[48;2;101;98;90m▀[38;2;24;20;8m[48;2;255;255;255m▀[38;2;255;255;255m▀[48;2;140;123;102m▀[38;2;143;126;105m[48;2;66;66;66m▀[38;2;66;66;66m[48;2;143;126;105m▀[38;2;143;126;105m[48;2;66;66;66m▀[48;2;143;126;105m▀▀[38;2;66;66;66m▀[48;2;144;127;100m▀[38;2;144;127;100m[48;2;66;66;66m▀[38;2;173;119;85m[48;2;16;28;32m▀[38;2;68;58;50m[48;2;173;119;85m▀[38;2;65;65;65m[48;2;24;20;24m▀[38;2;24;20;24m[49m▀[38;2;82;79;74m[48;2;24;24;16m▀[48;2;198;189;190m▀[38;2;198;189;190m[48;2;66;66;66m▀▀[38;2;90;66;58m[48;2;222;173;158m▀[38;2;156;119;108m[48;2;24;12;8m▀[38;2;20;20;20m[49m▀▀   [0m
    [38;2;20;20;20m▄ [48;2;20;20;20m▀[38;2;143;122;105m[48;2;112;96;78m▀[48;2;143;122;105m▀▀[48;2;112;96;78m▀[38;2;66;66;66m[48;2;143;126;105m▀[38;2;104;96;86m▀[38;2;143;126;105m▀[48;2;66;66;66m▀▀[38;2;66;66;66m[48;2;143;126;105m▀[38;2;143;126;105m▀[48;2;66;66;66m▀[38;2;132;123;108m[48;2;74;69;66m▀[38;2;74;69;66m[48;2;16;16;24m▀[38;2;20;20;20m[49m▀▀ [48;2;20;20;20m▀[38;2;198;103;62m[48;2;24;20;24m▀[38;2;24;20;24m[49m▀ [38;2;20;20;20m[48;2;20;20;20m▀[38;2;198;107;70m[48;2;198;107;70m▀[38;2;77;54;45m[48;2;16;28;32m▀[38;2;66;61;58m[48;2;192;108;72m▀[38;2;192;108;72m[48;2;255;132;79m▀[38;2;24;20;24m[48;2;247;132;87m▀[49m▄   [0m
   [38;2;16;16;16m[48;2;16;16;16m▀[38;2;198;189;190m[48;2;77;74;74m▀[38;2;24;24;24m[48;2;148;127;108m▀[38;2;107;93;80m[48;2;107;93;80m▀[38;2;255;255;255m[48;2;255;255;255m▀[38;2;90;82;74m[48;2;90;82;74m▀[38;2;82;78;66m[48;2;82;78;66m▀[38;2;255;255;255m▀[38;2;66;66;66m[48;2;143;126;105m▀▀▀[38;2;143;126;105m▀[38;2;139;125;107m[48;2;24;20;24m▀[38;2;24;20;24m[49m▀[38;2;71;57;47m[48;2;16;28;32m▀[38;2;181;115;77m[48;2;126;86;62m▀[38;2;195;106;64m[48;2;195;106;64m▀▀[38;2;24;20;24m[48;2;247;132;87m▀▀[38;2;20;20;20m[49m▄     ▀ [38;2;24;20;24m▀[38;2;247;132;87m[48;2;24;20;24m▀[48;2;247;132;87m▀[38;2;24;20;24m▀[38;2;20;20;20m[49m▄  [0m
 [38;2;24;20;24m▄[48;2;139;125;107m▀[38;2;143;126;105m[48;2;143;126;105m▀[38;2;66;66;66m▀▀▀[38;2;78;71;66m[48;2;140;123;108m▀[38;2;140;123;108m[48;2;16;20;24m▀[38;2;139;125;107m[48;2;24;20;24m▀▀[38;2;143;126;105m[48;2;66;66;66m▀▀[38;2;66;66;66m[48;2;192;104;64m▀▀[38;2;20;20;20m[48;2;20;20;20m▀[49m [38;2;24;20;24m▀[38;2;115;96;79m[48;2;24;20;24m▀[38;2;247;132;87m[48;2;142;123;105m▀[48;2;247;132;87m▀[38;2;178;101;66m[48;2;255;140;87m▀[38;2;255;140;87m[48;2;24;24;24m▀[38;2;20;20;20m[49m▀         ▀▀▀  [0m
  [38;2;20;20;20m▀▀▀▀▀▀   [38;2;24;20;24m[48;2;24;20;24m▀[38;2;198;103;62m[48;2;198;103;62m▀[48;2;24;20;24m▀[38;2;24;20;24m[49m▀[38;2;20;20;20m▀   [38;2;24;20;24m▀[38;2;139;125;107m[48;2;24;20;24m▀[38;2;231;148;103m[48;2;159;107;77m▀[38;2;16;24;24m[48;2;16;24;24m▀[49m               [0m
           [38;2;20;20;20m▀▀        ▀                [0m
