
[38;2;0;0;0m                                                            
[38;2;0;0;0m                            ██                              
[38;2;0;0;0m                      ██  ██[38;2;255;255;255m██[38;2;0;0;0m██                            
[38;2;0;0;0m                    ██[38;2;255;255;255m██[38;2;16;12;16m██[38;2;96;93;96m██[38;2;255;255;255m██[38;2;8;4;8m██[38;2;0;0;0m  ████                      
[38;2;0;0;0m                    ██[38;2;255;255;255m██[38;2;96;93;96m██[38;2;255;255;255m████[38;2;173;171;173m██[38;2;0;0;0m██[38;2;189;189;189m██[38;2;0;0;0m██                      
[38;2;0;0;0m                ████[38;2;107;107;107m██[38;2;255;255;255m████████[38;2;189;189;189m██████[38;2;0;0;0m██  ████                
[38;2;0;0;0m                ██[38;2;255;255;255m██[38;2;107;107;107m██[38;2;255;255;255m██████[38;2;189;189;189m██████[38;2;0;0;0m██  ██[38;2;189;189;189m██[38;2;63;63;63m██[38;2;0;0;0m████            
[38;2;0;0;0m                ██[38;2;255;255;255m████████[38;2;192;192;192m██[38;2;66;66;66m████████[38;2;0;0;0m██[38;2;181;181;181m██[38;2;189;189;189m██████[38;2;0;0;0m██    ██      
[38;2;0;0;0m                  ██[38;2;255;255;255m████[38;2;66;66;66m████[38;2;107;107;107m████████[38;2;121;121;121m██[38;2;60;60;60m██[38;2;66;66;66m██[38;2;189;189;189m██[38;2;0;0;0m██    ██[38;2;107;107;107m██[38;2;0;0;0m██    
[38;2;0;0;0m                ██[38;2;107;107;107m██[38;2;247;255;247m██[38;2;57;61;57m██[38;2;107;110;107m████[38;2;107;107;107m██████████████[38;2;66;66;66m██[38;2;189;189;189m██[38;2;0;0;0m██  ██[38;2;107;107;107m██[38;2;0;0;0m██    
[38;2;0;0;0m              ██[38;2;107;107;107m████[38;2;57;61;57m██[38;2;120;126;120m██[38;2;107;110;107m████[38;2;107;107;107m██[38;2;222;90;38m████████[38;2;107;107;107m██████[38;2;63;63;63m████[38;2;0;0;0m██[38;2;107;107;107m██████[38;2;0;0;0m██  
[38;2;0;0;0m            ██[38;2;115;119;115m██[38;2;127;127;127m██[38;2;107;107;107m██[38;2;107;110;107m████[38;2;107;109;107m██[38;2;214;86;38m██[38;2;222;90;38m██[38;2;96;167;88m██[38;2;107;192;99m████[38;2;107;189;99m██[38;2;222;90;38m██[38;2;206;82;38m██[38;2;129;143;89m██[38;2;110;79;70m██[38;2;66;74;82m██[38;2;107;107;107m████[38;2;197;79;32m████[38;2;0;0;0m██  
[38;2;0;0;0m    ████    ██[38;2;115;119;115m██[38;2;107;107;107m████[38;2;107;110;107m████[38;2;214;86;38m████[38;2;96;167;88m████[38;2;107;192;99m████[38;2;107;189;99m████[38;2;90;173;114m██[38;2;206;82;38m██[38;2;198;90;46m██[38;2;66;74;82m██[38;2;198;82;38m████[38;2;82;156;66m████[38;2;0;0;0m██  
[38;2;0;0;0m    [38;2;0;4;0m██[38;2;198;198;198m██[38;2;0;0;0m████[38;2;107;107;107m██[38;2;127;127;127m██[38;2;107;110;107m████[38;2;107;109;107m██[38;2;206;86;38m██[38;2;214;86;38m██[38;2;255;255;255m██[38;2;120;173;115m██[38;2;57;132;49m██[38;2;107;192;99m████[38;2;107;189;99m████[38;2;99;198;83m██[38;2;88;155;75m██[38;2;90;156;74m██[38;2;85;109;77m██[38;2;82;159;66m██████[38;2;0;0;0m██    
[38;2;0;0;0m    [38;2;0;4;0m██[38;2;99;101;99m██[38;2;189;189;189m██[38;2;63;63;63m██[38;2;107;107;107m██[38;2;127;127;127m██[38;2;107;110;107m████[38;2;107;109;107m██[38;2;206;86;38m██[38;2;214;86;38m████[38;2;247;255;247m██[38;2;120;173;115m██[38;2;74;115;66m██[38;2;107;192;99m██[38;2;107;106;107m██[38;2;107;189;99m██[38;2;88;155;75m██[38;2;66;70;58m██[38;2;79;63;79m██[38;2;90;156;74m██[38;2;0;0;0m██[38;2;82;159;66m████[38;2;0;0;0m██    
[38;2;0;0;0m  ██[38;2;189;189;189m██████[38;2;66;66;66m██[38;2;107;110;107m████████[38;2;222;90;38m██[38;2;255;255;255m██[38;2;0;0;0m██[38;2;222;90;38m██[38;2;255;255;255m██[38;2;107;189;99m██[38;2;80;110;72m██[38;2;107;189;99m██[38;2;120;126;120m██[38;2;57;61;57m██[38;2;66;66;66m██[38;2;255;255;255m████[38;2;16;12;16m██[38;2;0;0;0m  ██[38;2;82;156;66m██[38;2;0;0;0m██    
[38;2;0;0;0m    [38;2;8;4;8m██[38;2;98;96;98m██[38;2;189;189;189m██[38;2;66;66;66m██[38;2;107;110;107m████████[38;2;222;90;38m██[38;2;255;255;255m██[38;2;0;0;0m██[38;2;222;90;38m██[38;2;255;255;255m██[38;2;107;189;99m██[38;2;80;110;72m██[38;2;66;70;58m██[38;2;57;61;57m██[38;2;247;255;247m██[38;2;255;255;255m████[38;2;96;93;96m████[38;2;0;0;0m██  ██      
[38;2;0;0;0m    ██[38;2;189;189;189m████[38;2;68;82;68m██[38;2;71;60;68m██[38;2;93;121;88m██[38;2;118;82;73m██[38;2;222;99;54m██[38;2;107;192;99m██[38;2;74;115;66m██[38;2;255;255;255m████[38;2;77;113;69m██[38;2;99;198;91m██[38;2;66;82;66m██[38;2;255;255;255m████████████████[38;2;0;0;0m██        
[38;2;0;0;0m      ██[38;2;68;82;68m████[38;2;115;181;107m██[38;2;71;60;68m██[38;2;66;74;82m████[38;2;107;192;99m████[38;2;74;90;66m████[38;2;66;70;58m██[38;2;88;155;80m██[38;2;66;82;66m████[38;2;66;66;66m██[38;2;255;255;255m██████[38;2;107;107;107m████[38;2;0;0;0m██          
[38;2;0;0;0m        ██[38;2;107;189;99m██[38;2;107;192;99m████████[38;2;66;66;66m████[38;2;82;156;66m██[38;2;66;66;66m██[38;2;82;156;66m██[38;2;66;66;66m██[38;2;74;115;66m██[38;2;82;157;66m██[38;2;66;66;66m██[38;2;0;0;0m████[38;2;255;255;255m████[38;2;0;0;0m██            
[38;2;0;0;0m        ██[38;2;107;189;99m██[38;2;107;192;99m████████[38;2;107;189;99m████[38;2;66;66;66m██[38;2;82;156;66m██████[38;2;74;115;66m██[38;2;82;157;66m██[38;2;0;0;0m██    ████              
[38;2;0;0;0m        ██[38;2;107;189;99m██████[38;2;107;192;99m████[38;2;107;189;99m██[38;2;82;156;66m██[38;2;82;159;66m████████[38;2;0;0;0m████                        
[38;2;0;0;0m          ████[38;2;107;189;99m██[38;2;107;192;99m████[38;2;82;156;66m████[38;2;82;159;66m██[38;2;0;0;0m██████                            
[38;2;0;0;0m              ████████████                                  
[38;2;0;0;0m                                                            [0m
