
          [38;2;49;49;49m▄▄▄▄        [0m
     [38;2;49;49;49m▄▄[48;2;156;213;74m▀▀▀[38;2;156;213;74m▀▀▀▀[38;2;49;49;49m▀▀[49m▄▄    [0m
  [38;2;49;49;49m▄[48;2;156;213;74m▀▀[38;2;156;213;74m[48;2;106;156;74m▀[48;2;82;82;82m▀▀[48;2;156;213;74m▀▀[48;2;49;49;49m▀[38;2;49;49;49m[49m▀▀[38;2;156;213;74m[48;2;49;49;49m▀[48;2;156;213;74m▀▀[48;2;106;156;74m▀[48;2;49;49;49m▀[38;2;49;49;49m[49m▀   [0m
 [38;2;49;49;49m▀[38;2;156;213;74m[48;2;49;49;49m▀[38;2;106;156;74m[48;2;106;156;74m▀[38;2;82;82;82m[48;2;156;213;74m▀[38;2;139;123;57m[48;2;82;82;82m▀[38;2;205;180;90m[48;2;222;205;106m▀[48;2;255;238;98m▀[38;2;82;82;82m▀▀[38;2;49;49;49m[48;2;205;180;90m▀[49m▄▀[38;2;156;213;74m[48;2;49;49;49m▀▀[38;2;49;49;49m[49m▀▀     [0m
  [38;2;49;49;49m▄[48;2;205;180;90m▀[38;2;156;213;74m[48;2;139;123;57m▀[38;2;82;82;82m[48;2;255;238;98m▀[38;2;255;238;98m▀[48;2;255;255;255m▀[38;2;205;180;90m[48;2;213;49;49m▀[38;2;222;205;106m[48;2;255;255;255m▀[38;2;255;238;98m[48;2;222;205;106m▀[38;2;49;49;49m[48;2;255;238;98m▀[49m▄         [0m
  [38;2;49;49;49m[48;2;49;49;49m▀[38;2;255;238;98m[48;2;255;238;98m▀[48;2;205;180;90m▀[48;2;255;238;98m▀▀[38;2;49;49;49m[48;2;246;106;106m▀[38;2;213;49;49m▀[38;2;255;255;255m[48;2;255;238;98m▀[38;2;255;238;98m▀▀[38;2;49;49;49m[48;2;49;49;49m▀[49m▄        [0m
   [38;2;49;49;49m▀[38;2;255;238;98m[48;2;49;49;49m▀▀[38;2;205;180;90m▀[48;2;255;238;98m▀[38;2;255;238;98m▀▀▀▀[38;2;139;123;57m[48;2;222;205;106m▀[38;2;106;156;74m[48;2;82;82;82m▀[38;2;49;49;49m[48;2;49;49;49m▀[49m▄  ▄[48;2;222;205;106m▀[49m▄ [0m
      [38;2;49;49;49m▄[48;2;49;49;49m▀[38;2;255;238;98m[48;2;255;238;98m▀[48;2;82;82;82m▀[48;2;255;238;98m▀[38;2;82;82;82m[48;2;82;82;82m▀[48;2;106;156;74m▀[48;2;156;213;74m▀[38;2;255;238;98m[48;2;82;82;82m▀[48;2;255;238;98m▀[38;2;49;49;49m▀▀[38;2;205;180;90m[48;2;139;123;57m▀[38;2;222;205;106m[48;2;205;180;90m▀[38;2;49;49;49m[48;2;49;49;49m▀[49m [0m
     [38;2;49;49;49m▀[38;2;106;156;74m[48;2;49;49;49m▀[38;2;205;180;90m[48;2;205;180;90m▀[38;2;82;82;82m[48;2;82;82;82m▀[38;2;106;156;74m[48;2;156;213;74m▀[38;2;82;82;82m[48;2;82;82;82m▀[38;2;255;238;98m[48;2;255;238;98m▀[38;2;82;82;82m▀▀[38;2;205;180;90m▀[38;2;255;238;98m▀▀[48;2;222;205;106m▀[38;2;222;205;106m[48;2;205;180;90m▀[38;2;49;49;49m▀[49m▄ [0m
       [38;2;49;49;49m[48;2;49;49;49m▀[38;2;205;180;90m[48;2;139;123;57m▀[38;2;82;82;82m[48;2;205;180;90m▀[38;2;255;238;98m▀[48;2;255;238;98m▀▀▀[48;2;205;180;90m▀[48;2;255;238;98m▀[38;2;139;123;57m[48;2;205;180;90m▀[38;2;205;180;90m[48;2;139;123;57m▀[48;2;222;205;106m▀▀[38;2;49;49;49m[48;2;49;49;49m▀[49m [0m
      [38;2;49;49;49m▀[38;2;255;255;255m[48;2;49;49;49m▀[38;2;189;189;189m▀[38;2;49;49;49m▀[38;2;205;180;90m▀[38;2;255;238;98m[48;2;205;180;90m▀[48;2;255;238;98m▀[48;2;205;180;90m▀[38;2;139;123;57m[48;2;49;49;49m▀[38;2;49;49;49m[49m▀▀▀[38;2;255;255;255m[48;2;49;49;49m▀[38;2;222;205;106m▀[38;2;49;49;49m[49m▀ [0m
          [38;2;49;49;49m▀[38;2;255;255;255m[48;2;49;49;49m▀▀[38;2;139;123;57m▀[38;2;49;49;49m[49m▀       [0m
                      [0m
