
        [38;2;0;0;0m▄▄▄       [0m
      [38;2;0;0;0m[48;2;239;206;183m▀[38;2;239;206;183m▀[38;2;239;206;186m[48;2;239;206;186m▀▀[38;2;247;206;183m[48;2;115;90;67m▀[38;2;115;90;67m[48;2;159;129;106m▀[38;2;0;0;0m[48;2;0;0;0m▀[49m     [0m
     [38;2;0;0;0m[48;2;0;0;0m▀[38;2;222;189;158m[48;2;225;187;158m▀▀[48;2;222;189;158m▀[48;2;96;98;96m▀[38;2;167;121;92m[48;2;168;123;93m▀▀[38;2;165;123;93m▀[38;2;0;0;0m[48;2;0;0;0m▀[49m    [0m
     [38;2;0;0;0m[48;2;0;0;0m▀[38;2;96;98;96m[48;2;96;98;96m▀[38;2;222;189;158m▀[38;2;96;98;96m[48;2;222;189;158m▀[38;2;222;189;158m▀[38;2;112;93;75m[48;2;112;93;75m▀[38;2;167;121;92m[48;2;167;121;92m▀[38;2;167;123;93m[48;2;167;123;93m▀[38;2;0;0;0m[48;2;222;189;158m▀[49m    [0m
     [38;2;0;0;0m[48;2;0;4;8m▀[38;2;222;189;158m[48;2;222;189;158m▀[38;2;96;98;96m[48;2;96;98;96m▀▀[48;2;222;189;158m▀[38;2;222;189;158m[48;2;225;187;158m▀▀[38;2;159;123;98m[48;2;112;93;75m▀[38;2;231;181;151m▀[38;2;0;0;0m[49m▄   [0m
  [38;2;0;0;0m▄[38;2;111;90;75m▄[38;2;222;189;158m[48;2;222;189;158m▀[38;2;93;99;96m[48;2;93;99;96m▀[38;2;239;206;183m[48;2;96;96;93m▀[38;2;96;96;93m[48;2;239;206;183m▀[48;2;96;96;93m▀[38;2;200;177;155m[48;2;247;214;183m▀[38;2;222;189;158m[48;2;96;98;96m▀[48;2;222;189;158m▀[38;2;225;187;158m[48;2;225;187;158m▀▀[38;2;222;189;158m[48;2;222;189;158m▀[48;2;112;93;75m▀[38;2;0;0;0m[48;2;0;0;0m▀[49m [0m
   [38;2;0;0;0m▀[38;2;167;121;92m[48;2;165;123;93m▀[38;2;90;115;74m[48;2;74;125;70m▀[48;2;0;4;0m▀[48;2;86;125;70m▀[38;2;112;93;72m[48;2;167;123;93m▀[38;2;90;115;74m[48;2;74;135;74m▀[38;2;74;140;74m[48;2;0;0;0m▀[48;2;165;239;133m▀[38;2;143;134;103m[48;2;82;127;74m▀[38;2;167;121;92m[48;2;165;123;93m▀[38;2;165;127;93m[48;2;0;0;0m▀[38;2;0;4;0m[49m▀  [0m
    [38;2;0;0;0m▀[38;2;0;12;8m▀[38;2;173;247;141m▀[48;2;0;0;0m▀[38;2;74;140;74m[48;2;66;66;66m▀[38;2;148;222;132m▀[38;2;165;239;133m▀▀[38;2;126;167;99m[48;2;206;156;142m▀[38;2;0;0;0m[48;2;0;0;0m▀[49m    [0m
 [38;2;0;4;8m▄[38;2;113;93;73m▄[38;2;0;0;0m[48;2;165;123;93m▀[48;2;214;206;158m▀[38;2;225;187;158m[49m▄[38;2;90;71;58m▄[38;2;0;0;0m[48;2;165;130;109m▀[38;2;66;66;66m[48;2;77;71;61m▀[38;2;165;123;93m[48;2;165;123;93m▀[38;2;66;66;66m[48;2;90;70;58m▀[38;2;239;214;183m[48;2;145;118;97m▀[38;2;66;61;58m[48;2;66;66;66m▀[38;2;78;63;54m[48;2;165;123;93m▀[38;2;0;0;0m[48;2;239;82;55m▀[48;2;112;93;72m▀[49m▄ [0m
 [38;2;0;4;8m▀[38;2;113;93;73m[48;2;115;93;75m▀▀[38;2;107;111;67m[48;2;167;121;92m▀[38;2;225;187;158m[48;2;0;0;0m▀[38;2;239;189;159m[49m▀[38;2;16;12;8m[48;2;0;0;0m▀[38;2;231;214;183m[48;2;175;149;130m▀[38;2;206;160;138m[48;2;222;189;158m▀[38;2;255;214;175m[48;2;239;214;183m▀[38;2;200;166;136m[48;2;206;159;139m▀[38;2;115;189;91m[48;2;66;61;58m▀[38;2;113;93;73m[48;2;159;131;87m▀[38;2;112;93;72m[48;2;167;121;92m▀▀[38;2;0;0;0m[49m▀ [0m
  [38;2;0;0;0m▀▀▀ ▄[48;2;165;123;93m▀[38;2;222;173;142m[48;2;156;123;100m▀[38;2;222;189;158m[48;2;165;123;93m▀[38;2;222;173;142m▀[48;2;66;66;66m▀[38;2;225;187;158m[48;2;165;121;98m▀[38;2;74;66;61m[48;2;165;123;93m▀[38;2;0;0;0m[48;2;0;0;0m▀[49m▀  [0m
       [38;2;0;0;0m▀[38;2;78;63;54m▀[38;2;165;123;93m▀[48;2;0;0;0m▀▀[38;2;0;0;8m[49m▀[38;2;0;0;0m▀    [0m
                  [0m
