
     [38;2;0;0;0m▄▄▄▄             [0m
   [38;2;0;0;0m▄[48;2;240;232;72m▀[38;2;240;232;72m▀▀▀▀[38;2;0;0;0m▀[49m▄▄▄         [0m
  [38;2;0;0;0m▄[48;2;240;232;72m▀[38;2;240;232;72m▀▀▀▀▀[48;2;200;192;104m▀[38;2;0;0;0m▀[38;2;64;64;64m[49m▄[38;2;0;0;0m[48;2;96;168;72m▀[48;2;0;0;0m▀[49m        [0m
  [38;2;0;0;0m[48;2;0;0;0m▀[38;2;240;232;72m[48;2;240;232;72m▀▀▀[38;2;0;0;0m▀[38;2;240;232;72m▀[48;2;200;192;104m▀[38;2;200;192;104m▀[48;2;64;64;64m▀[38;2;64;64;64m[48;2;96;168;72m▀[38;2;96;168;72m▀[38;2;0;0;0m[48;2;0;0;0m▀[49m▄[48;2;136;200;120m▀▀[48;2;96;168;72m▀▀[49m▄  [0m
 [38;2;0;0;0m▄[48;2;64;64;64m▀[38;2;240;232;72m▀▀[48;2;200;192;104m▀▀[38;2;200;192;104m▀▀[48;2;0;0;0m▀[38;2;0;0;0m[49m▀▀[38;2;64;64;64m[48;2;0;0;0m▀[38;2;136;200;120m▀[38;2;64;120;64m[48;2;136;200;120m▀▀▀[38;2;136;200;120m[48;2;96;168;72m▀[48;2;0;0;0m▀▀[38;2;0;0;0m[49m▀ [0m
 [38;2;0;0;0m▀[38;2;240;176;176m[48;2;0;0;0m▀[48;2;64;64;64m▀[48;2;208;136;152m▀[38;2;64;64;64m▀[38;2;200;192;104m[48;2;0;0;0m▀[38;2;0;0;0m[49m▀▀▄▄[48;2;0;0;0m▀[49m▄ ▀▀▀▀    [0m
   [38;2;0;0;0m▀▀▀  [48;2;0;0;0m▀[49m▀  [48;2;0;0;0m▀[49m▄        [0m
        [38;2;0;0;0m▀[48;2;0;0;0m▀[49m▀  [48;2;0;0;0m▀[49m▀▄      [0m
                      [0m
