
[38;2;0;0;0m                                      
[38;2;0;0;0m                  ████                
[38;2;0;0;0m                [38;2;0;8;8m██[38;2;126;162;171m██[38;2;198;247;254m██[38;2;0;4;8m██[38;2;0;0;0m              
[38;2;0;0;0m              ██[38;2;189;239;253m████[38;2;132;166;172m██[38;2;0;4;8m██[38;2;0;0;0m              
[38;2;0;0;0m        [38;2;0;4;8m████[38;2;0;0;0m  ██[38;2;189;231;253m████[38;2;142;185;214m██[38;2;189;231;253m██[38;2;0;0;0m██            
[38;2;0;0;0m      ██[38;2;132;166;172m██[38;2;198;247;254m██[38;2;0;0;0m██[38;2;99;140;179m██[38;2;189;231;253m████[38;2;96;140;176m██[38;2;142;185;214m██[38;2;0;0;0m██            
[38;2;0;0;0m      ██[38;2;189;239;253m████[38;2;189;231;253m████[38;2;98;140;178m██[38;2;189;231;253m██[38;2;99;140;179m██[38;2;144;185;216m██[38;2;0;0;0m██    ████    
[38;2;0;0;0m        [38;2;0;8;8m██[38;2;126;162;171m██[38;2;189;231;253m██████[38;2;98;140;178m██[38;2;189;231;253m██[38;2;99;140;179m██[38;2;140;181;212m██[38;2;0;0;0m████[38;2;189;231;253m██[38;2;0;0;0m██    
[38;2;0;0;0m      ██[38;2;57;66;65m██[38;2;181;231;253m██[38;2;140;181;212m██[38;2;189;231;253m████[38;2;98;140;178m██[38;2;189;231;253m██[38;2;98;140;178m██[38;2;140;181;212m██[38;2;66;66;66m██[38;2;189;231;253m████[38;2;0;0;0m██    
[38;2;0;0;0m    ██[38;2;189;231;253m██[38;2;119;148;159m██[38;2;57;66;65m██[38;2;189;231;253m██[38;2;140;181;212m██[38;2;189;231;253m██[38;2;98;140;178m██[38;2;189;231;253m██[38;2;98;140;178m██[38;2;140;181;212m████[38;2;66;66;66m████[38;2;0;0;0m██    
[38;2;0;0;0m  ██[38;2;181;214;253m██[38;2;206;166;142m██[38;2;198;173;118m██[38;2;66;60;45m██[38;2;181;231;253m████[38;2;127;115;171m██[38;2;189;231;253m██████[38;2;99;140;179m██[38;2;144;185;216m██[38;2;140;181;212m██[38;2;98;140;178m██[38;2;0;0;0m██    
[38;2;0;0;0m  ██[38;2;181;214;253m██[38;2;231;119;31m██[38;2;0;4;8m██[38;2;198;173;118m██[38;2;57;61;73m██[38;2;119;146;163m██[38;2;189;231;253m██[38;2;127;115;171m██[38;2;156;90;164m██[38;2;189;231;253m████[38;2;99;140;179m██[38;2;140;181;212m██[38;2;98;140;178m██[38;2;140;181;212m██[38;2;0;0;0m██  
[38;2;0;0;0m  ██[38;2;222;239;238m██[38;2;139;127;119m██[38;2;142;98;166m██[38;2;181;239;253m██[38;2;189;231;253m████[38;2;165;99;95m██[38;2;0;0;48m██[38;2;255;156;23m██[38;2;156;90;164m██[38;2;189;231;253m████[38;2;140;181;212m████[38;2;93;127;155m██[38;2;0;4;8m██[38;2;0;0;0m  
[38;2;0;0;0m    [38;2;57;16;1m██[38;2;222;239;238m██[38;2;181;239;253m██[38;2;162;169;210m██[38;2;140;181;212m████[38;2;165;99;95m██[38;2;247;148;119m██[38;2;255;156;23m██[38;2;156;90;164m██[38;2;189;231;253m████[38;2;140;181;212m████[38;2;140;189;228m██[38;2;0;4;8m██[38;2;0;0;0m  
[38;2;0;0;0m    ██[38;2;189;231;253m██[38;2;66;74;77m██[38;2;198;222;230m██[38;2;189;231;253m██████[38;2;156;90;164m██[38;2;119;123;175m██[38;2;189;231;253m████[38;2;99;140;179m██[38;2;140;181;212m████[38;2;0;0;0m██    
[38;2;0;0;0m      ██[38;2;198;222;230m██[38;2;0;0;0m██[38;2;98;140;178m████[38;2;189;231;253m████[38;2;119;123;175m████[38;2;99;140;179m██[38;2;144;185;216m██[38;2;0;0;0m████      
[38;2;0;0;0m      ████  ██[38;2;255;255;255m██[38;2;99;140;171m████[38;2;206;206;206m████[38;2;0;0;0m████[38;2;206;206;206m██[38;2;0;0;0m██      
[38;2;0;0;0m              ██[38;2;8;0;0m██[38;2;53;70;85m██[38;2;206;206;206m██[38;2;0;0;0m██    ████      
[38;2;0;0;0m                  ████                
[38;2;0;0;0m                                      [0m
