
            [38;2;0;4;0m▄               [0m
    [38;2;0;4;0m▄▄    ▄[48;2;94;96;94m▀[38;2;255;189;207m[48;2;173;130;138m▀[38;2;8;12;0m▀[38;2;0;8;0m[48;2;123;94;99m▀[48;2;247;181;199m▀[38;2;0;4;0m[49m▄           [0m
   [38;2;0;4;0m[48;2;0;4;0m▀[38;2;165;189;189m[48;2;165;189;189m▀▀[38;2;0;4;0m▀[49m▄[48;2;94;96;94m▀▀[38;2;255;181;199m[48;2;96;98;93m▀▀▀[48;2;255;181;199m▀▀[38;2;205;137;145m▀[38;2;0;4;0m▀[49m▄[48;2;255;255;255m▀▀[49m▄       [0m
   [38;2;0;4;0m▀[38;2;165;189;189m[48;2;8;4;0m▀[48;2;86;96;94m▀[38;2;107;86;83m[48;2;255;247;247m▀[48;2;156;140;138m▀[38;2;255;255;255m[48;2;198;94;110m▀▀▀▀[48;2;255;255;255m▀[38;2;96;96;96m▀[38;2;99;94;99m[48;2;255;247;255m▀[38;2;203;196;203m[48;2;99;94;99m▀[38;2;96;96;96m[48;2;255;255;255m▀[38;2;255;255;255m▀▀▀[38;2;0;4;0m[48;2;0;4;0m▀[49m       [0m
    [38;2;16;0;0m[48;2;16;0;0m▀[38;2;255;247;247m[48;2;135;123;123m▀[38;2;206;99;110m[48;2;239;176;191m▀[38;2;239;176;191m[48;2;255;214;231m▀[38;2;255;209;226m[48;2;255;209;226m▀▀[38;2;255;206;223m[48;2;255;179;202m▀[38;2;255;179;202m▀[38;2;197;96;105m[48;2;255;181;199m▀▀[38;2;255;255;255m[48;2;198;94;110m▀[48;2;255;255;255m▀▀▀▀[38;2;0;4;0m[48;2;0;4;0m▀[49m        [0m
   [38;2;0;4;0m[48;2;0;4;0m▀[38;2;209;185;195m[48;2;198;94;110m▀[38;2;198;94;110m[48;2;209;185;195m▀[38;2;247;247;247m[48;2;0;0;0m▀[38;2;82;82;82m[48;2;82;82;82m▀[38;2;255;176;202m[48;2;255;176;202m▀▀[38;2;255;178;202m[48;2;255;178;202m▀[48;2;255;255;255m▀[38;2;255;181;199m[48;2;66;66;66m▀[48;2;255;181;199m▀[38;2;198;94;110m[48;2;236;196;207m▀[38;2;255;247;255m[48;2;198;94;110m▀[38;2;255;255;255m[48;2;255;255;255m▀▀[38;2;0;4;0m▀[49m▄        [0m
    [38;2;0;8;0m[48;2;0;8;0m▀[38;2;255;189;207m[48;2;170;129;138m▀[38;2;168;156;156m[48;2;255;255;255m▀[38;2;82;57;58m▀[38;2;205;135;145m▀▀[38;2;206;181;198m[48;2;206;181;198m▀[38;2;0;4;0m[48;2;69;63;66m▀[38;2;66;66;66m[48;2;255;181;199m▀[38;2;255;181;199m▀▀[38;2;197;96;105m[48;2;197;96;105m▀[38;2;255;255;255m[48;2;255;255;255m▀[38;2;96;96;96m[48;2;96;96;96m▀[38;2;103;78;83m[48;2;206;148;158m▀[38;2;0;8;8m[48;2;0;8;8m▀[49m        [0m
    [38;2;0;0;0m[48;2;0;0;0m▀[38;2;247;255;247m[48;2;82;85;82m▀[38;2;74;78;74m[48;2;255;255;255m▀[48;2;74;78;74m▀[38;2;66;66;66m[48;2;255;255;255m▀[38;2;255;255;255m▀▀[48;2;164;191;188m▀[38;2;205;137;145m[48;2;205;137;145m▀[38;2;255;181;199m[48;2;255;181;199m▀[38;2;255;176;202m[48;2;255;176;202m▀▀[38;2;189;107;109m[48;2;255;181;207m▀[38;2;211;132;142m[48;2;211;132;142m▀[38;2;206;140;150m[48;2;206;140;150m▀[38;2;0;4;0m[48;2;0;4;0m▀[49m        [0m
  [38;2;0;4;0m▄[48;2;94;96;94m▀[38;2;96;99;96m[48;2;96;99;96m▀▀[38;2;66;61;66m[48;2;99;104;107m▀[38;2;165;189;189m[48;2;66;61;66m▀[48;2;198;96;110m▀▀[38;2;197;96;105m[48;2;255;181;199m▀▀[38;2;255;176;202m[48;2;255;176;202m▀▀▀▀[38;2;206;137;147m[48;2;206;137;147m▀▀[38;2;206;140;150m[48;2;69;52;55m▀[38;2;0;8;8m[48;2;0;8;8m▀[49m        [0m
 [38;2;0;4;0m▄[38;2;8;8;0m[48;2;69;71;66m▀[38;2;99;103;99m[48;2;99;103;99m▀[38;2;96;99;96m[48;2;96;99;96m▀▀[38;2;94;99;94m[48;2;94;99;94m▀[38;2;66;66;66m[48;2;66;66;66m▀[38;2;206;140;150m▀▀[38;2;255;181;199m▀▀▀▀[38;2;247;173;199m[48;2;57;66;65m▀[38;2;57;66;65m[48;2;120;102;110m▀[38;2;66;66;66m[48;2;94;99;94m▀▀[38;2;96;99;96m[48;2;96;99;96m▀▀[38;2;0;4;0m[48;2;0;4;0m▀[49m       [0m
 [38;2;0;4;0m[48;2;0;4;0m▀[38;2;82;80;69m[48;2;66;66;66m▀[48;2;82;80;69m▀[38;2;94;99;94m[48;2;66;66;66m▀▀[38;2;66;66;66m[48;2;82;80;69m▀[38;2;82;80;69m▀[38;2;82;82;66m[48;2;94;98;94m▀[38;2;94;98;94m▀[38;2;96;99;96m[48;2;96;99;96m▀▀▀▀▀▀[38;2;94;99;94m[48;2;94;99;94m▀[48;2;66;66;66m▀[38;2;96;99;96m[48;2;96;99;96m▀▀[38;2;94;96;94m[48;2;94;96;94m▀[38;2;0;4;0m▀[49m▄     [0m
  [38;2;0;4;0m▀▀[38;2;77;74;69m[48;2;0;4;0m▀[48;2;77;74;69m▀[38;2;80;79;69m[48;2;80;79;69m▀[48;2;93;97;96m▀[38;2;96;99;96m[48;2;96;99;96m▀▀▀▀▀▀▀▀[38;2;94;99;94m[48;2;94;99;94m▀[38;2;66;66;66m[48;2;66;66;66m▀[38;2;94;98;94m[48;2;82;82;66m▀[48;2;94;98;94m▀[38;2;96;99;96m[48;2;96;99;96m▀▀[38;2;94;96;94m[48;2;94;96;94m▀[38;2;0;4;0m▀▀[49m▄  [0m
    [38;2;0;4;0m[48;2;0;4;0m▀[38;2;82;80;69m[48;2;82;80;69m▀[38;2;80;79;69m[48;2;80;79;69m▀[38;2;93;97;96m[48;2;93;97;96m▀[38;2;96;99;96m[48;2;96;99;96m▀▀▀▀▀▀▀▀▀▀[38;2;66;66;66m[48;2;66;66;66m▀[38;2;82;80;69m[48;2;82;80;69m▀[38;2;96;99;99m[48;2;206;140;150m▀[48;2;96;99;99m▀[38;2;96;99;96m[48;2;96;99;96m▀▀▀▀[38;2;0;4;0m[48;2;0;4;0m▀[49m [0m
    [38;2;0;4;0m▀[38;2;82;80;70m[48;2;0;4;0m▀[38;2;82;80;69m[48;2;82;80;69m▀[38;2;66;66;66m▀[38;2;94;99;94m[48;2;66;66;66m▀▀[38;2;96;99;96m[48;2;96;99;96m▀▀▀▀▀▀▀▀[38;2;206;140;150m[48;2;206;140;150m▀[38;2;69;55;55m[48;2;0;12;8m▀[38;2;0;4;0m[49m▀[38;2;206;140;150m[48;2;0;4;0m▀[38;2;206;148;158m[48;2;0;8;8m▀[38;2;103;78;83m▀[38;2;94;96;94m[48;2;0;4;0m▀[38;2;0;4;0m[49m▀  [0m
     [38;2;0;4;0m[48;2;0;4;0m▀[38;2;82;81;69m[48;2;82;81;69m▀▀▀▀[38;2;66;65;66m[48;2;0;4;0m▀[38;2;0;4;0m[49m▀[38;2;66;67;66m[48;2;0;4;0m▀[38;2;99;99;99m[48;2;99;99;99m▀[38;2;96;99;96m[48;2;96;99;96m▀▀▀▀[38;2;206;140;150m[48;2;0;4;0m▀[38;2;0;4;0m[49m▀        [0m
     [38;2;0;4;0m▀[38;2;63;71;63m[48;2;8;8;0m▀[38;2;173;198;189m▀[38;2;63;71;63m▀[38;2;173;198;189m▀[38;2;0;4;0m[49m▀ [48;2;0;4;0m▀[38;2;86;96;94m[48;2;173;189;189m▀[38;2;96;96;96m[48;2;96;96;96m▀[48;2;255;255;255m▀[38;2;96;99;96m[48;2;96;99;96m▀▀[38;2;0;4;0m[48;2;0;4;0m▀[49m         [0m
             [38;2;0;4;0m▀▀▀▀▀          [0m
