
            [38;2;0;4;0m▄               [0m
     [38;2;0;4;0m▄[48;2;255;255;255m▀[38;2;0;0;0m[49m▄   [38;2;0;4;0m[48;2;0;4;0m▀[38;2;189;148;69m[48;2;255;214;87m▀[38;2;0;4;0m[48;2;173;145;61m▀[49m▄             [0m
    [38;2;0;4;0m[48;2;24;12;0m▀[38;2;255;255;255m[48;2;255;255;247m▀[48;2;193;148;69m▀[38;2;85;85;85m[48;2;247;214;71m▀[38;2;0;4;0m[48;2;85;71;40m▀[38;2;0;0;16m[49m▄ [38;2;0;4;0m▄[38;2;8;8;8m[48;2;247;198;71m▀[38;2;173;145;61m[48;2;192;157;69m▀[38;2;189;148;69m[48;2;181;148;85m▀[38;2;0;4;0m[48;2;0;4;16m▀[49m            [0m
   [38;2;0;4;0m[48;2;0;4;0m▀[38;2;255;255;247m[48;2;255;255;255m▀[38;2;139;133;123m[48;2;189;148;69m▀[38;2;247;214;71m[48;2;244;214;71m▀▀[38;2;255;214;87m▀[38;2;170;143;63m▀[38;2;0;4;0m[48;2;247;206;71m▀[38;2;189;148;69m[48;2;192;162;69m▀[38;2;192;157;69m[48;2;107;66;43m▀[38;2;82;74;66m[48;2;156;84;71m▀[38;2;90;76;50m[48;2;181;74;48m▀▀[38;2;0;4;0m[48;2;181;74;45m▀[49m▄          [0m
   [38;2;0;4;0m[48;2;0;4;0m▀[38;2;255;255;255m[48;2;255;255;255m▀[38;2;189;148;69m▀[38;2;244;214;71m[48;2;193;148;69m▀[48;2;247;214;71m▀[48;2;244;214;71m▀▀[38;2;247;206;71m[48;2;82;79;69m▀[38;2;82;74;66m[48;2;181;74;45m▀[38;2;156;84;71m[48;2;181;74;48m▀[38;2;255;119;127m▀[38;2;181;74;48m▀▀[38;2;181;74;45m[48;2;165;49;45m▀[48;2;140;61;60m▀[38;2;0;4;0m[48;2;94;96;94m▀[49m▄        [0m
    [38;2;0;4;0m[48;2;0;4;0m▀[38;2;255;255;255m[48;2;255;255;255m▀[38;2;193;148;69m▀[38;2;247;214;71m[48;2;189;148;69m▀[38;2;244;214;71m[48;2;247;206;71m▀[48;2;82;78;66m▀[38;2;82;79;69m[48;2;181;74;45m▀[38;2;181;74;45m▀[38;2;181;74;48m▀▀[48;2;132;41;60m▀▀[38;2;140;61;60m[48;2;94;99;94m▀[38;2;90;86;90m▀[38;2;94;96;94m[48;2;96;99;96m▀[38;2;0;4;0m▀[49m▄       [0m
     [38;2;0;4;0m[48;2;0;4;0m▀[38;2;255;255;255m[48;2;88;85;80m▀[48;2;198;198;190m▀[38;2;192;163;69m▀[38;2;82;78;66m[48;2;82;79;69m▀[38;2;131;41;55m[48;2;94;99;94m▀▀[48;2;90;93;90m▀▀[38;2;93;98;96m[48;2;85;85;85m▀▀[38;2;66;66;66m[48;2;99;99;91m▀[38;2;94;99;94m[48;2;66;66;66m▀[38;2;96;99;96m[48;2;94;96;94m▀▀[38;2;0;4;0m[48;2;0;4;0m▀[49m       [0m
    [38;2;0;8;0m▄[38;2;0;4;0m[48;2;82;41;45m▀[38;2;88;85;80m[48;2;74;53;66m▀[48;2;198;132;62m▀[38;2;198;198;190m[48;2;66;66;66m▀▀[38;2;94;99;94m[48;2;82;74;26m▀[38;2;66;66;66m[48;2;255;255;175m▀[38;2;8;12;8m[48;2;255;255;255m▀[38;2;255;255;255m▀[48;2;94;99;94m▀[38;2;85;85;85m▀[38;2;99;99;91m[48;2;94;96;94m▀[38;2;77;77;74m[48;2;0;4;0m▀[38;2;0;4;0m[49m▀▀        [0m
    [38;2;0;8;0m[48;2;0;4;0m▀[38;2;123;57;67m[48;2;127;41;55m▀[38;2;115;79;65m[48;2;132;42;57m▀[38;2;74;53;66m▀[38;2;192;148;69m[48;2;66;66;66m▀[48;2;247;206;71m▀[38;2;197;195;125m[48;2;239;206;79m▀[48;2;118;109;75m▀[38;2;90;90;82m[48;2;66;66;66m▀▀[38;2;66;66;66m[48;2;74;74;66m▀[48;2;8;8;0m▀[38;2;0;4;0m[49m▀▄[48;2;181;74;48m▀▀[48;2;181;74;45m▀▀[48;2;189;70;61m▀[49m▄    [0m
  [38;2;0;4;0m▄  ▀[38;2;132;42;57m[48;2;0;4;0m▀[48;2;119;59;67m▀[38;2;187;159;69m[48;2;189;148;77m▀[38;2;66;66;66m[48;2;66;66;74m▀[38;2;57;61;73m[48;2;93;97;96m▀[48;2;80;79;69m▀[38;2;77;77;74m[48;2;93;97;96m▀[38;2;99;99;91m[48;2;80;79;69m▀[38;2;74;74;66m[48;2;94;99;94m▀[38;2;107;107;99m[48;2;66;66;66m▀[38;2;0;4;0m[48;2;247;214;71m▀[38;2;247;214;71m[48;2;181;74;48m▀[38;2;181;74;48m[48;2;181;74;45m▀▀[38;2;181;74;45m[48;2;132;41;56m▀[38;2;131;41;55m▀[38;2;126;48;41m[48;2;0;4;0m▀[38;2;0;4;0m[49m▀    [0m
 [38;2;0;4;0m[48;2;0;4;0m▀[38;2;198;198;190m[48;2;198;198;190m▀[38;2;0;4;0m[48;2;57;61;57m▀[38;2;8;12;8m[49m▄[38;2;0;4;0m[48;2;74;74;71m▀[38;2;119;59;67m[48;2;94;99;94m▀[48;2;66;66;66m▀[38;2;66;66;74m[48;2;222;222;222m▀[38;2;107;93;75m[48;2;66;66;66m▀[38;2;93;97;96m[48;2;99;99;91m▀[38;2;80;79;69m[48;2;77;77;74m▀[38;2;93;97;96m[48;2;109;115;109m▀[38;2;80;79;69m[48;2;57;61;57m▀[38;2;94;99;94m[48;2;66;66;66m▀[38;2;66;66;66m[48;2;222;222;222m▀[38;2;247;214;71m[48;2;80;69;45m▀[38;2;181;74;48m[48;2;239;206;87m▀[38;2;181;74;45m[48;2;0;4;0m▀[38;2;131;41;55m▀[38;2;66;66;66m[48;2;94;96;94m▀[38;2;132;41;56m[48;2;0;4;0m▀[38;2;0;4;0m[49m▀  ▄  [0m
 [38;2;0;4;0m[48;2;0;4;0m▀[38;2;198;198;190m[48;2;93;99;96m▀[38;2;104;107;101m[48;2;198;198;190m▀[38;2;206;198;198m▀[38;2;74;74;71m[48;2;104;107;101m▀[38;2;66;66;66m[48;2;66;66;66m▀[48;2;132;41;56m▀[48;2;222;222;222m▀[38;2;222;222;222m[48;2;66;66;66m▀[38;2;66;66;66m▀[38;2;99;99;91m▀[38;2;57;61;57m▀[38;2;214;222;214m▀[38;2;222;222;222m▀[38;2;66;66;66m[48;2;222;222;222m▀[38;2;80;69;45m[48;2;0;4;0m▀[38;2;0;0;24m[49m▀  [38;2;0;4;0m▀[38;2;94;96;94m[48;2;0;4;0m▀[38;2;0;4;0m[48;2;85;85;85m▀[38;2;0;0;0m[49m▄[38;2;0;4;0m[48;2;255;255;255m▀[38;2;255;255;255m▀[38;2;0;4;0m[48;2;0;4;0m▀[49m [0m
 [38;2;0;4;0m▀[38;2;93;99;96m[48;2;0;4;0m▀[38;2;198;198;190m[48;2;198;198;190m▀[48;2;74;74;71m▀[38;2;57;61;57m▀[38;2;132;41;56m[48;2;132;42;57m▀▀[38;2;66;66;66m[48;2;132;41;56m▀[38;2;222;222;222m[48;2;66;66;66m▀[38;2;66;66;66m[48;2;71;71;66m▀[48;2;107;103;99m▀[38;2;222;222;222m[48;2;66;66;66m▀▀▀[38;2;66;66;66m[48;2;181;74;48m▀[38;2;181;74;45m[48;2;181;74;45m▀[38;2;0;4;0m▀[49m▄ ▄[48;2;255;255;255m▀[38;2;255;255;255m▀[38;2;85;85;85m[48;2;96;96;96m▀[38;2;255;255;255m[48;2;255;255;255m▀▀[38;2;0;4;0m[48;2;0;4;0m▀[49m [0m
  [38;2;0;4;0m▀[38;2;66;69;63m[48;2;0;4;0m▀[38;2;206;198;198m▀[38;2;8;12;8m[49m▀[38;2;132;42;57m[48;2;0;4;0m▀[48;2;127;41;55m▀[38;2;132;41;56m[48;2;85;63;63m▀[48;2;24;0;0m▀[38;2;0;8;0m[49m▀▀[38;2;66;66;66m[48;2;0;4;0m▀[38;2;132;41;56m[48;2;127;41;55m▀[38;2;181;74;48m[48;2;132;41;56m▀▀[38;2;181;74;45m[48;2;132;42;57m▀[38;2;131;41;55m▀[38;2;0;4;0m[48;2;0;4;0m▀[49m ▀[38;2;255;255;255m[48;2;0;4;0m▀[48;2;255;255;255m▀▀[38;2;200;195;190m▀[38;2;255;255;255m[48;2;0;8;0m▀[38;2;0;4;0m[49m▀ [0m
      [38;2;0;4;0m▄[48;2;99;101;95m▀[38;2;206;189;190m[48;2;198;198;190m▀▀[38;2;0;4;0m[48;2;0;4;0m▀[49m  ▀[38;2;66;66;66m[48;2;8;12;8m▀[38;2;132;41;56m[48;2;90;93;90m▀[38;2;132;42;57m[48;2;255;255;255m▀[48;2;0;4;0m▀[38;2;0;4;0m[49m▀  ▀[38;2;255;255;255m[48;2;0;4;0m▀[38;2;200;195;190m[48;2;255;255;255m▀[38;2;170;173;170m[48;2;0;4;0m▀[38;2;0;8;0m[49m▀  [0m
     [38;2;0;4;0m▀[38;2;99;101;95m[48;2;0;4;0m▀[38;2;198;198;190m▀▀[38;2;0;4;0m[49m▀  ▄[48;2;255;255;255m▀[38;2;255;255;255m[48;2;85;90;85m▀[38;2;90;93;90m[48;2;255;255;255m▀[38;2;255;255;255m▀[48;2;85;90;85m▀[38;2;0;4;0m[48;2;0;4;0m▀[49m    ▀    [0m
             [38;2;0;4;0m▀[38;2;0;8;0m▀▀▀▀          [0m
