
          [38;2;32;32;32m▄▄▄           [0m
       [38;2;32;32;32m▄[48;2;255;255;255m▀▀[38;2;255;255;255m[48;2;41;189;222m▀[48;2;255;255;255m▀[48;2;41;189;222m▀[38;2;32;32;32m[48;2;255;255;255m▀▀[49m▄        [0m
      [38;2;32;32;32m[48;2;32;32;32m▀[38;2;255;255;255m[48;2;255;255;255m▀[38;2;255;123;222m▀[38;2;255;255;255m▀[48;2;255;123;222m▀[48;2;255;255;255m▀[48;2;255;123;222m▀[48;2;255;255;255m▀[38;2;41;189;222m▀[38;2;255;197;230m[48;2;255;123;222m▀[38;2;32;32;32m[48;2;32;32;32m▀[49m       [0m
     [38;2;32;32;32m[48;2;32;32;32m▀[38;2;255;255;255m[48;2;255;255;255m▀[38;2;41;189;222m▀[38;2;255;255;255m▀[48;2;41;189;222m▀[48;2;255;255;255m▀[48;2;41;189;222m▀[48;2;255;255;255m▀[48;2;255;197;230m▀[38;2;255;123;222m[48;2;255;123;222m▀[38;2;41;189;222m[48;2;41;189;222m▀[38;2;255;123;222m[48;2;255;123;222m▀[38;2;32;32;32m[48;2;32;32;32m▀[49m      [0m
     [38;2;32;32;32m[48;2;32;32;32m▀[38;2;255;255;255m[48;2;123;156;156m▀[38;2;255;123;222m[48;2;255;255;255m▀[38;2;255;255;255m▀[48;2;255;123;222m▀[48;2;255;255;255m▀[48;2;255;197;230m▀[48;2;255;123;222m▀[38;2;255;123;222m[48;2;41;189;222m▀[38;2;41;189;222m▀[38;2;246;230;49m[48;2;246;230;49m▀[38;2;41;189;222m[48;2;123;156;156m▀[38;2;32;32;32m[48;2;32;32;32m▀[49m      [0m
    [38;2;32;32;32m▀[38;2;255;255;255m[48;2;32;32;32m▀[38;2;123;156;156m[48;2;255;255;255m▀[38;2;255;255;255m[48;2;123;156;156m▀[48;2;255;255;255m▀[48;2;41;189;222m▀[48;2;255;255;255m▀[48;2;41;189;222m▀[38;2;255;197;230m[48;2;255;255;255m▀[38;2;255;123;222m▀[48;2;255;123;222m▀[38;2;41;189;222m[48;2;123;156;156m▀[38;2;123;156;156m[48;2;255;255;255m▀[38;2;255;255;255m[48;2;32;32;32m▀[38;2;32;32;32m[49m▀     [0m
 [38;2;32;32;32m▄[48;2;189;205;205m▀[49m▄[48;2;49;49;49m▀[38;2;255;255;255m[48;2;98;98;98m▀[48;2;255;255;255m▀[48;2;189;205;205m▀[38;2;123;156;156m[48;2;255;255;255m▀▀[38;2;255;255;255m[48;2;123;156;156m▀▀▀[38;2;123;156;156m[48;2;255;255;255m▀▀[38;2;255;255;255m[48;2;189;205;205m▀[48;2;255;255;255m▀[48;2;32;32;32m▀[38;2;32;32;32m[49m▀     [0m
 [38;2;32;32;32m▀[38;2;189;205;205m[48;2;32;32;32m▀[48;2;123;156;156m▀[38;2;123;156;156m[48;2;189;205;205m▀[38;2;49;49;49m[48;2;172;90;164m▀[38;2;98;98;98m▀[48;2;32;32;32m▀[38;2;255;255;255m[48;2;98;98;98m▀▀[48;2;255;255;255m▀[48;2;189;205;205m▀[48;2;255;255;255m▀[48;2;98;98;98m▀▀[38;2;98;98;98m[48;2;16;148;180m▀[38;2;32;32;32m[48;2;49;49;49m▀[49m▄[48;2;255;255;255m▀[48;2;123;156;156m▀[49m▄[48;2;255;255;255m▀[49m▄ [0m
   [38;2;32;32;32m▀▀▀▀ ▀[38;2;172;90;164m[48;2;32;32;32m▀[38;2;98;98;98m[48;2;255;255;255m▀[48;2;189;205;205m▀[48;2;98;98;98m▀[38;2;16;148;180m[48;2;32;32;32m▀[38;2;32;32;32m[49m▀[38;2;41;189;222m[48;2;32;32;32m▀[38;2;98;98;98m[48;2;41;189;222m▀[38;2;255;255;255m[48;2;255;255;255m▀[38;2;123;156;156m[48;2;123;156;156m▀[38;2;255;255;255m[48;2;255;255;255m▀▀[48;2;32;32;32m▀[38;2;32;32;32m[49m▀ [0m
       [38;2;32;32;32m▄[48;2;189;246;246m▀[48;2;41;189;222m▀[38;2;189;205;205m[48;2;98;98;98m▀▀[38;2;98;98;98m[48;2;41;189;222m▀[38;2;32;32;32m[48;2;246;230;49m▀[49m▄ ▀▀[38;2;255;255;255m[48;2;32;32;32m▀[38;2;123;156;156m▀[38;2;32;32;32m[49m▀   [0m
       [38;2;32;32;32m▀[38;2;41;189;222m[48;2;32;32;32m▀[48;2;98;98;98m▀[38;2;255;123;222m▀[38;2;246;230;49m[48;2;32;32;32m▀[38;2;41;189;222m[48;2;246;230;49m▀[48;2;255;197;230m▀[38;2;246;230;49m[48;2;255;123;222m▀[38;2;32;32;32m[48;2;32;32;32m▀[49m        [0m
       [38;2;32;32;32m[48;2;32;32;32m▀[38;2;189;205;205m▀▀[38;2;32;32;32m[49m▀ ▀[38;2;255;123;222m[48;2;32;32;32m▀[48;2;189;205;205m▀[38;2;189;205;205m[48;2;32;32;32m▀[38;2;32;32;32m[49m▀       [0m
            [38;2;32;32;32m[48;2;32;32;32m▀[38;2;255;255;255m▀▀[38;2;32;32;32m[49m▀        [0m
                        [0m
