
        [38;2;0;0;0m▄▄                          [0m
      [38;2;0;0;0m▄[48;2;66;66;66m▀[38;2;66;66;66m▀[38;2;189;189;197m[48;2;186;192;197m▀[38;2;0;0;0m▀[49m▄ ▄▄                     [0m
      [38;2;0;0;0m[48;2;0;0;0m▀[38;2;66;66;66m[48;2;189;189;197m▀[38;2;255;255;255m▀[48;2;255;255;255m▀[38;2;186;192;197m▀[38;2;189;189;197m[48;2;127;127;131m▀[38;2;0;0;0m[48;2;66;66;66m▀[38;2;198;148;94m▀[48;2;198;148;94m▀[38;2;0;0;0m[48;2;99;80;47m▀[38;2;0;4;0m[49m▄       [38;2;0;0;0m▄▄    ▄▄▄   [0m
       [38;2;0;0;0m▀[38;2;189;189;197m[48;2;0;0;0m▀[38;2;189;193;197m[48;2;144;134;124m▀[38;2;123;132;139m[48;2;206;198;190m▀[38;2;189;189;197m[48;2;189;189;197m▀[38;2;66;66;66m▀[48;2;66;66;66m▀[38;2;198;148;94m▀[38;2;198;156;94m[48;2;198;148;86m▀[38;2;99;80;47m[48;2;110;93;67m▀[38;2;0;0;0m[48;2;99;90;75m▀[38;2;0;4;8m[49m▄ [38;2;0;0;0m▄▄[48;2;103;86;51m▀[48;2;99;86;51m▀[38;2;103;86;51m[48;2;198;149;91m▀[38;2;198;148;94m[48;2;198;148;94m▀[38;2;0;0;0m▀[49m▄▄[48;2;255;255;255m▀[38;2;255;255;255m[48;2;129;129;129m▀[48;2;66;66;66m▀[48;2;123;132;135m▀[38;2;0;0;0m[48;2;255;255;255m▀[49m▄ [0m
        [38;2;0;0;0m▀[38;2;144;134;124m[48;2;0;0;0m▀[38;2;82;70;58m[48;2;123;189;251m▀[38;2;189;189;197m[48;2;66;66;66m▀[38;2;66;66;66m▀[48;2;255;255;255m▀▀[38;2;66;66;58m▀[48;2;99;86;51m▀[38;2;66;61;53m[48;2;99;78;51m▀[48;2;151;137;116m▀[38;2;0;0;0m[48;2;102;86;51m▀[38;2;103;86;51m▀[48;2;99;86;51m▀[48;2;198;149;91m▀[38;2;198;149;91m[48;2;198;148;94m▀[48;2;66;66;66m▀[38;2;66;66;66m▀[38;2;198;148;94m▀[38;2;63;63;66m▀[38;2;189;189;197m[48;2;189;189;197m▀[38;2;255;255;255m[48;2;255;255;255m▀[38;2;66;66;66m[48;2;123;132;139m▀[48;2;66;66;66m▀[48;2;129;129;129m▀[38;2;255;255;255m[48;2;255;255;255m▀[38;2;0;0;0m[48;2;0;0;0m▀[49m [0m
        [38;2;0;0;0m▄[48;2;123;189;251m▀[38;2;123;189;251m[48;2;78;131;186m▀[48;2;123;192;251m▀[38;2;66;66;66m▀▀▀[38;2;255;255;255m[48;2;66;66;66m▀▀[38;2;255;255;247m▀[38;2;99;78;51m[48;2;123;189;251m▀[38;2;66;66;66m[48;2;123;189;243m▀[38;2;102;86;51m[48;2;66;61;58m▀[38;2;198;149;91m[48;2;115;86;43m▀[48;2;162;142;111m▀[38;2;66;66;66m[48;2;66;66;66m▀▀▀[38;2;123;132;135m[48;2;123;132;135m▀[38;2;66;66;66m[48;2;66;66;66m▀[38;2;189;189;197m▀[38;2;189;193;197m[48;2;189;189;197m▀[38;2;255;255;255m▀[48;2;189;181;173m▀[48;2;0;0;0m▀[38;2;0;0;0m[49m▀  [0m
        [38;2;0;0;0m[48;2;0;0;0m▀[38;2;78;131;186m[48;2;123;192;251m▀[38;2;123;189;251m▀[38;2;123;192;251m▀▀▀▀[38;2;107;181;251m▀[38;2;93;143;189m▀[38;2;123;189;251m[48;2;123;189;251m▀[48;2;85;93;101m▀[38;2;85;104;120m[48;2;74;74;58m▀[38;2;66;61;58m▀[38;2;255;255;247m[48;2;255;255;255m▀[38;2;115;86;43m▀[38;2;198;148;94m[48;2;99;86;51m▀[38;2;66;66;66m▀[48;2;66;66;66m▀[38;2;123;132;135m▀[48;2;123;132;135m▀[38;2;66;66;66m▀▀[48;2;66;66;66m▀[38;2;63;60;58m[48;2;69;58;45m▀[38;2;126;121;115m[48;2;137;111;81m▀[38;2;0;0;0m[48;2;0;0;0m▀[49m  [0m
       [38;2;0;0;0m[48;2;0;0;0m▀[38;2;123;189;251m[48;2;123;189;251m▀[38;2;123;192;251m[48;2;123;192;251m▀▀[48;2;123;189;251m▀▀[48;2;123;192;251m▀▀[48;2;167;192;194m▀[48;2;57;66;73m▀[38;2;123;189;251m[48;2;123;189;251m▀▀[48;2;123;192;251m▀[38;2;74;74;58m▀[38;2;255;255;255m[48;2;66;66;66m▀[48;2;255;255;255m▀▀▀[38;2;102;86;51m▀[38;2;66;66;66m[48;2;99;86;51m▀[48;2;66;66;66m▀▀▀[48;2;136;107;76m▀[38;2;137;111;81m[48;2;0;0;0m▀[38;2;0;4;8m[49m▀   [0m
    [38;2;0;0;0m▄[38;2;0;4;8m▄[38;2;0;0;0m[48;2;82;140;202m▀[48;2;66;66;66m▀[38;2;82;126;167m[48;2;123;189;251m▀[38;2;123;192;251m[48;2;123;192;251m▀▀[38;2;57;99;145m[48;2;57;99;145m▀[38;2;123;189;251m[48;2;123;189;251m▀[38;2;123;192;251m[48;2;115;140;171m▀[48;2;24;12;0m▀[38;2;57;66;73m[48;2;231;247;255m▀[38;2;222;255;254m▀[38;2;78;131;186m[48;2;123;189;251m▀[38;2;123;189;251m▀[38;2;123;192;251m▀▀[38;2;66;66;66m[48;2;66;66;66m▀[38;2;255;255;255m[48;2;255;255;255m▀▀▀▀▀[38;2;102;86;51m▀▀[38;2;136;107;76m[48;2;115;94;59m▀[38;2;66;66;66m▀[38;2;0;0;0m[48;2;137;110;73m▀[49m▄   [0m
  [38;2;0;0;0m▄[48;2;79;132;188m▀[38;2;74;132;186m▀[38;2;55;95;137m[48;2;77;132;189m▀[48;2;66;66;66m▀[38;2;66;66;66m[48;2;123;192;251m▀[38;2;123;189;251m▀[38;2;123;192;251m▀▀[38;2;123;189;251m▀[38;2;57;99;145m▀[38;2;54;55;57m▀[38;2;85;97;114m▀[38;2;165;140;101m▀[38;2;209;211;204m▀[38;2;123;189;251m[48;2;165;206;221m▀[38;2;85;93;101m[48;2;99;99;99m▀[38;2;78;131;186m[48;2;206;198;142m▀[38;2;123;189;251m[48;2;101;115;123m▀[38;2;66;66;66m[48;2;255;255;255m▀[38;2;255;255;255m▀[48;2;66;66;66m▀[38;2;66;66;66m[48;2;123;189;251m▀[48;2;123;192;251m▀▀[38;2;255;255;255m[48;2;57;66;73m▀[48;2;222;255;254m▀[48;2;255;255;255m▀[38;2;115;94;59m[48;2;99;86;51m▀[38;2;137;110;73m[48;2;132;109;76m▀[38;2;0;0;0m▀[49m▄  [0m
 [38;2;0;0;0m▄[48;2;82;132;194m▀[38;2;57;99;145m[48;2;93;134;179m▀▀[38;2;77;132;189m[48;2;71;105;146m▀[38;2;66;66;66m[48;2;66;61;66m▀[38;2;123;192;251m[48;2;61;94;125m▀[48;2;123;189;251m▀▀[48;2;57;99;145m▀[48;2;123;189;251m▀▀▀▀[48;2;85;93;101m▀▀[38;2;99;99;99m[48;2;206;198;126m▀[38;2;143;170;180m▀[38;2;206;198;142m[48;2;66;66;66m▀[38;2;49;74;113m▀[38;2;255;255;255m[48;2;239;255;255m▀[38;2;66;66;66m[48;2;49;66;81m▀[38;2;123;189;251m[48;2;123;189;251m▀▀[38;2;123;192;251m▀▀[38;2;167;192;194m▀[38;2;57;66;73m[48;2;66;66;66m▀[38;2;255;255;255m[48;2;255;255;255m▀[48;2;192;192;192m▀[38;2;99;86;51m[48;2;99;86;51m▀[38;2;132;109;76m[48;2;132;109;76m▀[38;2;0;0;0m[48;2;0;0;0m▀[49m  [0m
 [38;2;0;0;0m[48;2;0;0;0m▀[38;2;55;88;129m[48;2;214;214;214m▀[38;2;41;94;161m[48;2;57;99;145m▀[38;2;198;214;214m▀[38;2;74;127;186m[48;2;0;0;0m▀▀[38;2;0;0;0m[49m▀▀[38;2;79;129;180m[48;2;0;0;0m▀[38;2;123;189;251m[48;2;66;66;66m▀[48;2;255;239;183m▀[38;2;85;93;101m▀▀▀[38;2;206;198;126m[48;2;66;66;66m▀▀[38;2;66;66;66m[48;2;255;239;180m▀▀[38;2;255;239;183m[48;2;255;239;183m▀[38;2;66;66;66m▀[38;2;49;66;81m[48;2;57;61;65m▀[38;2;112;129;139m[48;2;96;146;189m▀[38;2;78;131;186m[48;2;123;189;251m▀▀▀[38;2;123;189;251m[48;2;78;131;186m▀[48;2;115;189;251m▀▀[38;2;66;66;66m[48;2;66;66;66m▀[38;2;192;192;192m[48;2;189;189;197m▀[38;2;99;86;51m▀[38;2;132;109;76m[48;2;99;86;51m▀[38;2;0;0;0m[48;2;0;0;0m▀[49m  [0m
  [38;2;0;0;0m▀▀▀     ▀[38;2;66;66;66m[48;2;0;0;0m▀[48;2;247;231;167m▀[48;2;255;239;183m▀▀[38;2;255;239;183m[48;2;255;239;180m▀▀[38;2;255;239;180m[48;2;255;239;183m▀▀[38;2;255;239;183m[48;2;255;247;175m▀[38;2;66;66;66m[48;2;74;70;58m▀[38;2;115;189;251m[48;2;74;132;202m▀[48;2;134;173;220m▀[38;2;78;131;186m[48;2;123;189;251m▀[38;2;123;189;251m[48;2;78;131;186m▀[48;2;115;189;251m▀▀[38;2;96;146;189m[48;2;63;74;89m▀[38;2;57;61;65m[48;2;156;132;76m▀[38;2;189;189;197m[48;2;66;66;66m▀[48;2;189;189;197m▀▀[48;2;0;0;0m▀[38;2;0;0;0m[49m▀  [0m
         [38;2;0;0;0m▄[48;2;74;132;186m▀[38;2;82;77;56m[48;2;77;132;189m▀[38;2;165;154;111m[48;2;66;66;66m▀[38;2;156;137;79m[48;2;255;239;175m▀[38;2;255;239;183m[48;2;134;126;97m▀[38;2;255;239;180m[48;2;156;137;79m▀▀[38;2;255;239;183m▀[38;2;156;137;79m[48;2;255;239;183m▀[38;2;134;129;97m▀[38;2;74;70;58m[48;2;206;198;126m▀[38;2;255;255;255m[48;2;74;66;50m▀[38;2;74;132;202m[48;2;255;255;239m▀[38;2;123;189;251m[48;2;93;143;189m▀[48;2;66;66;66m▀[38;2;96;146;189m▀[38;2;57;61;65m[48;2;123;189;251m▀[38;2;63;74;89m[48;2;123;192;251m▀▀[38;2;66;66;66m[48;2;52;60;68m▀[38;2;189;189;197m[48;2;156;181;204m▀[48;2;0;0;0m▀[38;2;0;0;0m[49m▀   [0m
        [38;2;0;0;0m[48;2;0;0;0m▀[38;2;74;132;186m[48;2;79;132;189m▀▀[38;2;77;132;189m▀▀[38;2;74;70;58m[48;2;63;102;146m▀[38;2;255;239;175m[48;2;57;61;65m▀[38;2;255;239;183m[48;2;49;66;89m▀[48;2;239;239;199m▀[48;2;214;198;126m▀▀[38;2;206;198;126m[48;2;156;136;80m▀▀[38;2;134;129;113m[48;2;135;166;167m▀[38;2;74;66;50m[48;2;74;70;58m▀[38;2;66;66;66m[48;2;123;192;251m▀[38;2;107;181;251m▀[38;2;123;189;251m▀▀[38;2;123;192;251m▀▀[38;2;104;121;136m[48;2;55;95;137m▀[38;2;0;0;0m[48;2;0;4;8m▀[49m     [0m
        [38;2;0;0;0m▀[38;2;79;132;189m[48;2;0;0;0m▀[48;2;74;132;186m▀[48;2;74;127;186m▀[48;2;71;107;146m▀[38;2;63;102;146m[48;2;79;132;189m▀[38;2;66;123;186m▀[38;2;112;124;126m[48;2;82;132;186m▀[38;2;49;66;89m▀[38;2;74;66;58m[48;2;0;0;0m▀[38;2;144;132;92m▀[38;2;206;198;126m▀▀[38;2;74;70;58m▀[38;2;165;214;221m[48;2;55;88;129m▀[38;2;123;192;251m[48;2;123;189;251m▀▀[48;2;123;192;251m▀▀[48;2;123;189;251m▀[48;2;57;99;145m▀[38;2;55;95;137m[48;2;79;132;189m▀[38;2;82;140;202m▀[38;2;0;0;0m[48;2;0;0;0m▀[49m    [0m
         [38;2;0;0;0m▄[48;2;214;214;214m▀[38;2;66;66;66m▀▀[38;2;79;132;189m[48;2;0;0;0m▀▀[38;2;45;66;93m▀[38;2;8;0;0m[49m▀    [38;2;0;0;0m▀[38;2;82;132;194m[48;2;0;0;0m▀[38;2;57;99;145m[48;2;82;132;194m▀[38;2;123;189;251m[48;2;55;89;132m▀[38;2;123;192;251m[48;2;57;99;145m▀▀[38;2;57;99;145m[48;2;79;132;189m▀[38;2;79;129;180m▀[38;2;79;132;189m[48;2;82;132;194m▀[48;2;0;0;0m▀[38;2;0;0;0m[49m▀    [0m
          [38;2;0;0;0m▀▀▀         ▄[38;2;0;4;8m[48;2;247;255;255m▀[38;2;82;132;194m[48;2;82;88;96m▀[38;2;79;132;188m[48;2;57;99;145m▀▀[38;2;79;132;189m[48;2;82;90;112m▀▀[38;2;55;88;129m[48;2;255;255;255m▀[38;2;0;0;0m▀[49m▄    [0m
                       [38;2;0;4;16m▀▀[38;2;255;255;255m[48;2;0;0;0m▀[48;2;255;255;255m▀[38;2;247;255;255m[48;2;0;0;0m▀[38;2;0;8;40m[49m▀[38;2;0;0;0m▀▀     [0m
                          [38;2;0;0;0m▀         [0m
