
      [38;2;49;49;49m▄                    [0m
     [38;2;49;49;49m[48;2;49;49;49m▀[38;2;255;115;82m[48;2;255;115;82m▀[38;2;49;49;49m[48;2;49;49;49m▀[49m      ▄[48;2;255;115;82m▀[48;2;49;49;49m▀[49m          [0m
     [38;2;49;49;49m▀[38;2;255;115;82m[48;2;49;49;49m▀[38;2;49;49;49m[48;2;255;115;82m▀[49m▄▄[48;2;255;255;197m▀▀[48;2;82;82;82m▀[48;2;255;115;82m▀[38;2;255;115;82m[48;2;148;65;65m▀[38;2;49;49;49m[48;2;255;255;197m▀[49m▄          [0m
      [38;2;49;49;49m[48;2;49;49;49m▀[38;2;255;115;82m[48;2;255;115;82m▀[38;2;82;82;82m[48;2;197;82;57m▀[38;2;255;255;197m[48;2;213;197;123m▀[48;2;82;82;82m▀[38;2;82;82;82m[48;2;255;115;82m▀[38;2;255;115;82m▀[38;2;197;82;57m[48;2;148;65;65m▀[38;2;148;65;65m[48;2;213;197;123m▀[38;2;255;255;197m[48;2;255;255;197m▀▀[38;2;49;49;49m▀[49m▄▄       [0m
      [38;2;49;49;49m▀[38;2;197;82;57m[48;2;49;49;49m▀[38;2;255;115;82m[48;2;255;115;82m▀[38;2;82;82;82m▀[38;2;255;115;82m▀[48;2;148;65;65m▀[38;2;148;65;65m[48;2;197;82;57m▀[38;2;213;197;123m▀[38;2;148;65;65m[48;2;255;115;82m▀▀[38;2;255;255;197m[48;2;148;65;65m▀[48;2;255;255;197m▀▀[38;2;213;197;123m▀[38;2;49;49;49m▀[49m▄     [0m
   [38;2;49;49;49m▄▄▄[48;2;197;82;57m▀[48;2;82;82;82m▀[38;2;255;115;82m[48;2;148;65;65m▀[48;2;255;115;82m▀[38;2;197;82;57m[48;2;148;65;65m▀[38;2;148;65;65m[48;2;255;205;65m▀[38;2;82;131;222m[48;2;49;49;49m▀[38;2;255;205;65m[48;2;255;205;65m▀[38;2;255;115;82m[48;2;255;115;82m▀[38;2;148;65;65m[48;2;197;82;57m▀[38;2;213;197;123m[48;2;82;82;82m▀[48;2;213;197;123m▀▀[38;2;255;255;197m▀▀[48;2;255;255;197m▀[38;2;49;49;49m▀[48;2;213;197;123m▀[49m▄  [0m
 [38;2;49;49;49m▄[48;2;197;189;164m▀[38;2;197;189;164m[48;2;156;139;131m▀[48;2;197;189;164m▀[38;2;156;139;131m[48;2;82;82;82m▀[38;2;197;189;164m▀[38;2;156;139;131m[48;2;49;49;49m▀[38;2;49;49;49m[49m▀[38;2;255;115;82m[48;2;49;49;49m▀[48;2;255;115;82m▀[38;2;197;82;57m[48;2;82;82;82m▀[38;2;255;205;65m▀[38;2;82;82;82m[48;2;197;82;57m▀▀[48;2;82;82;82m▀[38;2;213;197;123m[48;2;148;65;65m▀[38;2;148;65;65m[48;2;255;115;82m▀[38;2;156;139;131m[48;2;148;65;65m▀[38;2;213;197;123m▀[48;2;213;197;123m▀[38;2;156;139;131m▀[38;2;255;255;197m[48;2;156;139;131m▀[48;2;255;255;197m▀▀[38;2;49;49;49m[48;2;49;49;49m▀[49m [0m
 [38;2;49;49;49m▀[48;2;49;49;49m▀[38;2;197;189;164m▀[38;2;82;82;82m▀[38;2;156;139;131m▀[38;2;49;49;49m[49m▀   [48;2;49;49;49m▀[38;2;82;82;82m[48;2;213;197;123m▀[38;2;213;197;123m[48;2;148;65;65m▀[38;2;82;82;82m[48;2;255;255;197m▀▀[38;2;213;197;123m▀[38;2;197;82;57m[48;2;213;197;123m▀[38;2;255;115;82m[48;2;148;65;65m▀[48;2;82;82;82m▀[48;2;255;115;82m▀[38;2;82;82;82m[48;2;156;139;131m▀[38;2;213;197;123m[48;2;82;82;82m▀[48;2;213;197;123m▀[38;2;82;82;82m▀[38;2;49;49;49m[48;2;49;49;49m▀[49m  [0m
       [38;2;49;49;49m▄▄[48;2;197;82;57m▀[38;2;213;197;123m[48;2;82;82;82m▀[38;2;148;65;65m[48;2;255;115;82m▀[38;2;255;205;65m[48;2;197;82;57m▀[38;2;148;65;65m[48;2;255;115;82m▀[38;2;255;255;197m[48;2;148;65;65m▀[48;2;255;255;197m▀[48;2;197;82;57m▀[38;2;213;197;123m[48;2;213;197;123m▀[48;2;148;65;65m▀[38;2;82;82;82m[48;2;82;82;82m▀[38;2;197;189;164m[48;2;156;139;131m▀[38;2;156;139;131m[48;2;197;189;164m▀[38;2;82;82;82m▀[38;2;49;49;49m▀[49m▄  [0m
      [38;2;49;49;49m[48;2;49;49;49m▀[38;2;197;82;57m[48;2;197;82;57m▀▀[48;2;148;65;65m▀[48;2;197;82;57m▀[38;2;148;65;65m[48;2;148;65;65m▀[38;2;255;115;82m▀[48;2;49;49;49m▀[48;2;148;65;65m▀[38;2;148;65;65m[48;2;255;115;82m▀[38;2;255;115;82m▀[38;2;148;65;65m▀[38;2;255;115;82m▀[38;2;82;82;82m[48;2;82;82;82m▀[38;2;197;189;164m[48;2;49;49;49m▀[38;2;82;82;82m▀[38;2;197;189;164m[48;2;156;139;131m▀[38;2;82;82;82m[48;2;197;189;164m▀[38;2;49;49;49m[48;2;49;49;49m▀[49m  [0m
       [38;2;49;49;49m▀[38;2;197;82;57m[48;2;49;49;49m▀[38;2;197;156;24m[48;2;197;156;24m▀[38;2;148;65;65m▀[38;2;197;156;24m▀[38;2;49;49;49m▀[49m▄▀[38;2;148;65;65m[48;2;49;49;49m▀[38;2;255;115;82m[48;2;255;115;82m▀[38;2;197;82;57m[48;2;197;82;57m▀[48;2;255;205;65m▀[38;2;255;115;82m[48;2;197;82;57m▀[38;2;49;49;49m[48;2;255;205;65m▀[49m▄▀▀   [0m
        [38;2;49;49;49m▀[38;2;197;156;24m[48;2;49;49;49m▀▀▀[38;2;49;49;49m[49m▀   ▀[38;2;255;205;65m[48;2;49;49;49m▀[48;2;255;205;65m▀▀▀▀[38;2;49;49;49m[48;2;197;156;24m▀[48;2;255;205;65m▀[49m▄  [0m
                [38;2;49;49;49m▀[38;2;255;205;65m[48;2;49;49;49m▀[38;2;197;156;24m[48;2;82;82;82m▀[38;2;255;205;65m[48;2;255;205;65m▀[48;2;49;49;49m▀[48;2;255;205;65m▀[48;2;82;82;82m▀[38;2;49;49;49m[48;2;49;49;49m▀[49m   [0m
                  [38;2;49;49;49m▀▀ ▀▀    [0m
