
[38;2;0;0;0m                                                
[38;2;0;0;0m                  [38;2;49;49;49m████[38;2;0;0;0m                          
[38;2;0;0;0m              [38;2;49;49;49m████[38;2;246;172;189m████[38;2;49;49;49m██[38;2;0;0;0m                        
[38;2;0;0;0m            [38;2;49;49;49m██[38;2;255;197;205m██[38;2;246;172;189m██[38;2;189;98;123m██[38;2;82;82;82m██[38;2;49;49;49m████████[38;2;0;0;0m    [38;2;49;49;49m██████[38;2;0;0;0m        
[38;2;0;0;0m            [38;2;49;49;49m██[38;2;246;172;189m██[38;2;82;82;82m████[38;2;246;172;189m████████[38;2;238;131;156m██[38;2;49;49;49m████[38;2;246;172;189m██████[38;2;49;49;49m██[38;2;0;0;0m      
[38;2;0;0;0m        [38;2;49;49;49m████[38;2;0;0;0m  [38;2;49;49;49m██[38;2;238;131;156m██[38;2;246;172;189m██[38;2;255;197;205m██[38;2;246;172;189m██████████████[38;2;49;49;49m██[38;2;246;172;189m████[38;2;49;49;49m██[38;2;0;0;0m    
[38;2;0;0;0m      [38;2;49;49;49m██[38;2;255;255;255m████[38;2;49;49;49m██[38;2;246;172;189m██[38;2;255;255;255m██[38;2;246;172;189m██████████████[38;2;82;82;82m██[38;2;255;197;205m██[38;2;246;172;189m██[38;2;49;49;49m██[38;2;246;172;189m██[38;2;49;49;49m██[38;2;0;0;0m    
[38;2;0;0;0m      [38;2;49;49;49m██[38;2;255;255;255m██[38;2;82;82;82m██[38;2;189;98;123m██[38;2;246;172;189m██[38;2;49;49;49m██[38;2;246;172;189m████[38;2;255;255;255m██[38;2;246;172;189m██████[38;2;82;82;82m██[38;2;246;172;189m████[38;2;238;131;156m██[38;2;49;49;49m██[38;2;238;131;156m██[38;2;49;49;49m██[38;2;0;0;0m    
[38;2;0;0;0m    [38;2;49;49;49m██[38;2;255;255;255m██[38;2;164;197;189m██[38;2;189;98;123m██[38;2;246;172;189m██████████[38;2;49;49;49m██[38;2;246;172;189m██████[38;2;82;82;82m██[38;2;238;131;156m████[38;2;49;49;49m██████[38;2;0;0;0m      
[38;2;0;0;0m    [38;2;49;49;49m██[38;2;255;255;255m██[38;2;246;172;189m██[38;2;82;82;82m██[38;2;246;172;189m████[38;2;230;74;41m████[38;2;246;172;189m████████████[38;2;49;49;49m████[38;2;238;131;156m██[38;2;49;49;49m██[38;2;0;0;0m        
[38;2;0;0;0m      [38;2;49;49;49m██[38;2;246;172;189m██[38;2;82;82;82m██[38;2;246;172;189m██████[38;2;230;74;41m██[38;2;246;172;189m████████████[38;2;189;98;123m██[38;2;164;197;189m██[38;2;255;255;255m████[38;2;49;49;49m██[38;2;0;0;0m      
[38;2;0;0;0m      [38;2;49;49;49m██[38;2;82;82;82m██[38;2;189;98;123m██[38;2;246;172;189m██[38;2;189;98;123m████[38;2;246;172;189m████████████[38;2;189;98;123m██[38;2;164;197;189m██[38;2;255;255;255m████[38;2;49;49;49m██[38;2;0;0;0m        
[38;2;0;0;0m      [38;2;49;49;49m██[38;2;255;255;255m██[38;2;164;197;189m██[38;2;189;98;123m██[38;2;255;255;255m████[38;2;189;98;123m██[38;2;246;172;189m██████[38;2;189;98;123m██[38;2;82;82;82m██[38;2;246;172;189m██[38;2;255;255;255m████[38;2;164;197;189m████[38;2;49;49;49m██[38;2;0;0;0m      
[38;2;0;0;0m    [38;2;49;49;49m██[38;2;255;255;255m████[38;2;82;82;82m██[38;2;255;255;255m████████[38;2;189;98;123m██[38;2;246;172;189m████[38;2;82;82;82m██[38;2;246;172;189m██[38;2;238;131;156m██[38;2;189;98;123m██[38;2;82;82;82m██████[38;2;49;49;49m██[38;2;0;0;0m      
[38;2;0;0;0m  [38;2;49;49;49m██[38;2;164;197;189m██[38;2;255;255;255m████[38;2;82;82;82m██[38;2;238;131;156m██[38;2;255;255;255m██████[38;2;82;82;82m██[38;2;189;98;123m████[38;2;238;131;156m██[38;2;82;82;82m████[38;2;189;98;123m██[38;2;164;197;189m████[38;2;82;82;82m██[38;2;164;197;189m██[38;2;49;49;49m██[38;2;0;0;0m    
[38;2;0;0;0m  [38;2;49;49;49m██[38;2;164;197;189m██[38;2;82;82;82m██[38;2;255;255;255m██[38;2;82;82;82m██[38;2;238;131;156m████████[38;2;82;82;82m██[38;2;255;255;255m████████[38;2;164;197;189m██████████[38;2;82;82;82m██[38;2;164;197;189m██[38;2;49;49;49m██[38;2;0;0;0m  
[38;2;0;0;0m    [38;2;49;49;49m████[38;2;164;197;189m██[38;2;255;255;255m██[38;2;82;82;82m██[38;2;238;131;156m████[38;2;82;82;82m██[38;2;255;255;255m██████████████[38;2;164;197;189m██[38;2;82;82;82m██[38;2;164;197;189m████[38;2;82;82;82m██[38;2;49;49;49m██[38;2;0;0;0m  
[38;2;0;0;0m        [38;2;49;49;49m██[38;2;164;197;189m██[38;2;255;255;255m██[38;2;82;82;82m████[38;2;255;255;255m██████[38;2;164;197;189m██[38;2;255;255;255m████[38;2;82;82;82m██[38;2;255;255;255m████[38;2;164;197;189m██[38;2;82;82;82m██[38;2;164;197;189m██[38;2;49;49;49m██[38;2;0;0;0m    
[38;2;0;0;0m          [38;2;49;49;49m██[38;2;82;82;82m██[38;2;255;255;255m██████████[38;2;82;82;82m██[38;2;164;197;189m██[38;2;255;255;255m████[38;2;82;82;82m██[38;2;164;197;189m████[38;2;49;49;49m████[38;2;0;0;0m      
[38;2;0;0;0m        [38;2;49;49;49m██[38;2;238;131;156m████[38;2;189;98;123m██[38;2;49;49;49m██[38;2;164;197;189m████████[38;2;82;82;82m██[38;2;164;197;189m██████[38;2;49;49;49m████[38;2;0;0;0m          
[38;2;0;0;0m          [38;2;49;49;49m██████[38;2;0;0;0m  [38;2;49;49;49m████[38;2;82;82;82m████[38;2;189;98;123m██[38;2;82;82;82m████[38;2;49;49;49m██[38;2;0;0;0m              
[38;2;0;0;0m                      [38;2;49;49;49m██[38;2;238;131;156m████[38;2;189;98;123m██[38;2;49;49;49m██[38;2;0;0;0m                
[38;2;0;0;0m                        [38;2;49;49;49m██████[38;2;0;0;0m                  
[38;2;0;0;0m                                                [0m
