
[38;2;0;0;0m                                      
[38;2;0;0;0m        [38;2;49;49;49m████[38;2;0;0;0m                          
[38;2;0;0;0m      [38;2;49;49;49m██[38;2;255;255;255m██[38;2;49;49;49m██[38;2;0;0;0m                          
[38;2;0;0;0m      [38;2;49;49;49m██[38;2;255;255;255m██[38;2;49;49;49m██[38;2;0;0;0m  [38;2;49;49;49m████[38;2;0;0;0m                    
[38;2;0;0;0m    [38;2;49;49;49m██[38;2;255;255;255m████[38;2;49;49;49m████[38;2;189;189;189m██[38;2;49;49;49m██[38;2;0;0;0m                    
[38;2;0;0;0m    [38;2;49;49;49m██[38;2;255;255;255m██████[38;2;106;106;106m██[38;2;189;189;189m████[38;2;49;49;49m████[38;2;0;0;0m                
[38;2;0;0;0m  [38;2;49;49;49m██[38;2;255;255;255m████████[38;2;189;189;189m██[38;2;82;82;82m████[38;2;189;189;189m██[38;2;49;49;49m██[38;2;0;0;0m                
[38;2;0;0;0m  [38;2;49;49;49m██[38;2;255;255;255m██[38;2;82;82;82m██[38;2;255;255;255m██[38;2;82;82;82m████[38;2;32;139;189m██[38;2;82;82;82m████[38;2;49;49;49m██[38;2;0;0;0m                
[38;2;0;0;0m  [38;2;49;49;49m████[38;2;82;82;82m██[38;2;255;255;255m██[38;2;106;106;106m██[38;2;82;82;82m██[38;2;115;172;205m██[38;2;82;82;82m██[38;2;49;49;49m██[38;2;0;0;0m          [38;2;49;49;49m████[38;2;0;0;0m    
[38;2;0;0;0m    [38;2;49;49;49m██[38;2;106;106;106m██[38;2;82;82;82m██[38;2;106;106;106m████[38;2;82;82;82m██[38;2;106;106;106m██[38;2;82;82;82m██[38;2;49;49;49m██[38;2;0;0;0m      [38;2;49;49;49m██[38;2;255;255;255m██[38;2;49;49;49m██[38;2;0;0;0m    
[38;2;0;0;0m    [38;2;49;49;49m██[38;2;106;106;106m██████[38;2;246;246;41m██[38;2;106;106;106m██████[38;2;49;49;49m██[38;2;0;0;0m  [38;2;49;49;49m████[38;2;255;255;255m████[38;2;49;49;49m████[38;2;0;0;0m  
[38;2;0;0;0m  [38;2;49;49;49m██[38;2;106;106;106m████████[38;2;115;172;205m██[38;2;246;246;41m██[38;2;106;106;106m████[38;2;49;49;49m████[38;2;189;189;189m██[38;2;106;106;106m██[38;2;82;82;82m██[38;2;255;255;255m████[38;2;49;49;49m██[38;2;0;0;0m  
[38;2;0;0;0m  [38;2;49;49;49m██[38;2;82;82;82m████[38;2;106;106;106m████[38;2;49;49;49m██[38;2;246;246;41m██[38;2;106;106;106m██[38;2;189;189;189m████[38;2;106;106;106m██[38;2;189;189;189m████[38;2;106;106;106m██[38;2;82;82;82m██[38;2;189;189;189m██[38;2;49;49;49m██[38;2;0;0;0m  
[38;2;0;0;0m  [38;2;49;49;49m██[38;2;82;82;82m████[38;2;106;106;106m████[38;2;205;164;41m██[38;2;106;106;106m██████[38;2;189;189;189m██[38;2;106;106;106m████[38;2;189;189;189m██[38;2;106;106;106m████[38;2;49;49;49m██[38;2;0;0;0m    
[38;2;0;0;0m    [38;2;49;49;49m██████[38;2;82;82;82m██[38;2;106;106;106m██████████████████[38;2;189;189;189m██[38;2;49;49;49m██[38;2;0;0;0m    
[38;2;0;0;0m        [38;2;49;49;49m██[38;2;106;106;106m██████[38;2;189;189;189m██[38;2;255;255;255m██[38;2;106;106;106m████████[38;2;189;189;189m████[38;2;49;49;49m██[38;2;0;0;0m    
[38;2;0;0;0m        [38;2;49;49;49m██[38;2;189;189;189m██[38;2;255;255;255m██████[38;2;106;106;106m██████[38;2;82;82;82m██[38;2;49;49;49m██[38;2;106;106;106m████[38;2;49;49;49m██[38;2;0;0;0m    
[38;2;0;0;0m        [38;2;49;49;49m██[38;2;82;82;82m██[38;2;189;189;189m████[38;2;106;106;106m████████[38;2;49;49;49m██[38;2;0;0;0m  [38;2;49;49;49m██[38;2;189;189;189m██[38;2;49;49;49m██[38;2;0;0;0m    
[38;2;0;0;0m          [38;2;49;49;49m██[38;2;82;82;82m██[38;2;49;49;49m████[38;2;106;106;106m████[38;2;49;49;49m██[38;2;0;0;0m    [38;2;49;49;49m██[38;2;106;106;106m██[38;2;49;49;49m██[38;2;0;0;0m    
[38;2;0;0;0m          [38;2;49;49;49m██[38;2;189;189;189m██[38;2;49;49;49m██[38;2;0;0;0m  [38;2;49;49;49m██[38;2;106;106;106m██[38;2;49;49;49m██[38;2;0;0;0m    [38;2;49;49;49m████[38;2;0;0;0m      
[38;2;0;0;0m          [38;2;49;49;49m██[38;2;106;106;106m██[38;2;49;49;49m██[38;2;0;0;0m  [38;2;49;49;49m██[38;2;189;189;189m██[38;2;49;49;49m██[38;2;0;0;0m              
[38;2;0;0;0m          [38;2;49;49;49m████[38;2;0;0;0m    [38;2;49;49;49m██[38;2;106;106;106m██[38;2;49;49;49m██[38;2;0;0;0m              
[38;2;0;0;0m                  [38;2;49;49;49m████[38;2;0;0;0m                
[38;2;0;0;0m                                      [0m
