
[38;2;0;0;0m                                                    
[38;2;0;0;0m                          [38;2;0;0;8m████[38;2;0;0;0m                      
[38;2;0;0;0m                        ██[38;2;123;148;227m██[38;2;82;99;154m██[38;2;0;0;0m██                    
[38;2;0;0;0m                  ████  ██[38;2;123;148;211m██[38;2;90;107;178m██[38;2;0;0;0m██                    
[38;2;0;0;0m                ██[38;2;255;107;71m████[38;2;0;0;0m██[38;2;123;148;211m████[38;2;90;107;178m████[38;2;0;0;0m██                  
[38;2;0;0;0m          ████  ██[38;2;255;107;71m██[38;2;82;99;162m██[38;2;66;66;66m██[38;2;123;148;211m██[38;2;90;110;178m████[38;2;148;90;95m██[38;2;0;16;32m██[38;2;0;0;0m██                
[38;2;0;0;0m        ██[38;2;255;107;71m████[38;2;0;0;0m██[38;2;57;74;129m██[38;2;82;99;162m████[38;2;66;66;66m██[38;2;123;148;211m██[38;2;90;110;178m████[38;2;74;53;63m██[38;2;222;127;126m██[38;2;255;107;71m██[38;2;0;0;0m██              
[38;2;0;0;0m        ██[38;2;170;66;47m██[38;2;255;99;71m██[38;2;165;49;45m██[38;2;90;123;194m██[38;2;123;148;211m██[38;2;66;66;66m██[38;2;123;148;211m████[38;2;90;107;178m██[38;2;66;66;66m██[38;2;115;132;203m██[38;2;255;107;71m██[38;2;99;69;99m██[38;2;16;0;0m██[38;2;0;0;0m              
[38;2;0;0;0m          ██[38;2;170;66;47m██[38;2;115;98;144m██[38;2;90;123;194m██[38;2;123;148;211m██[38;2;66;66;66m██[38;2;123;148;211m██[38;2;90;107;178m████[38;2;66;66;66m██[38;2;115;132;203m████[38;2;140;103;148m██[38;2;16;0;0m██[38;2;0;0;0m              
[38;2;0;0;0m      ████[38;2;68;82;129m████[38;2;123;148;211m████[38;2;115;111;94m██[38;2;58;58;63m██[38;2;90;110;178m████[38;2;66;66;66m██[38;2;123;148;211m████████[38;2;90;107;178m██[38;2;0;0;0m██████        
[38;2;0;0;0m    ██[38;2;123;148;211m████[38;2;57;61;73m██[38;2;79;102;186m██[38;2;123;148;211m████[38;2;173;165;125m██[38;2;0;4;32m██[38;2;90;110;178m████[38;2;66;66;66m██[38;2;123;148;211m████[38;2;90;107;178m██[38;2;123;148;211m██[38;2;90;107;178m██[38;2;170;69;47m██[38;2;255;103;71m██[38;2;255;107;71m██[38;2;0;0;0m██      
[38;2;0;0;0m  ██[38;2;123;148;211m██████[38;2;66;66;66m██[38;2;57;76;129m██[38;2;57;74;129m██[38;2;90;107;178m██[38;2;170;165;63m██[38;2;0;0;48m██[38;2;90;107;178m██[38;2;0;0;0m██[38;2;247;247;47m██[38;2;107;127;195m██[38;2;123;148;211m██[38;2;90;107;178m████[38;2;123;148;211m██[38;2;184;75;72m██[38;2;247;82;47m██[38;2;181;57;53m██[38;2;0;0;0m██      
[38;2;0;0;0m  ██[38;2;123;148;211m████[38;2;90;107;178m██[38;2;57;76;129m██[38;2;66;66;66m██[38;2;57;74;129m████[38;2;85;82;56m██[38;2;255;247;71m██[38;2;90;107;178m██[38;2;0;0;0m██[38;2;247;247;47m██[38;2;107;127;195m██[38;2;123;148;211m████████[38;2;57;61;121m██[38;2;184;75;72m██[38;2;0;0;0m██        
[38;2;0;0;0m  ██[38;2;57;74;129m██[38;2;90;107;178m██[38;2;57;74;129m██[38;2;66;78;122m██[38;2;47;53;81m██[38;2;57;74;129m██[38;2;255;107;71m██[38;2;57;75;129m████[38;2;57;74;105m██[38;2;247;247;47m██[38;2;57;75;129m████[38;2;90;111;170m██[38;2;123;148;211m████[38;2;90;111;170m██[38;2;76;87;122m██[38;2;57;61;73m██[38;2;0;0;0m████      
[38;2;0;0;0m    ██[38;2;57;74;129m████[38;2;66;78;122m██[38;2;8;4;0m██[38;2;255;107;71m████[38;2;57;75;129m████[38;2;57;74;105m████[38;2;57;75;129m████[38;2;57;74;129m████████[38;2;57;61;73m██[38;2;115;140;219m██[38;2;123;148;211m████[38;2;0;0;0m██    
[38;2;0;0;0m    ██[38;2;255;99;71m██[38;2;170;66;47m██[38;2;0;0;0m████[38;2;170;69;47m██[38;2;255;103;71m██[38;2;0;0;0m████[38;2;255;99;63m██[38;2;57;66;121m██[38;2;85;48;61m██[38;2;255;111;87m██[38;2;82;56;77m████[38;2;57;74;129m████[38;2;66;66;66m██[38;2;123;148;211m██████[38;2;90;107;178m██[38;2;0;0;0m██  
[38;2;0;0;0m      ██[38;2;170;66;47m██[38;2;0;0;0m██  ████  ██[38;2;255;99;63m██[38;2;189;88;82m██[38;2;0;16;48m██[38;2;255;111;87m██[38;2;247;119;103m██[38;2;0;24;64m██[38;2;0;0;0m████[38;2;123;148;211m████████[38;2;90;107;178m██[38;2;0;0;0m██  
[38;2;0;0;0m        ████          ██████[38;2;255;107;71m██[38;2;181;57;53m██[38;2;0;0;0m██  ██[38;2;107;127;195m████[38;2;90;107;178m██[38;2;57;74;129m████[38;2;0;0;0m██  
[38;2;0;0;0m                            ████      ██[38;2;71;85;130m██[38;2;57;74;129m████[38;2;0;0;0m██    
[38;2;0;0;0m                                      ██[38;2;57;74;129m██[38;2;255;107;71m██[38;2;170;71;47m██[38;2;0;0;0m██    
[38;2;0;0;0m                                        ██[38;2;255;107;71m██[38;2;0;0;0m██      
[38;2;0;0;0m                                        ████        
[38;2;0;0;0m                                                    [0m
