
           [38;2;0;0;0m▄                          [0m
        [38;2;0;0;0m▄[48;2;176;154;53m▀▀[38;2;181;148;53m[48;2;170;148;66m▀[38;2;0;0;0m[48;2;0;0;8m▀[49m ▄▄[48;2;247;214;87m▀▀[49m▄                   [0m
     [38;2;8;4;0m▄▄[38;2;0;0;0m[48;2;247;214;87m▀[38;2;181;148;53m▀[38;2;176;154;53m[48;2;247;214;84m▀[38;2;66;66;66m▀[38;2;85;74;37m[48;2;177;152;53m▀[38;2;0;0;8m[48;2;247;214;87m▀[38;2;0;0;0m[48;2;247;214;84m▀[38;2;247;214;87m▀[48;2;239;214;87m▀[48;2;57;66;73m▀[38;2;0;0;0m[48;2;0;0;0m▀[49m                    [0m
    [38;2;0;0;0m[48;2;0;0;0m▀[38;2;173;171;143m[48;2;255;255;255m▀[38;2;255;255;215m▀[38;2;255;255;255m[48;2;230;214;89m▀[38;2;247;214;87m[48;2;255;247;111m▀[38;2;247;214;84m[48;2;255;247;119m▀▀[38;2;247;214;87m[48;2;247;217;84m▀▀[38;2;247;214;84m[48;2;160;156;80m▀[48;2;66;66;58m▀[38;2;57;66;73m[48;2;239;239;135m▀[38;2;118;115;78m[48;2;119;119;79m▀[38;2;0;0;0m[48;2;0;0;0m▀[49m                    [0m
   [38;2;0;0;0m[48;2;0;0;0m▀[38;2;255;255;255m[48;2;214;214;206m▀[48;2;255;255;255m▀[38;2;247;214;87m[48;2;247;214;87m▀[38;2;255;247;111m[48;2;140;132;76m▀[38;2;181;148;45m[48;2;255;255;255m▀[38;2;178;154;53m▀[38;2;255;247;119m[48;2;181;148;53m▀[48;2;255;247;119m▀[38;2;247;217;84m[48;2;247;217;84m▀[38;2;66;66;58m[48;2;247;214;87m▀[38;2;255;247;103m[48;2;93;115;98m▀[38;2;119;119;79m[48;2;99;111;83m▀[38;2;0;0;24m[48;2;173;162;81m▀[38;2;0;0;0m[49m▄                    [0m
  [38;2;0;0;0m▄[48;2;255;255;255m▀[38;2;214;214;206m▀[38;2;255;255;255m▀▀[48;2;0;4;0m▀[38;2;140;132;76m[48;2;99;105;99m▀[38;2;255;255;255m[48;2;255;255;239m▀[38;2;181;148;53m[48;2;181;156;45m▀[38;2;255;247;119m[48;2;255;244;116m▀[38;2;247;217;84m[48;2;255;255;255m▀[38;2;247;214;87m[48;2;247;214;84m▀▀[38;2;247;214;79m[48;2;247;214;87m▀[48;2;177;152;53m▀[38;2;247;214;87m[48;2;0;0;0m▀[38;2;0;0;0m[49m▀      ▄            [0m
 [38;2;0;0;0m[48;2;0;0;0m▀[38;2;255;255;255m[48;2;94;115;98m▀[48;2;96;115;96m▀▀[48;2;255;255;255m▀▀[38;2;148;156;148m▀[38;2;99;105;99m▀[38;2;181;156;45m▀[38;2;218;205;142m▀[38;2;255;255;255m[48;2;247;247;255m▀[48;2;239;206;87m▀[38;2;247;214;84m[48;2;247;214;84m▀▀[38;2;247;214;87m▀▀[38;2;0;0;0m[48;2;247;214;87m▀[49m▄▄  ▄▄[48;2;255;239;103m▀[38;2;255;247;119m[48;2;177;152;53m▀[38;2;0;0;0m▀[48;2;247;231;103m▀[38;2;0;0;16m[49m▄         [0m
  [38;2;0;0;0m▀[38;2;96;115;96m[48;2;0;0;0m▀[38;2;255;255;255m[48;2;255;255;255m▀▀▀[48;2;0;0;0m▀▀▀[38;2;214;214;206m[48;2;214;214;206m▀[38;2;244;233;199m▀[38;2;247;247;255m[48;2;255;255;255m▀[38;2;247;214;84m▀▀[48;2;247;214;84m▀▀[38;2;247;214;87m▀▀▀[38;2;0;0;0m▀▀[38;2;247;214;87m▀[38;2;170;159;69m[48;2;247;214;87m▀▀[38;2;247;214;87m[48;2;239;214;87m▀[48;2;57;66;73m▀[38;2;247;231;103m[48;2;66;66;66m▀[38;2;82;77;45m[48;2;94;115;98m▀[38;2;0;0;0m[48;2;99;115;99m▀▀[49m▄      [0m
    [38;2;0;0;0m▀▀▀   [48;2;0;0;0m▀[38;2;214;214;206m[48;2;231;231;223m▀[38;2;255;255;255m▀[48;2;239;247;255m▀[38;2;247;214;87m[48;2;247;214;87m▀[38;2;247;214;84m▀▀[48;2;66;66;66m▀▀[48;2;57;66;73m▀[48;2;239;214;87m▀▀[48;2;57;66;73m▀[38;2;247;214;87m[48;2;66;66;66m▀[38;2;66;66;66m[48;2;94;115;98m▀[38;2;57;66;73m[48;2;93;118;98m▀[38;2;118;115;78m▀[38;2;94;115;98m[48;2;93;115;98m▀[48;2;71;91;74m▀[38;2;66;77;66m[48;2;99;115;99m▀[38;2;0;0;0m▀[49m▄      [0m
           [38;2;0;0;0m[48;2;0;0;8m▀[38;2;231;231;223m[48;2;170;148;66m▀[38;2;242;236;199m[48;2;214;214;206m▀[38;2;247;214;87m[48;2;181;148;53m▀[48;2;66;66;66m▀[38;2;66;66;66m[48;2;94;115;98m▀[38;2;94;115;98m[48;2;93;118;98m▀▀[38;2;118;115;78m[48;2;94;115;98m▀[38;2;57;66;73m▀▀[38;2;118;115;78m▀[38;2;94;115;98m[48;2;66;79;66m▀[48;2;99;119;99m▀[38;2;93;118;98m[48;2;93;118;98m▀▀[38;2;93;115;98m[48;2;99;115;99m▀[48;2;66;77;66m▀[38;2;66;77;66m[48;2;0;0;0m▀[38;2;0;0;0m[48;2;181;148;53m▀[49m▄      [0m
           [38;2;0;0;8m▀[38;2;85;74;37m[48;2;0;0;0m▀[38;2;181;148;53m[48;2;66;74;66m▀[48;2;181;148;53m▀[38;2;66;66;66m[48;2;66;70;66m▀[38;2;94;115;98m[48;2;90;119;98m▀[38;2;93;118;98m[48;2;93;118;98m▀▀[38;2;94;115;98m[48;2;94;115;98m▀[38;2;66;66;66m[48;2;0;0;0m▀[38;2;94;115;98m▀[38;2;66;66;66m[48;2;70;90;74m▀[38;2;66;79;66m▀[38;2;0;0;0m[48;2;0;0;0m▀[38;2;93;118;98m[48;2;94;115;98m▀▀[38;2;99;115;99m▀[38;2;0;0;0m[48;2;0;0;0m▀[49m ▀[38;2;181;148;53m[48;2;0;0;0m▀[38;2;0;0;0m[48;2;181;148;53m▀▀[49m▄▄  [0m
            [38;2;0;0;0m[48;2;0;0;0m▀[38;2;66;74;66m[48;2;181;148;53m▀▀[38;2;66;70;66m[48;2;0;0;0m▀[38;2;74;86;77m[48;2;66;66;66m▀[38;2;93;118;98m[48;2;93;115;98m▀▀[38;2;0;0;0m[48;2;0;0;0m▀[49m  [48;2;0;0;0m▀[38;2;70;90;74m[48;2;85;82;37m▀[48;2;0;4;8m▀[38;2;0;0;0m[49m▀[38;2;94;115;98m[48;2;0;0;0m▀[48;2;99;119;99m▀▀[38;2;0;0;0m[48;2;0;0;0m▀[49m  ▀▀[38;2;181;148;53m[48;2;0;0;0m▀▀[38;2;0;0;0m[49m▀ [0m
            [38;2;0;0;0m[48;2;0;0;0m▀[38;2;148;148;148m[48;2;148;148;148m▀[48;2;0;0;0m▀[38;2;0;0;0m[49m▀[38;2;66;66;66m[48;2;0;0;0m▀[38;2;247;214;87m[48;2;173;171;143m▀[48;2;8;4;0m▀[38;2;0;0;0m[49m▀ ▄[48;2;181;148;53m▀[38;2;170;161;66m▀[38;2;0;4;8m[48;2;0;0;0m▀[49m  [38;2;0;4;0m[48;2;8;4;0m▀[38;2;66;81;66m[48;2;255;222;79m▀[38;2;0;0;0m[48;2;0;0;0m▀[49m        [0m
          [38;2;0;0;0m▄[48;2;148;148;148m▀[38;2;148;148;148m▀[48;2;0;0;0m▀[38;2;0;0;0m[49m▀[38;2;8;8;8m▄[38;2;0;0;0m[48;2;255;255;255m▀[38;2;255;255;215m▀[38;2;8;4;0m[48;2;0;0;0m▀[49m   [38;2;0;0;0m▀▀  ▀[38;2;173;149;53m[48;2;0;0;0m▀▀[38;2;0;0;0m[49m▀        [0m
           [38;2;0;0;0m▀▀ ▀[38;2;255;255;255m[48;2;0;0;0m▀[38;2;131;131;131m▀[38;2;255;255;255m▀[38;2;0;0;0m[49m▀                   [0m
                                      [0m
