
[38;2;0;0;0m                            
[38;2;0;0;0m            ████            
[38;2;0;0;0m          ██[38;2;107;198;115m██[38;2;90;189;106m██[38;2;0;0;0m██          
[38;2;0;0;0m        ██[38;2;107;198;115m████[38;2;90;189;106m████[38;2;0;0;0m██        
[38;2;0;0;0m    ████[38;2;60;82;60m██[38;2;82;141;87m██[38;2;90;181;98m██[38;2;107;198;115m██[38;2;74;133;77m██[38;2;0;0;0m██        
[38;2;0;0;0m  ██[38;2;66;66;66m██[38;2;90;123;90m██[38;2;60;82;60m██[38;2;66;61;66m██[38;2;82;141;87m██[38;2;74;133;77m██[38;2;8;4;0m██[38;2;0;0;0m          
[38;2;0;0;0m  ██[38;2;90;127;90m██[38;2;82;143;82m████[38;2;66;63;50m████[38;2;0;0;0m██  ████      
[38;2;0;0;0m  ██[38;2;60;85;60m██[38;2;82;143;82m██[38;2;0;0;0m██[38;2;0;8;24m██[38;2;198;173;102m██[38;2;148;115;76m██[38;2;0;0;0m██[38;2;90;189;106m████[38;2;0;0;0m██    
[38;2;0;0;0m    ████  ██[38;2;214;181;78m██[38;2;66;66;66m██[38;2;90;189;98m██[38;2;132;206;140m██[38;2;91;189;107m██[38;2;99;198;115m██[38;2;0;0;0m██  
[38;2;0;0;0m        ██[38;2;214;181;78m████[38;2;66;66;66m██[38;2;82;148;87m██[38;2;91;189;107m████[38;2;66;132;77m██[38;2;0;0;0m██  
[38;2;0;0;0m      ██[38;2;198;165;94m██[38;2;255;214;55m██[38;2;198;165;94m████[38;2;66;66;66m██[38;2;82;143;82m████[38;2;0;0;0m██    
[38;2;0;0;0m    ██[38;2;198;165;94m████[38;2;255;214;55m██[38;2;198;165;94m██████[38;2;0;0;0m████      
[38;2;0;0;0m    ██[38;2;198;165;94m████████████[38;2;0;0;0m██        
[38;2;0;0;0m  ██[38;2;198;165;94m████████[38;2;255;214;55m██[38;2;231;189;71m██[38;2;198;165;94m████[38;2;0;0;0m██      
[38;2;0;0;0m  ██[38;2;137;104;73m██[38;2;198;165;94m████[38;2;214;181;78m██[38;2;0;0;0m██[38;2;239;206;71m██[38;2;200;167;72m██[38;2;198;165;94m██[38;2;123;90;67m██[38;2;0;0;0m██    
[38;2;0;0;0m  ██[38;2;137;104;73m██[38;2;0;0;0m████[38;2;214;181;78m████[38;2;239;206;71m██[38;2;123;90;75m██[38;2;123;90;67m██[38;2;148;115;76m██[38;2;0;0;0m██    
[38;2;0;0;0m    ██[38;2;148;115;76m████[38;2;8;4;8m██[38;2;107;81;59m██[38;2;123;90;67m██[38;2;148;115;76m████[38;2;0;0;0m██      
[38;2;0;0;0m    ██[38;2;66;66;66m██[38;2;148;115;76m██[38;2;156;119;84m████[38;2;148;115;76m████[38;2;0;0;0m██        
[38;2;0;0;0m      ████[38;2;66;66;66m██████[38;2;198;165;94m████[38;2;0;0;0m██      
[38;2;0;0;0m          ████[38;2;198;165;94m████[38;2;0;0;0m██        
[38;2;0;0;0m              ████          
[38;2;0;0;0m                            [0m
