
       [38;2;0;4;0m▄▄                                  [0m
      [38;2;0;4;0m[48;2;0;4;0m▀[38;2;181;74;45m[48;2;181;74;45m▀[38;2;66;65;66m[48;2;66;66;66m▀[38;2;0;4;0m[48;2;181;74;48m▀[49m▄                                [0m
      [38;2;0;4;0m[48;2;0;4;0m▀[38;2;181;74;45m[48;2;181;74;45m▀[38;2;181;74;48m[48;2;181;74;48m▀[38;2;66;66;66m[48;2;66;66;66m▀[38;2;181;74;45m[48;2;181;74;48m▀[38;2;0;4;0m[48;2;66;66;66m▀[48;2;181;78;53m▀[38;2;0;16;16m[49m▄                    [38;2;0;4;0m▄▄[38;2;0;16;40m▄[38;2;0;4;0m[48;2;181;78;69m▀[48;2;181;74;45m▀[48;2;71;79;127m▀[48;2;77;89;141m▀[49m▄ [0m
      [38;2;0;4;0m▀[38;2;181;74;45m[48;2;0;4;0m▀[38;2;181;74;48m[48;2;181;74;48m▀[38;2;66;66;66m▀[38;2;181;74;48m▀[38;2;66;66;66m[48;2;66;66;66m▀[38;2;181;78;53m[48;2;181;74;48m▀[38;2;90;47;34m[48;2;66;66;66m▀[38;2;0;4;0m[48;2;181;74;45m▀[49m▄              ▄▄[48;2;181;74;45m▀▀[38;2;181;74;45m▀[48;2;71;79;127m▀[38;2;181;78;69m[48;2;66;74;122m▀[38;2;90;47;54m[48;2;78;88;142m▀[38;2;71;79;127m▀▀[38;2;77;89;141m[48;2;0;4;0m▀[38;2;0;4;0m[49m▀ [0m
       [38;2;0;4;0m▀[38;2;181;74;48m[48;2;0;4;0m▀[48;2;181;74;45m▀[48;2;181;74;48m▀▀▀[38;2;66;66;66m▀[38;2;181;74;45m[48;2;187;64;48m▀[38;2;0;4;0m[48;2;66;61;66m▀[49m▄           ▄[48;2;181;74;45m▀[38;2;181;74;45m▀[48;2;71;79;127m▀[48;2;66;74;122m▀[38;2;66;74;122m[48;2;78;88;142m▀[38;2;71;79;127m▀▀[38;2;78;88;142m[48;2;66;66;66m▀▀[38;2;66;66;66m[48;2;77;89;144m▀▀[38;2;74;86;146m[48;2;74;86;146m▀[38;2;0;4;0m[48;2;0;4;0m▀[49m [0m
         [38;2;0;4;0m▀[38;2;181;74;48m[48;2;0;8;8m▀[48;2;173;82;61m▀[48;2;181;74;45m▀▀[38;2;126;63;57m[48;2;66;66;66m▀[38;2;66;61;66m[48;2;132;41;56m▀[38;2;127;41;55m[48;2;123;49;59m▀[38;2;0;4;0m[48;2;0;12;8m▀[49m         [48;2;0;4;0m▀[38;2;181;74;45m[48;2;181;74;45m▀[48;2;66;74;122m▀[38;2;71;79;127m[48;2;77;89;144m▀▀[38;2;78;88;142m▀▀[38;2;66;66;66m▀▀[38;2;78;88;142m[48;2;78;88;142m▀▀[38;2;77;89;144m[48;2;66;65;66m▀[48;2;0;4;0m▀[38;2;0;4;0m[49m▀  [0m
       [38;2;0;4;0m▄[48;2;255;255;255m▀[38;2;0;0;0m[49m▄[38;2;0;8;8m[48;2;201;192;153m▀[38;2;86;45;34m[48;2;140;115;108m▀[38;2;181;74;45m[48;2;90;57;66m▀[38;2;131;41;55m▀[38;2;132;41;56m[48;2;132;41;56m▀▀[38;2;82;37;42m[48;2;82;37;42m▀[38;2;123;49;59m[48;2;123;49;59m▀[38;2;0;4;0m[48;2;0;4;0m▀[49m       [48;2;0;4;0m▀[38;2;181;74;45m[48;2;181;74;45m▀[48;2;66;74;122m▀[38;2;66;74;122m[48;2;78;88;142m▀[38;2;77;89;144m[48;2;77;89;144m▀▀▀▀[48;2;66;66;66m▀▀[38;2;66;66;66m[48;2;77;89;144m▀▀[38;2;0;4;0m[48;2;82;90;130m▀[49m▄   [0m
   [38;2;0;4;0m▄[48;2;255;255;255m▀[38;2;8;8;8m[49m▄[38;2;0;4;0m[48;2;96;96;96m▀[38;2;255;255;255m[48;2;255;255;255m▀▀[38;2;85;85;85m[48;2;66;66;66m▀[38;2;140;115;108m[48;2;231;231;183m▀[38;2;231;231;175m▀[38;2;231;231;183m[48;2;74;70;66m▀[38;2;90;57;66m[48;2;195;193;187m▀[38;2;66;66;66m[48;2;231;231;183m▀[38;2;132;41;56m[48;2;66;66;66m▀[38;2;123;49;59m[48;2;123;49;59m▀[38;2;0;12;8m[48;2;0;12;8m▀[49m        [38;2;0;4;0m[48;2;0;4;0m▀[38;2;181;74;45m[48;2;181;74;45m▀[38;2;66;74;122m[48;2;66;74;122m▀[38;2;78;88;142m[48;2;78;88;142m▀[38;2;77;89;144m[48;2;77;89;144m▀▀▀▀[38;2;78;88;142m[48;2;78;88;142m▀▀[38;2;77;89;144m[48;2;53;57;69m▀▀[38;2;55;61;87m[48;2;0;4;0m▀[38;2;0;4;0m[49m▀   [0m
  [38;2;0;4;0m▄[48;2;255;255;255m▀[38;2;255;255;255m▀[38;2;90;90;90m[48;2;96;96;96m▀[38;2;255;255;255m[48;2;255;255;255m▀▀▀[48;2;96;96;96m▀[38;2;66;66;66m▀[48;2;255;255;255m▀[38;2;255;255;247m[48;2;255;255;247m▀[38;2;74;70;66m[48;2;74;70;66m▀[38;2;231;231;183m[48;2;231;231;183m▀[38;2;66;66;66m▀[38;2;123;49;59m[48;2;90;57;66m▀[38;2;82;37;42m▀[38;2;0;4;0m[48;2;77;49;53m▀[38;2;0;16;8m[49m▄   [38;2;0;4;0m▄▄[48;2;181;74;45m▀[38;2;181;74;45m▀[48;2;71;79;127m▀[38;2;66;74;122m[48;2;77;89;144m▀[38;2;78;88;142m▀[38;2;77;89;144m▀▀▀▀[38;2;66;66;66m[48;2;79;92;141m▀▀[38;2;90;99;138m[48;2;0;4;0m▀[38;2;16;16;0m[49m▀     [0m
  [38;2;0;4;0m[48;2;0;4;0m▀[38;2;255;255;255m[48;2;255;255;255m▀[48;2;126;63;57m▀[38;2;96;96;96m[48;2;66;61;66m▀[38;2;132;41;60m[48;2;181;74;45m▀[38;2;255;255;255m[48;2;131;41;55m▀[48;2;66;66;66m▀[38;2;96;96;96m[48;2;255;255;255m▀[38;2;255;255;255m▀▀[38;2;74;70;66m[48;2;66;66;66m▀[38;2;195;193;187m[48;2;206;189;142m▀[38;2;140;117;112m▀▀[38;2;206;189;142m[48;2;66;61;66m▀[38;2;90;57;66m[48;2;126;63;57m▀[38;2;115;66;75m[48;2;181;74;48m▀[38;2;77;49;53m▀[38;2;0;4;0m[48;2;187;64;48m▀[48;2;66;61;66m▀[48;2;181;66;45m▀[38;2;181;74;45m▀[48;2;66;74;122m▀▀[38;2;71;79;127m[48;2;77;89;144m▀▀[38;2;77;89;144m▀▀▀▀[48;2;66;66;66m▀▀[38;2;44;52;70m[48;2;74;86;146m▀[38;2;8;12;0m[48;2;0;4;0m▀[49m       [0m
   [38;2;0;4;0m[48;2;0;4;0m▀[38;2;187;64;48m[48;2;181;74;45m▀[38;2;66;61;66m▀[38;2;181;74;45m[48;2;181;74;48m▀[48;2;66;66;66m▀[38;2;66;66;66m[48;2;131;41;55m▀[38;2;255;255;255m▀[48;2;90;57;66m▀[38;2;66;66;66m▀[38;2;206;189;142m[48;2;66;66;66m▀[38;2;66;66;66m[48;2;192;192;192m▀[48;2;255;255;255m▀▀[38;2;66;61;66m[48;2;247;255;255m▀[38;2;187;64;48m[48;2;57;61;73m▀[38;2;181;74;48m[48;2;181;74;45m▀▀[38;2;66;61;66m[48;2;66;66;66m▀[38;2;126;63;57m[48;2;132;41;56m▀[38;2;143;66;71m[48;2;66;74;122m▀[38;2;66;66;122m[48;2;78;88;142m▀[38;2;78;88;142m[48;2;77;89;144m▀▀[38;2;77;89;144m[48;2;78;88;142m▀▀▀▀[48;2;53;57;69m▀▀[38;2;78;88;142m[48;2;0;4;0m▀▀[38;2;0;4;0m[49m▀        [0m
   [38;2;0;4;0m▀[38;2;181;74;45m[48;2;0;4;0m▀[38;2;131;41;55m[48;2;66;148;242m▀[38;2;181;74;48m[48;2;131;41;55m▀[38;2;66;66;66m[48;2;181;74;45m▀[38;2;181;74;45m[48;2;101;82;82m▀▀[38;2;90;57;66m[48;2;96;101;144m▀[38;2;198;198;190m[48;2;255;255;255m▀[38;2;255;255;255m[48;2;255;255;247m▀[48;2;90;94;90m▀[48;2;104;107;101m▀[48;2;57;61;57m▀[38;2;57;61;73m[48;2;99;107;168m▀[38;2;120;126;134m▀[38;2;76;87;143m[48;2;96;105;168m▀[48;2;76;88;140m▀[38;2;132;41;56m[48;2;80;89;144m▀[48;2;66;74;122m▀[38;2;66;74;122m[48;2;78;88;142m▀[38;2;78;88;142m▀[38;2;77;89;144m▀[48;2;66;66;66m▀[38;2;78;88;142m[48;2;78;88;142m▀[38;2;66;66;66m▀[48;2;74;86;146m▀[38;2;78;88;142m[48;2;0;4;0m▀[38;2;90;99;138m▀[38;2;16;16;0m[49m▀           [0m
  [38;2;0;4;8m▄[38;2;0;4;0m[48;2;115;105;51m▀[38;2;66;148;242m[48;2;247;214;71m▀▀[38;2;131;41;55m[48;2;187;165;77m▀[38;2;181;74;45m[48;2;66;66;74m▀[38;2;24;0;0m[48;2;0;0;24m▀[38;2;255;247;247m[48;2;239;247;255m▀[38;2;96;101;144m[48;2;123;125;139m▀[48;2;57;61;73m▀[38;2;200;201;195m[48;2;93;99;96m▀[48;2;198;198;190m▀[38;2;198;198;190m[48;2;66;66;66m▀▀[38;2;66;66;66m[48;2;78;88;142m▀[38;2;99;107;168m▀[38;2;96;105;168m[48;2;96;105;168m▀▀[38;2;93;104;165m[48;2;96;107;168m▀[38;2;80;89;144m▀[38;2;78;88;142m[48;2;96;105;168m▀[38;2;66;66;66m[48;2;76;88;140m▀[38;2;78;88;142m[48;2;66;66;66m▀▀[38;2;66;66;66m[48;2;132;41;56m▀[48;2;66;66;66m▀[38;2;0;4;0m[48;2;132;42;57m▀[49m▄▄            [0m
 [38;2;0;4;0m▄[38;2;0;4;8m[48;2;244;214;71m▀[38;2;231;206;95m▀[38;2;247;214;71m[48;2;239;214;79m▀[38;2;192;165;83m▀[38;2;187;165;77m[48;2;247;214;71m▀[38;2;247;214;79m[48;2;90;57;66m▀[38;2;119;123;139m[48;2;63;60;39m▀[48;2;189;165;85m▀[38;2;57;61;73m[48;2;0;4;0m▀[38;2;189;189;205m▀[38;2;198;198;190m[48;2;198;198;190m▀[38;2;93;99;96m▀[38;2;66;66;66m[48;2;0;4;0m▀[38;2;0;4;0m[49m▀[38;2;66;66;66m[48;2;0;4;0m▀[38;2;78;88;142m[48;2;77;89;141m▀[38;2;76;88;140m[48;2;78;88;142m▀▀[38;2;96;107;168m[48;2;77;89;144m▀▀[38;2;76;88;140m[48;2;96;105;168m▀[38;2;96;105;168m[48;2;76;88;140m▀[38;2;78;88;142m[48;2;96;105;168m▀[48;2;76;88;140m▀[38;2;132;41;56m[48;2;74;53;66m▀[38;2;66;66;66m[48;2;115;85;70m▀[38;2;132;42;57m[48;2;66;66;66m▀▀[38;2;127;41;55m[48;2;115;85;70m▀[38;2;0;4;0m[48;2;198;148;78m▀[48;2;115;139;137m▀[49m▄         [0m
 [38;2;0;4;0m▀[38;2;244;214;71m[48;2;0;4;0m▀[48;2;247;214;71m▀[38;2;80;71;37m[48;2;0;4;0m▀[38;2;0;0;16m[49m▀[38;2;90;57;66m[48;2;8;0;0m▀[48;2;145;79;52m▀[38;2;189;165;85m[48;2;189;165;85m▀[38;2;0;8;16m[48;2;0;4;0m▀[49m  [38;2;0;4;0m▀▀[38;2;0;8;8m▄▄[38;2;0;4;0m[48;2;68;74;92m▀[38;2;77;89;141m▀[38;2;66;66;66m[48;2;79;92;141m▀[38;2;78;88;142m[48;2;44;52;70m▀[38;2;77;89;144m[48;2;0;4;0m▀[48;2;74;86;146m▀[38;2;76;88;140m[48;2;78;88;142m▀[38;2;96;105;168m▀[38;2;76;88;140m[48;2;79;92;141m▀[48;2;44;52;70m▀[38;2;74;53;66m[48;2;0;4;0m▀[38;2;198;148;78m▀[38;2;192;165;80m[48;2;85;122;157m▀[48;2;46;63;78m▀[38;2;74;53;66m[48;2;74;123;162m▀▀[38;2;115;139;137m[48;2;0;4;0m▀▀[38;2;0;4;0m[49m▀        [0m
   [38;2;0;4;0m▀ ▀[38;2;145;79;52m[48;2;0;4;0m▀[38;2;214;119;78m▀[38;2;0;4;0m[49m▀   ▄[48;2;66;67;66m▀[38;2;63;60;36m[48;2;121;107;73m▀[38;2;189;165;93m[48;2;60;57;44m▀[38;2;189;165;85m[48;2;189;165;82m▀[38;2;68;74;92m▀[38;2;79;92;141m[48;2;74;86;146m▀[38;2;8;12;0m[48;2;0;4;0m▀[49m [38;2;0;4;0m[48;2;0;4;0m▀[38;2;66;66;66m[48;2;247;214;71m▀[48;2;192;170;75m▀[38;2;79;92;141m[48;2;80;77;64m▀[38;2;8;12;0m▀[38;2;0;4;0m[49m▄ [38;2;8;4;0m▀▀[38;2;0;4;0m▀▀           [0m
            [38;2;0;4;0m[48;2;0;4;0m▀[38;2;99;99;99m▀[38;2;0;8;16m[49m▀[38;2;181;156;101m[48;2;0;4;0m▀[38;2;189;165;82m[48;2;247;214;79m▀[48;2;187;165;77m▀[38;2;0;4;0m[48;2;0;4;0m▀[49m [48;2;0;4;0m▀[38;2;94;96;94m[48;2;94;96;94m▀[38;2;82;82;82m[48;2;66;66;74m▀[48;2;107;99;78m▀[38;2;239;214;95m[48;2;66;66;66m▀[38;2;0;8;48m[48;2;192;165;80m▀[38;2;0;4;0m[49m▄                [0m
              [38;2;0;4;0m▄[48;2;94;96;94m▀[38;2;66;66;74m▀[38;2;187;165;77m[48;2;0;4;0m▀[38;2;0;4;0m[49m▀  ▀[38;2;189;165;85m[48;2;0;8;8m▀[38;2;66;66;74m[48;2;189;165;93m▀[38;2;192;165;80m[48;2;189;165;85m▀[48;2;0;4;0m▀[38;2;0;4;0m[49m▀                [0m
               [38;2;0;4;0m▀▀    ▄[38;2;0;8;8m[48;2;94;96;94m▀[38;2;63;60;36m▀[38;2;189;165;85m[48;2;0;4;0m▀[38;2;0;4;0m[49m▀                 [0m
                      [38;2;0;4;0m▀▀                   [0m
