
       [38;2;0;0;0m▄▄▄               [0m
      [38;2;0;0;0m[48;2;0;0;0m▀[38;2;140;140;140m[48;2;206;206;206m▀[38;2;206;206;206m[48;2;198;198;198m▀[38;2;137;137;137m▀[38;2;0;0;0m[48;2;0;0;0m▀[49m  ▄[48;2;173;173;173m▀[48;2;255;255;255m▀[48;2;170;170;170m▀[49m▄       [0m
      [38;2;0;0;0m▀[38;2;137;137;137m[48;2;0;0;0m▀[38;2;198;198;198m[48;2;132;181;196m▀[38;2;140;140;140m[48;2;8;0;0m▀[38;2;0;0;0m[49m▀  [48;2;0;0;0m▀[38;2;255;255;255m[48;2;148;181;180m▀[48;2;231;255;255m▀[48;2;173;173;173m▀[38;2;0;0;0m[48;2;0;0;0m▀[49m       [0m
      [38;2;0;0;0m[48;2;16;4;0m▀[38;2;82;123;170m[48;2;38;60;78m▀[38;2;49;60;65m[48;2;82;176;234m▀[38;2;8;0;0m▀[38;2;0;0;0m[48;2;82;173;234m▀[48;2;66;66;66m▀[38;2;8;0;0m[49m▄[38;2;0;0;0m[48;2;90;173;234m▀[38;2;189;218;217m[48;2;156;239;252m▀▀[38;2;0;0;0m[48;2;0;0;0m▀[49m        [0m
 [38;2;0;0;0m▄[48;2;239;140;183m▀▀[49m▄[48;2;85;77;82m▀[38;2;82;173;234m[48;2;85;156;213m▀▀[38;2;82;176;234m[48;2;82;173;234m▀▀[38;2;82;173;234m[48;2;255;255;255m▀[48;2;57;57;57m▀[38;2;63;115;156m[48;2;82;173;234m▀[38;2;90;173;234m[48;2;82;124;170m▀[38;2;104;161;176m[48;2;0;0;0m▀[38;2;0;4;24m[49m▀         [0m
 [38;2;0;0;0m▀[38;2;239;140;183m[48;2;0;0;0m▀[48;2;214;107;158m▀[38;2;170;154;165m[48;2;255;255;255m▀[38;2;255;231;247m▀[38;2;255;255;255m[48;2;165;231;229m▀[38;2;85;156;213m[48;2;82;173;234m▀[38;2;82;173;234m▀[38;2;66;66;66m[48;2;57;57;57m▀[38;2;57;57;57m[48;2;152;150;164m▀[38;2;255;255;255m[48;2;255;255;255m▀[38;2;82;173;234m[48;2;90;173;234m▀[48;2;63;115;156m▀[38;2;0;0;0m[48;2;0;0;0m▀[49m          [0m
   [38;2;0;0;0m▀[38;2;164;230;228m[48;2;0;0;0m▀[38;2;255;255;255m[48;2;82;173;234m▀[38;2;82;173;234m▀▀[48;2;82;176;234m▀[38;2;57;57;57m▀[38;2;49;45;73m[48;2;82;173;234m▀[38;2;152;150;164m▀[38;2;90;173;234m[48;2;82;123;170m▀[38;2;8;0;0m[48;2;0;0;0m▀[49m           [0m
     [38;2;0;0;0m▀▀[38;2;82;173;234m[48;2;0;0;0m▀[38;2;82;176;234m[48;2;82;126;170m▀▀[38;2;82;124;170m[48;2;82;123;170m▀▀[38;2;82;123;170m▀▀[38;2;0;0;0m▀[48;2;255;255;255m▀[49m▄        [0m
       [38;2;0;0;0m[48;2;0;0;0m▀[38;2;82;126;170m[48;2;107;129;155m▀[48;2;173;198;221m▀[38;2;66;66;66m[48;2;66;61;66m▀[38;2;82;123;170m[48;2;77;136;178m▀[48;2;120;129;134m▀[38;2;66;66;66m[48;2;57;66;73m▀[38;2;255;255;255m[48;2;255;255;255m▀[48;2;164;230;228m▀[38;2;66;66;66m▀[38;2;0;0;0m[48;2;255;255;255m▀[49m▄      [0m
     [38;2;0;0;0m▄[48;2;82;123;170m▀[38;2;82;123;170m▀[38;2;107;129;155m[48;2;99;181;219m▀[38;2;41;61;89m[48;2;66;66;66m▀[38;2;82;173;234m[48;2;82;176;234m▀▀[38;2;57;66;73m[48;2;66;66;66m▀[38;2;247;255;255m[48;2;165;231;229m▀[38;2;255;255;255m[48;2;164;230;228m▀[38;2;164;230;228m[48;2;255;255;255m▀▀[38;2;255;255;255m[48;2;66;66;66m▀[38;2;0;0;0m[48;2;85;126;167m▀[38;2;8;0;0m[49m▄[38;2;0;0;8m▄▄[38;2;0;0;0m▄  [0m
  [38;2;0;0;0m▄[48;2;198;198;198m▀[48;2;173;198;213m▀[38;2;198;198;198m[48;2;115;132;145m▀[38;2;82;123;170m[48;2;0;0;0m▀[38;2;49;49;49m[49m▀[38;2;66;66;66m[48;2;49;45;49m▀[38;2;99;181;219m[48;2;255;255;255m▀[38;2;82;176;234m[48;2;132;165;172m▀▀[38;2;66;66;66m[48;2;82;85;82m▀[38;2;165;231;229m[48;2;247;255;247m▀[38;2;164;230;228m[48;2;255;255;255m▀[38;2;255;255;255m▀[48;2;66;66;66m▀[38;2;66;66;66m[48;2;0;0;0m▀[38;2;85;126;167m▀[38;2;46;63;84m▀[38;2;115;132;145m▀[38;2;173;198;213m▀[38;2;198;198;198m▀[38;2;0;0;0m[49m▀ [0m
   [38;2;0;0;0m▀[38;2;0;0;8m▀▀ [38;2;0;0;0m[48;2;0;0;0m▀[38;2;255;255;255m[48;2;170;170;170m▀[38;2;186;185;186m[48;2;255;255;255m▀[38;2;198;247;254m[48;2;66;66;66m▀[38;2;0;0;8m[48;2;0;0;0m▀[38;2;0;0;0m[49m▀▀▀▀▀        [0m
        [38;2;0;0;0m▀▀▀              [0m
