
          [38;2;49;49;49m▄            [0m
       [38;2;49;49;49m▄▄[48;2;246;148;41m▀[38;2;246;148;41m▀[38;2;49;49;49m[48;2;49;49;49m▀[49m           [0m
    [38;2;49;49;49m▄[48;2;246;148;41m▀▀[38;2;246;148;41m▀▀[48;2;82;82;82m▀[38;2;82;82;82m[48;2;246;148;41m▀[38;2;246;148;41m▀[38;2;49;49;49m[48;2;49;49;49m▀[49m          [0m
  [38;2;49;49;49m▄[48;2;246;148;41m▀[38;2;246;148;41m▀▀▀[38;2;246;230;148m[48;2;213;98;65m▀▀[38;2;246;148;41m[48;2;246;148;41m▀▀[38;2;82;82;82m[48;2;82;82;82m▀[38;2;49;49;49m[48;2;189;164;65m▀[49m▄         [0m
 [38;2;49;49;49m▄[48;2;246;148;41m▀[38;2;246;148;41m▀▀▀[38;2;213;98;65m▀[38;2;255;255;255m[48;2;49;49;49m▀[48;2;255;255;255m▀[38;2;246;148;41m[48;2;246;148;41m▀[48;2;213;98;65m▀[38;2;213;98;65m▀[38;2;82;82;82m[48;2;82;82;82m▀[38;2;189;164;65m[48;2;246;213;57m▀[38;2;49;49;49m[48;2;49;49;49m▀[49m ▄[48;2;213;189;106m▀[49m▄▄[48;2;246;230;148m▀[49m▄ [0m
 [38;2;49;49;49m▀[38;2;82;82;82m[48;2;49;49;49m▀[48;2;213;189;106m▀[38;2;246;148;41m[48;2;246;230;148m▀▀[38;2;213;189;106m▀[38;2;49;49;49m▀[38;2;255;255;255m[48;2;213;189;106m▀[38;2;213;98;65m▀[48;2;213;98;65m▀[48;2;82;82;82m▀[38;2;82;82;82m[48;2;246;213;57m▀[38;2;246;213;57m▀[38;2;49;49;49m[48;2;49;49;49m▀[49m [48;2;49;49;49m▀[38;2;213;189;106m[48;2;213;189;106m▀[38;2;82;82;82m[48;2;82;82;82m▀[48;2;213;189;106m▀[38;2;246;230;148m[48;2;246;230;148m▀[38;2;49;49;49m[48;2;49;49;49m▀[49m [0m
   [38;2;49;49;49m[48;2;49;49;49m▀[38;2;82;82;82m[48;2;213;98;65m▀[38;2;213;189;106m[48;2;82;82;82m▀▀▀▀[38;2;82;82;82m[48;2;189;164;65m▀▀[38;2;246;213;57m▀[48;2;82;82;82m▀[38;2;49;49;49m[48;2;49;49;49m▀[49m [48;2;49;49;49m▀[38;2;213;98;65m[48;2;213;98;65m▀[38;2;213;189;106m[48;2;82;82;82m▀[38;2;82;82;82m[48;2;246;148;41m▀[38;2;246;230;148m[48;2;246;230;148m▀[48;2;213;189;106m▀[38;2;49;49;49m[48;2;49;49;49m▀[49m [0m
    [38;2;49;49;49m▀▀[48;2;49;49;49m▀[38;2;189;164;65m▀[48;2;82;82;82m▀▀[38;2;82;82;82m[48;2;246;148;41m▀▀[38;2;246;148;41m▀[38;2;74;148;255m[48;2;74;148;255m▀[38;2;49;49;49m[48;2;82;82;82m▀[38;2;82;82;82m[48;2;213;98;65m▀[38;2;213;98;65m▀[38;2;82;82;82m[48;2;246;148;41m▀[38;2;246;148;41m▀[38;2;246;230;148m[48;2;82;82;82m▀[38;2;49;49;49m[48;2;49;49;49m▀[49m  [0m
      [38;2;49;49;49m▄[48;2;213;98;65m▀[38;2;213;189;106m[48;2;246;230;148m▀[38;2;82;82;82m▀[38;2;246;148;41m[48;2;82;82;82m▀▀[38;2;74;148;255m[48;2;213;98;65m▀[38;2;82;82;82m▀[38;2;213;98;65m▀[38;2;82;82;82m[48;2;82;82;82m▀[38;2;246;148;41m[48;2;49;49;49m▀▀[38;2;49;49;49m[49m▀▀   [0m
      [38;2;49;49;49m▀[38;2;82;82;82m[48;2;49;49;49m▀[38;2;213;98;65m▀[38;2;246;230;148m▀▀[38;2;213;98;65m[48;2;246;148;41m▀[38;2;246;148;41m▀[48;2;49;49;49m▀[38;2;82;82;82m▀[38;2;49;49;49m[49m▀       [0m
           [38;2;49;49;49m▀▀▀         [0m
