
             [38;2;0;0;0m▄ ▄      [0m
           [38;2;0;0;0m▄[48;2;0;0;0m▀[38;2;123;206;123m[48;2;104;176;88m▀[38;2;0;0;0m[48;2;123;206;107m▀[38;2;123;206;123m[48;2;107;173;83m▀[38;2;0;0;0m[48;2;0;0;0m▀[49m     [0m
        [38;2;0;0;0m▄[48;2;107;173;83m▀▀[38;2;107;173;83m[48;2;65;115;57m▀[38;2;71;115;55m[48;2;107;173;83m▀[38;2;66;115;50m[48;2;65;115;57m▀[38;2;104;176;88m[48;2;107;173;83m▀[38;2;71;115;55m[48;2;65;115;57m▀[38;2;107;173;83m[48;2;107;173;83m▀[38;2;0;0;0m▀[48;2;65;115;57m▀[49m▄  [0m
   [38;2;0;0;0m▄[48;2;123;206;123m▀[49m▄▄[48;2;66;66;66m▀[38;2;82;140;82m[48;2;88;132;88m▀[38;2;107;173;83m[48;2;74;107;69m▀[38;2;65;115;57m[48;2;82;144;79m▀[38;2;107;173;83m[48;2;104;170;85m▀[48;2;66;115;58m▀[38;2;65;115;57m[48;2;107;176;83m▀[38;2;107;173;83m▀▀[38;2;65;115;57m▀[38;2;107;173;83m[48;2;66;115;58m▀[48;2;104;170;85m▀[38;2;66;115;58m[48;2;82;143;82m▀[38;2;0;0;0m[48;2;0;0;0m▀[49m [0m
   [38;2;0;0;0m[48;2;0;0;0m▀[38;2;123;206;123m[48;2;123;206;123m▀▀[48;2;96;161;90m▀[38;2;99;165;99m[48;2;66;118;58m▀[38;2;66;66;66m▀[38;2;66;70;58m[48;2;104;159;104m▀[38;2;82;144;79m[48;2;66;66;66m▀[38;2;85;143;72m[48;2;74;140;74m▀[38;2;66;115;58m[48;2;71;115;71m▀[38;2;107;176;83m[48;2;82;143;82m▀▀[48;2;82;140;82m▀▀[38;2;66;115;58m[48;2;66;115;58m▀[38;2;85;143;72m[48;2;82;140;82m▀[38;2;82;143;82m▀[38;2;0;0;0m[48;2;0;0;0m▀[49m [0m
  [38;2;0;0;0m[48;2;0;0;0m▀[38;2;123;206;123m[48;2;96;161;90m▀[48;2;123;206;123m▀▀[38;2;68;115;58m▀[38;2;66;118;58m▀▀[38;2;123;206;123m▀[38;2;104;159;104m▀[38;2;66;66;66m▀▀[48;2;66;66;66m▀[38;2;82;143;82m[48;2;88;132;88m▀[38;2;82;140;82m[48;2;74;140;74m▀[48;2;71;115;71m▀[38;2;66;115;58m[48;2;52;77;52m▀[38;2;82;140;82m[48;2;0;0;0m▀[38;2;0;0;0m[49m▀  [0m
 [38;2;0;0;0m[48;2;0;0;0m▀[38;2;189;74;69m[48;2;123;206;123m▀[38;2;68;115;58m▀[38;2;123;206;123m▀▀[48;2;66;115;58m▀[38;2;98;156;98m[48;2;132;206;132m▀[38;2;123;206;123m[48;2;49;69;49m▀[48;2;0;0;0m▀[48;2;85;85;85m▀[48;2;123;206;123m▀[38;2;66;66;66m[48;2;98;156;98m▀[38;2;99;165;99m[48;2;99;156;99m▀[38;2;66;66;66m▀▀▀[38;2;104;154;104m[48;2;66;118;58m▀[38;2;0;0;0m▀[49m▄  [0m
  [38;2;0;0;0m[48;2;0;0;0m▀[38;2;123;206;123m[48;2;88;144;88m▀[48;2;132;214;132m▀[48;2;123;206;123m▀▀[38;2;8;0;8m[48;2;0;0;0m▀[48;2;143;132;89m▀[38;2;255;255;255m[48;2;255;255;255m▀[48;2;99;156;99m▀[38;2;98;156;98m▀▀[38;2;99;156;99m[48;2;66;118;58m▀[38;2;66;66;66m▀[38;2;99;156;99m[48;2;66;66;66m▀[48;2;99;156;99m▀[38;2;66;118;58m[48;2;115;140;115m▀▀[38;2;0;0;0m[48;2;0;0;0m▀[49m  [0m
   [38;2;0;4;0m▀▀[38;2;98;156;98m[48;2;0;0;0m▀▀[38;2;143;132;89m▀▀[38;2;99;156;99m▀▀[38;2;66;66;66m[48;2;99;156;99m▀[38;2;99;156;99m▀[38;2;66;118;58m[48;2;115;140;115m▀▀[38;2;66;66;66m[48;2;66;66;66m▀[38;2;99;156;99m[48;2;0;0;0m▀[38;2;173;206;173m▀[38;2;0;8;0m[49m▀   [0m
          [38;2;0;0;0m▀[38;2;255;255;255m[48;2;0;0;0m▀[38;2;99;156;99m▀[38;2;247;255;247m▀[38;2;49;82;49m▀[38;2;0;0;0m[49m▀      [0m
                      [0m
