
     [38;2;0;0;0m▄▄▄▄         [0m
    [38;2;0;0;0m[48;2;0;0;0m▀[38;2;123;99;83m[48;2;123;99;83m▀[38;2;88;71;61m[48;2;99;82;67m▀[38;2;132;107;92m[48;2;123;100;83m▀[38;2;99;82;67m[48;2;99;82;67m▀[38;2;0;0;0m[48;2;123;100;83m▀[49m▄▄▄     [0m
    [38;2;0;0;0m▀[38;2;123;99;83m[48;2;0;0;0m▀[38;2;123;100;83m[48;2;123;101;83m▀▀[48;2;110;104;99m▀[48;2;66;66;66m▀[38;2;74;59;54m[48;2;148;115;100m▀[38;2;148;119;108m[48;2;99;82;67m▀[38;2;99;82;67m▀[38;2;0;0;0m[48;2;148;115;100m▀[49m▄   [0m
     [38;2;0;0;0m▀[38;2;123;125;123m[48;2;0;0;0m▀[48;2;123;123;123m▀[38;2;132;123;116m[48;2;198;115;142m▀[38;2;66;66;66m[48;2;66;79;74m▀[38;2;148;115;100m[48;2;152;111;108m▀[38;2;99;82;67m▀[38;2;148;115;100m[48;2;148;115;100m▀▀[38;2;0;0;0m[48;2;0;0;0m▀[49m   [0m
       [38;2;0;0;0m[48;2;0;0;0m▀[38;2;198;115;142m[48;2;121;119;121m▀[38;2;132;97;108m▀[38;2;57;74;57m[48;2;66;74;74m▀[38;2;247;148;159m[48;2;255;156;183m▀[38;2;148;115;100m[48;2;173;173;165m▀[38;2;0;0;0m[48;2;0;0;0m▀[49m    [0m
     [38;2;0;0;0m▄[48;2;173;176;165m▀[38;2;66;66;66m▀[38;2;173;173;173m[48;2;170;170;167m▀[38;2;68;66;68m▀[38;2;192;129;147m[48;2;173;173;165m▀[48;2;0;0;0m▀[38;2;0;0;0m[49m▀     [0m
  [38;2;0;0;0m▄▄[48;2;16;16;16m▀[38;2;214;214;214m[48;2;255;255;255m▀[38;2;173;176;165m[48;2;173;173;168m▀[48;2;214;214;211m▀[38;2;214;214;214m[48;2;239;247;239m▀[38;2;126;126;121m▀[38;2;173;173;165m[48;2;123;123;123m▀[38;2;0;0;0m[48;2;0;0;0m▀[49m      [0m
 [38;2;0;0;0m▀[38;2;173;173;165m[48;2;0;0;0m▀▀[38;2;96;96;96m[48;2;184;149;152m▀[38;2;175;175;175m[48;2;247;181;191m▀[38;2;173;173;168m[48;2;172;172;164m▀[38;2;255;255;255m[48;2;255;255;255m▀[38;2;0;0;0m[48;2;0;0;0m▀[38;2;239;247;239m[48;2;255;255;255m▀[38;2;123;123;123m[48;2;66;66;66m▀[38;2;0;0;0m▀[49m▄     [0m
   [38;2;0;0;0m▀[38;2;184;149;152m[48;2;0;0;0m▀[38;2;57;86;73m[48;2;123;123;123m▀[38;2;172;172;164m[48;2;66;70;66m▀[48;2;160;162;160m▀[38;2;255;255;255m[48;2;173;173;165m▀[38;2;127;127;127m▀[38;2;173;173;165m[48;2;66;66;66m▀▀[38;2;66;66;66m[48;2;123;99;83m▀[38;2;0;0;0m[48;2;0;0;0m▀[49m    [0m
     [38;2;0;0;0m▀[38;2;255;255;255m[48;2;0;0;0m▀[38;2;66;70;66m[48;2;121;110;105m▀[38;2;66;66;66m[48;2;148;115;100m▀[48;2;121;99;89m▀[38;2;148;115;100m[48;2;110;104;99m▀[48;2;66;66;66m▀[38;2;0;0;0m[48;2;115;115;110m▀[49m▄[48;2;123;127;123m▀▀[49m▄ [0m
     [38;2;0;0;0m▀[38;2;181;165;157m[48;2;0;4;8m▀[38;2;60;55;52m[48;2;66;59;53m▀[38;2;66;66;66m[48;2;173;173;165m▀[48;2;63;60;60m▀[48;2;121;119;115m▀[38;2;132;123;116m[48;2;173;173;165m▀[38;2;173;173;165m▀▀[38;2;61;63;61m[48;2;0;0;0m▀[38;2;0;0;0m[49m▀  [0m
     [38;2;0;0;0m▀[38;2;99;86;75m[48;2;0;0;0m▀▀[38;2;63;60;60m▀[38;2;8;4;8m[49m▀[38;2;68;66;66m[48;2;0;4;8m▀[38;2;173;173;165m[48;2;69;58;53m▀[48;2;74;59;54m▀[38;2;66;66;66m[48;2;0;0;0m▀[38;2;0;0;0m[49m▀   [0m
         [38;2;0;0;0m▀[38;2;137;111;97m[48;2;0;0;0m▀▀[38;2;148;119;108m▀[38;2;0;0;0m[49m▀    [0m
                  [0m
