
[38;2;0;0;0m                                      
[38;2;0;0;0m                    [38;2;49;49;49m████[38;2;0;0;0m              
[38;2;0;0;0m                  [38;2;49;49;49m██[38;2;115;115;115m██[38;2;49;49;49m██[38;2;0;0;0m              
[38;2;0;0;0m                [38;2;49;49;49m██[38;2;115;115;115m████[38;2;49;49;49m██[38;2;0;0;0m              
[38;2;0;0;0m                [38;2;49;49;49m██[38;2;82;82;82m████[38;2;49;49;49m██[38;2;0;0;0m              
[38;2;0;0;0m              [38;2;49;49;49m████[38;2;115;115;115m████[38;2;49;49;49m██[38;2;0;0;0m              
[38;2;0;0;0m          [38;2;49;49;49m████[38;2;82;82;82m██[38;2;115;115;115m██[38;2;82;82;82m████[38;2;115;115;115m██[38;2;49;49;49m██[38;2;0;0;0m            
[38;2;0;0;0m      [38;2;49;49;49m████[38;2;98;180;74m██████[38;2;82;82;82m██[38;2;115;115;115m████[38;2;82;82;82m██[38;2;49;49;49m██[38;2;0;0;0m            
[38;2;0;0;0m    [38;2;49;49;49m██[38;2;98;180;74m████████[38;2;82;82;82m██[38;2;115;115;115m██[38;2;82;82;82m██████[38;2;115;115;115m██[38;2;49;49;49m██[38;2;0;0;0m          
[38;2;0;0;0m      [38;2;49;49;49m██[38;2;98;180;74m████[38;2;82;82;82m██[38;2;115;115;115m██████[38;2;82;82;82m██[38;2;98;180;74m██[38;2;82;82;82m██[38;2;49;49;49m██[38;2;0;0;0m          
[38;2;0;0;0m        [38;2;49;49;49m██[38;2;82;82;82m██[38;2;115;115;115m████████[38;2;82;82;82m██[38;2;98;180;74m██████[38;2;49;49;49m██[38;2;0;0;0m        
[38;2;0;0;0m        [38;2;49;49;49m██[38;2;246;230;41m██[38;2;115;115;115m████████[38;2;82;82;82m██[38;2;98;180;74m██████[38;2;49;49;49m██[38;2;0;0;0m        
[38;2;0;0;0m      [38;2;49;49;49m██[38;2;82;82;82m██[38;2;115;115;115m██[38;2;82;82;82m██[38;2;115;115;115m██████[38;2;246;230;41m██[38;2;82;82;82m██[38;2;98;180;74m██████[38;2;49;49;49m██[38;2;0;0;0m      
[38;2;0;0;0m    [38;2;49;49;49m██[38;2;98;180;74m████[38;2;115;115;115m██[38;2;49;49;49m██[38;2;82;82;82m██[38;2;115;115;115m████[38;2;49;49;49m██[38;2;189;164;90m██[38;2;82;82;82m██████[38;2;49;49;49m██[38;2;0;0;0m      
[38;2;0;0;0m    [38;2;49;49;49m██[38;2;98;180;74m████[38;2;49;49;49m██[38;2;115;115;115m████████[38;2;246;230;41m██[38;2;115;115;115m████[38;2;82;82;82m██[38;2;82;131;74m██[38;2;82;82;82m██[38;2;49;49;49m██[38;2;0;0;0m    
[38;2;0;0;0m  [38;2;49;49;49m██[38;2;98;180;74m████[38;2;82;82;82m██[38;2;98;180;74m██[38;2;49;49;49m██[38;2;82;82;82m██[38;2;115;115;115m████[38;2;82;82;82m██████[38;2;82;131;74m██████[38;2;49;49;49m██[38;2;0;0;0m    
[38;2;0;0;0m  [38;2;49;49;49m████[38;2;82;82;82m██[38;2;98;180;74m████[38;2;82;82;82m██[38;2;98;180;74m██[38;2;82;82;82m████[38;2;98;180;74m████[38;2;82;82;82m████[38;2;82;131;74m██████[38;2;49;49;49m██[38;2;0;0;0m  
[38;2;0;0;0m      [38;2;49;49;49m██[38;2;98;180;74m████[38;2;82;82;82m██[38;2;98;180;74m████[38;2;82;82;82m██[38;2;98;180;74m████████[38;2;82;82;82m██[38;2;49;49;49m████[38;2;0;0;0m    
[38;2;0;0;0m    [38;2;49;49;49m██[38;2;82;82;82m████[38;2;98;180;74m██[38;2;82;82;82m██[38;2;82;131;74m██[38;2;98;180;74m████[38;2;82;82;82m██[38;2;98;180;74m██████[38;2;82;82;82m██[38;2;49;49;49m██[38;2;0;0;0m      
[38;2;0;0;0m    [38;2;49;49;49m██[38;2;189;164;90m██[38;2;49;49;49m████[38;2;82;131;74m██[38;2;82;82;82m██[38;2;98;180;74m████[38;2;82;82;82m████[38;2;98;180;74m████[38;2;49;49;49m██[38;2;0;0;0m        
[38;2;0;0;0m    [38;2;49;49;49m████[38;2;0;0;0m  [38;2;49;49;49m██[38;2;82;131;74m████[38;2;82;82;82m██████[38;2;189;164;90m██[38;2;82;82;82m██[38;2;49;49;49m██[38;2;0;0;0m          
[38;2;0;0;0m            [38;2;49;49;49m██[38;2;82;131;74m██[38;2;49;49;49m██[38;2;82;131;74m████[38;2;49;49;49m██[38;2;189;164;90m██[38;2;49;49;49m██[38;2;0;0;0m          
[38;2;0;0;0m              [38;2;49;49;49m██[38;2;0;0;0m  [38;2;49;49;49m████[38;2;0;0;0m  [38;2;49;49;49m████[38;2;0;0;0m          
[38;2;0;0;0m                                      [0m
