
       [38;2;32;32;32m▄▄                  [0m
       [38;2;32;32;32m[48;2;32;32;32m▀[38;2;82;82;82m[48;2;255;82;57m▀[38;2;32;32;32m[48;2;32;32;32m▀[49m   ▄[48;2;82;82;82m▀[48;2;32;32;32m▀[49m           [0m
       [38;2;32;32;32m▀[38;2;82;82;82m[48;2;32;32;32m▀[38;2;32;32;32m[48;2;255;82;57m▀[49m▄ [48;2;32;32;32m▀[38;2;255;82;57m[48;2;82;82;82m▀[38;2;32;32;32m[48;2;32;32;32m▀[49m            [0m
        [38;2;32;32;32m[48;2;32;32;32m▀[38;2;82;82;82m[48;2;255;82;57m▀[48;2;82;82;82m▀[38;2;32;32;32m▀[38;2;255;82;57m▀[38;2;32;32;32m[48;2;32;32;32m▀[49m▄            [0m
   [38;2;32;32;32m[48;2;32;32;32m▀[48;2;139;139;139m▀[49m▄▄[48;2;255;82;57m▀[38;2;82;82;82m[48;2;82;82;82m▀[48;2;139;139;139m▀[48;2;82;82;82m▀[38;2;255;82;57m▀[38;2;82;82;82m▀[38;2;255;148;74m[48;2;255;82;57m▀[38;2;82;82;82m▀[38;2;32;32;32m[48;2;82;82;82m▀[49m▄          [0m
   [38;2;32;32;32m▄[48;2;82;82;82m▀[38;2;139;139;139m▀[38;2;82;82;82m▀[38;2;139;139;139m▀[38;2;82;82;82m▀[48;2;172;172;172m▀[48;2;82;82;82m▀[38;2;139;139;139m▀[38;2;82;82;82m[48;2;255;82;57m▀[38;2;255;82;57m[48;2;164;74;65m▀[38;2;164;74;65m[48;2;139;139;139m▀[38;2;139;139;139m[48;2;82;82;82m▀[38;2;32;32;32m[48;2;255;82;57m▀[49m▄ ▄▄      [0m
  [38;2;32;32;32m[48;2;32;32;32m▀[38;2;164;74;65m[48;2;164;74;65m▀[48;2;131;65;57m▀[38;2;131;65;57m[48;2;255;82;57m▀[38;2;82;82;82m[48;2;82;82;82m▀[48;2;205;205;205m▀[38;2;172;172;172m▀[48;2;139;139;139m▀[48;2;82;82;82m▀[38;2;82;82;82m▀[38;2;139;139;139m▀▀[38;2;82;82;82m▀[38;2;255;82;57m▀[48;2;255;82;57m▀[48;2;82;82;82m▀[38;2;32;32;32m[48;2;139;139;139m▀[38;2;139;139;139m[48;2;82;82;82m▀[38;2;32;32;32m[48;2;32;32;32m▀[38;2;205;82;57m[49m▄     [0m
 [38;2;32;32;32m▄[48;2;82;82;82m▀[38;2;131;65;57m▀[38;2;255;82;57m▀[38;2;82;82;82m[48;2;238;238;238m▀[38;2;238;238;238m[48;2;205;205;205m▀[48;2;82;82;82m▀[38;2;82;82;82m[48;2;255;148;74m▀[48;2;82;82;82m▀[48;2;255;148;74m▀▀[38;2;255;82;57m▀[48;2;255;82;57m▀▀[38;2;82;82;82m▀[48;2;82;82;82m▀[38;2;164;74;65m[48;2;131;65;57m▀[38;2;82;82;82m[48;2;164;74;65m▀[38;2;139;139;139m[48;2;82;82;82m▀▀[38;2;32;32;32m[48;2;255;82;57m▀[38;2;205;82;57m[48;2;32;32;32m▀[49m▄   [0m
 [38;2;32;32;32m[48;2;32;32;32m▀[38;2;164;74;65m[48;2;164;74;65m▀[38;2;82;82;82m[48;2;82;82;82m▀[38;2;238;238;238m▀[38;2;82;82;82m[48;2;131;65;57m▀[48;2;32;32;32m▀▀[48;2;255;82;57m▀[48;2;82;82;82m▀[48;2;255;148;74m▀[38;2;255;148;74m[48;2;82;82;82m▀▀[38;2;255;82;57m▀▀[38;2;82;82;82m[48;2;255;148;74m▀[38;2;131;65;57m[48;2;32;32;32m▀[38;2;255;82;57m[48;2;255;82;57m▀[38;2;131;65;57m▀[38;2;164;74;65m[48;2;131;65;57m▀[48;2;164;74;65m▀[38;2;131;65;57m[48;2;131;65;57m▀[38;2;255;82;57m[48;2;255;82;57m▀[38;2;32;32;32m[48;2;32;32;32m▀[38;2;205;82;57m[48;2;205;82;57m▀[49m  [0m
  [38;2;32;32;32m[48;2;32;32;32m▀[38;2;164;74;65m[48;2;82;82;82m▀[38;2;82;82;82m▀[48;2;32;32;32m▀[38;2;32;32;32m[49m▀ [48;2;32;32;32m▀[38;2;82;82;82m[48;2;255;82;57m▀[38;2;255;82;57m[48;2;82;82;82m▀[38;2;255;148;74m▀[38;2;255;82;57m▀[38;2;205;82;57m▀[38;2;82;82;82m[48;2;205;82;57m▀[38;2;32;32;32m[48;2;32;32;32m▀[49m [48;2;32;32;32m▀[38;2;255;82;57m▀[38;2;131;65;57m[48;2;82;82;82m▀[38;2;164;74;65m▀[38;2;131;65;57m▀[38;2;32;32;32m[48;2;32;32;32m▀[38;2;255;148;74m[48;2;255;148;74m▀▀[38;2;205;82;57m[48;2;205;82;57m▀[49m [0m
   [38;2;32;32;32m▀▀  [48;2;32;32;32m▀[38;2;82;82;82m[48;2;164;74;65m▀[48;2;82;82;82m▀[38;2;255;82;57m▀▀▀[38;2;205;82;57m▀[38;2;82;82;82m[48;2;164;74;65m▀[38;2;32;32;32m[48;2;82;82;82m▀[49m▄[48;2;131;65;57m▀[38;2;255;82;57m▀▀[38;2;131;65;57m[48;2;164;74;65m▀[38;2;164;74;65m[48;2;32;32;32m▀[38;2;32;32;32m[49m▀[38;2;205;82;57m▀▀  [0m
      [38;2;32;32;32m[48;2;32;32;32m▀[38;2;164;74;65m[48;2;82;82;82m▀[38;2;131;65;57m[48;2;255;82;57m▀[38;2;255;82;57m[48;2;205;82;57m▀[38;2;82;82;82m[48;2;82;82;82m▀[48;2;255;82;57m▀[38;2;164;74;65m[48;2;164;74;65m▀▀[38;2;82;82;82m[48;2;82;82;82m▀[38;2;255;82;57m[48;2;255;82;57m▀[38;2;32;32;32m[48;2;32;32;32m▀[38;2;82;82;82m▀[48;2;82;82;82m▀[38;2;164;74;65m▀[38;2;82;82;82m[48;2;32;32;32m▀[38;2;32;32;32m[49m▀     [0m
     [38;2;32;32;32m[48;2;32;32;32m▀[38;2;164;74;65m[48;2;131;65;57m▀[38;2;131;65;57m[48;2;255;82;57m▀[38;2;82;82;82m[48;2;32;32;32m▀[38;2;32;32;32m[49m▀▀[38;2;255;82;57m[48;2;32;32;32m▀[38;2;82;82;82m[48;2;164;74;65m▀▀[48;2;82;82;82m▀[38;2;131;65;57m[48;2;32;32;32m▀[48;2;131;65;57m▀[38;2;32;32;32m[48;2;32;32;32m▀[49m▀▀       [0m
     [38;2;32;32;32m▀[38;2;164;74;65m[48;2;32;32;32m▀[38;2;32;32;32m[49m▀   ▀[38;2;164;74;65m[48;2;32;32;32m▀[38;2;131;65;57m[48;2;164;74;65m▀[38;2;32;32;32m[48;2;32;32;32m▀[49m ▀▀         [0m
            [38;2;32;32;32m▀[38;2;131;65;57m[48;2;32;32;32m▀[38;2;32;32;32m[49m▀            [0m
                           [0m
