
          [38;2;49;49;49m▄▄ ▄▄         [0m
       [38;2;49;49;49m▄[48;2;65;106;74m▀[49m▄[48;2;246;230;41m▀[38;2;246;230;41m[48;2;189;164;90m▀[38;2;49;49;49m▀[38;2;246;230;41m▀[38;2;49;49;49m[48;2;246;230;41m▀[49m▄        [0m
       [38;2;49;49;49m[48;2;49;49;49m▀[38;2;82;82;82m[48;2;74;139;82m▀[38;2;74;139;82m▀[38;2;82;82;82m▀[38;2;246;230;41m[48;2;82;82;82m▀[38;2;82;82;82m[48;2;74;139;82m▀[38;2;246;230;41m[48;2;82;82;82m▀[38;2;82;82;82m[48;2;74;139;82m▀[38;2;49;49;49m[48;2;82;82;82m▀[49m▄▄      [0m
  [38;2;49;49;49m▄▄[48;2;106;164;82m▀▀[48;2;82;82;82m▀[38;2;139;205;123m▀[48;2;139;205;123m▀[38;2;74;139;82m[48;2;74;139;82m▀▀[48;2;139;205;123m▀▀▀[38;2;65;106;74m[48;2;82;82;82m▀[38;2;74;139;82m[48;2;74;139;82m▀[48;2;65;106;74m▀[38;2;49;49;49m[48;2;49;49;49m▀[49m      [0m
 [38;2;49;49;49m[48;2;49;49;49m▀[38;2;65;106;74m[48;2;106;164;82m▀[38;2;106;164;82m[48;2;82;123;65m▀[38;2;82;123;65m[48;2;106;164;82m▀[38;2;82;82;82m[48;2;82;82;82m▀[38;2;106;164;82m[48;2;106;164;82m▀[38;2;82;82;82m[48;2;139;205;123m▀[38;2;139;205;123m▀▀[48;2;82;82;82m▀[38;2;82;82;82m[48;2;49;49;49m▀[48;2;255;255;255m▀[38;2;139;205;123m[48;2;82;82;82m▀[48;2;139;205;123m▀[38;2;82;82;82m▀[48;2;106;164;82m▀[38;2;106;164;82m▀[38;2;49;49;49m[48;2;49;49;49m▀[49m     [0m
 [38;2;49;49;49m▀[38;2;82;82;82m[48;2;49;49;49m▀[38;2;106;164;82m▀▀[38;2;49;49;49m[49m▀[38;2;106;164;82m[48;2;49;49;49m▀[38;2;65;106;74m[48;2;82;82;82m▀[38;2;139;205;123m[48;2;139;205;123m▀[48;2;65;106;74m▀[38;2;82;82;82m[48;2;139;205;123m▀[38;2;139;139;139m[48;2;82;82;82m▀[38;2;205;205;222m▀[38;2;82;82;82m[48;2;139;205;123m▀[38;2;139;205;123m[48;2;106;164;82m▀[38;2;106;164;82m▀[48;2;82;82;82m▀[48;2;139;205;123m▀[38;2;49;49;49m▀[49m▄    [0m
      [38;2;49;49;49m[48;2;49;49;49m▀[38;2;106;164;82m[48;2;82;82;82m▀[48;2;106;164;82m▀[38;2;82;82;82m▀[38;2;106;164;82m▀[48;2;82;82;82m▀[48;2;106;164;82m▀[38;2;82;82;82m▀[38;2;106;164;82m▀[38;2;82;82;82m[48;2;82;82;82m▀[38;2;82;123;65m[48;2;106;164;82m▀[38;2;139;205;123m[48;2;82;123;65m▀[48;2;139;205;123m▀▀[38;2;49;49;49m[48;2;74;139;82m▀[48;2;49;49;49m▀[49m  [0m
      [38;2;49;49;49m▀[38;2;65;106;74m[48;2;49;49;49m▀[38;2;82;82;82m▀[38;2;49;49;49m[49m▀[38;2;106;164;82m[48;2;49;49;49m▀▀[48;2;82;82;82m▀[38;2;82;82;82m[48;2;74;139;82m▀▀[38;2;74;139;82m[48;2;82;82;82m▀[38;2;49;49;49m[48;2;49;49;49m▀[38;2;106;164;82m[48;2;106;164;82m▀[38;2;82;123;65m▀[38;2;139;205;123m[48;2;82;123;65m▀[48;2;139;205;123m▀▀[38;2;49;49;49m[48;2;49;49;49m▀[49m [0m
            [38;2;49;49;49m▀[38;2;65;106;74m[48;2;49;49;49m▀[38;2;74;139;82m▀[38;2;49;49;49m[49m▀ ▀[38;2;106;164;82m[48;2;49;49;49m▀▀[38;2;82;123;65m▀[38;2;82;82;82m▀[38;2;49;49;49m[49m▀ [0m
                        [0m
