
          [38;2;49;49;49m▄          [0m
        [38;2;49;49;49m▄[48;2;90;148;82m▀[38;2;65;123;74m[48;2;65;123;74m▀[38;2;49;49;49m[48;2;90;148;82m▀[49m▄        [0m
        [38;2;49;49;49m▄[48;2;123;172;98m▀[38;2;65;123;74m[48;2;57;98;74m▀[38;2;49;49;49m[48;2;65;123;74m▀[49m▄        [0m
      [38;2;49;49;49m▄▄[48;2;90;148;82m▀[38;2;123;172;98m[48;2;123;172;98m▀[38;2;57;98;74m[48;2;57;98;74m▀[38;2;65;123;74m[48;2;65;123;74m▀[38;2;49;49;49m[48;2;57;98;74m▀[49m▄       [0m
 [38;2;49;49;49m▄[48;2;90;148;82m▀[49m▄[48;2;90;148;82m▀▀[38;2;90;148;82m▀▀[38;2;123;172;98m[48;2;123;172;98m▀[38;2;57;98;74m[48;2;57;98;74m▀[38;2;65;123;74m[48;2;65;123;74m▀▀▀[38;2;57;98;74m▀[38;2;49;49;49m[48;2;57;98;74m▀[49m▄     [0m
  [38;2;49;49;49m▀ ▀[38;2;90;148;82m[48;2;49;49;49m▀[48;2;90;148;82m▀[38;2;123;172;98m▀[38;2;57;98;74m[48;2;57;98;74m▀[38;2;65;123;74m[48;2;65;123;74m▀▀[48;2;57;98;74m▀[48;2;65;123;74m▀[48;2;57;98;74m▀[48;2;65;123;74m▀▀[38;2;49;49;49m▀[49m▄[48;2;65;123;74m▀[49m▄ [0m
    [38;2;49;49;49m▄[48;2;90;148;82m▀[38;2;90;148;82m[48;2;65;123;74m▀[38;2;57;98;74m▀[38;2;65;123;74m[48;2;57;98;74m▀▀[38;2;57;98;74m[48;2;189;164;16m▀[38;2;82;82;82m[48;2;49;49;49m▀[38;2;57;98;74m[48;2;246;222;57m▀[38;2;82;82;82m[48;2;123;172;98m▀[38;2;57;98;74m[48;2;49;49;49m▀[38;2;49;49;49m[49m▀▀ ▀  [0m
    [38;2;49;49;49m▀▀[38;2;82;82;82m[48;2;49;49;49m▀[38;2;123;172;98m[48;2;82;82;82m▀[48;2;123;172;98m▀[38;2;82;82;82m▀[48;2;82;82;82m▀[38;2;246;222;57m▀[38;2;82;82;82m[48;2;123;172;98m▀[38;2;123;172;98m[48;2;49;49;49m▀[38;2;49;49;49m[49m▀      [0m
    [38;2;49;49;49m▄[48;2;123;172;98m▀▀[38;2;123;172;98m▀[38;2;82;82;82m[48;2;82;82;82m▀[48;2;123;172;98m▀[38;2;123;172;98m▀▀[38;2;49;49;49m[48;2;156;205;139m▀[49m▄▄      [0m
   [38;2;49;49;49m[48;2;49;49;49m▀[38;2;123;172;98m[48;2;123;172;98m▀▀[48;2;82;82;82m▀[38;2;82;82;82m▀[38;2;156;205;139m[48;2;156;205;139m▀[38;2;65;123;74m▀[38;2;156;205;139m▀▀[48;2;82;82;82m▀[48;2;156;205;139m▀▀[38;2;49;49;49m▀[49m▄    [0m
    [38;2;49;49;49m▀▀[48;2;49;49;49m▀[38;2;123;172;98m[48;2;123;172;98m▀[38;2;65;123;74m[48;2;156;205;139m▀[38;2;156;205;139m▀▀▀[38;2;82;82;82m[48;2;82;82;82m▀▀[38;2;156;205;139m[48;2;156;205;139m▀▀[48;2;65;123;74m▀[38;2;49;49;49m[48;2;49;49;49m▀[49m   [0m
     [38;2;49;49;49m[48;2;49;49;49m▀[38;2;65;123;74m[48;2;123;172;98m▀[38;2;123;172;98m▀[38;2;82;82;82m▀[38;2;156;205;139m[48;2;82;82;82m▀[48;2;156;205;139m▀[38;2;65;123;74m▀[38;2;156;205;139m▀[38;2;82;82;82m▀[38;2;123;172;98m[48;2;82;82;82m▀[38;2;156;205;139m[48;2;49;49;49m▀▀[38;2;49;49;49m[49m▀   [0m
     [38;2;49;49;49m▀[38;2;82;82;82m[48;2;49;49;49m▀[38;2;123;172;98m▀▀[38;2;82;82;82m▀[38;2;156;205;139m[48;2;123;172;98m▀[48;2;156;205;139m▀[38;2;65;123;74m▀[38;2;156;205;139m▀[38;2;49;49;49m[48;2;49;49;49m▀[49m      [0m
         [38;2;49;49;49m▀[38;2;82;82;82m[48;2;49;49;49m▀[38;2;123;172;98m▀[38;2;65;123;74m▀[38;2;123;172;98m▀[38;2;49;49;49m[49m▀      [0m
                     [0m
