
[38;2;0;0;0m                                                
[38;2;0;0;0m                ████████  ██████                
[38;2;0;0;0m          ██[38;2;74;121;131m██[38;2;180;202;255m██[38;2;78;87;143m████[38;2;172;186;255m██[38;2;180;202;255m██[38;2;76;86;145m████[38;2;79;113;139m██[38;2;78;87;143m██[38;2;74;121;131m██[38;2;0;16;0m██[38;2;0;0;0m            
[38;2;0;0;0m        ██[38;2;41;109;78m██[38;2;49;86;87m██[38;2;76;86;145m██[38;2;41;109;74m████[38;2;79;113;139m██[38;2;76;86;145m██[38;2;180;202;255m██[38;2;76;86;145m██[38;2;32;76;82m██[38;2;41;109;74m██[38;2;49;86;87m████[38;2;0;0;0m██          
[38;2;0;0;0m        [38;2;41;110;76m██████████████[38;2;41;109;74m██████[38;2;41;110;76m██[38;2;57;93;74m██[38;2;41;110;76m██████[38;2;41;109;78m██[38;2;0;0;0m        
[38;2;0;0;0m      ██[38;2;41;110;76m██████████████[38;2;41;109;78m██[38;2;57;80;65m████[38;2;41;110;76m██[38;2;57;93;74m██[38;2;41;110;76m██████[38;2;41;109;78m██[38;2;0;0;0m        
[38;2;0;0;0m  ████[38;2;65;64;65m██[38;2;41;110;76m██████████████[38;2;41;109;78m██[38;2;255;255;255m████[38;2;41;109;78m██[38;2;41;110;76m██████████[38;2;0;0;0m██████  
[38;2;0;0;0m  ██[38;2;84;83;84m██[38;2;65;64;65m██[38;2;41;110;76m██████████████[38;2;41;109;78m██[38;2;139;139;127m██[38;2;255;255;255m██[38;2;41;109;78m██[38;2;41;110;76m██████████[38;2;0;0;0m██[38;2;255;255;255m██[38;2;0;0;0m██  
[38;2;0;0;0m    [38;2;131;129;127m██[38;2;139;137;131m██[38;2;41;110;76m██████████████[38;2;41;109;78m██[38;2;200;194;208m████[38;2;65;64;65m██[38;2;41;110;76m██████████[38;2;68;66;68m██[38;2;205;198;205m██[38;2;0;0;0m    
[38;2;0;0;0m    [38;2;197;194;205m████[38;2;41;109;78m████[38;2;41;110;76m██████████[38;2;41;109;78m██[38;2;200;194;208m████[38;2;65;64;65m██[38;2;43;110;76m██[38;2;41;110;76m██████[38;2;43;111;76m██[38;2;65;64;68m██[38;2;197;194;205m██[38;2;0;0;0m    
[38;2;0;0;0m    ██[38;2;197;194;205m██[38;2;197;202;213m██[38;2;65;72;71m██[38;2;52;87;71m██[38;2;41;110;76m████[38;2;57;93;74m██[38;2;41;110;76m██[38;2;54;91;74m██[38;2;137;145;148m████[38;2;54;91;74m████[38;2;57;93;74m██████[38;2;63;72;65m██[38;2;197;194;205m██[38;2;0;0;0m██    
[38;2;0;0;0m      ██[38;2;131;137;142m████[38;2;38;110;76m██[38;2;57;93;74m████[38;2;41;110;76m██[38;2;57;93;74m██[38;2;54;91;74m██[38;2;137;145;148m████[38;2;54;91;74m████[38;2;57;93;74m██████[38;2;63;72;65m██[38;2;0;0;0m██      
[38;2;0;0;0m        ████[38;2;135;145;148m██[38;2;139;145;148m██[38;2;65;68;65m██[38;2;54;90;71m██[38;2;57;93;74m██[38;2;63;72;65m██[38;2;135;145;148m██[38;2;65;64;65m████[38;2;54;91;74m██[38;2;65;64;65m████[38;2;135;145;148m██[38;2;0;0;0m██        
[38;2;0;0;0m            ██[38;2;137;145;148m██[38;2;135;145;148m██[38;2;65;64;65m████[38;2;137;145;148m██[38;2;63;72;65m████[38;2;65;64;65m████[38;2;137;145;148m████[38;2;0;0;0m██          
[38;2;0;0;0m            ██[38;2;65;68;65m██[38;2;139;139;127m████[38;2;82;85;106m██[38;2;74;76;98m██[38;2;137;143;137m████[38;2;65;64;65m██[38;2;35;72;54m██[38;2;0;0;0m                
[38;2;0;0;0m            [38;2;139;137;131m██[38;2;197;198;205m██[38;2;255;255;255m████[38;2;139;141;150m██[38;2;134;136;148m██[38;2;65;64;65m████[38;2;41;109;78m██[38;2;49;109;82m██[38;2;0;0;0m██              
[38;2;0;0;0m            ██[38;2;65;68;65m██[38;2;160;161;164m██[38;2;65;68;74m██[38;2;65;64;65m██[38;2;180;202;255m████[38;2;49;93;74m████[38;2;180;202;255m██[38;2;0;0;0m██              
[38;2;0;0;0m              ██[38;2;57;80;65m██[38;2;180;202;255m██[38;2;65;64;65m██[38;2;49;93;74m██[38;2;41;109;78m████████[38;2;0;0;0m                
[38;2;0;0;0m                ██[38;2;63;74;68m██[38;2;131;137;142m████[38;2;65;64;65m██[38;2;41;109;78m██[38;2;180;202;255m██[38;2;57;90;84m██[38;2;0;0;0m                
[38;2;0;0;0m                [38;2;63;74;68m████[38;2;197;202;213m████[38;2;41;109;78m████[38;2;57;80;65m██[38;2;172;214;255m██[38;2;0;0;0m██              
[38;2;0;0;0m              ██[38;2;255;255;255m██[38;2;65;72;65m██[38;2;200;194;208m████[38;2;65;72;65m██[38;2;255;255;255m██[38;2;65;72;65m██[38;2;76;86;145m██[38;2;41;109;78m██[38;2;0;0;0m██            
[38;2;0;0;0m              ██[38;2;43;49;71m██[38;2;79;91;142m██[38;2;139;145;148m██[38;2;90;94;93m██[38;2;98;97;98m██[38;2;65;64;65m██[38;2;172;194;255m██[38;2;86;97;131m██[38;2;180;202;255m██[38;2;0;0;0m██            
[38;2;0;0;0m                ██  [38;2;137;145;148m██[38;2;65;64;65m██[38;2;0;0;0m██  ████                
[38;2;0;0;0m                    [38;2;137;145;148m██[38;2;65;64;65m██[38;2;0;0;0m██                      
[38;2;0;0;0m                      ██                        
[38;2;0;0;0m                                                [0m
