
[38;2;0;0;0m                                                          
[38;2;0;0;0m                        [38;2;49;49;49m████[38;2;0;0;0m                              
[38;2;0;0;0m                      [38;2;49;49;49m██[38;2;131;197;98m██[38;2;49;49;49m██[38;2;0;0;0m                              
[38;2;0;0;0m                    [38;2;82;82;82m██[38;2;131;197;98m██[38;2;49;49;49m████████████[38;2;0;0;0m                      
[38;2;0;0;0m                  [38;2;131;197;98m██[38;2;49;49;49m████[38;2;180;238;115m████████████[38;2;49;49;49m████████████[38;2;0;0;0m          
[38;2;0;0;0m                  [38;2;49;49;49m██[38;2;180;238;115m████████████████████[38;2;82;82;82m██[38;2;131;197;98m████[38;2;49;49;49m██[38;2;0;0;0m          
[38;2;0;0;0m                [38;2;49;49;49m██[38;2;180;238;115m████████████[38;2;131;197;98m████[38;2;180;238;115m████████[38;2;82;82;82m██[38;2;65;131;65m██[38;2;82;82;82m██[38;2;49;49;49m██[38;2;0;0;0m        
[38;2;0;0;0m              [38;2;49;49;49m██[38;2;180;238;115m████████████[38;2;131;197;98m██[38;2;255;255;255m████[38;2;131;197;98m██[38;2;180;238;115m██████[38;2;82;82;82m██[38;2;131;197;98m██████[38;2;49;49;49m██[38;2;0;0;0m      
[38;2;0;0;0m              [38;2;49;49;49m██[38;2;90;172;82m██[38;2;180;238;115m████████[38;2;131;197;98m██[38;2;255;255;255m██[38;2;49;49;49m██[38;2;255;255;255m██[38;2;131;197;98m██[38;2;180;238;115m████████[38;2;49;49;49m████████[38;2;0;0;0m      
[38;2;0;0;0m      [38;2;49;49;49m████[38;2;0;0;0m  [38;2;49;49;49m██[38;2;172;82;90m██[38;2;180;238;115m██[38;2;90;172;82m██[38;2;180;238;115m██████[38;2;131;197;98m██[38;2;255;255;255m████[38;2;131;197;98m██[38;2;180;238;115m████████[38;2;131;197;98m██[38;2;49;49;49m██[38;2;0;0;0m            
[38;2;0;0;0m    [38;2;49;49;49m██[38;2;90;172;82m██[38;2;49;49;49m██[38;2;0;0;0m  [38;2;49;49;49m██[38;2;230;74;41m██[38;2;180;238;115m██[38;2;90;172;82m██[38;2;180;238;115m██████[38;2;90;172;82m██[38;2;131;197;98m████[38;2;180;238;115m██[38;2;90;172;82m██[38;2;180;238;115m██[38;2;172;82;90m██[38;2;131;197;98m██[38;2;49;49;49m██[38;2;0;0;0m              
[38;2;0;0;0m  [38;2;49;49;49m████[38;2;90;172;82m██[38;2;49;49;49m██[38;2;0;0;0m    [38;2;49;49;49m██[38;2;180;238;115m██[38;2;90;172;82m██[38;2;180;238;115m████[38;2;90;172;82m██[38;2;180;238;115m██[38;2;90;172;82m██[38;2;180;238;115m██[38;2;90;172;82m██[38;2;180;238;115m██[38;2;90;172;82m██[38;2;172;82;90m██[38;2;131;197;98m██[38;2;49;49;49m██[38;2;0;0;0m              
[38;2;0;0;0m  [38;2;49;49;49m██[38;2;90;172;82m██████[38;2;49;49;49m██[38;2;0;0;0m    [38;2;49;49;49m██[38;2;180;238;115m██[38;2;172;82;90m██[38;2;180;238;115m██[38;2;172;82;90m██[38;2;131;197;98m██[38;2;172;82;90m██[38;2;180;238;115m██[38;2;172;82;90m██[38;2;131;197;98m██[38;2;230;74;41m██[38;2;131;197;98m██[38;2;49;49;49m██[38;2;0;0;0m                
[38;2;0;0;0m    [38;2;49;49;49m██[38;2;90;172;82m████[38;2;49;49;49m██[38;2;0;0;0m      [38;2;49;49;49m████[38;2;180;238;115m██[38;2;230;74;41m██[38;2;131;197;98m██[38;2;230;74;41m██[38;2;180;238;115m██[38;2;230;74;41m██[38;2;131;197;98m██[38;2;49;49;49m████[38;2;0;0;0m            [38;2;49;49;49m████[38;2;0;0;0m  
[38;2;0;0;0m    [38;2;49;49;49m██[38;2;90;172;82m██████[38;2;49;49;49m██[38;2;0;0;0m    [38;2;82;82;82m██[38;2;49;49;49m██[38;2;131;197;98m██[38;2;82;82;82m██████[38;2;131;197;98m██[38;2;82;82;82m██[38;2;49;49;49m██[38;2;0;0;0m              [38;2;49;49;49m██[38;2;90;172;82m██[38;2;49;49;49m██[38;2;0;0;0m  
[38;2;0;0;0m      [38;2;49;49;49m██[38;2;90;172;82m████[38;2;65;131;65m██[38;2;49;49;49m████[38;2;65;131;65m████[38;2;49;49;49m██[38;2;189;164;90m██████[38;2;82;82;82m██[38;2;90;172;82m████[38;2;49;49;49m████[38;2;0;0;0m      [38;2;49;49;49m████[38;2;90;172;82m████[38;2;49;49;49m██[38;2;0;0;0m  
[38;2;0;0;0m        [38;2;49;49;49m████[38;2;65;131;65m██████[38;2;49;49;49m████[38;2;0;0;0m  [38;2;49;49;49m██[38;2;189;164;90m██████[38;2;82;82;82m██[38;2;90;172;82m██████[38;2;49;49;49m██████[38;2;90;172;82m████[38;2;49;49;49m████[38;2;0;0;0m    
[38;2;0;0;0m            [38;2;49;49;49m██████[38;2;0;0;0m        [38;2;49;49;49m████[38;2;82;82;82m██████[38;2;90;172;82m████████████[38;2;49;49;49m██[38;2;0;0;0m        
[38;2;0;0;0m                            [38;2;49;49;49m██[38;2;172;82;90m██[38;2;82;82;82m██████[38;2;90;172;82m████████████[38;2;49;49;49m██[38;2;0;0;0m      
[38;2;0;0;0m                          [38;2;49;49;49m██[38;2;172;82;90m██[38;2;82;82;82m██[38;2;90;172;82m██[38;2;82;82;82m██[38;2;172;82;90m██[38;2;82;82;82m██[38;2;90;172;82m██████[38;2;49;49;49m██████[38;2;0;0;0m      
[38;2;0;0;0m                          [38;2;49;49;49m██[38;2;230;74;41m██[38;2;82;82;82m██[38;2;90;172;82m██[38;2;82;82;82m██[38;2;230;74;41m██[38;2;82;82;82m████[38;2;49;49;49m████[38;2;0;0;0m            
[38;2;0;0;0m                            [38;2;49;49;49m██[38;2;230;74;41m██[38;2;49;49;49m██[38;2;90;172;82m██[38;2;82;82;82m██[38;2;230;74;41m██[38;2;49;49;49m██[38;2;0;0;0m                
[38;2;0;0;0m                              [38;2;49;49;49m██[38;2;0;0;0m  [38;2;49;49;49m████[38;2;230;74;41m██[38;2;49;49;49m██[38;2;0;0;0m                
[38;2;0;0;0m                                      [38;2;49;49;49m████[38;2;0;0;0m                
[38;2;0;0;0m                                                          [0m
