
         [38;2;49;49;49m▄▄▄▄              [0m
      [38;2;49;49;49m▄[48;2;115;115;156m▀[48;2;123;180;238m▀[38;2;123;180;238m▀▀▀[38;2;98;148;189m▀[38;2;49;49;49m▀[48;2;90;90;115m▀[49m▄▄▄[48;2;115;115;156m▀▀[49m▄      [0m
     [38;2;49;49;49m[48;2;49;49;49m▀[38;2;90;90;115m[48;2;123;180;238m▀[38;2;98;148;189m▀▀[38;2;123;180;238m[48;2;98;148;189m▀[48;2;123;180;238m▀[48;2;115;115;156m▀[48;2;90;90;115m▀▀[48;2;123;180;238m▀[38;2;90;90;115m[48;2;98;148;189m▀[38;2;115;115;156m[48;2;82;82;82m▀[48;2;115;115;156m▀▀[38;2;90;90;115m[48;2;90;90;115m▀[38;2;49;49;49m▀[49m▄     [0m
    [38;2;49;49;49m[48;2;49;49;49m▀[38;2;123;180;238m[48;2;115;115;156m▀[48;2;123;180;238m▀▀[48;2;115;115;156m▀[48;2;164;213;189m▀[38;2;115;115;156m[48;2;49;49;49m▀[38;2;255;255;255m[48;2;255;255;255m▀[38;2;115;115;156m[48;2;115;115;156m▀[38;2;90;90;115m▀[38;2;123;180;238m[48;2;82;82;82m▀[48;2;123;180;238m▀[38;2;82;82;82m[48;2;90;90;115m▀[38;2;115;115;156m[48;2;115;115;156m▀[38;2;90;90;115m[48;2;90;90;115m▀▀[38;2;115;115;156m▀[48;2;115;115;156m▀[38;2;49;49;49m▀[49m▄▄  [0m
   [38;2;49;49;49m▄[48;2;123;180;238m▀[38;2;115;115;156m[48;2;82;82;82m▀[48;2;115;115;156m▀▀▀[38;2;164;213;189m[48;2;82;82;82m▀[38;2;255;255;255m[48;2;115;115;156m▀[38;2;115;115;156m▀▀[48;2;90;90;115m▀[38;2;82;82;82m[48;2;82;82;82m▀[38;2;123;180;238m[48;2;123;180;238m▀▀[38;2;90;90;115m▀[38;2;82;82;82m▀[48;2;98;148;189m▀[38;2;90;90;115m[48;2;82;82;82m▀[48;2;90;90;115m▀[38;2;115;115;156m▀[48;2;115;115;156m▀[48;2;90;90;115m▀[38;2;49;49;49m[48;2;49;49;49m▀[49m [0m
 [38;2;49;49;49m▄[48;2;123;180;238m▀[38;2;123;180;238m▀▀[48;2;49;49;49m▀[38;2;49;49;49m[49m▀[38;2;115;115;156m[48;2;49;49;49m▀[38;2;82;82;82m▀[38;2;115;115;156m▀[38;2;82;82;82m[48;2;82;82;82m▀[38;2;115;115;156m[48;2;115;115;156m▀[38;2;82;82;82m[48;2;82;82;82m▀[48;2;98;148;189m▀[38;2;98;148;189m▀[48;2;90;90;115m▀[38;2;90;90;115m[48;2;115;115;156m▀[38;2;82;82;82m[48;2;82;82;82m▀[38;2;123;180;238m[48;2;123;180;238m▀▀[38;2;98;148;189m▀[38;2;82;82;82m[48;2;98;148;189m▀[38;2;90;90;115m[48;2;82;82;82m▀[38;2;115;115;156m[48;2;115;115;156m▀[38;2;49;49;49m[48;2;49;49;49m▀[49m  [0m
 [38;2;49;49;49m[48;2;49;49;49m▀[38;2;123;180;238m[48;2;123;180;238m▀▀▀[38;2;49;49;49m[48;2;49;49;49m▀[49m   [48;2;49;49;49m▀[38;2;98;148;189m[48;2;90;90;115m▀[38;2;82;82;82m[48;2;131;180;180m▀[38;2;98;148;189m▀▀[38;2;90;90;115m[48;2;90;90;115m▀[38;2;115;115;156m[48;2;115;115;156m▀[38;2;90;90;115m▀[48;2;90;90;115m▀[38;2;82;82;82m[48;2;82;82;82m▀[38;2;123;180;238m[48;2;123;180;238m▀▀▀[38;2;82;82;82m▀[38;2;115;115;156m[48;2;82;82;82m▀[38;2;90;90;115m[48;2;115;115;156m▀[38;2;49;49;49m[48;2;49;49;49m▀[49m [0m
  [38;2;49;49;49m[48;2;49;49;49m▀[38;2;82;82;82m[48;2;115;115;156m▀[38;2;123;180;238m[48;2;82;82;82m▀[38;2;49;49;49m[48;2;123;180;238m▀[49m▄ [48;2;49;49;49m▀[38;2;123;180;238m[48;2;123;180;238m▀[38;2;90;90;115m[48;2;98;148;189m▀[38;2;131;180;180m[48;2;90;90;115m▀[38;2;164;213;189m[48;2;131;180;180m▀▀[38;2;90;90;115m▀▀[48;2;90;90;115m▀[48;2;98;148;189m▀[38;2;82;82;82m▀[38;2;123;180;238m[48;2;82;82;82m▀[48;2;123;180;238m▀▀▀[38;2;82;82;82m▀[38;2;90;90;115m[48;2;49;49;49m▀[38;2;49;49;49m[49m▀ [0m
   [38;2;49;49;49m▀[38;2;115;115;156m[48;2;49;49;49m▀[38;2;123;180;238m[48;2;123;180;238m▀[38;2;49;49;49m[48;2;49;49;49m▀[49m ▄[48;2;115;115;156m▀[38;2;123;180;238m[48;2;90;90;115m▀[38;2;90;90;115m[48;2;98;148;189m▀[38;2;131;180;180m[48;2;90;90;115m▀[38;2;164;213;189m[48;2;49;49;49m▀[48;2;131;180;180m▀[38;2;90;90;115m[48;2;90;90;115m▀[38;2;98;148;189m[48;2;123;180;238m▀[38;2;123;180;238m▀[38;2;98;148;189m▀[38;2;82;82;82m[48;2;82;82;82m▀[38;2;123;180;238m[48;2;123;180;238m▀▀▀[48;2;90;90;115m▀[38;2;49;49;49m[48;2;115;115;156m▀[49m▄ [0m
     [38;2;49;49;49m▀▀ ▀▀▀▀▀ ▀▀[38;2;123;180;238m[48;2;49;49;49m▀[48;2;98;148;189m▀[38;2;98;148;189m[48;2;82;82;82m▀[38;2;82;82;82m[48;2;123;180;238m▀[38;2;123;180;238m▀[38;2;90;90;115m[48;2;115;115;156m▀[48;2;90;90;115m▀[48;2;115;115;156m▀[48;2;49;49;49m▀[38;2;49;49;49m[49m▀ [0m
               [38;2;49;49;49m[48;2;49;49;49m▀[38;2;115;115;156m▀[38;2;82;82;82m▀▀[38;2;123;180;238m[48;2;123;180;238m▀[48;2;49;49;49m▀[38;2;90;90;115m▀[38;2;49;49;49m[49m▀▀   [0m
                  [38;2;49;49;49m▀▀       [0m
