
[38;2;0;0;0m                                          
[38;2;0;0;0m      [38;2;49;49;49m████[38;2;0;0;0m          [38;2;49;49;49m████[38;2;0;0;0m        [38;2;49;49;49m████[38;2;0;0;0m      
[38;2;0;0;0m      [38;2;49;49;49m██[38;2;246;222;65m██[38;2;49;49;49m██[38;2;0;0;0m      [38;2;49;49;49m██[38;2;246;222;65m██[38;2;49;49;49m██[38;2;0;0;0m      [38;2;49;49;49m██[38;2;222;98;90m██[38;2;49;49;49m██[38;2;0;0;0m      
[38;2;0;0;0m      [38;2;49;49;49m██[38;2;246;222;65m██[38;2;189;164;65m██[38;2;49;49;49m██[38;2;0;0;0m    [38;2;49;49;49m██[38;2;246;222;65m██[38;2;49;49;49m██[38;2;0;0;0m    [38;2;49;49;49m██[38;2;222;98;90m██[38;2;246;222;65m██[38;2;49;49;49m██[38;2;0;0;0m      
[38;2;0;0;0m      [38;2;49;49;49m██[38;2;246;222;65m██[38;2;189;164;65m██[38;2;49;49;49m██[38;2;0;0;0m  [38;2;49;49;49m██[38;2;246;222;65m██[38;2;189;164;65m██[38;2;49;49;49m████[38;2;0;0;0m  [38;2;49;49;49m██[38;2;222;98;90m██[38;2;246;222;65m██[38;2;49;49;49m██[38;2;0;0;0m      
[38;2;0;0;0m      [38;2;49;49;49m██[38;2;246;222;65m██[38;2;189;164;65m████[38;2;49;49;49m████[38;2;246;222;65m██[38;2;189;164;65m██[38;2;49;49;49m██[38;2;57;74;164m██[38;2;49;49;49m██[38;2;222;98;90m██[38;2;246;222;65m████[38;2;189;164;65m██[38;2;49;49;49m██[38;2;0;0;0m    
[38;2;0;0;0m        [38;2;49;49;49m██[38;2;189;164;65m████[38;2;57;74;164m██[38;2;246;222;65m██[38;2;189;164;65m██████[38;2;57;74;164m████[38;2;49;49;49m██[38;2;246;222;65m██[38;2;189;164;65m██[38;2;82;82;82m██[38;2;49;49;49m██[38;2;0;0;0m    
[38;2;0;0;0m        [38;2;49;49;49m██[38;2;189;164;65m██[38;2;57;74;164m██[38;2;74;106;213m██[38;2;246;222;65m██[38;2;189;164;65m██[38;2;74;106;213m████[38;2;57;74;164m██████[38;2;49;49;49m██[38;2;189;164;65m██[38;2;49;49;49m██[38;2;0;0;0m      
[38;2;0;0;0m    [38;2;49;49;49m████[38;2;74;106;213m██[38;2;189;164;65m██[38;2;74;106;213m████[38;2;189;164;65m██[38;2;74;106;213m████[38;2;57;74;164m████████[38;2;49;49;49m██[38;2;82;82;82m██[38;2;49;49;49m██[38;2;0;0;0m      
[38;2;0;0;0m  [38;2;49;49;49m██[38;2;189;164;65m██[38;2;82;82;82m████[38;2;74;106;213m██████[38;2;57;74;164m██[38;2;74;106;213m██[38;2;49;49;49m████[38;2;57;74;164m██████[38;2;189;164;65m████[38;2;49;49;49m████[38;2;0;0;0m    
[38;2;0;0;0m    [38;2;49;49;49m██[38;2;82;82;82m██[38;2;255;255;255m██[38;2;82;82;82m██[38;2;74;106;213m██[38;2;82;82;82m██[38;2;57;74;164m██[38;2;49;49;49m██[38;2;255;255;255m██[38;2;49;49;49m██[38;2;57;74;164m██[38;2;189;164;65m██[38;2;246;222;65m██████████[38;2;49;49;49m██[38;2;0;0;0m  
[38;2;0;0;0m      [38;2;49;49;49m██[38;2;255;255;255m██[38;2;82;82;82m██[38;2;222;98;90m██[38;2;255;255;255m██[38;2;82;82;82m██[38;2;222;98;90m██[38;2;255;255;255m██[38;2;49;49;49m██[38;2;222;98;90m██[38;2;82;82;82m██[38;2;189;164;65m██[38;2;246;222;65m████[38;2;82;82;82m██[38;2;49;49;49m██[38;2;0;0;0m    
[38;2;0;0;0m      [38;2;49;49;49m██[38;2;222;98;90m██████[38;2;255;255;255m██[38;2;82;82;82m██[38;2;255;255;255m██[38;2;222;98;90m██[38;2;172;74;65m██[38;2;222;98;90m██[38;2;172;74;65m██[38;2;82;82;82m██████[38;2;49;49;49m██[38;2;0;0;0m      
[38;2;0;0;0m        [38;2;49;49;49m██[38;2;222;98;90m██████████████[38;2;172;74;65m██████[38;2;82;82;82m██[38;2;189;164;65m████[38;2;49;49;49m██[38;2;0;0;0m    
[38;2;0;0;0m        [38;2;49;49;49m██[38;2;82;82;82m██[38;2;246;222;65m██[38;2;222;98;90m████████[38;2;172;74;65m██████[38;2;82;82;82m██[38;2;172;74;65m██[38;2;189;164;65m██[38;2;82;82;82m██[38;2;49;49;49m██[38;2;0;0;0m    
[38;2;0;0;0m          [38;2;49;49;49m████[38;2;189;164;65m████[38;2;172;74;65m██████[38;2;49;49;49m██████[38;2;172;74;65m██[38;2;189;164;65m██[38;2;49;49;49m██[38;2;0;0;0m      
[38;2;0;0;0m              [38;2;49;49;49m████[38;2;82;82;82m████[38;2;49;49;49m██[38;2;0;0;0m      [38;2;49;49;49m██[38;2;172;74;65m██[38;2;49;49;49m██[38;2;0;0;0m      
[38;2;0;0;0m                [38;2;49;49;49m██[38;2;246;222;65m██[38;2;189;164;65m██[38;2;49;49;49m██[38;2;0;0;0m        [38;2;49;49;49m████[38;2;0;0;0m      
[38;2;0;0;0m                [38;2;49;49;49m██[38;2;246;222;65m██[38;2;49;49;49m██[38;2;0;0;0m                    
[38;2;0;0;0m                  [38;2;49;49;49m██[38;2;0;0;0m                      
[38;2;0;0;0m                                          [0m
