
        [38;2;49;49;49m▄       ▄▄     [0m
       [38;2;49;49;49m[48;2;49;49;49m▀[38;2;230;213;246m[48;2;230;213;246m▀[38;2;49;49;49m[48;2;49;49;49m▀[49m  ▄▄[48;2;230;213;246m▀▀[38;2;230;213;246m[48;2;49;49;49m▀[38;2;49;49;49m[49m▀     [0m
  [38;2;49;49;49m[48;2;49;49;49m▀[48;2;230;197;255m▀[49m▄▄▄[48;2;156;123;156m▀[38;2;230;213;246m[48;2;230;213;246m▀▀[38;2;49;49;49m[48;2;156;123;156m▀[48;2;230;213;246m▀[38;2;205;164;238m▀[38;2;230;213;246m[48;2;205;164;238m▀▀[38;2;156;123;156m▀[38;2;49;49;49m▀[48;2;156;123;156m▀[49m▄    [0m
   [38;2;49;49;49m[48;2;49;49;49m▀[38;2;230;197;255m[48;2;156;123;156m▀[38;2;156;123;156m[48;2;230;213;246m▀[38;2;230;213;246m[48;2;205;164;238m▀[38;2;156;123;156m[48;2;156;123;156m▀[38;2;230;213;246m[48;2;230;213;246m▀▀▀▀[48;2;205;164;238m▀[48;2;230;213;246m▀▀[38;2;205;164;238m▀[38;2;230;213;246m[48;2;205;164;238m▀[38;2;205;164;238m[48;2;230;213;246m▀[48;2;230;197;255m▀[38;2;49;49;49m[48;2;156;123;156m▀[49m▄  [0m
   [38;2;49;49;49m[48;2;49;49;49m▀[38;2;230;213;246m[48;2;230;213;246m▀[48;2;205;164;238m▀[38;2;205;164;238m[48;2;230;213;246m▀[38;2;230;213;246m▀▀▀▀▀▀[38;2;205;164;238m▀[38;2;230;213;246m[48;2;156;123;156m▀[48;2;230;197;255m▀[38;2;230;197;255m[48;2;205;164;238m▀[38;2;156;123;156m▀[38;2;230;197;255m[48;2;156;123;156m▀[38;2;205;164;238m[48;2;205;164;238m▀[38;2;49;49;49m[48;2;49;49;49m▀[49m  [0m
  [38;2;49;49;49m[48;2;49;49;49m▀[38;2;230;197;255m[48;2;230;197;255m▀[38;2;230;213;246m[48;2;205;164;238m▀[38;2;205;164;238m[48;2;230;213;246m▀[38;2;230;213;246m▀▀▀[48;2;156;98;197m▀[38;2;156;123;156m[48;2;246;98;82m▀[48;2;156;98;197m▀[38;2;230;213;246m[48;2;82;82;82m▀[48;2;230;197;255m▀[38;2;156;123;156m[48;2;205;164;238m▀[38;2;205;164;238m[48;2;156;123;156m▀[48;2;205;164;238m▀▀[38;2;156;123;156m[48;2;156;123;156m▀[38;2;205;164;238m[48;2;49;49;49m▀[38;2;49;49;49m[49m▀  [0m
  [38;2;49;49;49m[48;2;49;49;49m▀[38;2;205;164;238m[48;2;156;123;156m▀[38;2;156;123;156m▀[38;2;230;197;255m[48;2;205;164;238m▀[38;2;230;213;246m[48;2;230;197;255m▀▀[38;2;156;98;197m[48;2;82;82;82m▀[38;2;230;213;205m[48;2;246;98;82m▀[38;2;246;98;82m▀[38;2;156;98;197m[48;2;156;98;197m▀[38;2;82;82;82m[48;2;82;82;82m▀[38;2;205;164;238m[48;2;205;164;238m▀▀[38;2;156;123;156m[48;2;156;123;156m▀[38;2;205;164;238m[48;2;205;164;238m▀[48;2;156;123;156m▀[38;2;156;123;156m[48;2;205;164;238m▀[38;2;49;49;49m▀[49m▄  [0m
 [38;2;49;49;49m[48;2;49;49;49m▀[38;2;205;164;238m▀▀[38;2;82;82;82m▀[38;2;205;164;238m▀[48;2;205;164;238m▀▀▀[38;2;82;82;82m▀▀▀[38;2;205;164;238m▀[48;2;156;123;156m▀[38;2;156;123;156m[48;2;49;49;49m▀[38;2;205;164;238m▀[38;2;49;49;49m[49m▀▀▀[38;2;205;164;238m[48;2;49;49;49m▀▀[38;2;49;49;49m▀[49m [0m
      [38;2;49;49;49m▀[48;2;49;49;49m▀[38;2;156;123;156m[48;2;205;164;238m▀[38;2;205;164;238m[48;2;49;49;49m▀[38;2;49;49;49m[49m▀▀▀▀         [0m
       [38;2;49;49;49m▀▀              [0m
