
[38;2;0;0;0m                              
[38;2;0;0;0m          [38;2;49;49;49m████[38;2;0;0;0m                
[38;2;0;0;0m        [38;2;49;49;49m██[38;2;197;197;197m████[38;2;49;49;49m██[38;2;0;0;0m              
[38;2;0;0;0m      [38;2;49;49;49m██[38;2;197;197;197m████[38;2;49;49;49m██[38;2;0;0;0m                
[38;2;0;0;0m      [38;2;49;49;49m██[38;2;197;197;197m████[38;2;82;82;82m██[38;2;49;49;49m████[38;2;0;0;0m            
[38;2;0;0;0m        [38;2;49;49;49m██[38;2;197;197;197m████[38;2;131;131;115m██[38;2;197;197;197m██[38;2;49;49;49m████[38;2;0;0;0m        
[38;2;0;0;0m      [38;2;49;49;49m██[38;2;197;197;197m██[38;2;82;82;82m██[38;2;197;197;197m██████████[38;2;49;49;49m██[38;2;0;0;0m      
[38;2;0;0;0m    [38;2;49;49;49m██[38;2;197;197;197m██████████████████[38;2;49;49;49m██[38;2;0;0;0m    
[38;2;0;0;0m    [38;2;49;49;49m██[38;2;197;197;197m██████████████████[38;2;49;49;49m██[38;2;0;0;0m    
[38;2;0;0;0m  [38;2;49;49;49m██[38;2;255;255;255m██[38;2;197;197;197m████████████████████[38;2;49;49;49m██[38;2;0;0;0m  
[38;2;0;0;0m  [38;2;49;49;49m██[38;2;82;82;82m██[38;2;197;197;197m██████[38;2;255;255;255m██████[38;2;197;197;197m████████[38;2;49;49;49m██[38;2;0;0;0m  
[38;2;0;0;0m  [38;2;49;49;49m██[38;2;255;255;255m████[38;2;197;197;197m██[38;2;255;255;255m██[38;2;197;197;197m██[38;2;82;82;82m██[38;2;255;255;255m████[38;2;197;197;197m████[38;2;156;156;156m██[38;2;49;49;49m██[38;2;0;0;0m  
[38;2;0;0;0m    [38;2;49;49;49m██[38;2;255;255;255m██████[38;2;82;82;82m██[38;2;49;49;49m██[38;2;255;255;255m████[38;2;197;197;197m██[38;2;156;156;156m██[38;2;49;49;49m██[38;2;0;0;0m    
[38;2;0;0;0m    [38;2;49;49;49m██[38;2;156;156;156m████[38;2;197;197;197m██[38;2;255;255;255m██████[38;2;197;197;197m██[38;2;156;156;156m████[38;2;49;49;49m██[38;2;0;0;0m    
[38;2;0;0;0m      [38;2;49;49;49m██[38;2;156;156;156m████[38;2;82;82;82m██[38;2;156;156;156m████████[38;2;49;49;49m██[38;2;0;0;0m      
[38;2;0;0;0m        [38;2;49;49;49m██[38;2;82;82;82m██[38;2;156;156;156m██████[38;2;82;82;82m██[38;2;49;49;49m██[38;2;0;0;0m        
[38;2;0;0;0m      [38;2;49;49;49m██[38;2;131;131;115m██[38;2;197;197;197m██[38;2;156;156;156m██████[38;2;197;197;197m██[38;2;156;156;156m██[38;2;49;49;49m████[38;2;0;0;0m    
[38;2;0;0;0m      [38;2;49;49;49m██[38;2;197;197;197m██████████████[38;2;156;156;156m████[38;2;49;49;49m██[38;2;0;0;0m  
[38;2;0;0;0m      [38;2;49;49;49m██[38;2;131;131;115m██[38;2;197;197;197m██[38;2;131;131;115m██[38;2;197;197;197m██████[38;2;156;156;156m██[38;2;49;49;49m████[38;2;0;0;0m    
[38;2;0;0;0m        [38;2;49;49;49m████[38;2;82;82;82m██[38;2;131;131;115m██[38;2;197;197;197m████[38;2;49;49;49m██[38;2;0;0;0m        
[38;2;0;0;0m              [38;2;49;49;49m██████[38;2;0;0;0m          
[38;2;0;0;0m                              [0m
