
    [38;2;0;0;0m▄           [0m
   [38;2;0;0;0m[48;2;0;0;0m▀[38;2;181;57;45m[48;2;181;57;45m▀[38;2;0;0;0m[48;2;0;0;0m▀[49m▄[48;2;231;74;47m▀▀▀[49m▄     [0m
  [38;2;0;0;0m▄[48;2;156;206;76m▀[38;2;176;67;53m[48;2;66;61;66m▀[38;2;231;70;47m[48;2;231;70;47m▀[38;2;231;74;47m[48;2;66;66;66m▀▀[38;2;120;98;62m[48;2;90;53;58m▀[38;2;90;53;58m[48;2;181;189;69m▀[38;2;0;0;0m[48;2;0;0;0m▀[49m     [0m
 [38;2;0;0;0m▄[38;2;8;4;8m[48;2;113;149;65m▀[38;2;165;222;93m▀[38;2;66;66;66m[48;2;156;206;76m▀▀[38;2;156;206;76m▀[48;2;247;231;47m▀[38;2;247;231;47m[48;2;0;0;0m▀▀[38;2;165;171;50m[48;2;247;255;71m▀[38;2;0;4;8m[48;2;0;4;8m▀[49m    [0m
 [38;2;0;0;0m[48;2;0;0;0m▀[38;2;156;206;76m[48;2;98;123;50m▀[48;2;156;206;76m▀[38;2;126;163;65m▀[38;2;156;206;76m[48;2;96;121;53m▀[38;2;164;190;66m[48;2;123;165;75m▀[38;2;247;239;47m▀[38;2;0;0;0m[48;2;214;189;46m▀▀[38;2;206;206;70m[48;2;137;139;49m▀[38;2;0;4;8m[48;2;0;4;8m▀[49m [38;2;0;0;0m▄  [0m
  [38;2;0;0;0m▀[38;2;99;123;51m[48;2;0;0;0m▀[38;2;99;124;51m[48;2;66;66;66m▀[38;2;66;66;66m▀[38;2;123;156;75m▀▀▀[38;2;66;66;66m[48;2;123;156;75m▀[38;2;0;0;0m[48;2;0;0;0m▀[49m [38;2;66;66;66m[48;2;66;66;66m▀[38;2;231;206;103m[48;2;231;206;103m▀[38;2;0;0;0m[48;2;0;0;0m▀[49m [0m
    [38;2;0;0;0m▀[38;2;231;206;103m[48;2;0;0;0m▀[48;2;231;206;103m▀[38;2;156;206;76m▀[38;2;165;222;93m[48;2;113;149;65m▀[38;2;113;149;65m[48;2;8;4;8m▀[38;2;0;0;16m[48;2;126;154;89m▀[38;2;63;77;52m[48;2;63;77;52m▀[38;2;63;68;44m[48;2;126;129;73m▀[38;2;189;189;101m[48;2;0;8;16m▀[38;2;0;0;0m[49m▀ [0m
      [38;2;0;0;0m▀[38;2;66;66;66m[48;2;0;0;0m▀[38;2;57;74;65m[48;2;181;173;93m▀[38;2;140;140;84m▀[38;2;123;156;75m[48;2;123;156;75m▀[48;2;0;0;0m▀[38;2;66;66;66m▀[38;2;0;0;0m[49m▀  [0m
        [38;2;0;0;0m▀▀▀     [0m
