
[38;2;0;0;0m                                                                              
[38;2;0;0;0m            ██                                                                
[38;2;0;0;0m            ██                    ██                                          
[38;2;0;0;0m          ██[38;2;247;156;47m██[38;2;0;0;0m██                  ██                                          
[38;2;0;0;0m          ██[38;2;247;156;47m██[38;2;0;0;0m██                ██[38;2;247;156;47m██[38;2;0;0;0m██                                        
[38;2;0;0;0m        ██[38;2;247;156;47m████[38;2;0;0;0m██            ██████[38;2;247;156;47m██[38;2;0;0;0m██                                        
[38;2;0;0;0m        ██[38;2;255;247;7m██[38;2;255;148;47m██[38;2;8;0;0m██[38;2;0;0;0m    ████████[38;2;198;61;54m██[38;2;226;158;34m██[38;2;247;156;47m████[38;2;181;74;61m██[38;2;0;8;8m██[38;2;0;0;0m██                                    
[38;2;0;0;0m        ██[38;2;255;247;7m██[38;2;255;148;47m██[38;2;173;99;31m██[38;2;0;0;0m████[38;2;255;123;63m████[38;2;255;132;55m██[38;2;170;88;37m██[38;2;226;158;34m██[38;2;255;255;15m██[38;2;247;156;47m██[38;2;189;57;45m██[38;2;121;52;43m████[38;2;66;66;66m██[38;2;0;0;0m██                                  
[38;2;0;0;0m        ██[38;2;247;156;47m██[38;2;255;247;7m██[38;2;189;57;45m██[38;2;255;90;71m████[38;2;255;156;55m████[38;2;198;61;54m██[38;2;226;158;34m██[38;2;255;255;15m██[38;2;226;158;34m██[38;2;189;57;45m██[38;2;255;90;71m██[38;2;129;74;68m██[38;2;66;66;66m██[38;2;115;66;59m██[38;2;66;66;66m██[38;2;0;0;0m██                                
[38;2;0;0;0m    ██    ██[38;2;255;247;7m██[38;2;189;57;45m██[38;2;247;156;47m████[38;2;228;104;54m██[38;2;200;52;54m██[38;2;255;255;15m██[38;2;226;158;34m████[38;2;198;61;54m██[38;2;255;90;71m██████[38;2;66;66;66m██[38;2;115;66;59m████[38;2;66;66;66m██[38;2;0;0;0m██                              
[38;2;0;0;0m  ██[38;2;247;156;47m██[38;2;0;0;0m██  ██[38;2;247;148;47m██[38;2;170;82;50m██[38;2;255;90;71m████[38;2;198;57;46m██[38;2;255;247;15m██[38;2;226;152;30m██[38;2;198;57;46m██[38;2;189;57;45m██[38;2;255;247;7m██[38;2;255;90;71m████[38;2;66;66;66m██[38;2;189;57;45m██[38;2;66;66;66m████[38;2;115;66;59m██[38;2;0;0;0m██                              
[38;2;0;0;0m  ██[38;2;247;156;47m██[38;2;0;0;0m██  ██[38;2;132;49;52m██[38;2;247;148;47m██[38;2;189;57;45m████[38;2;226;152;30m██[38;2;198;57;46m████[38;2;255;247;15m██[38;2;255;247;7m████[38;2;255;90;71m██[38;2;66;66;66m██[38;2;107;63;59m██[38;2;66;66;66m██[38;2;189;57;45m██[38;2;107;63;59m██[38;2;0;0;0m██                                
[38;2;0;0;0m  ██[38;2;247;189;31m████[38;2;24;0;8m██[38;2;139;99;19m██[38;2;198;57;46m████[38;2;247;156;47m████[38;2;198;57;46m██[38;2;255;247;15m██[38;2;231;82;63m██[38;2;255;247;7m██[38;2;255;189;31m██[38;2;197;138;48m██[38;2;66;66;66m██[38;2;107;63;59m████[38;2;66;66;66m██[38;2;189;57;45m██[38;2;107;66;59m██[38;2;77;51;47m██[38;2;0;4;8m██[38;2;0;0;0m                              
[38;2;0;0;0m    ██[38;2;247;189;31m██[38;2;255;198;31m████[38;2;255;247;15m██[38;2;226;152;30m██[38;2;189;57;45m████[38;2;226;152;30m██[38;2;198;57;46m██[38;2;231;82;63m████[38;2;197;138;48m██[38;2;82;37;82m██[38;2;66;66;66m██[38;2;189;57;45m██[38;2;66;66;66m██[38;2;189;57;45m████[38;2;66;70;66m██[38;2;115;74;67m████[38;2;0;0;0m██      ██            ██      
[38;2;0;0;0m      ██[38;2;255;247;7m████[38;2;247;156;47m██[38;2;0;0;0m██████[38;2;247;189;31m████[38;2;189;57;45m██████████[38;2;247;156;47m██[38;2;189;58;45m████[38;2;66;66;66m██[38;2;0;0;0m████[38;2;115;66;59m██[38;2;0;0;0m██    ██[38;2;247;156;47m██[38;2;0;0;0m██        ██[38;2;247;156;47m██[38;2;0;0;0m██    
[38;2;0;0;0m        ██████      ██[38;2;247;189;31m██[38;2;247;156;47m████████████[38;2;189;58;45m████[38;2;0;0;0m██    ██      ██[38;2;247;156;47m████[38;2;0;0;0m██      ██[38;2;247;156;47m██[38;2;0;0;0m██    
[38;2;0;0;0m                      ██[38;2;255;247;7m████[38;2;255;255;15m██[38;2;226;158;34m██[38;2;255;132;39m██[38;2;168;86;48m██[38;2;181;74;61m██[38;2;60;38;36m██[38;2;0;0;0m██              [38;2;0;8;32m██[38;2;239;165;63m██[38;2;0;0;0m██    ██[38;2;247;156;47m████[38;2;0;0;0m██    
[38;2;0;0;0m                      ██[38;2;198;57;54m██[38;2;226;152;30m██[38;2;226;158;34m██[38;2;198;61;54m██[38;2;168;86;48m██[38;2;82;41;58m██[38;2;0;20;24m██[38;2;121;56;49m██[38;2;115;66;59m██[38;2;0;0;0m██          ██[38;2;80;60;42m████[38;2;247;156;47m██[38;2;0;0;0m████[38;2;247;156;47m████[38;2;0;0;0m██      
[38;2;0;0;0m                    ██[38;2;255;123;63m██[38;2;228;104;54m██[38;2;200;52;54m██[38;2;198;49;54m██[38;2;236;104;60m██[38;2;247;99;79m██[38;2;0;4;8m██[38;2;0;0;0m  ██[38;2;115;66;59m██[38;2;0;0;0m██      ██[38;2;0;12;8m██[38;2;247;103;79m██[38;2;255;90;71m████[38;2;66;66;66m████[38;2;247;148;47m██[38;2;66;57;66m██[38;2;0;0;0m██  ██    
[38;2;0;0;0m                    ██[38;2;255;123;63m██[38;2;255;156;55m████[38;2;255;132;63m██[38;2;236;104;60m██[38;2;123;51;43m██[38;2;0;4;8m██[38;2;0;0;0m    ████    ██[38;2;115;66;59m██[38;2;123;57;43m████[38;2;115;66;59m████[38;2;255;90;71m████[38;2;66;57;66m██[38;2;126;87;60m██[38;2;66;66;66m██[38;2;0;0;0m██[38;2;247;156;47m██[38;2;0;0;0m██  
[38;2;0;0;0m                  ██[38;2;247;156;47m██[38;2;255;247;7m██████[38;2;247;156;47m████[38;2;115;66;59m██[38;2;65;66;65m██[38;2;0;0;0m██        ██[38;2;82;41;42m██████[38;2;115;67;59m██████[38;2;255;90;71m██[38;2;74;57;58m██[38;2;115;74;67m████[38;2;66;66;66m██[38;2;247;156;47m████[38;2;0;0;0m██  
[38;2;0;0;0m                  ██[38;2;255;247;7m██[38;2;247;156;47m██████[38;2;255;247;7m██[38;2;247;156;47m██[38;2;115;66;59m██[38;2;65;66;65m██[38;2;115;66;59m██[38;2;0;0;0m██      ██[38;2;115;67;59m██████[38;2;82;41;42m██[38;2;189;57;45m████[38;2;74;57;58m████[38;2;0;4;8m██[38;2;77;51;47m██[38;2;247;156;47m████[38;2;0;0;0m██    
[38;2;0;0;0m                  ██[38;2;250;151;50m██[38;2;255;255;7m██[38;2;255;247;7m████[38;2;247;156;47m██[38;2;255;90;71m██[38;2;115;66;59m██[38;2;66;66;66m██[38;2;115;66;59m██[38;2;0;0;0m██    ██[38;2;115;66;59m██[38;2;115;67;59m████[38;2;126;47;38m██[38;2;189;66;53m██[38;2;0;0;0m████[38;2;82;41;42m██[38;2;0;0;0m██  ██████      
[38;2;0;0;0m                  ██[38;2;247;99;71m██[38;2;250;151;50m██[38;2;247;156;47m████[38;2;255;90;71m████[38;2;115;66;59m████[38;2;0;0;0m██    ██[38;2;115;66;59m██[38;2;77;44;39m██[38;2;82;41;42m██[38;2;115;67;59m██[38;2;189;66;53m██[38;2;0;8;8m██[38;2;0;0;0m    ████              
[38;2;0;0;0m                    ██[38;2;255;90;71m██████████[38;2;247;82;63m██[38;2;82;37;34m██[38;2;115;66;59m██[38;2;0;0;0m████[38;2;115;66;59m██[38;2;115;67;59m████[38;2;118;57;51m██[38;2;82;53;50m██[38;2;181;61;53m██[38;2;0;4;0m██[38;2;0;0;0m                      
[38;2;0;0;0m                    ██[38;2;170;60;47m██[38;2;247;156;47m████████[38;2;192;67;53m████[38;2;115;66;59m██████[38;2;77;44;39m██[38;2;115;67;59m████[38;2;118;57;51m██[38;2;189;66;53m██[38;2;90;32;26m██[38;2;0;4;0m██[38;2;0;0;0m                      
[38;2;0;0;0m                      ██[38;2;255;198;31m████[38;2;255;247;7m████[38;2;247;156;47m██[38;2;189;57;45m████[38;2;115;67;59m██[38;2;115;66;59m████[38;2;82;49;50m██[38;2;118;53;48m██[38;2;189;57;45m██[38;2;0;0;0m████[38;2;82;41;42m██[38;2;0;0;0m██                    
[38;2;0;0;0m                    ██[38;2;82;41;42m██[38;2;24;0;8m██[38;2;139;99;19m██[38;2;247;156;47m████[38;2;189;57;45m████████[38;2;65;66;65m████[38;2;189;61;45m████[38;2;0;0;0m██    ████                    
[38;2;0;0;0m                    ████  ██████[38;2;247;156;47m████[38;2;247;156;63m██[38;2;82;55;32m██[38;2;115;66;59m████[38;2;66;66;66m██[38;2;0;0;0m██                              
[38;2;0;0;0m                                ████[38;2;0;4;16m████[38;2;0;0;0m██[38;2;115;66;59m██[38;2;0;0;0m██                                
[38;2;0;0;0m                                          ████                                
[38;2;0;0;0m                                                                              [0m
