
         [38;2;0;0;0m▄▄▄▄        [0m
    [38;2;0;0;0m▄▄[48;2;64;64;64m▀[48;2;248;192;184m▀▀[38;2;248;192;184m▀▀▀▀[38;2;0;0;0m▀▀[49m▄     [0m
 [38;2;0;0;0m▄[48;2;224;120;104m▀▀[38;2;224;144;144m[48;2;176;96;96m▀[48;2;248;192;184m▀[38;2;248;192;184m[48;2;248;248;248m▀[48;2;248;192;184m▀▀▀▀▀▀▀▀[48;2;176;96;96m▀[38;2;0;0;0m[48;2;248;192;184m▀[49m▄   [0m
  [38;2;0;0;0m▀[38;2;64;64;64m[48;2;0;0;0m▀[38;2;248;192;184m[48;2;248;192;184m▀▀[38;2;0;0;0m[48;2;224;144;144m▀[38;2;248;192;184m[48;2;248;192;184m▀▀[38;2;248;248;248m[48;2;0;0;0m▀[38;2;248;192;184m[48;2;248;192;184m▀[48;2;176;96;96m▀[48;2;248;192;184m▀[38;2;176;96;96m[48;2;64;64;64m▀[38;2;248;192;184m[48;2;224;144;144m▀[38;2;64;64;64m[48;2;224;120;104m▀[38;2;224;144;144m[48;2;64;64;64m▀[38;2;224;120;104m[48;2;224;120;104m▀[38;2;0;0;0m▀[49m▄ [0m
  [38;2;0;0;0m[48;2;0;0;0m▀[38;2;248;192;184m[48;2;248;192;184m▀[38;2;224;144;144m▀[38;2;248;192;184m[48;2;176;96;96m▀[48;2;248;192;184m▀[38;2;224;120;104m▀▀[38;2;248;192;184m▀▀[38;2;64;64;64m▀[38;2;224;144;144m[48;2;64;64;64m▀[38;2;224;120;104m[48;2;224;120;104m▀[38;2;64;64;64m▀[38;2;224;120;104m[48;2;64;64;64m▀▀[38;2;64;64;64m[48;2;224;144;144m▀[38;2;0;0;0m[48;2;0;0;0m▀[49m  [0m
  [38;2;0;0;0m[48;2;0;0;0m▀[38;2;176;96;96m[48;2;248;192;184m▀[38;2;248;192;184m[48;2;176;96;96m▀[38;2;176;96;96m▀[38;2;64;64;64m[48;2;248;248;248m▀[38;2;248;192;184m[48;2;64;64;64m▀[48;2;176;96;96m▀[38;2;176;96;96m[48;2;248;192;184m▀▀[38;2;248;192;184m▀▀[38;2;64;64;64m▀▀[38;2;248;192;184m[48;2;224;144;144m▀[38;2;224;144;144m▀▀[38;2;0;0;0m[48;2;0;0;0m▀[49m  [0m
   [38;2;0;0;0m[48;2;0;0;0m▀[38;2;248;248;248m[48;2;224;120;104m▀[48;2;248;248;248m▀▀[38;2;176;96;96m▀[38;2;248;192;184m[48;2;176;96;96m▀▀▀[38;2;176;96;96m[48;2;224;144;144m▀[38;2;248;192;184m▀▀[38;2;224;144;144m▀▀▀[38;2;0;0;0m[48;2;0;0;0m▀[49m▄  [0m
   [38;2;0;0;0m▀[38;2;224;120;104m[48;2;0;0;0m▀[48;2;224;120;104m▀▀[48;2;64;64;64m▀[38;2;64;64;64m[48;2;224;144;144m▀[38;2;224;144;144m▀▀▀▀▀▀[48;2;176;96;96m▀[38;2;176;96;96m[48;2;200;120;128m▀[38;2;200;120;128m[48;2;0;0;0m▀▀[38;2;0;0;0m[49m▀ [0m
   [38;2;0;0;0m▄[48;2;176;96;96m▀[38;2;64;64;64m▀▀[38;2;224;144;144m[48;2;0;0;0m▀▀▀▀[48;2;64;64;64m▀▀[38;2;64;64;64m[48;2;176;96;96m▀[38;2;0;0;0m[48;2;0;0;0m▀[49m▀▀    [0m
    [38;2;0;0;0m▀▀▀   [48;2;0;0;0m▀[38;2;176;96;96m[48;2;224;120;104m▀▀[48;2;0;0;0m▀[38;2;0;0;0m[49m▀      [0m
           [38;2;0;0;0m▀▀        [0m
