
                  [38;2;0;0;0m▄    [0m
    [38;2;0;0;0m▄▄[48;2;247;148;47m▀▀[48;2;214;98;70m▀[49m▄       [48;2;0;0;0m▀[38;2;214;99;70m[48;2;214;99;70m▀[38;2;0;0;0m▀[49m▄  [0m
   [38;2;0;0;0m[48;2;0;0;0m▀[38;2;247;148;47m[48;2;247;148;47m▀▀▀▀▀[38;2;214;99;70m[48;2;239;132;55m▀[38;2;0;0;0m[48;2;0;0;0m▀[49m     ▄[48;2;214;98;70m▀[38;2;214;99;70m▀[48;2;233;148;60m▀[38;2;0;0;0m[48;2;222;99;70m▀[49m▄ [0m
  [38;2;0;0;0m[48;2;0;0;0m▀[38;2;247;148;47m[48;2;247;148;47m▀▀▀[48;2;203;104;62m▀[38;2;214;98;70m[48;2;239;255;255m▀[38;2;247;148;47m[48;2;0;4;0m▀[38;2;239;132;55m[48;2;247;148;47m▀▀[38;2;0;0;0m[48;2;0;0;0m▀[49m    [48;2;0;0;0m▀[38;2;214;98;70m[48;2;173;154;39m▀[38;2;247;148;47m[48;2;255;231;55m▀[38;2;255;247;39m[48;2;255;206;71m▀[38;2;222;99;70m[48;2;175;137;50m▀[38;2;0;0;0m[48;2;0;0;0m▀[49m [0m
 [38;2;0;0;0m[48;2;0;0;0m▀[38;2;247;148;47m[48;2;247;148;47m▀▀▀▀[38;2;181;82;69m▀[38;2;80;88;85m[48;2;0;0;0m▀[38;2;0;4;0m▀[38;2;247;148;47m[48;2;214;102;70m▀[38;2;214;98;70m▀[38;2;0;0;0m[48;2;0;0;0m▀[49m     [38;2;8;0;8m[48;2;0;0;0m▀[38;2;255;231;55m[48;2;231;127;63m▀[38;2;175;137;50m[48;2;0;0;0m▀[38;2;16;0;8m[49m▀  [0m
  [38;2;0;0;0m▀[38;2;214;98;70m[48;2;0;0;0m▀[38;2;247;148;47m▀[48;2;214;99;70m▀▀[38;2;214;99;70m[48;2;214;98;70m▀▀[38;2;214;102;70m[48;2;214;99;70m▀▀[38;2;214;99;70m▀[38;2;0;0;0m[48;2;0;0;0m▀[49m   ▄[48;2;247;148;47m▀[38;2;231;127;63m▀[38;2;0;0;0m[48;2;0;0;0m▀[49m   [0m
     [38;2;0;0;0m▀[48;2;0;0;0m▀[38;2;222;189;134m[48;2;247;231;159m▀[38;2;214;98;70m▀[38;2;214;99;70m[48;2;66;61;66m▀[38;2;66;66;66m[48;2;160;100;60m▀[38;2;214;99;70m[48;2;255;132;55m▀[48;2;195;107;61m▀[38;2;0;0;0m[48;2;214;99;70m▀[49m▄[48;2;214;99;70m▀[38;2;214;99;70m▀[38;2;247;148;47m▀[38;2;0;0;0m[48;2;0;0;0m▀[49m    [0m
     [38;2;16;0;0m▄[38;2;0;0;0m[48;2;115;94;91m▀[38;2;247;231;159m[48;2;151;101;84m▀[48;2;255;222;151m▀[38;2;66;61;66m[48;2;255;239;159m▀[38;2;255;140;55m[48;2;74;70;66m▀[38;2;195;107;61m[48;2;66;66;66m▀[38;2;74;57;74m[48;2;214;99;70m▀[38;2;214;99;70m[48;2;214;100;70m▀▀[38;2;66;66;66m[48;2;66;66;66m▀[38;2;214;99;70m[48;2;0;0;0m▀[38;2;0;0;0m[49m▀     [0m
     [38;2;16;0;0m▀[38;2;214;189;182m[48;2;0;0;0m▀[38;2;151;101;84m▀[38;2;99;41;51m▀[38;2;195;183;128m▀[48;2;66;66;66m▀[38;2;214;99;70m[48;2;189;90;69m▀▀[38;2;214;100;70m[48;2;131;119;115m▀[38;2;173;82;69m[48;2;8;0;0m▀[38;2;0;0;0m[49m▀       [0m
          [38;2;0;0;0m▀[38;2;255;255;255m[48;2;0;0;0m▀[38;2;189;90;69m▀[38;2;255;239;231m▀[38;2;8;0;0m[49m▀        [0m
                       [0m
