
                                        [38;2;0;0;0m▄     [0m
                                       [38;2;0;0;0m[48;2;0;0;0m▀[38;2;255;99;63m[48;2;255;99;63m▀[38;2;0;0;0m▀[49m▄   [0m
                                     [38;2;0;0;0m▄[48;2;255;99;63m▀[38;2;255;99;66m[48;2;255;99;66m▀▀[38;2;255;99;63m[48;2;0;0;0m▀[38;2;0;0;0m[49m▀   [0m
         [38;2;0;0;0m▄     ▄▄                   ▄[48;2;255;99;63m▀[38;2;255;99;63m▀[38;2;255;169;75m[48;2;255;239;79m▀[38;2;255;99;71m[48;2;255;99;71m▀[38;2;0;0;0m[48;2;255;99;63m▀[49m▄[48;2;255;165;87m▀[49m▄ [0m
        [38;2;0;0;0m[48;2;0;0;0m▀[38;2;206;111;110m[48;2;206;111;110m▀[38;2;0;0;0m[48;2;0;0;0m▀[49m   ▀[38;2;159;66;74m[48;2;0;0;0m▀[48;2;159;66;74m▀[38;2;0;0;0m▀▀[49m▄   ▄▄▄          [48;2;0;0;0m▀[38;2;255;99;71m[48;2;255;169;71m▀[38;2;255;239;71m[48;2;255;239;71m▀[38;2;255;165;87m[48;2;255;165;87m▀[38;2;255;96;66m[48;2;255;96;66m▀▀[48;2;255;165;87m▀[38;2;255;239;71m[48;2;255;239;71m▀[38;2;0;0;0m[48;2;0;0;0m▀[49m [0m
       [38;2;0;0;0m[48;2;0;0;0m▀[38;2;206;111;110m[48;2;206;111;110m▀[48;2;0;0;0m▀[38;2;0;0;0m[49m▀  ▄[48;2;255;165;87m▀[38;2;255;165;87m▀[38;2;66;66;66m[48;2;66;66;66m▀[38;2;159;66;76m[48;2;159;66;76m▀▀[38;2;159;66;74m[48;2;159;66;74m▀[38;2;0;0;0m▀[49m▄▀[38;2;255;165;87m[48;2;0;0;0m▀[48;2;255;165;87m▀[38;2;173;110;71m[48;2;255;165;103m▀[38;2;8;0;8m▀[38;2;0;0;0m[49m▄        ▀[38;2;255;239;71m[48;2;0;0;0m▀[48;2;255;239;71m▀▀[38;2;255;167;90m▀[38;2;255;239;68m[48;2;255;239;68m▀▀[38;2;0;0;0m[48;2;0;0;0m▀[49m  [0m
      [38;2;0;0;0m[48;2;0;0;0m▀[38;2;203;110;107m[48;2;203;110;107m▀[48;2;255;165;87m▀[38;2;0;0;0m▀▀[49m▄[48;2;255;165;87m▀[38;2;255;165;87m▀[48;2;203;110;107m▀[38;2;66;66;66m[48;2;0;0;0m▀[38;2;0;0;0m[49m▀[38;2;159;66;74m[48;2;0;0;0m▀[48;2;159;66;74m▀[38;2;159;66;76m[48;2;159;66;76m▀▀[38;2;0;0;0m[48;2;156;66;76m▀[49m▄ ▀[38;2;154;88;69m[48;2;0;0;0m▀[38;2;231;132;103m[48;2;231;132;103m▀[38;2;255;165;87m[48;2;255;165;87m▀[38;2;0;0;0m▀[48;2;206;111;110m▀▀[48;2;255;165;87m▀[49m▄▄▄  ▀[38;2;255;239;71m[48;2;0;0;0m▀[48;2;255;167;90m▀[48;2;255;239;71m▀[38;2;255;206;79m[48;2;255;206;79m▀[38;2;0;0;0m[48;2;0;0;0m▀[49m   [0m
    [38;2;0;0;0m▄[48;2;255;165;87m▀[38;2;255;165;87m▀[38;2;255;168;90m[48;2;255;168;90m▀▀▀▀▀▀[38;2;255;165;87m[48;2;255;165;87m▀[38;2;0;0;0m▀[49m▄▄ [48;2;0;0;0m▀[38;2;159;66;76m[48;2;159;66;76m▀▀[38;2;159;66;74m[48;2;159;66;74m▀[48;2;0;0;0m▀[38;2;0;0;0m[48;2;156;66;76m▀[49m▄[48;2;206;111;110m▀[38;2;206;111;110m▀[38;2;66;66;66m[48;2;66;66;66m▀[48;2;57;115;185m▀[38;2;255;165;87m[48;2;66;66;66m▀▀[38;2;203;110;107m[48;2;255;165;87m▀[38;2;255;165;87m[48;2;203;110;107m▀[38;2;255;168;90m[48;2;255;168;90m▀▀[38;2;0;0;0m[48;2;255;165;87m▀[49m▄  [38;2;0;0;8m[48;2;0;0;8m▀[38;2;255;165;111m[48;2;170;110;77m▀[38;2;0;0;0m[48;2;0;0;0m▀[49m    [0m
   [38;2;0;0;0m[48;2;0;0;0m▀[38;2;255;165;87m[48;2;255;165;87m▀[38;2;255;168;90m[48;2;255;168;90m▀▀▀▀[38;2;255;165;87m[48;2;255;165;87m▀[48;2;203;110;107m▀▀[48;2;255;165;87m▀[38;2;255;168;90m[48;2;255;168;90m▀▀[38;2;203;112;107m[48;2;203;112;107m▀▀[38;2;0;12;16m[48;2;206;115;110m▀[38;2;69;46;47m▀[38;2;160;66;76m[48;2;66;66;66m▀[48;2;160;66;76m▀[38;2;0;0;0m[48;2;0;0;0m▀[49m [48;2;0;0;0m▀[38;2;206;111;110m[48;2;206;111;110m▀[48;2;66;82;106m▀[38;2;66;82;106m▀[38;2;57;118;185m[48;2;57;118;185m▀▀[38;2;96;159;165m[48;2;57;115;185m▀[48;2;96;159;165m▀[38;2;57;82;89m[48;2;120;115;96m▀[38;2;247;181;111m[48;2;57;82;89m▀[38;2;203;110;107m[48;2;203;110;107m▀[38;2;255;165;87m▀[38;2;255;168;90m[48;2;255;168;90m▀▀[38;2;0;0;0m[48;2;0;0;0m▀[49m ▀[38;2;206;111;110m[48;2;0;0;0m▀[48;2;206;111;110m▀[38;2;0;0;0m[48;2;0;0;0m▀[49m   [0m
    [38;2;0;0;0m[48;2;0;0;0m▀[38;2;255;165;87m[48;2;255;165;87m▀[48;2;203;110;107m▀[48;2;255;165;87m▀[48;2;156;66;76m▀[38;2;107;85;86m[48;2;33;0;1m▀[38;2;255;255;255m[48;2;255;255;255m▀[38;2;239;148;95m▀[48;2;239;148;95m▀[38;2;255;165;87m[48;2;203;110;107m▀[38;2;203;110;107m▀[38;2;206;111;110m[48;2;66;66;66m▀[48;2;206;111;110m▀[38;2;203;112;107m[48;2;203;112;107m▀▀[38;2;192;123;93m[48;2;192;123;93m▀[38;2;66;57;74m[48;2;255;156;103m▀[38;2;154;82;90m[48;2;77;49;53m▀[38;2;0;16;16m▀[38;2;206;111;110m[48;2;206;111;110m▀[48;2;66;66;66m▀[38;2;66;66;66m[48;2;57;115;185m▀[38;2;57;115;185m▀▀[48;2;0;0;0m▀▀▀[38;2;0;0;0m[49m▀▀▀[38;2;255;165;87m[48;2;0;0;0m▀[38;2;203;110;107m[48;2;255;165;87m▀[38;2;255;165;87m[48;2;203;110;107m▀[48;2;255;165;87m▀[38;2;0;0;0m[48;2;0;0;0m▀[49m [48;2;0;0;0m▀[38;2;206;111;110m[48;2;206;111;110m▀[38;2;0;0;0m▀[49m▄  [0m
  [38;2;0;0;0m▄[48;2;255;165;87m▀[38;2;255;165;87m▀▀[38;2;203;110;107m▀[38;2;231;132;103m[48;2;231;132;103m▀[38;2;0;0;0m[48;2;154;88;69m▀[38;2;184;145;120m[48;2;184;145;120m▀[38;2;255;255;255m▀[38;2;203;112;107m[48;2;203;112;107m▀▀[38;2;206;111;110m[48;2;206;111;110m▀[48;2;0;0;0m▀[38;2;0;0;0m[49m▀▀[38;2;206;111;110m[48;2;0;0;0m▀[48;2;206;111;110m▀[38;2;203;112;107m[48;2;203;112;107m▀▀[38;2;255;168;90m[48;2;255;168;90m▀▀[38;2;66;66;66m[48;2;255;165;87m▀▀[38;2;82;74;82m[48;2;247;181;119m▀[48;2;0;20;64m▀[38;2;0;0;0m[49m▀       [38;2;0;0;8m[48;2;0;0;8m▀[38;2;170;110;77m[48;2;255;165;111m▀[38;2;255;165;87m[48;2;203;110;107m▀[48;2;255;165;87m▀[38;2;0;0;0m[48;2;66;66;66m▀[38;2;66;66;66m▀[38;2;203;112;107m[48;2;203;112;107m▀▀[38;2;0;0;0m[48;2;206;111;110m▀[49m▄ [0m
 [38;2;0;0;0m[48;2;0;0;0m▀[38;2;255;165;87m[48;2;255;165;87m▀▀[48;2;156;66;76m▀[38;2;255;168;90m[48;2;255;168;90m▀▀[38;2;255;165;87m[48;2;255;165;87m▀[48;2;203;110;107m▀[38;2;206;111;110m[48;2;66;66;66m▀▀[38;2;66;66;66m[48;2;198;61;94m▀[48;2;154;63;85m▀[38;2;206;111;110m[48;2;206;111;110m▀[38;2;66;66;66m[48;2;66;66;66m▀[38;2;0;0;0m[48;2;159;66;74m▀▀[38;2;160;66;76m[48;2;160;66;76m▀[38;2;66;66;66m[48;2;66;66;66m▀[38;2;203;112;107m[48;2;203;112;107m▀▀[38;2;203;110;107m[48;2;203;110;107m▀[38;2;255;165;87m[48;2;255;165;87m▀▀[48;2;66;66;66m▀[38;2;255;168;90m[48;2;255;168;90m▀▀[38;2;0;4;8m[48;2;247;173;95m▀[48;2;82;60;37m▀[38;2;0;0;0m[49m▄      ▀[38;2;255;165;103m[48;2;8;0;8m▀[38;2;173;110;71m[48;2;255;165;103m▀[38;2;66;66;66m[48;2;206;111;110m▀[38;2;206;111;110m[48;2;66;66;66m▀[38;2;203;112;107m[48;2;203;112;107m▀▀[38;2;206;111;110m[48;2;206;111;110m▀[38;2;0;0;0m[48;2;0;0;0m▀[49m [0m
  [38;2;0;0;0m▀[38;2;206;111;110m[48;2;0;0;0m▀▀[38;2;255;165;111m[48;2;0;0;8m▀[38;2;170;110;77m▀[38;2;0;0;0m[48;2;255;255;255m▀[48;2;0;0;0m▀[38;2;66;66;66m[48;2;192;63;91m▀[38;2;192;63;91m▀[38;2;159;63;76m[48;2;159;63;76m▀[38;2;203;109;110m[48;2;203;109;110m▀[38;2;66;66;66m[48;2;66;66;66m▀[38;2;160;66;76m[48;2;160;66;76m▀[38;2;156;66;76m[48;2;0;0;0m▀[38;2;0;0;0m[49m▀[38;2;71;45;47m[48;2;0;12;16m▀[38;2;214;111;110m[48;2;143;78;79m▀[38;2;156;66;76m[48;2;255;231;191m▀▀[38;2;255;165;87m[48;2;156;66;76m▀▀[38;2;255;168;90m[48;2;255;168;90m▀▀[38;2;66;66;66m[48;2;255;165;87m▀▀[38;2;255;165;87m[48;2;66;66;66m▀[48;2;255;165;87m▀[38;2;255;173;95m[48;2;255;173;95m▀[38;2;0;4;16m[48;2;85;60;42m▀[38;2;0;0;0m[49m▄    ▄[48;2;206;111;110m▀▀[38;2;255;165;95m[48;2;66;61;74m▀[38;2;192;130;88m[48;2;255;165;95m▀[38;2;66;66;66m[48;2;66;66;66m▀[38;2;206;111;110m[48;2;206;111;110m▀[48;2;0;0;0m▀[38;2;0;0;0m[49m▀ [0m
       [38;2;0;0;0m[48;2;0;0;0m▀[38;2;247;255;247m[48;2;82;85;82m▀[38;2;173;57;77m[48;2;200;123;134m▀[48;2;255;255;247m▀[38;2;214;111;110m[48;2;0;12;16m▀[38;2;71;45;47m[48;2;143;78;79m▀[38;2;111;90;95m[48;2;214;181;190m▀[38;2;8;0;0m[48;2;8;0;0m▀[49m  [38;2;0;0;0m[48;2;0;0;0m▀[38;2;255;231;191m[48;2;255;231;191m▀[38;2;252;231;194m[48;2;252;231;194m▀▀▀▀[38;2;165;66;69m[48;2;255;231;167m▀[38;2;225;176;134m[48;2;165;66;69m▀[38;2;255;165;87m[48;2;66;66;66m▀▀[38;2;66;66;66m[48;2;255;165;87m▀[38;2;255;165;87m▀[38;2;255;156;103m[48;2;66;61;66m▀[38;2;66;61;66m[48;2;192;124;91m▀[38;2;206;111;110m[48;2;206;111;110m▀[38;2;0;0;0m▀[38;2;0;4;8m[48;2;77;40;48m▀[48;2;154;75;87m▀[38;2;0;0;0m[48;2;159;66;74m▀[38;2;159;66;74m▀[38;2;203;109;110m[48;2;159;63;76m▀[48;2;203;109;110m▀[38;2;206;107;110m[48;2;140;82;87m▀[38;2;74;58;63m[48;2;206;107;110m▀[38;2;206;111;110m[48;2;206;111;110m▀[48;2;0;0;0m▀[38;2;0;0;0m[49m▀  [0m
        [38;2;0;0;0m▀▀▀ ▀▀ ▄[48;2;206;111;110m▀[38;2;206;111;110m▀[38;2;66;66;66m[48;2;66;66;66m▀[38;2;252;231;194m[48;2;252;231;194m▀▀▀▀[38;2;255;231;191m[48;2;255;231;191m▀[38;2;66;66;66m[48;2;66;66;66m▀[38;2;206;114;88m[48;2;156;63;82m▀[38;2;156;63;82m[48;2;255;165;95m▀[38;2;255;165;87m[48;2;203;110;107m▀[48;2;255;165;87m▀[38;2;66;66;66m[48;2;66;66;66m▀[38;2;255;165;87m[48;2;255;165;87m▀[38;2;203;110;107m▀[48;2;203;110;107m▀[38;2;66;61;66m[48;2;206;99;102m▀[38;2;159;86;90m[48;2;66;61;66m▀[38;2;159;66;76m[48;2;159;66;76m▀▀[38;2;203;109;110m[48;2;159;63;76m▀[38;2;159;63;76m[48;2;203;109;110m▀[38;2;167;110;101m[48;2;247;165;151m▀[48;2;8;0;0m▀[38;2;0;0;0m[49m▀    [0m
               [38;2;0;0;0m[48;2;0;0;0m▀[38;2;206;111;110m[48;2;206;111;110m▀[38;2;203;112;107m[48;2;203;112;107m▀▀[38;2;66;61;66m[48;2;181;136;123m▀[38;2;239;173;151m[48;2;66;61;66m▀[38;2;255;231;191m[48;2;222;189;158m▀▀[38;2;225;187;158m[48;2;225;187;158m▀▀[38;2;66;66;66m[48;2;192;192;181m▀[38;2;255;255;239m[48;2;66;66;66m▀[38;2;74;61;58m[48;2;195;185;157m▀[38;2;255;247;207m[48;2;74;61;58m▀[38;2;66;66;66m[48;2;255;165;87m▀[38;2;255;165;87m▀▀[48;2;203;110;107m▀[38;2;206;111;110m[48;2;206;111;110m▀[38;2;66;66;66m[48;2;66;66;66m▀[38;2;222;189;158m[48;2;0;0;0m▀▀▀[38;2;0;0;0m[49m▀▀      [0m
                [38;2;0;0;0m▀[38;2;206;111;110m[48;2;8;0;0m▀[48;2;140;74;73m▀[38;2;203;112;107m[48;2;203;112;107m▀▀[38;2;66;66;66m[48;2;206;111;110m▀▀[38;2;222;189;158m[48;2;74;63;58m▀[48;2;0;0;8m▀[38;2;222;189;166m[48;2;0;0;0m▀[38;2;74;63;55m▀[38;2;255;165;87m[48;2;203;110;107m▀[48;2;255;165;87m▀▀[48;2;156;66;76m▀[48;2;203;110;107m▀[38;2;203;110;107m▀[38;2;206;111;110m[48;2;0;0;0m▀[38;2;0;0;0m[49m▀           [0m
               [38;2;0;0;0m▄[48;2;255;255;255m▀[38;2;162;118;116m[48;2;115;53;51m▀[48;2;255;247;247m▀[38;2;159;63;76m[48;2;203;109;110m▀▀[38;2;156;66;76m[48;2;0;0;0m▀[38;2;0;0;0m[49m▀▀  ▀[38;2;206;111;110m[48;2;0;0;0m▀[48;2;206;111;110m▀[38;2;203;112;107m[48;2;203;112;107m▀▀▀▀[38;2;0;0;0m[48;2;206;111;110m▀[49m▄           [0m
                [38;2;0;0;0m▀▀▀▀▀      ▄[48;2;255;255;255m▀[38;2;203;109;110m[48;2;159;63;76m▀▀[38;2;203;112;107m[48;2;203;112;107m▀▀[38;2;206;111;110m[48;2;0;0;0m▀[38;2;0;0;0m[49m▀           [0m
                            [38;2;0;0;0m▀[38;2;82;85;82m[48;2;0;0;0m▀[38;2;247;255;247m▀[38;2;82;85;82m▀[38;2;247;255;247m▀[38;2;0;0;0m[49m▀            [0m
                                              [0m
