
[38;2;0;0;0m                                                
[38;2;0;0;0m                                ██              
[38;2;0;0;0m                              ██[38;2;247;107;79m██[38;2;0;0;0m██            
[38;2;0;0;0m                  ████        ██[38;2;247;127;79m██[38;2;0;0;0m██            
[38;2;0;0;0m                ██[38;2;206;74;70m██[38;2;247;107;79m██[38;2;0;0;0m██    ██[38;2;247;107;79m██[38;2;247;127;79m████[38;2;0;0;0m██          
[38;2;0;0;0m              ██[38;2;247;110;79m████[38;2;206;74;70m██[38;2;0;0;0m██    ██[38;2;247;140;79m██[38;2;247;247;47m██[38;2;247;115;79m██[38;2;247;107;79m██[38;2;0;0;0m██        
[38;2;0;0;0m          ████[38;2;247;107;79m██[38;2;247;110;79m████[38;2;0;0;0m██      ██[38;2;247;140;79m██[38;2;247;247;47m██[38;2;247;159;68m██[38;2;247;107;79m██[38;2;0;0;0m██        
[38;2;0;0;0m        ██[38;2;247;107;79m██[38;2;247;110;79m████[38;2;247;107;79m██[38;2;66;66;66m██[38;2;0;0;0m██        ██[38;2;255;255;55m██[38;2;234;166;66m██[38;2;0;0;0m██          
[38;2;0;0;0m      ██[38;2;247;107;79m████[38;2;247;110;79m████[38;2;247;107;79m████[38;2;206;74;70m██[38;2;0;0;0m██      ██[38;2;234;166;66m██[38;2;214;78;78m██[38;2;0;0;0m██          
[38;2;0;0;0m      ██[38;2;247;107;79m████[38;2;247;110;79m████[38;2;247;107;79m████[38;2;255;111;87m██[38;2;8;0;8m██[38;2;0;0;0m        ██[38;2;247;107;79m██[38;2;173;74;61m██[38;2;8;0;8m██[38;2;0;0;0m        
[38;2;0;0;0m    ██[38;2;247;107;79m████[38;2;206;74;70m██[38;2;247;110;79m████[38;2;0;0;0m██[38;2;247;107;79m██[38;2;255;111;87m██[38;2;173;74;61m██[38;2;0;0;0m██        ██[38;2;255;111;87m████[38;2;0;0;0m██      
[38;2;0;0;0m  ██[38;2;247;110;79m████[38;2;247;107;79m██[38;2;164;66;60m██[38;2;239;123;95m██[38;2;80;60;53m██[38;2;255;255;255m██[38;2;231;90;79m██[38;2;206;75;70m████[38;2;82;45;40m██[38;2;0;12;16m██[38;2;0;0;0m      ██[38;2;247;107;79m██████[38;2;0;0;0m██    
[38;2;0;0;0m  ██[38;2;247;110;79m████[38;2;247;107;79m████[38;2;80;60;53m██[38;2;0;28;32m██[38;2;255;255;255m██[38;2;231;90;79m██[38;2;206;75;70m████[38;2;247;111;87m████[38;2;0;0;0m████    ██[38;2;247;107;79m████[38;2;0;0;0m██    
[38;2;0;0;0m    ██[38;2;247;107;79m██[38;2;195;83;75m██[38;2;255;94;79m██[38;2;255;103;79m████[38;2;206;74;70m████[38;2;82;45;58m██[38;2;187;108;88m██[38;2;195;89;75m██[38;2;255;103;79m██[38;2;247;107;79m██[38;2;206;74;70m██[38;2;0;8;8m██[38;2;0;0;0m  ██[38;2;222;86;70m██[38;2;206;75;70m████[38;2;0;0;0m██  
[38;2;0;0;0m      ██[38;2;74;61;66m██[38;2;195;83;75m██[38;2;195;89;75m██[38;2;74;61;66m██[38;2;66;66;66m████[38;2;239;140;103m██[38;2;187;108;88m██[38;2;74;61;66m██[38;2;255;103;79m██[38;2;247;107;79m██[38;2;206;74;70m██[38;2;198;86;78m██[38;2;99;47;43m██[38;2;222;86;70m████[38;2;206;75;70m████[38;2;0;0;0m██  
[38;2;0;0;0m    [38;2;33;0;1m██[38;2;127;86;87m██[38;2;165;66;61m██[38;2;66;66;66m████[38;2;0;0;0m████[38;2;247;214;159m████[38;2;214;181;126m██[38;2;206;74;70m██[38;2;66;66;66m██[38;2;255;94;79m██[38;2;74;61;66m██[38;2;206;74;70m██[38;2;66;66;66m██[38;2;206;74;70m██████[38;2;0;0;0m██    
[38;2;0;0;0m  ██[38;2;222;173;174m██[38;2;127;86;87m██[38;2;165;66;61m████[38;2;0;0;0m██  ██[38;2;247;214;159m██████[38;2;66;66;66m██[38;2;206;74;70m██[38;2;195;83;75m████[38;2;66;66;66m██[38;2;206;74;70m██[38;2;66;66;66m██[38;2;206;74;70m████[38;2;0;0;0m██    
[38;2;0;0;0m  ██[38;2;115;90;87m██[38;2;214;181;174m██[38;2;0;0;0m████  ██[38;2;165;66;61m██[38;2;66;66;66m██[38;2;192;192;168m██[38;2;66;66;58m██[38;2;206;75;70m████[38;2;206;74;70m████[38;2;66;66;66m██[38;2;206;74;70m██[38;2;69;45;45m██[38;2;206;86;86m██[38;2;0;0;0m██      
[38;2;0;0;0m    [38;2;16;0;0m████[38;2;0;0;0m      ██[38;2;165;66;61m████[38;2;66;66;58m██[38;2;255;255;223m██[38;2;206;75;70m████[38;2;206;74;70m██[38;2;66;66;66m██[38;2;206;74;70m████[38;2;69;45;45m██[38;2;0;24;24m██[38;2;0;0;0m        
[38;2;0;0;0m              ██[38;2;214;181;174m██[38;2;115;90;87m██[38;2;165;66;61m██[38;2;0;0;0m██[38;2;206;78;78m████[38;2;66;66;66m██[38;2;206;74;70m██████[38;2;0;0;0m██          
[38;2;0;0;0m                [38;2;16;0;0m████[38;2;0;0;0m██  [38;2;0;16;16m██[38;2;69;37;37m██[38;2;206;74;70m██████[38;2;165;66;61m██[38;2;0;0;0m██          
[38;2;0;0;0m                          ██[38;2;165;66;61m████[38;2;115;90;87m██[38;2;16;0;0m██[38;2;0;0;0m            
[38;2;0;0;0m                          ██[38;2;255;255;255m██[38;2;165;66;61m██[38;2;214;181;174m██[38;2;16;0;0m██[38;2;0;0;0m            
[38;2;0;0;0m                            ██████              
[38;2;0;0;0m                                                [0m
