
[38;2;0;0;0m                                        
[38;2;0;0;0m                  ██████                
[38;2;0;0;0m                ██[38;2;148;189;108m██████[38;2;0;0;0m██████          
[38;2;0;0;0m            ████[38;2;66;66;66m██[38;2;107;131;107m██[38;2;148;189;108m██████████[38;2;0;0;0m████      
[38;2;0;0;0m          [38;2;8;0;16m██[38;2;156;189;124m██[38;2;148;189;108m██████[38;2;107;131;107m██████[38;2;148;189;108m████████[38;2;0;0;0m██    
[38;2;0;0;0m        ██[38;2;57;63;52m██[38;2;107;126;88m██[38;2;107;131;107m██[38;2;148;189;108m██████████[38;2;107;131;107m████[38;2;124;165;100m██[38;2;148;189;108m██[38;2;90;132;98m██[38;2;0;0;0m██  
[38;2;0;0;0m      ██[38;2;148;189;108m██[38;2;148;192;108m████[38;2;148;189;108m██[38;2;107;131;107m██████[38;2;148;189;108m████████[38;2;104;132;96m████[38;2;90;132;98m██[38;2;0;0;0m██  
[38;2;0;0;0m    ██[38;2;148;189;108m████[38;2;148;192;108m████[38;2;148;189;108m████████[38;2;107;131;107m████[38;2;124;165;100m██[38;2;148;189;108m██[38;2;123;165;107m██[38;2;66;66;74m██[38;2;90;132;98m██[38;2;0;0;0m██  
[38;2;0;0;0m    ██[38;2;123;165;99m████[38;2;148;189;108m████████[38;2;148;192;108m████████[38;2;104;132;96m████[38;2;90;132;98m██[38;2;66;66;66m██[38;2;90;132;98m██[38;2;0;0;0m██  
[38;2;0;0;0m    ██[38;2;123;165;99m████[38;2;124;165;100m██████[38;2;148;189;108m██[38;2;148;192;108m████████[38;2;123;165;107m██[38;2;66;66;74m██[38;2;90;132;98m██[38;2;66;66;66m██[38;2;90;132;98m██[38;2;0;0;0m██  
[38;2;0;0;0m    ██[38;2;49;70;81m████[38;2;104;132;93m██[38;2;123;165;107m██████[38;2;123;165;99m████[38;2;148;189;108m████[38;2;90;132;98m██[38;2;66;66;66m██[38;2;90;132;98m██[38;2;66;66;66m██[38;2;90;132;98m██[38;2;0;0;0m██  
[38;2;0;0;0m    ██[38;2;239;255;255m██[38;2;112;132;139m██[38;2;66;66;66m████[38;2;66;66;74m██[38;2;104;132;96m██[38;2;123;165;99m████[38;2;124;165;100m████[38;2;90;132;98m██[38;2;66;66;66m██[38;2;90;132;98m██[38;2;66;66;66m██[38;2;90;132;98m██[38;2;0;0;0m██  
[38;2;0;0;0m    ██[38;2;239;255;255m██[38;2;112;132;139m██[38;2;66;66;66m██[38;2;206;198;198m██[38;2;159;154;154m██[38;2;66;66;66m██[38;2;49;70;81m████[38;2;66;66;66m████[38;2;90;132;98m██[38;2;66;66;66m██[38;2;90;132;98m██[38;2;132;99;60m██[38;2;0;0;0m██    
[38;2;0;0;0m    ██[38;2;49;70;81m████[38;2;66;66;66m██[38;2;136;132;132m██[38;2;206;198;198m██[38;2;66;66;66m██[38;2;239;255;255m██[38;2;112;132;139m██[38;2;66;140;194m██[38;2;66;66;66m██[38;2;90;132;98m██[38;2;66;66;66m██[38;2;90;132;98m██[38;2;132;99;60m██[38;2;0;0;0m██    
[38;2;0;0;0m    ██[38;2;247;198;95m██[38;2;131;99;59m██[38;2;66;66;66m██[38;2;206;198;198m██[38;2;159;154;154m██[38;2;66;66;66m██[38;2;239;255;255m██[38;2;112;132;139m██[38;2;66;140;194m██[38;2;66;66;66m██[38;2;90;132;98m██[38;2;132;99;60m██[38;2;66;66;66m██[38;2;0;0;0m██      
[38;2;0;0;0m  ██[38;2;214;156;78m██[38;2;247;198;95m████[38;2;66;66;66m██[38;2;136;132;132m██[38;2;206;198;198m██[38;2;66;66;66m██[38;2;49;70;81m████[38;2;66;66;66m████[38;2;90;132;98m██[38;2;132;99;60m██[38;2;0;0;0m██        
[38;2;0;0;0m  ██[38;2;247;198;95m██[38;2;214;156;78m██[38;2;0;0;0m████[38;2;206;198;198m██[38;2;189;156;117m██[38;2;63;55;44m██[38;2;247;198;95m██[38;2;131;99;59m██[38;2;123;165;99m████[38;2;90;132;98m██[38;2;0;0;0m██          
[38;2;0;0;0m    ████    ██[38;2;0;4;8m██[38;2;189;156;117m██[38;2;247;198;95m████[38;2;61;82;53m██[38;2;0;0;8m██[38;2;0;0;0m██            
[38;2;0;0;0m              ██[38;2;247;198;95m██[38;2;214;156;78m██[38;2;0;0;0m████                
[38;2;0;0;0m                ████                    
[38;2;0;0;0m                                        [0m
