
[38;2;0;0;0m                                            
[38;2;0;0;0m                        [38;2;49;49;49m██[38;2;0;0;0m                  
[38;2;0;0;0m                      [38;2;49;49;49m██[38;2;115;115;98m██[38;2;49;49;49m████[38;2;0;0;0m              
[38;2;0;0;0m                      [38;2;49;49;49m██[38;2;115;115;98m██████[38;2;49;49;49m████[38;2;0;0;0m          
[38;2;0;0;0m                      [38;2;49;49;49m██[38;2;115;115;98m██████████[38;2;49;49;49m██[38;2;0;0;0m        
[38;2;0;0;0m                    [38;2;49;49;49m██[38;2;82;82;82m██[38;2;115;115;98m██[38;2;49;49;49m██[38;2;115;115;98m████[38;2;82;82;82m██[38;2;49;49;49m██[38;2;0;0;0m        
[38;2;0;0;0m                    [38;2;49;49;49m██[38;2;115;115;98m████[38;2;49;49;49m██████[38;2;82;82;82m████[38;2;49;49;49m██[38;2;0;0;0m      
[38;2;0;0;0m                    [38;2;49;49;49m██[38;2;115;115;98m██[38;2;82;82;82m██[38;2;49;49;49m██[38;2;0;0;0m    [38;2;49;49;49m██[38;2;82;82;82m██[38;2;49;49;49m██[38;2;0;0;0m      
[38;2;0;0;0m              [38;2;49;49;49m████████[38;2;115;115;98m██[38;2;49;49;49m██[38;2;0;0;0m      [38;2;49;49;49m████[38;2;0;0;0m        
[38;2;0;0;0m          [38;2;49;49;49m████[38;2;115;115;98m██[38;2;82;82;82m████████[38;2;49;49;49m██[38;2;0;0;0m              [38;2;49;49;49m██[38;2;0;0;0m  
[38;2;0;0;0m        [38;2;49;49;49m██[38;2;115;115;98m████████[38;2;82;82;82m██████[38;2;49;49;49m████[38;2;0;0;0m          [38;2;49;49;49m████[38;2;0;0;0m  
[38;2;0;0;0m      [38;2;49;49;49m██[38;2;82;82;82m████[38;2;115;115;98m████[38;2;82;82;82m██████████[38;2;255;255;255m██[38;2;49;49;49m██[38;2;0;0;0m    [38;2;49;49;49m██████[38;2;0;0;0m    
[38;2;0;0;0m    [38;2;49;49;49m██[38;2;255;115;115m██[38;2;213;74;98m██[38;2;82;82;82m████[38;2;213;74;98m██[38;2;255;115;115m██[38;2;213;74;98m██[38;2;82;82;82m██████[38;2;255;255;255m████[38;2;49;49;49m██[38;2;0;0;0m  [38;2;49;49;49m██[38;2;82;82;82m██[38;2;49;49;49m██[38;2;0;0;0m    
[38;2;0;0;0m  [38;2;49;49;49m██[38;2;213;74;98m██[38;2;255;115;115m████[38;2;213;74;98m██[38;2;82;82;82m██[38;2;255;255;255m██[38;2;49;49;49m██[38;2;255;255;255m██[38;2;82;82;82m██████[38;2;255;255;255m██[38;2;82;82;82m██[38;2;49;49;49m██[38;2;0;0;0m  [38;2;49;49;49m██████[38;2;0;0;0m    
[38;2;0;0;0m  [38;2;49;49;49m██[38;2;213;74;98m██[38;2;255;115;115m████[38;2;213;74;98m██[38;2;82;82;82m██[38;2;255;255;255m██[38;2;49;49;49m██[38;2;255;255;255m██[38;2;82;82;82m████[38;2;255;255;255m██████[38;2;189;189;189m██[38;2;49;49;49m████[38;2;0;0;0m        
[38;2;0;0;0m    [38;2;49;49;49m██[38;2;255;115;115m██[38;2;139;49;65m████[38;2;82;82;82m██[38;2;213;74;98m██[38;2;255;115;115m██[38;2;213;74;98m██[38;2;82;82;82m████[38;2;255;255;255m████[38;2;82;82;82m████[38;2;74;156;255m██[38;2;49;49;49m██[38;2;0;0;0m        
[38;2;0;0;0m    [38;2;49;49;49m████[38;2;213;74;98m████[38;2;82;82;82m██████████[38;2;189;189;189m████[38;2;255;255;255m████[38;2;82;82;82m██[38;2;74;156;255m██[38;2;49;49;49m██[38;2;0;0;0m        
[38;2;0;0;0m        [38;2;49;49;49m██████[38;2;82;82;82m██████[38;2;189;189;189m██████[38;2;82;82;82m████[38;2;74;156;255m██[38;2;49;49;49m██[38;2;0;0;0m          
[38;2;0;0;0m              [38;2;49;49;49m██[38;2;189;189;189m██[38;2;115;115;98m██[38;2;189;189;189m██[38;2;82;82;82m██[38;2;189;189;189m██[38;2;82;82;82m██[38;2;65;123;197m████[38;2;49;49;49m██[38;2;0;0;0m          
[38;2;0;0;0m                [38;2;49;49;49m██[38;2;106;197;106m██[38;2;82;82;82m██[38;2;106;197;106m██[38;2;82;82;82m██[38;2;65;123;197m████[38;2;49;49;49m██[38;2;0;0;0m            
[38;2;0;0;0m              [38;2;49;49;49m██[38;2;255;230;57m██[38;2;189;164;65m██[38;2;106;197;106m██████[38;2;82;82;82m██[38;2;49;49;49m██[38;2;0;0;0m              
[38;2;0;0;0m                [38;2;49;49;49m██████[38;2;255;230;57m██[38;2;189;164;65m██[38;2;255;230;57m██[38;2;49;49;49m██[38;2;0;0;0m              
[38;2;0;0;0m                      [38;2;49;49;49m██████[38;2;0;0;0m                
[38;2;0;0;0m                                            [0m
