
[38;2;0;0;0m                                      
[38;2;0;0;0m                    [38;2;49;49;49m██████[38;2;0;0;0m            
[38;2;0;0;0m        [38;2;49;49;49m████[38;2;0;0;0m    [38;2;49;49;49m████[38;2;82;82;82m██[38;2;139;197;74m██[38;2;49;49;49m██[38;2;0;0;0m            
[38;2;0;0;0m      [38;2;49;49;49m██[38;2;90;148;57m██[38;2;49;49;49m██[38;2;0;0;0m  [38;2;49;49;49m██[38;2;139;197;74m██[38;2;82;82;82m██[38;2;139;197;74m██[38;2;90;148;57m██[38;2;82;82;82m██[38;2;49;49;49m██[38;2;0;0;0m          
[38;2;0;0;0m      [38;2;49;49;49m██[38;2;90;148;57m██[38;2;49;49;49m██[38;2;0;0;0m  [38;2;49;49;49m██[38;2;139;197;74m██[38;2;74;106;57m██[38;2;139;197;74m██[38;2;74;106;57m██[38;2;139;197;74m██[38;2;49;49;49m██[38;2;0;0;0m          
[38;2;0;0;0m      [38;2;49;49;49m██[38;2;90;148;57m██[38;2;82;82;82m██[38;2;49;49;49m██[38;2;139;197;74m██[38;2;90;148;57m██[38;2;74;106;57m████[38;2;139;197;74m██[38;2;49;49;49m██[38;2;0;0;0m  [38;2;49;49;49m██████[38;2;0;0;0m    
[38;2;0;0;0m        [38;2;49;49;49m██[38;2;139;197;74m██████████[38;2;90;148;57m████[38;2;49;49;49m████[38;2;139;197;74m████[38;2;49;49;49m██[38;2;0;0;0m    
[38;2;0;0;0m      [38;2;49;49;49m██[38;2;139;197;74m██████████████[38;2;74;106;57m██[38;2;139;197;74m██████[38;2;49;49;49m██[38;2;0;0;0m      
[38;2;0;0;0m      [38;2;49;49;49m██[38;2;139;197;74m██[38;2;74;106;57m██████[38;2;139;197;74m██████████[38;2;74;106;57m██[38;2;49;49;49m██[38;2;0;0;0m        
[38;2;0;0;0m    [38;2;49;49;49m██[38;2;90;148;57m██[38;2;74;106;57m██[38;2;139;98;65m██████[38;2;74;106;57m████[38;2;139;197;74m██[38;2;90;148;57m██[38;2;74;106;57m██[38;2;49;49;49m██[38;2;0;0;0m          
[38;2;0;0;0m    [38;2;49;49;49m██[38;2;74;106;57m██[38;2;255;255;255m██[38;2;139;98;65m████[38;2;222;156;98m██████[38;2;74;106;57m██[38;2;139;197;74m██████[38;2;49;49;49m██[38;2;0;0;0m        
[38;2;0;0;0m    [38;2;49;49;49m██[38;2;74;106;57m██[38;2;49;49;49m██[38;2;222;156;98m██████[38;2;255;255;255m██[38;2;222;156;98m████[38;2;90;148;57m██[38;2;139;197;74m████[38;2;49;49;49m██[38;2;0;0;0m        
[38;2;0;0;0m  [38;2;49;49;49m██[38;2;90;148;57m██[38;2;49;49;49m██[38;2;222;156;98m██[38;2;230;98;49m████[38;2;222;156;98m██[38;2;49;49;49m██[38;2;222;156;98m██[38;2;139;98;65m██[38;2;74;106;57m██[38;2;139;197;74m██[38;2;90;148;57m██[38;2;49;49;49m██[38;2;0;0;0m        
[38;2;0;0;0m  [38;2;49;49;49m████[38;2;0;0;0m  [38;2;49;49;49m██[38;2;222;156;98m████████[38;2;139;98;65m████[38;2;74;106;57m██[38;2;82;82;82m██[38;2;49;49;49m██[38;2;0;0;0m          
[38;2;0;0;0m          [38;2;49;49;49m████[38;2;222;156;98m██████[38;2;74;106;57m██[38;2;90;148;57m██[38;2;49;49;49m██[38;2;139;197;74m██[38;2;49;49;49m██[38;2;0;0;0m        
[38;2;0;0;0m        [38;2;49;49;49m██[38;2;82;82;82m██[38;2;115;82;57m██[38;2;82;82;82m██[38;2;189;123;74m██[38;2;74;106;57m██[38;2;82;82;82m██[38;2;49;49;49m██[38;2;0;0;0m  [38;2;49;49;49m████[38;2;0;0;0m        
[38;2;0;0;0m      [38;2;49;49;49m██[38;2;115;82;57m████[38;2;82;82;82m██[38;2;222;156;98m████[38;2;82;82;82m██[38;2;139;98;65m██[38;2;82;82;82m██[38;2;49;49;49m██[38;2;0;0;0m    [38;2;49;49;49m██████[38;2;0;0;0m  
[38;2;0;0;0m      [38;2;49;49;49m██[38;2;115;82;57m██[38;2;82;82;82m██[38;2;222;156;98m██████[38;2;82;82;82m██[38;2;139;98;65m████[38;2;115;82;57m██[38;2;49;49;49m████[38;2;230;98;49m████[38;2;49;49;49m██[38;2;0;0;0m  
[38;2;0;0;0m        [38;2;49;49;49m██[38;2;82;82;82m██[38;2;222;156;98m████████[38;2;82;82;82m██[38;2;139;98;65m████[38;2;82;82;82m██[38;2;139;197;74m██[38;2;90;148;57m██[38;2;49;49;49m██[38;2;0;0;0m    
[38;2;0;0;0m      [38;2;49;49;49m██[38;2;180;180;180m██[38;2;189;123;74m██[38;2;82;82;82m██[38;2;222;156;98m████[38;2;139;98;65m██[38;2;82;82;82m██[38;2;139;98;65m██[38;2;115;82;57m██[38;2;82;82;82m██[38;2;49;49;49m████[38;2;0;0;0m      
[38;2;0;0;0m        [38;2;49;49;49m████████[38;2;82;82;82m██[38;2;189;123;74m██[38;2;222;156;98m██[38;2;82;82;82m████[38;2;49;49;49m██[38;2;0;0;0m          
[38;2;0;0;0m                [38;2;49;49;49m██[38;2;255;255;255m██[38;2;180;180;180m██[38;2;255;255;255m██[38;2;49;49;49m██[38;2;0;0;0m            
[38;2;0;0;0m                  [38;2;49;49;49m██████[38;2;0;0;0m              
[38;2;0;0;0m                                      [0m
