
        [38;2;49;49;49m▄▄                  [0m
        [38;2;49;49;49m[48;2;49;49;49m▀[38;2;197;197;106m[48;2;197;197;106m▀[38;2;49;49;49m▀[49m▄            ▄▄▄ [0m
        [38;2;49;49;49m[48;2;49;49;49m▀[38;2;197;197;106m[48;2;197;197;106m▀[48;2;115;82;57m▀▀[38;2;49;49;49m[48;2;246;246;172m▀[48;2;222;74;90m▀▀▀[48;2;238;164;131m▀[48;2;246;246;172m▀[49m▄▄ ▄[48;2;246;246;172m▀▀[38;2;246;246;172m▀▀[38;2;49;49;49m[48;2;49;49;49m▀[49m [0m
     [38;2;49;49;49m▄▄▄[48;2;115;82;57m▀[38;2;115;82;57m[48;2;246;246;172m▀[38;2;246;246;172m[48;2;222;74;90m▀[38;2;222;74;90m[48;2;115;197;90m▀[48;2;82;82;82m▀[38;2;115;197;90m▀▀▀[38;2;222;74;90m[48;2;115;197;90m▀▀[38;2;238;164;131m[48;2;222;74;90m▀[38;2;246;246;172m[48;2;238;164;131m▀[38;2;49;49;49m[48;2;139;139;90m▀[38;2;246;246;172m[48;2;246;246;172m▀▀▀▀[38;2;49;49;49m[48;2;49;49;49m▀[49m  [0m
     [38;2;49;49;49m[48;2;49;49;49m▀[38;2;246;246;172m[48;2;197;197;106m▀[38;2;197;197;106m[48;2;246;246;172m▀[38;2;82;82;82m[48;2;222;74;90m▀[38;2;222;74;90m[48;2;115;197;90m▀[38;2;115;197;90m[48;2;82;82;82m▀[38;2;82;82;82m[48;2;246;246;172m▀[38;2;197;197;106m▀[38;2;246;246;172m▀[48;2;82;82;82m▀[38;2;197;197;106m▀[38;2;82;82;82m[48;2;197;197;106m▀[48;2;82;82;82m▀[38;2;115;197;90m▀[38;2;222;74;90m[48;2;115;197;90m▀[38;2;246;246;172m[48;2;238;164;131m▀[38;2;139;139;90m[48;2;246;246;172m▀[38;2;246;246;172m[48;2;139;139;90m▀▀[38;2;49;49;49m[48;2;49;49;49m▀[49m   [0m
     [38;2;49;49;49m▄[48;2;115;197;90m▀[38;2;222;74;90m▀▀[38;2;82;82;82m[48;2;82;82;82m▀[38;2;139;98;65m[48;2;255;255;255m▀[48;2;139;98;65m▀[48;2;115;82;57m▀[38;2;115;82;57m[48;2;255;255;255m▀[38;2;49;49;49m[48;2;49;49;49m▀[38;2;255;255;255m[48;2;255;255;255m▀[38;2;180;189;180m[48;2;180;189;180m▀[38;2;197;197;106m[48;2;82;82;82m▀[38;2;82;82;82m▀[38;2;115;197;90m[48;2;115;197;90m▀[38;2;222;74;90m[48;2;115;82;57m▀[38;2;115;82;57m[48;2;246;246;172m▀[38;2;197;197;106m[48;2;115;82;57m▀[48;2;197;197;106m▀[38;2;49;49;49m[48;2;139;139;90m▀[49m▄  [0m
    [38;2;49;49;49m▄[48;2;115;197;90m▀[38;2;82;82;82m[48;2;82;82;82m▀[38;2;115;197;90m▀[38;2;82;82;82m[48;2;90;131;74m▀[38;2;180;189;180m[48;2;82;82;82m▀[38;2;255;255;255m▀[38;2;222;74;90m[48;2;255;255;255m▀[38;2;255;255;255m▀▀[48;2;180;189;180m▀[38;2;180;189;180m▀▀[48;2;82;82;82m▀▀[38;2;82;82;82m[48;2;222;74;90m▀[38;2;246;246;172m[48;2;115;82;57m▀[48;2;246;246;172m▀[48;2;82;82;82m▀[38;2;115;82;57m[48;2;222;74;90m▀[38;2;197;197;106m▀[38;2;49;49;49m[48;2;49;49;49m▀[49m  [0m
   [38;2;49;49;49m▄[48;2;115;197;90m▀[38;2;90;131;74m[48;2;255;255;255m▀[38;2;255;255;255m▀[38;2;82;82;82m[48;2;180;189;180m▀▀[48;2;49;49;49m▀[38;2;180;189;180m▀[38;2;82;82;82m[48;2;82;82;82m▀[38;2;180;189;180m▀[48;2;180;189;180m▀[48;2;82;82;82m▀[38;2;82;82;82m[48;2;90;131;74m▀[38;2;180;189;180m[48;2;82;82;82m▀▀[38;2;82;82;82m[48;2;115;197;90m▀[38;2;115;197;90m▀[38;2;222;74;90m▀[38;2;82;82;82m▀[38;2;115;197;90m[48;2;82;82;82m▀▀[48;2;115;197;90m▀[38;2;49;49;49m[48;2;49;49;49m▀[49m  [0m
  [38;2;49;49;49m▄[48;2;115;82;57m▀[38;2;255;255;255m[48;2;180;189;180m▀▀[38;2;180;189;180m▀▀[38;2;49;49;49m[48;2;49;49;49m▀[49m  ▀[38;2;180;189;180m[48;2;49;49;49m▀[38;2;82;82;82m[48;2;180;189;180m▀[38;2;90;131;74m[48;2;82;82;82m▀[38;2;82;82;82m[48;2;180;189;180m▀▀[38;2;197;197;106m[48;2;82;82;82m▀[38;2;82;82;82m[48;2;197;197;106m▀[38;2;115;197;90m[48;2;82;82;82m▀▀[38;2;82;82;82m[48;2;115;197;90m▀[38;2;115;197;90m▀[48;2;90;131;74m▀[38;2;49;49;49m[48;2;115;197;90m▀[49m▄  [0m
 [38;2;49;49;49m[48;2;49;49;49m▀[38;2;115;82;57m▀[38;2;82;82;82m▀[38;2;115;82;57m[48;2;115;82;57m▀[38;2;180;189;180m[48;2;49;49;49m▀▀[38;2;49;49;49m[49m▀  ▄[48;2;139;139;90m▀[38;2;82;82;82m[48;2;197;197;106m▀[38;2;180;189;180m[48;2;82;82;82m▀[48;2;180;189;180m▀[48;2;82;82;82m▀[38;2;82;82;82m[48;2;197;197;106m▀[38;2;197;197;106m[48;2;139;139;90m▀▀[38;2;139;139;90m[48;2;246;246;172m▀[38;2;82;82;82m[48;2;49;49;49m▀[38;2;90;131;74m▀[38;2;115;197;90m[48;2;115;197;90m▀▀[38;2;82;82;82m[48;2;90;131;74m▀[38;2;49;49;49m[48;2;115;197;90m▀[49m▄ [0m
   [38;2;49;49;49m▀▀   ▄[48;2;115;82;57m▀▀[38;2;197;197;106m[48;2;82;82;82m▀[38;2;139;139;90m[48;2;197;197;106m▀[48;2;49;49;49m▀[38;2;82;82;82m▀[38;2;49;49;49m[49m▀▀[38;2;246;246;172m[48;2;49;49;49m▀[48;2;139;139;90m▀[38;2;197;197;106m▀[38;2;49;49;49m[48;2;246;246;172m▀[49m▄[48;2;139;98;65m▀[38;2;90;131;74m[48;2;82;82;82m▀[38;2;115;197;90m▀[38;2;90;131;74m[48;2;49;49;49m▀[38;2;49;49;49m[49m▀ [0m
         [38;2;49;49;49m▀▀▀▀    [48;2;49;49;49m▀[38;2;246;246;172m[48;2;139;98;65m▀[48;2;115;82;57m▀[38;2;197;197;106m[48;2;139;98;65m▀[38;2;82;82;82m[48;2;49;49;49m▀[38;2;139;98;65m▀[38;2;49;49;49m[49m▀[38;2;139;98;65m[48;2;49;49;49m▀[38;2;49;49;49m[49m▀  [0m
                  [38;2;49;49;49m▀▀▀       [0m
