
        [38;2;0;0;0m▄         [0m
       [38;2;0;0;0m[48;2;0;0;0m▀[38;2;255;189;79m[48;2;255;189;79m▀[38;2;0;0;0m[48;2;0;0;0m▀[49m        [0m
     [38;2;0;0;0m▄[48;2;66;66;66m▀[38;2;255;168;90m[48;2;255;168;90m▀▀[38;2;255;173;95m[48;2;255;173;95m▀[38;2;0;4;16m[48;2;85;60;42m▀[38;2;0;0;0m[49m▄      [0m
   [38;2;0;0;0m▄[48;2;198;239;222m▀[38;2;181;115;61m[48;2;222;239;214m▀[38;2;195;156;112m[48;2;181;115;61m▀▀[38;2;181;115;61m[48;2;222;239;214m▀[38;2;255;165;87m[48;2;160;111;64m▀▀[38;2;119;119;107m[48;2;214;239;214m▀[38;2;24;0;0m▀[38;2;0;0;0m[49m▄    [0m
  [38;2;0;0;0m[48;2;0;0;0m▀[38;2;197;226;221m[48;2;197;226;221m▀[38;2;140;198;188m[48;2;255;255;255m▀[38;2;198;239;222m[48;2;99;115;128m▀▀[38;2;203;212;214m[48;2;99;127;131m▀[48;2;255;255;255m▀[38;2;198;239;222m[48;2;99;120;133m▀[48;2;148;180;178m▀[38;2;137;194;191m[48;2;198;239;222m▀[38;2;198;239;222m▀▀[38;2;0;0;0m[48;2;0;0;0m▀[49m   [0m
 [38;2;16;0;0m[48;2;16;0;0m▀[38;2;255;239;191m[48;2;175;159;127m▀[38;2;198;239;222m[48;2;198;239;222m▀[38;2;66;66;66m▀[38;2;198;239;219m[48;2;198;239;219m▀▀[38;2;198;239;222m[48;2;198;239;222m▀[38;2;66;66;66m▀[38;2;198;239;219m[48;2;198;239;219m▀▀▀▀[38;2;198;239;222m[48;2;255;165;87m▀[48;2;198;239;222m▀[38;2;0;0;0m[48;2;0;0;0m▀[49m  [0m
 [38;2;0;0;0m▀[38;2;255;165;87m[48;2;0;0;0m▀[38;2;90;99;98m[48;2;156;192;180m▀[38;2;189;239;221m[48;2;90;99;98m▀▀[38;2;156;192;180m▀[38;2;203;204;203m[48;2;99;103;99m▀[38;2;99;103;99m[48;2;255;255;255m▀[38;2;90;99;98m[48;2;118;159;163m▀[48;2;132;189;196m▀[38;2;255;222;167m[48;2;123;90;67m▀[38;2;211;178;134m[48;2;211;178;134m▀[38;2;255;189;79m[48;2;255;189;79m▀[38;2;0;0;0m[48;2;0;0;0m▀[49m   [0m
   [38;2;0;0;0m▀[38;2;115;148;171m[48;2;0;0;0m▀[38;2;255;255;255m[48;2;112;151;176m▀▀[38;2;247;255;255m[48;2;107;148;171m▀[38;2;107;148;171m[48;2;154;184;199m▀[38;2;137;192;191m[48;2;137;192;191m▀▀[38;2;181;181;157m[48;2;181;181;157m▀[48;2;0;0;0m▀[38;2;0;0;0m[49m▀    [0m
     [38;2;0;0;0m▀[38;2;140;189;188m[48;2;0;0;0m▀[38;2;137;192;191m[48;2;137;192;191m▀▀▀[48;2;66;66;66m▀[38;2;66;66;66m[48;2;82;156;202m▀[38;2;82;156;202m[48;2;77;126;157m▀[38;2;8;4;0m[48;2;90;156;202m▀[48;2;35;55;67m▀[38;2;0;0;0m[49m▄  [0m
     [38;2;0;0;0m[48;2;0;0;0m▀[38;2;115;107;115m[48;2;115;107;115m▀[38;2;57;70;73m[48;2;222;231;150m▀[38;2;167;177;124m[48;2;57;70;73m▀▀[38;2;57;70;73m[48;2;222;231;150m▀[38;2;132;82;68m[48;2;132;82;68m▀[38;2;82;156;202m▀[38;2;96;129;163m[48;2;156;90;68m▀[38;2;66;148;210m▀[38;2;0;0;0m▀[49m▄ [0m
    [38;2;0;0;0m[48;2;0;0;0m▀[38;2;131;152;163m[48;2;214;239;246m▀[38;2;49;66;81m[48;2;131;152;163m▀[38;2;82;71;45m[48;2;0;0;8m▀[38;2;247;214;119m▀[38;2;255;231;119m[48;2;0;0;0m▀[38;2;170;154;79m▀[38;2;148;154;128m[48;2;74;70;58m▀[38;2;74;70;58m[48;2;222;239;198m▀[38;2;66;61;66m[48;2;140;189;188m▀[48;2;91;104;107m▀[38;2;140;189;188m[48;2;140;189;188m▀[38;2;0;0;0m[48;2;0;0;0m▀[49m [0m
     [38;2;0;0;0m▀▀    ▀[38;2;140;189;188m[48;2;0;0;0m▀[38;2;255;255;255m▀[38;2;0;0;0m[49m▀▀  [0m
                  [0m
