
[38;2;0;0;0m                                  
[38;2;0;0;0m                  [38;2;49;49;49m████████[38;2;0;0;0m        
[38;2;0;0;0m              [38;2;49;49;49m████[38;2;90;197;90m████████[38;2;49;49;49m████[38;2;0;0;0m    
[38;2;0;0;0m            [38;2;49;49;49m██[38;2;90;197;90m██████████████[38;2;57;148;57m██[38;2;49;49;49m██[38;2;0;0;0m  
[38;2;0;0;0m          [38;2;49;49;49m██[38;2;57;148;57m██[38;2;90;197;90m████████[38;2;57;148;57m██[38;2;49;49;49m██████[38;2;0;0;0m    
[38;2;0;0;0m        [38;2;49;49;49m██[38;2;82;82;82m██[38;2;90;197;90m██[38;2;82;82;82m██████[38;2;49;49;49m████[38;2;0;0;0m          
[38;2;0;0;0m      [38;2;49;49;49m██[38;2;172;255;115m██[38;2;106;164;82m██[38;2;82;82;82m██[38;2;172;255;115m██[38;2;139;197;82m██[38;2;49;49;49m██[38;2;0;0;0m              
[38;2;0;0;0m    [38;2;49;49;49m██[38;2;139;197;82m██[38;2;172;255;115m████████████[38;2;49;49;49m██[38;2;0;0;0m            
[38;2;0;0;0m  [38;2;49;49;49m██[38;2;255;255;255m██[38;2;172;255;115m██[38;2;222;255;189m██[38;2;172;255;115m████[38;2;106;164;82m████[38;2;172;255;115m██[38;2;49;49;49m██[38;2;0;0;0m            
[38;2;0;0;0m  [38;2;49;49;49m██[38;2;238;90;131m██[38;2;172;255;115m██████[38;2;139;197;82m██[38;2;197;32;16m██[38;2;255;255;255m██[38;2;106;164;82m██[38;2;172;255;115m██[38;2;49;49;49m██[38;2;0;0;0m          
[38;2;0;0;0m  [38;2;49;49;49m██[38;2;197;32;16m██[38;2;172;255;115m██████[38;2;255;255;255m██[38;2;238;90;131m██[38;2;255;255;255m██[38;2;139;197;82m██[38;2;172;255;115m██[38;2;49;49;49m██[38;2;0;0;0m          
[38;2;0;0;0m  [38;2;49;49;49m██[38;2;172;255;115m██[38;2;139;197;82m██[38;2;172;255;115m████[38;2;197;32;16m██[38;2;238;90;131m██[38;2;255;255;255m██[38;2;172;255;115m████[38;2;57;148;57m██[38;2;49;49;49m████[38;2;0;0;0m      
[38;2;0;0;0m    [38;2;49;49;49m██[38;2;172;255;115m██[38;2;106;164;82m██[38;2;139;197;82m██[38;2;172;255;115m██████████[38;2;139;197;82m██[38;2;82;82;82m██[38;2;139;197;82m██[38;2;49;49;49m██[38;2;0;0;0m    
[38;2;0;0;0m  [38;2;49;49;49m██[38;2;57;148;57m██[38;2;172;255;115m██████████████[38;2;57;148;57m██[38;2;139;197;82m████[38;2;82;82;82m██[38;2;49;49;49m██[38;2;0;0;0m    
[38;2;0;0;0m    [38;2;82;82;82m██[38;2;172;255;115m██[38;2;57;148;57m██[38;2;172;255;115m████[38;2;57;148;57m██[38;2;172;255;115m██[38;2;139;197;82m██████████[38;2;49;49;49m██[38;2;0;0;0m    
[38;2;0;0;0m    [38;2;49;49;49m██[38;2;106;164;82m██[38;2;172;255;115m████[38;2;139;197;82m████████████████[38;2;49;49;49m██[38;2;0;0;0m    
[38;2;0;0;0m    [38;2;49;49;49m██[38;2;189;189;205m██[38;2;90;131;65m██[38;2;139;197;82m████████[38;2;106;164;82m██[38;2;139;197;82m████[38;2;82;82;82m██[38;2;255;255;255m██[38;2;49;49;49m██[38;2;0;0;0m    
[38;2;0;0;0m      [38;2;49;49;49m██████[38;2;106;164;82m██[38;2;139;197;82m████[38;2;90;131;65m██[38;2;139;197;82m██[38;2;49;49;49m██████[38;2;0;0;0m      
[38;2;0;0;0m            [38;2;49;49;49m██[38;2;255;255;255m██[38;2;106;164;82m██[38;2;49;49;49m████[38;2;0;0;0m            
[38;2;0;0;0m              [38;2;49;49;49m████[38;2;0;0;0m                
[38;2;0;0;0m                                  [0m
