
[38;2;0;0;0m                                          
[38;2;0;0;0m              [38;2;49;49;49m████[38;2;0;0;0m                        
[38;2;0;0;0m              [38;2;49;49;49m██[38;2;230;148;65m██[38;2;49;49;49m████[38;2;0;0;0m                    
[38;2;0;0;0m                [38;2;49;49;49m██[38;2;230;148;65m██[38;2;189;115;65m██[38;2;49;49;49m██[38;2;0;0;0m                  
[38;2;0;0;0m              [38;2;49;49;49m██[38;2;230;148;65m██████[38;2;49;49;49m██[38;2;0;0;0m                  
[38;2;0;0;0m            [38;2;49;49;49m██[38;2;82;82;82m██[38;2;189;115;65m██[38;2;230;148;65m██[38;2;189;115;65m██[38;2;49;49;49m██[38;2;0;0;0m                  
[38;2;0;0;0m      [38;2;49;49;49m██[38;2;0;0;0m  [38;2;49;49;49m██[38;2;230;148;65m████████████[38;2;49;49;49m██[38;2;0;0;0m                
[38;2;0;0;0m    [38;2;49;49;49m██[38;2;222;197;115m██[38;2;49;49;49m██[38;2;230;148;65m██████[38;2;189;115;65m██[38;2;230;148;65m████████[38;2;49;49;49m██████[38;2;0;0;0m          
[38;2;0;0;0m    [38;2;49;49;49m██[38;2;222;197;115m██[38;2;82;82;82m██[38;2;230;148;65m██[38;2;189;115;65m████[38;2;246;230;164m██[38;2;189;115;65m██[38;2;230;148;65m██████[38;2;82;82;82m██[38;2;246;230;164m██[38;2;189;156;82m██[38;2;49;49;49m██[38;2;0;0;0m        
[38;2;0;0;0m    [38;2;49;49;49m██[38;2;189;156;82m██[38;2;246;230;164m██[38;2;189;115;65m██[38;2;222;197;115m██[38;2;246;230;164m████████[38;2;230;148;65m██[38;2;82;82;82m██[38;2;246;230;164m██████[38;2;49;49;49m██[38;2;0;0;0m        
[38;2;0;0;0m      [38;2;49;49;49m██[38;2;238;106;82m██[38;2;246;230;164m██████[38;2;238;106;82m████[38;2;246;230;164m████[38;2;82;82;82m██[38;2;246;230;164m██[38;2;238;106;82m██[38;2;246;230;164m██[38;2;49;49;49m██[38;2;0;0;0m        
[38;2;0;0;0m      [38;2;49;49;49m██[38;2;230;148;65m██[38;2;246;230;164m████[38;2;222;197;115m██[38;2;255;255;255m██[38;2;213;213;213m██[38;2;238;106;82m██[38;2;246;230;164m████[38;2;197;74;57m██[38;2;238;106;82m██[38;2;246;230;164m██[38;2;49;49;49m██[38;2;0;0;0m    [38;2;197;74;57m██[38;2;0;0;0m  
[38;2;0;0;0m        [38;2;49;49;49m██[38;2;246;230;164m████[38;2;222;197;115m██[38;2;82;82;82m██[38;2;255;255;255m██[38;2;230;148;65m██[38;2;246;230;164m████[38;2;197;74;57m██[38;2;246;230;164m██[38;2;49;49;49m██[38;2;0;0;0m  [38;2;197;74;57m████[38;2;0;0;0m    
[38;2;0;0;0m        [38;2;49;49;49m██[38;2;246;230;164m██████[38;2;49;49;49m██[38;2;255;255;255m██[38;2;222;197;115m████[38;2;189;156;82m██[38;2;49;49;49m████[38;2;0;0;0m  [38;2;197;74;57m██[38;2;255;90;57m██[38;2;197;74;57m██[38;2;0;0;0m    
[38;2;0;0;0m        [38;2;49;49;49m██[38;2;82;82;82m██[38;2;246;230;164m████[38;2;189;156;82m████[38;2;222;197;115m██[38;2;82;82;82m██[38;2;49;49;49m██[38;2;0;0;0m      [38;2;197;74;57m██[38;2;255;90;57m████[38;2;197;74;57m██[38;2;0;0;0m  
[38;2;0;0;0m    [38;2;49;49;49m████[38;2;189;115;65m████[38;2;82;82;82m██[38;2;222;197;115m████[38;2;82;82;82m████[38;2;189;115;65m██[38;2;230;148;65m██[38;2;49;49;49m████[38;2;197;74;57m██[38;2;255;90;57m██[38;2;255;148;57m██[38;2;255;90;57m██[38;2;197;74;57m██[38;2;0;0;0m  
[38;2;0;0;0m  [38;2;49;49;49m██[38;2;189;156;82m██[38;2;222;197;115m██[38;2;189;115;65m██[38;2;49;49;49m██████[38;2;82;82;82m██[38;2;189;115;65m██[38;2;222;197;115m██[38;2;82;82;82m████[38;2;230;148;65m██[38;2;189;115;65m██[38;2;49;49;49m██[38;2;255;148;57m██[38;2;246;205;65m██[38;2;197;74;57m██[38;2;0;0;0m    
[38;2;0;0;0m  [38;2;49;49;49m██[38;2;222;197;115m██[38;2;189;156;82m██[38;2;49;49;49m██[38;2;0;0;0m      [38;2;49;49;49m██[38;2;82;82;82m██[38;2;246;230;164m██[38;2;222;197;115m██[38;2;230;148;65m██[38;2;82;82;82m██[38;2;230;148;65m████[38;2;49;49;49m██[38;2;246;205;65m██[38;2;197;74;57m██[38;2;0;0;0m    
[38;2;0;0;0m    [38;2;49;49;49m████[38;2;0;0;0m      [38;2;49;49;49m██[38;2;189;115;65m██[38;2;82;82;82m██[38;2;222;197;115m██[38;2;246;230;164m██[38;2;222;197;115m██[38;2;189;115;65m██[38;2;82;82;82m██[38;2;246;230;164m██[38;2;189;156;82m██[38;2;49;49;49m██[38;2;0;0;0m      
[38;2;0;0;0m              [38;2;49;49;49m██[38;2;82;82;82m██[38;2;189;115;65m██[38;2;82;82;82m██[38;2;246;230;164m██[38;2;189;115;65m██[38;2;230;148;65m██[38;2;82;82;82m██[38;2;222;197;115m██[38;2;246;230;164m██[38;2;49;49;49m██[38;2;0;0;0m      
[38;2;0;0;0m                [38;2;49;49;49m████████[38;2;189;115;65m██[38;2;230;148;65m████[38;2;82;82;82m██[38;2;49;49;49m██[38;2;0;0;0m        
[38;2;0;0;0m                        [38;2;49;49;49m██[38;2;246;230;164m██[38;2;189;156;82m██[38;2;246;230;164m██[38;2;49;49;49m██[38;2;0;0;0m        
[38;2;0;0;0m                          [38;2;49;49;49m██████[38;2;0;0;0m          
[38;2;0;0;0m                                          [0m
