
[38;2;0;0;0m                                                  
[38;2;0;0;0m                                [38;2;49;49;49m████[38;2;0;0;0m              
[38;2;0;0;0m                          [38;2;49;49;49m██████[38;2;213;98;74m████[38;2;49;49;49m██[38;2;0;0;0m            
[38;2;0;0;0m                        [38;2;49;49;49m██[38;2;255;255;255m██[38;2;246;106;65m████[38;2;82;82;82m██[38;2;255;255;255m██[38;2;213;98;74m██[38;2;49;49;49m██[38;2;0;0;0m          
[38;2;0;0;0m                      [38;2;49;49;49m██[38;2;255;255;255m██████[38;2;246;106;65m████[38;2;82;82;82m██[38;2;213;98;74m██[38;2;49;49;49m██[38;2;0;0;0m          
[38;2;0;0;0m                      [38;2;49;49;49m██[38;2;246;106;65m██[38;2;255;255;255m████[38;2;246;106;65m████[38;2;49;49;49m████[38;2;0;0;0m            
[38;2;0;0;0m                    [38;2;49;49;49m████[38;2;213;98;74m██[38;2;255;255;255m████[38;2;246;106;65m██[38;2;49;49;49m██[38;2;0;0;0m      [38;2;49;49;49m████[38;2;0;0;0m      
[38;2;0;0;0m                    [38;2;49;49;49m██[38;2;213;98;74m████[38;2;0;0;0m██[38;2;49;49;49m████[38;2;0;0;0m    [38;2;49;49;49m████[38;2;213;98;74m████[38;2;49;49;49m██[38;2;0;0;0m    
[38;2;0;0;0m            [38;2;49;49;49m██████████[38;2;213;98;74m██[38;2;82;82;82m██[38;2;49;49;49m██[38;2;0;0;0m    [38;2;49;49;49m████[38;2;246;106;65m████[38;2;82;82;82m██[38;2;255;255;255m██[38;2;213;98;74m██[38;2;49;49;49m██[38;2;0;0;0m  
[38;2;0;0;0m        [38;2;49;49;49m████[38;2;255;230;57m████████[38;2;82;82;82m████[38;2;255;230;57m████[38;2;49;49;49m████[38;2;255;255;255m██████[38;2;246;106;65m████[38;2;82;82;82m██[38;2;213;98;74m██[38;2;49;49;49m██[38;2;0;0;0m  
[38;2;0;0;0m      [38;2;49;49;49m██[38;2;255;230;57m██[38;2;255;255;255m████[38;2;255;230;57m████████[38;2;189;164;65m██[38;2;82;82;82m██[38;2;189;164;65m██[38;2;213;98;74m████[38;2;246;106;65m██[38;2;255;255;255m██████[38;2;246;106;65m██[38;2;49;49;49m████[38;2;0;0;0m    
[38;2;0;0;0m    [38;2;49;49;49m██[38;2;255;230;57m████[38;2;255;255;255m████[38;2;255;230;57m██████████[38;2;82;82;82m████[38;2;49;49;49m██[38;2;213;98;74m████[38;2;255;255;255m██[38;2;0;0;0m██[38;2;49;49;49m████[38;2;0;0;0m        
[38;2;0;0;0m  [38;2;49;49;49m██[38;2;82;82;82m██[38;2;255;230;57m████████████████████[38;2;49;49;49m██[38;2;0;0;0m  [38;2;49;49;49m██████[38;2;0;0;0m              
[38;2;0;0;0m  [38;2;49;49;49m██[38;2;189;164;65m██[38;2;82;82;82m██[38;2;255;230;57m████████████████[38;2;82;82;82m██[38;2;49;49;49m██[38;2;0;0;0m                      
[38;2;0;0;0m  [38;2;49;49;49m██[38;2;82;82;82m██[38;2;49;49;49m██[38;2;255;230;57m██████[38;2;82;82;82m██[38;2;255;230;57m██████[38;2;82;82;82m██[38;2;255;230;57m████[38;2;49;49;49m██[38;2;0;0;0m                    
[38;2;0;0;0m    [38;2;49;49;49m██[38;2;189;164;65m██[38;2;82;82;82m██[38;2;189;164;65m██[38;2;255;230;57m██[38;2;49;49;49m██[38;2;189;164;65m██[38;2;82;82;82m██[38;2;148;131;65m██[38;2;189;164;65m██[38;2;255;230;57m██[38;2;189;164;65m██[38;2;49;49;49m██[38;2;0;0;0m                    
[38;2;0;0;0m      [38;2;49;49;49m██[38;2;189;164;65m██[38;2;82;82;82m████████████[38;2;189;164;65m██[38;2;49;49;49m████[38;2;0;0;0m                      
[38;2;0;0;0m        [38;2;49;49;49m████[38;2;189;164;65m██████[38;2;82;82;82m██[38;2;189;164;65m██[38;2;49;49;49m████[38;2;0;0;0m                        
[38;2;0;0;0m            [38;2;49;49;49m██████████[38;2;189;164;65m██[38;2;49;49;49m██[38;2;0;0;0m                        
[38;2;0;0;0m                    [38;2;49;49;49m████[38;2;0;0;0m                          
[38;2;0;0;0m                                                  [0m
