
[38;2;0;0;0m                                                    
[38;2;0;0;0m                      [38;2;49;49;49m████[38;2;0;0;0m                          
[38;2;0;0;0m                    [38;2;49;49;49m██[38;2;255;164;8m██[38;2;49;49;49m██[38;2;0;0;0m  [38;2;49;49;49m████[38;2;0;0;0m                    
[38;2;0;0;0m                  [38;2;49;49;49m██[38;2;255;164;8m██[38;2;49;49;49m██[38;2;0;0;0m  [38;2;49;49;49m██[38;2;255;164;8m██[38;2;49;49;49m██[38;2;0;0;0m                    
[38;2;0;0;0m            [38;2;49;49;49m████[38;2;0;0;0m  [38;2;49;49;49m██[38;2;255;164;8m██[38;2;49;49;49m████[38;2;255;164;8m██[38;2;49;49;49m██[38;2;0;0;0m                      
[38;2;0;0;0m        [38;2;49;49;49m████[38;2;98;189;255m████[38;2;49;49;49m██[38;2;255;164;8m██[38;2;82;82;82m████[38;2;255;164;8m██[38;2;82;82;82m██[38;2;49;49;49m██[38;2;0;0;0m                      
[38;2;0;0;0m      [38;2;49;49;49m██[38;2;98;189;255m██[38;2;98;98;98m████[38;2;98;189;255m██[38;2;82;82;82m██[38;2;255;164;8m██[38;2;82;82;82m██[38;2;255;164;8m██[38;2;164;98;0m██[38;2;98;189;255m██[38;2;82;82;82m██[38;2;49;49;49m████[38;2;0;0;0m                  
[38;2;0;0;0m    [38;2;49;49;49m██[38;2;164;222;255m██[38;2;98;189;255m████[38;2;98;98;98m██[38;2;82;82;82m██[38;2;255;164;8m██[38;2;164;98;0m██[38;2;98;189;255m██[38;2;255;164;8m██[38;2;82;131;205m██[38;2;98;189;255m██[38;2;164;222;255m██[38;2;98;98;98m██[38;2;98;189;255m██[38;2;49;49;49m██[38;2;0;0;0m      [38;2;49;49;49m████[38;2;0;0;0m      
[38;2;0;0;0m    [38;2;49;49;49m██[38;2;98;189;255m████████[38;2;82;82;82m██[38;2;255;164;8m██[38;2;98;189;255m██[38;2;255;164;8m██[38;2;164;98;0m██[38;2;98;189;255m██[38;2;82;131;205m██[38;2;98;189;255m████[38;2;98;98;98m██[38;2;98;189;255m██[38;2;49;49;49m██[38;2;0;0;0m  [38;2;49;49;49m██[38;2;98;98;98m██[38;2;49;49;49m██████[38;2;0;0;0m  
[38;2;0;0;0m  [38;2;49;49;49m██[38;2;98;189;255m████████[38;2;82;131;205m██[38;2;82;82;82m██[38;2;98;189;255m████[38;2;255;164;8m██[38;2;98;189;255m██████[38;2;82;131;205m██[38;2;98;189;255m██[38;2;98;98;98m██[38;2;98;189;255m██[38;2;82;131;205m██[38;2;49;49;49m██[38;2;82;82;82m██[38;2;98;98;98m██████[38;2;49;49;49m██[38;2;0;0;0m  
[38;2;0;0;0m  [38;2;49;49;49m██[38;2;98;189;255m████[38;2;82;131;205m██[38;2;82;82;82m████[38;2;98;189;255m██[38;2;164;222;255m██[38;2;98;189;255m██[38;2;164;98;0m██[38;2;82;131;205m██[38;2;98;189;255m████[38;2;82;131;205m██[38;2;98;189;255m████[38;2;98;98;98m██[38;2;98;189;255m██[38;2;98;98;98m██[38;2;82;82;82m████[38;2;49;49;49m████[38;2;0;0;0m    
[38;2;0;0;0m  [38;2;49;49;49m██[38;2;98;189;255m██[38;2;49;49;49m████[38;2;164;98;0m██[38;2;82;82;82m██[38;2;98;189;255m██████[38;2;82;131;205m██[38;2;98;189;255m████[38;2;255;164;8m██[38;2;98;189;255m██[38;2;82;131;205m██[38;2;98;189;255m██[38;2;98;98;98m██[38;2;98;189;255m██[38;2;98;98;98m██[38;2;82;131;205m██[38;2;49;49;49m██[38;2;0;0;0m        
[38;2;0;0;0m    [38;2;49;49;49m██[38;2;0;0;0m    [38;2;49;49;49m██[38;2;82;82;82m██[38;2;82;131;205m██[38;2;98;189;255m████[38;2;82;131;205m██[38;2;255;164;8m██[38;2;49;49;49m██[38;2;255;164;8m██[38;2;98;189;255m██[38;2;82;131;205m████[38;2;98;98;98m████[38;2;82;82;82m████[38;2;82;131;205m██[38;2;49;49;49m██[38;2;0;0;0m      
[38;2;0;0;0m          [38;2;49;49;49m██[38;2;98;189;255m██[38;2;82;131;205m██████[38;2;98;189;255m████[38;2;255;164;8m██[38;2;164;98;0m██[38;2;82;131;205m██[38;2;82;82;82m████[38;2;49;49;49m████[38;2;82;131;205m██[38;2;49;49;49m██████[38;2;0;0;0m      
[38;2;0;0;0m          [38;2;49;49;49m████[38;2;98;189;255m██[38;2;49;49;49m██[38;2;98;189;255m██[38;2;49;49;49m██████[38;2;82;131;205m██[38;2;82;82;82m██[38;2;98;189;255m████[38;2;49;49;49m██[38;2;0;0;0m  [38;2;49;49;49m████[38;2;0;0;0m          
[38;2;0;0;0m            [38;2;49;49;49m████[38;2;0;0;0m  [38;2;49;49;49m██[38;2;0;0;0m      [38;2;49;49;49m██[38;2;98;189;255m██[38;2;164;222;255m██[38;2;98;189;255m██[38;2;49;49;49m██[38;2;0;0;0m                
[38;2;0;0;0m                          [38;2;49;49;49m██[38;2;98;189;255m████[38;2;49;49;49m██[38;2;0;0;0m                  
[38;2;0;0;0m                          [38;2;49;49;49m██████[38;2;0;0;0m                    
[38;2;0;0;0m                                                    [0m
