
                        [38;2;49;49;49m▄▄       [0m
             [38;2;49;49;49m▄▄▄     ▄[48;2;189;139;16m▀▀[38;2;189;139;16m[48;2;49;49;49m▀[38;2;49;49;49m[49m▀       [0m
         [38;2;49;49;49m▄▄[48;2;49;131;255m▀▀[38;2;49;131;255m▀▀[38;2;82;82;82m[48;2;98;98;98m▀[38;2;49;49;49m[48;2;49;49;49m▀[49m▄[48;2;49;131;255m▀▀[48;2;82;82;82m▀[38;2;189;139;16m[48;2;49;49;49m▀[38;2;49;49;49m[49m▀▀         [0m
       [38;2;49;49;49m▄[48;2;98;164;230m▀[38;2;98;164;230m[48;2;49;131;255m▀[38;2;49;131;255m▀▀▀▀▀[38;2;98;98;98m▀[38;2;82;82;82m[48;2;98;98;98m▀[38;2;49;131;255m[48;2;82;82;82m▀[48;2;49;131;255m▀▀[38;2;98;98;98m[48;2;98;98;98m▀[38;2;49;49;49m[48;2;82;82;82m▀[48;2;49;131;255m▀▀[49m▄   ▄▄[48;2;255;180;24m▀[48;2;49;49;49m▀[49m [0m
     [38;2;49;49;49m▄[48;2;49;131;255m▀[38;2;41;90;189m[48;2;41;90;189m▀[38;2;49;131;255m[48;2;49;131;255m▀▀▀[48;2;41;90;189m▀▀[48;2;49;131;255m▀▀[48;2;82;82;82m▀[38;2;98;98;98m▀[38;2;82;82;82m[48;2;255;180;24m▀▀▀▀[48;2;82;82;82m▀[38;2;49;131;255m▀[38;2;98;98;98m▀[38;2;82;82;82m▀[38;2;49;49;49m[48;2;255;180;24m▀▀▀[38;2;255;180;24m[48;2;49;49;49m▀▀[38;2;49;49;49m[49m▀  [0m
    [38;2;49;49;49m▄[48;2;41;90;189m▀[38;2;41;90;189m[48;2;49;131;255m▀[38;2;49;131;255m▀▀▀[38;2;41;90;189m▀[38;2;49;131;255m▀[38;2;41;90;189m▀[38;2;82;82;82m[48;2;255;180;24m▀▀[38;2;255;180;24m[48;2;82;82;82m▀▀[38;2;82;82;82m[48;2;98;98;98m▀[48;2;82;82;82m▀[48;2;49;131;255m▀[48;2;82;82;82m▀[38;2;255;180;24m▀▀▀▀[38;2;82;82;82m[48;2;98;98;98m▀▀[38;2;49;49;49m▀[49m▄    [0m
  [38;2;49;49;49m▄[48;2;49;131;255m▀[48;2;98;164;230m▀[38;2;49;131;255m[48;2;49;131;255m▀▀▀▀[38;2;41;90;189m▀[38;2;49;131;255m[48;2;41;90;189m▀▀[38;2;41;90;189m▀[38;2;82;82;82m[48;2;49;131;255m▀[38;2;49;131;255m▀▀▀[38;2;98;98;98m[48;2;82;82;82m▀[38;2;82;82;82m[48;2;131;205;255m▀▀[38;2;131;205;255m[48;2;98;164;230m▀[38;2;98;164;230m▀[38;2;131;205;255m▀[38;2;82;82;82m[48;2;131;205;255m▀▀▀[38;2;98;98;98m[48;2;82;82;82m▀[38;2;49;49;49m[48;2;49;49;49m▀[49m     [0m
 [38;2;49;49;49m▄[48;2;49;131;255m▀[38;2;98;164;230m▀[38;2;49;131;255m[48;2;49;49;49m▀▀[48;2;41;90;189m▀[48;2;49;131;255m▀[48;2;49;49;49m▀▀[48;2;49;131;255m▀▀▀▀▀[48;2;82;82;82m▀[38;2;82;82;82m[48;2;98;98;98m▀[38;2;131;205;255m[48;2;131;205;255m▀[38;2;164;222;255m▀[38;2;131;205;255m▀▀[38;2;98;164;230m▀[38;2;131;205;255m[48;2;98;164;230m▀[38;2;98;164;230m▀[38;2;131;205;255m[48;2;131;205;255m▀[48;2;98;98;98m▀[38;2;98;98;98m▀[38;2;82;82;82m[48;2;49;49;49m▀[38;2;49;49;49m[48;2;98;164;230m▀[49m▄   [0m
 [38;2;49;49;49m[48;2;49;49;49m▀[38;2;49;131;255m▀[38;2;49;49;49m[49m▀  ▀▀  [48;2;49;49;49m▀[38;2;82;82;82m[48;2;189;139;16m▀[38;2;49;131;255m[48;2;82;82;82m▀[48;2;49;131;255m▀[48;2;82;82;82m▀[38;2;82;82;82m[48;2;98;98;98m▀[38;2;98;98;98m[48;2;131;205;255m▀[48;2;98;98;98m▀[38;2;131;205;255m[48;2;49;49;49m▀[48;2;255;222;0m▀[48;2;82;82;82m▀[48;2;98;164;230m▀[38;2;98;164;230m[48;2;98;98;98m▀[38;2;131;205;255m[48;2;82;82;82m▀[38;2;98;98;98m▀▀[38;2;82;82;82m[48;2;98;164;230m▀[38;2;98;164;230m▀[48;2;49;49;49m▀[38;2;49;49;49m[49m▀   [0m
       [38;2;49;49;49m▄▄[48;2;189;139;16m▀[38;2;189;139;16m[48;2;164;98;0m▀[38;2;164;98;0m[48;2;255;180;24m▀[38;2;255;180;24m▀[38;2;82;82;82m[48;2;49;49;49m▀[38;2;131;205;255m[48;2;82;82;82m▀[38;2;98;164;230m[48;2;131;205;255m▀[38;2;131;205;255m[48;2;98;164;230m▀[48;2;49;49;49m▀▀▀[38;2;49;49;49m[49m▀[48;2;49;49;49m▀[38;2;82;82;82m[48;2;255;180;24m▀[38;2;49;131;255m▀[48;2;49;131;255m▀[48;2;82;82;82m▀[38;2;82;82;82m[48;2;98;98;98m▀[38;2;98;98;98m[48;2;49;49;49m▀[38;2;49;49;49m[49m▀    [0m
      [38;2;49;49;49m▀[38;2;189;139;16m[48;2;49;49;49m▀[38;2;255;180;24m▀▀▀[38;2;49;49;49m[49m▀▀  ▀▀   ▀[38;2;255;180;24m[48;2;49;49;49m▀▀[38;2;164;98;0m▀[38;2;82;82;82m[48;2;98;164;230m▀[38;2;98;98;98m[48;2;98;98;98m▀[38;2;98;164;230m[48;2;49;49;49m▀[38;2;49;49;49m[49m▀     [0m
                       [38;2;49;49;49m▀▀▀       [0m
