
              [38;2;0;0;0m▄▄▄▄              [0m
             [38;2;0;0;0m[48;2;0;0;0m▀[38;2;88;85;83m[48;2;132;127;124m▀[38;2;126;119;121m[48;2;126;119;121m▀▀[38;2;88;85;83m[48;2;132;127;124m▀[38;2;0;0;0m[48;2;0;0;0m▀[49m             [0m
          [38;2;0;0;0m▄▄[48;2;66;66;66m▀[38;2;104;94;94m[48;2;104;94;94m▀▀[38;2;126;117;121m[48;2;104;93;93m▀▀[38;2;104;94;94m[48;2;104;94;94m▀▀[38;2;0;0;0m[48;2;66;66;66m▀[49m▄▄          [0m
      [38;2;0;0;0m▄[48;2;104;93;93m▀▀▀[38;2;104;93;93m▀[38;2;104;93;94m[48;2;104;93;94m▀[38;2;66;66;66m[48;2;66;66;66m▀[38;2;104;94;94m[48;2;104;94;94m▀▀▀▀▀▀[38;2;66;66;66m[48;2;66;66;66m▀[38;2;104;93;94m[48;2;104;93;94m▀[38;2;104;93;93m[48;2;104;93;93m▀[38;2;0;0;0m▀▀▀[49m▄      [0m
    [38;2;0;0;0m▄[48;2;104;93;93m▀[38;2;104;93;93m▀[38;2;104;94;94m[48;2;104;94;94m▀▀▀▀[38;2;66;66;66m[48;2;104;93;94m▀[38;2;104;93;94m▀[38;2;104;94;94m[48;2;104;94;94m▀▀▀▀▀▀[38;2;104;93;94m[48;2;104;93;94m▀[38;2;66;66;66m▀[38;2;104;94;94m[48;2;104;94;94m▀▀▀▀[38;2;104;93;93m[48;2;104;93;93m▀[38;2;0;0;0m▀[49m▄    [0m
  [38;2;0;0;0m▄[48;2;255;255;255m▀[38;2;255;255;255m[48;2;85;85;85m▀[38;2;66;66;66m[48;2;66;66;66m▀[38;2;104;93;94m▀▀▀[38;2;104;94;94m[48;2;104;94;94m▀▀▀▀▀▀▀▀▀▀▀▀▀▀[38;2;104;93;94m[48;2;66;66;66m▀▀▀[38;2;66;66;66m▀[38;2;255;255;255m[48;2;85;85;85m▀[38;2;0;0;0m[48;2;255;255;255m▀[49m▄  [0m
 [38;2;0;0;0m▄[48;2;214;111;94m▀[38;2;255;255;255m[48;2;66;66;66m▀[38;2;66;66;66m[48;2;255;255;255m▀[38;2;255;255;255m▀▀▀[38;2;175;179;191m▀[38;2;82;74;74m▀[48;2;82;74;74m▀[38;2;104;94;94m[48;2;104;94;94m▀▀[38;2;104;93;94m[48;2;66;66;66m▀▀▀▀▀▀[38;2;104;94;94m[48;2;104;94;94m▀▀[38;2;82;74;74m[48;2;82;74;74m▀[48;2;255;255;255m▀[38;2;175;179;191m▀[38;2;255;255;255m▀▀▀[38;2;66;66;66m▀[38;2;255;255;255m[48;2;66;66;66m▀[38;2;0;0;0m[48;2;214;111;94m▀[49m▄ [0m
 [38;2;0;0;0m[48;2;0;0;0m▀[38;2;214;111;94m[48;2;214;111;94m▀[38;2;66;66;66m[48;2;66;66;66m▀[38;2;247;255;255m[48;2;187;192;192m▀[38;2;214;156;166m[48;2;66;66;66m▀[38;2;66;66;66m[48;2;214;156;166m▀[38;2;74;57;58m[48;2;195;173;173m▀[38;2;255;231;231m[48;2;74;57;58m▀[38;2;255;255;255m[48;2;255;255;255m▀[38;2;175;179;191m▀[38;2;66;66;66m[48;2;66;66;66m▀[48;2;255;255;255m▀[38;2;175;179;191m▀[38;2;255;255;255m▀▀▀▀[38;2;175;179;191m▀[38;2;66;66;66m▀[48;2;66;66;66m▀[38;2;175;179;191m[48;2;255;255;255m▀[38;2;255;255;255m▀[38;2;255;231;231m[48;2;74;57;58m▀[38;2;74;57;58m[48;2;195;173;173m▀[38;2;66;66;66m[48;2;214;156;166m▀[38;2;214;156;166m[48;2;66;66;66m▀[38;2;247;255;255m[48;2;187;192;192m▀[38;2;66;66;66m[48;2;66;66;66m▀[38;2;214;111;94m[48;2;214;111;94m▀[38;2;0;0;0m[48;2;0;0;0m▀[49m [0m
 [38;2;0;0;0m▀[38;2;214;111;94m[48;2;0;0;0m▀[38;2;74;74;82m[48;2;255;239;183m▀[48;2;74;74;82m▀[38;2;255;126;143m[48;2;255;126;143m▀▀▀▀[38;2;66;66;66m[48;2;66;66;66m▀[38;2;255;255;255m[48;2;255;255;255m▀▀[48;2;175;179;191m▀[38;2;214;156;166m[48;2;66;66;66m▀[38;2;66;66;66m[48;2;214;156;166m▀[48;2;255;127;143m▀▀[48;2;214;156;166m▀[38;2;214;156;166m[48;2;66;66;66m▀[38;2;255;255;255m[48;2;175;179;191m▀[48;2;255;255;255m▀▀[38;2;66;66;66m[48;2;66;66;66m▀[38;2;255;126;143m[48;2;255;126;143m▀▀▀▀[38;2;74;74;82m[48;2;74;74;82m▀[48;2;255;239;183m▀[38;2;214;111;94m[48;2;0;0;0m▀[38;2;0;0;0m[49m▀ [0m
  [38;2;0;0;0m▀[38;2;198;173;102m[48;2;0;4;24m▀[38;2;66;60;50m[48;2;66;60;50m▀[38;2;214;111;94m[48;2;214;111;94m▀[38;2;0;0;0m▀[38;2;255;127;143m▀▀[38;2;74;74;82m[48;2;74;74;82m▀[38;2;255;255;255m▀▀[38;2;74;74;82m▀[38;2;255;126;143m[48;2;255;126;143m▀▀▀▀▀▀[38;2;74;74;82m[48;2;74;74;82m▀[38;2;255;255;255m▀▀[38;2;74;74;82m▀[38;2;255;127;143m[48;2;214;111;94m▀▀[38;2;0;0;0m▀[38;2;214;111;94m▀[38;2;66;60;50m[48;2;66;60;50m▀[38;2;198;173;102m[48;2;0;4;24m▀[38;2;0;0;0m[49m▀  [0m
    [38;2;0;0;0m▀[38;2;71;52;50m[48;2;0;16;24m▀[38;2;214;123;102m[48;2;71;52;50m▀[38;2;214;111;94m[48;2;71;67;63m▀[38;2;71;67;63m▀[38;2;66;66;58m[48;2;66;66;58m▀[38;2;255;239;159m[48;2;192;181;125m▀▀[38;2;66;66;58m[48;2;66;66;58m▀[38;2;214;111;94m[48;2;214;111;94m▀[38;2;0;0;0m▀▀▀▀[38;2;214;111;94m▀[38;2;66;66;58m[48;2;66;66;58m▀[38;2;255;239;159m[48;2;192;181;125m▀▀[38;2;66;66;58m[48;2;66;66;58m▀[38;2;71;67;63m[48;2;71;67;63m▀[38;2;214;111;94m▀[38;2;214;123;102m[48;2;71;52;50m▀[38;2;71;52;50m[48;2;0;16;24m▀[38;2;0;0;0m[49m▀    [0m
     [38;2;0;0;0m[48;2;0;0;0m▀[38;2;82;70;62m[48;2;82;70;62m▀[38;2;66;66;66m▀[38;2;82;70;62m[48;2;66;66;66m▀▀[38;2;66;66;66m▀[38;2;195;176;91m[48;2;74;66;66m▀▀[38;2;71;67;63m[48;2;71;67;63m▀[38;2;214;111;94m▀[48;2;66;66;66m▀▀[48;2;71;67;63m▀[38;2;71;67;63m▀[38;2;195;176;91m[48;2;74;66;66m▀▀[38;2;66;66;66m[48;2;66;66;66m▀[48;2;104;93;94m▀▀▀[38;2;0;0;0m[48;2;103;94;95m▀[49m▄     [0m
      [38;2;0;0;0m▀[38;2;82;70;62m[48;2;0;0;0m▀▀[38;2;74;66;66m[48;2;74;66;66m▀[38;2;179;181;192m[48;2;179;181;192m▀[38;2;104;93;94m[48;2;104;93;94m▀[38;2;66;66;66m▀[48;2;160;160;160m▀[48;2;255;255;255m▀[38;2;57;57;65m[48;2;120;115;102m▀[48;2;247;231;175m▀[38;2;82;74;74m[48;2;82;74;74m▀[48;2;255;255;255m▀[38;2;66;66;66m[48;2;165;159;165m▀[48;2;66;66;66m▀[38;2;104;93;93m[48;2;104;93;93m▀[38;2;126;117;121m[48;2;126;117;121m▀▀[38;2;104;93;93m[48;2;104;93;93m▀[38;2;104;94;94m[48;2;104;94;94m▀▀[38;2;0;0;0m[48;2;0;0;0m▀[49m    [0m
         [38;2;0;0;0m[48;2;0;0;0m▀[38;2;74;66;63m[48;2;74;66;63m▀[38;2;77;67;63m[48;2;77;67;63m▀[38;2;104;93;94m▀[38;2;90;78;74m[48;2;90;78;74m▀[38;2;255;255;255m[48;2;172;166;164m▀[38;2;101;93;90m[48;2;255;255;255m▀▀[38;2;107;99;99m▀[38;2;255;255;255m[48;2;156;151;151m▀[38;2;107;94;91m[48;2;80;75;74m▀[38;2;66;66;66m[48;2;66;66;66m▀[38;2;104;95;93m[48;2;82;70;66m▀[48;2;104;95;93m▀▀[48;2;82;70;66m▀[38;2;79;70;63m[48;2;101;94;93m▀▀[38;2;0;0;0m[48;2;0;0;0m▀[49m    [0m
          [38;2;0;0;0m▀[38;2;74;66;63m[48;2;0;0;0m▀▀[38;2;0;0;0m[49m▀[38;2;82;70;62m[48;2;0;0;0m▀[38;2;77;69;64m▀[48;2;77;69;64m▀[38;2;82;70;62m[48;2;66;66;66m▀▀[38;2;71;66;66m[48;2;71;66;66m▀[48;2;0;0;0m▀[38;2;0;0;0m[49m▀[38;2;82;70;62m[48;2;0;0;0m▀▀▀[38;2;104;93;93m▀[48;2;104;93;93m▀▀[38;2;0;0;0m[48;2;0;0;0m▀[49m   [0m
                [38;2;0;0;0m▀[38;2;82;70;62m[48;2;0;0;0m▀▀[38;2;0;0;0m[49m▀      ▀▀    [0m
                                [0m
