
[38;2;0;0;0m                                        
[38;2;0;0;0m        ██                              
[38;2;0;0;0m      ██[38;2;165;115;53m██[38;2;0;0;0m██  ██████                    
[38;2;0;0;0m      [38;2;8;4;0m██[38;2;131;101;79m██[38;2;170;121;95m██[38;2;0;0;0m██[38;2;255;189;167m██████[38;2;0;0;0m██                  
[38;2;0;0;0m      [38;2;8;4;0m██[38;2;255;198;159m██[38;2;85;60;48m██[38;2;255;181;143m██[38;2;255;189;167m████████[38;2;0;0;0m████████████      
[38;2;0;0;0m      ██[38;2;255;189;167m██[38;2;66;66;66m██[38;2;192;143;133m██[38;2;255;181;167m██[38;2;66;66;66m██[38;2;255;189;167m████[38;2;214;142;134m██[38;2;255;189;167m████[38;2;165;115;53m██[38;2;159;115;66m██[38;2;0;0;8m██[38;2;0;0;0m      
[38;2;0;0;0m      ██[38;2;255;189;167m██[38;2;255;181;167m██[38;2;66;66;66m████[38;2;192;143;133m██[38;2;255;189;167m██████████[38;2;165;115;53m██[38;2;80;58;37m██[38;2;0;0;8m██[38;2;0;0;0m██    
[38;2;0;0;0m    ██[38;2;173;148;138m██[38;2;255;222;207m██[38;2;255;189;167m██████████████████[38;2;66;66;66m████[38;2;214;140;134m████[38;2;0;0;0m██  
[38;2;0;0;0m    ██[38;2;255;222;207m██[38;2;8;0;0m██[38;2;255;189;167m██████[38;2;255;255;255m██[38;2;255;189;167m██[38;2;214;142;134m██[38;2;255;189;167m████[38;2;66;66;66m██████[38;2;214;140;134m██[38;2;0;0;0m██    
[38;2;0;0;0m  [38;2;8;0;0m██[38;2;173;165;159m██[38;2;255;189;167m██████████[38;2;0;0;0m██[38;2;255;189;167m██[38;2;214;142;134m██[38;2;255;189;167m██[38;2;66;66;66m██████[38;2;181;118;109m████[38;2;0;0;0m██    
[38;2;0;0;0m  [38;2;8;0;0m██[38;2;255;247;239m██[38;2;255;189;167m████[38;2;66;66;66m████[38;2;255;189;167m████[38;2;214;142;134m██[38;2;255;189;167m██████[38;2;214;140;134m██[38;2;66;66;66m██[38;2;181;118;109m████[38;2;181;115;109m██[38;2;0;0;0m██  
[38;2;0;0;0m  ██[38;2;181;115;109m██[38;2;255;189;167m████[38;2;206;142;128m██[38;2;181;119;109m██[38;2;255;189;167m████████████[38;2;214;140;134m████[38;2;66;66;66m██████[38;2;0;0;0m██  
[38;2;0;0;0m    ██[38;2;255;189;167m████████████[38;2;181;117;109m██[38;2;255;189;167m██████[38;2;214;140;134m████[38;2;66;66;66m██[38;2;181;115;109m██[38;2;0;0;0m██    
[38;2;0;0;0m    ██[38;2;231;156;143m████[38;2;255;189;167m██████[38;2;66;66;66m██[38;2;255;255;247m██[38;2;195;192;187m██[38;2;255;189;167m██[38;2;214;142;134m██[38;2;214;140;134m████[38;2;66;66;66m██[38;2;181;115;109m██[38;2;0;0;0m██    
[38;2;0;0;0m      ██[38;2;231;156;143m██[38;2;255;189;167m████████[38;2;74;66;66m████[38;2;214;142;134m████[38;2;214;140;134m██[38;2;66;66;66m██[38;2;181;115;109m████[38;2;0;0;0m██    
[38;2;0;0;0m    ██[38;2;189;189;189m██[38;2;63;63;63m██[38;2;214;140;134m████████████████[38;2;222;140;134m██[38;2;66;66;66m██[38;2;170;115;111m██[38;2;0;0;0m██      
[38;2;0;0;0m      ████[38;2;0;8;8m██[38;2;71;52;50m██[38;2;214;140;134m████████████[38;2;66;66;66m██[38;2;170;115;111m██[38;2;85;58;56m██[38;2;0;0;0m██      
[38;2;0;0;0m            ████[38;2;214;140;134m██[38;2;214;139;134m████[38;2;214;148;142m██[38;2;71;52;53m██[38;2;0;0;0m██████        
[38;2;0;0;0m                ██[38;2;255;255;255m████[38;2;0;4;8m████[38;2;0;0;0m              
[38;2;0;0;0m                  ████                  
[38;2;0;0;0m                                        [0m
