
[38;2;0;0;0m                                          
[38;2;0;0;0m                  ████████████            
[38;2;0;0;0m              ████[38;2;239;231;215m██[38;2;255;111;63m██[38;2;247;173;139m██[38;2;239;231;215m██████[38;2;0;0;0m████        
[38;2;0;0;0m            ██[38;2;239;231;215m██████████[38;2;255;115;63m██[38;2;255;173;151m██[38;2;239;231;215m██████[38;2;0;0;0m██      
[38;2;0;0;0m          ██[38;2;239;231;215m████[38;2;255;111;63m██[38;2;255;173;151m██[38;2;239;231;215m██████[38;2;236;231;215m████████[38;2;239;231;215m██[38;2;0;0;0m██    
[38;2;0;0;0m          ██[38;2;239;231;215m██████████[38;2;255;115;63m██[38;2;247;173;139m██[38;2;236;231;215m████████[38;2;239;231;215m██[38;2;0;0;0m██    
[38;2;0;0;0m        ██[38;2;255;189;167m██[38;2;255;149;114m██[38;2;239;222;207m██[38;2;250;148;111m██[38;2;250;191;164m██[38;2;247;231;215m██[38;2;236;231;215m████████████████[38;2;0;0;0m██  
[38;2;0;0;0m        ██[38;2;255;110;60m████[38;2;244;185;159m██[38;2;255;111;63m████[38;2;250;191;164m██[38;2;236;231;215m████████████████[38;2;0;0;0m██  
[38;2;0;0;0m      [38;2;8;0;0m██[38;2;79;143;151m██[38;2;206;140;110m████[38;2;255;112;60m████[38;2;255;111;63m████[38;2;250;151;114m██[38;2;239;231;215m████████████[38;2;152;146;152m██[38;2;0;0;0m██  
[38;2;0;0;0m    ██[38;2;44;71;76m██[38;2;8;0;0m██[38;2;0;0;0m██[38;2;206;140;110m██[38;2;255;112;60m████[38;2;115;198;211m████[38;2;255;111;63m██[38;2;250;151;114m██[38;2;239;231;215m██[38;2;206;192;198m██[38;2;152;146;152m██[38;2;239;231;215m██[38;2;152;146;152m████[38;2;0;0;0m██  
[38;2;0;0;0m  [38;2;0;4;16m██[38;2;132;75;73m██[38;2;66;61;66m██[38;2;82;132;170m██[38;2;132;206;220m██[38;2;255;123;71m██[38;2;255;110;60m████[38;2;0;0;0m████[38;2;255;110;60m██[38;2;255;149;114m██[38;2;239;231;215m██[38;2;255;111;63m██[38;2;255;132;95m██[38;2;160;105;88m██[38;2;156;140;156m██[38;2;0;0;0m██    
[38;2;0;0;0m  [38;2;0;4;16m██[38;2;198;111;102m██[38;2;77;108;135m██[38;2;66;61;66m██[38;2;255;123;71m██[38;2;214;151;121m██[38;2;255;173;151m██[38;2;255;110;60m██[38;2;115;198;211m████[38;2;255;110;60m██[38;2;255;149;114m██[38;2;239;231;215m██[38;2;255;111;63m██[38;2;66;78;82m████[38;2;0;0;0m██      
[38;2;0;0;0m  ██[38;2;222;94;54m██[38;2;101;96;152m████[38;2;66;70;74m██[38;2;222;214;206m██[38;2;239;231;215m██[38;2;255;173;151m██[38;2;255;111;63m████[38;2;247;148;119m██[38;2;231;222;223m██[38;2;222;214;230m██[38;2;57;57;73m██[38;2;120;110;176m████[38;2;115;111;179m██[38;2;0;0;0m██    
[38;2;0;0;0m    ██[38;2;8;8;0m██[38;2;55;52;76m██[38;2;144;142;140m██[38;2;222;214;206m██[38;2;239;231;215m████████[38;2;231;222;223m██[38;2;236;197;188m██[38;2;57;57;73m██[38;2;139;135;151m██[38;2;120;110;176m████[38;2;115;111;179m████[38;2;0;0;0m██  
[38;2;0;0;0m        ██[38;2;239;222;223m██[38;2;159;148;149m██[38;2;115;111;119m██[38;2;231;222;223m██[38;2;214;206;214m██[38;2;145;139;145m██[38;2;222;214;214m██[38;2;148;143;145m██[38;2;66;66;66m██[38;2;255;111;63m████[38;2;107;103;163m██[38;2;119;110;175m██[38;2;99;94;155m██[38;2;0;0;0m██  
[38;2;0;0;0m          ████[38;2;0;0;16m██[38;2;231;222;223m██[38;2;145;139;145m██[38;2;8;4;8m██[38;2;0;0;8m██[38;2;222;214;214m██[38;2;66;66;66m██[38;2;255;111;63m████[38;2;107;103;163m██[38;2;99;94;155m████[38;2;0;0;0m██  
[38;2;0;0;0m                ████    ██████[38;2;99;93;152m████[38;2;99;94;155m██[38;2;0;0;0m██    
[38;2;0;0;0m                              ██████      
[38;2;0;0;0m                                          [0m
