
[38;2;0;0;0m                                                                              
[38;2;0;0;0m        ████                                                                  
[38;2;0;0;0m        ██[38;2;107;90;139m██[38;2;0;0;0m██                                                                
[38;2;0;0;0m        ██[38;2;107;90;139m████[38;2;0;0;0m████                                                            
[38;2;0;0;0m          ██[38;2;107;90;139m██[38;2;107;93;139m████[38;2;0;0;0m██                                                          
[38;2;0;0;0m          ██[38;2;107;90;139m██[38;2;107;93;139m████[38;2;107;90;139m██[38;2;0;0;0m██                                                ████    
[38;2;0;0;0m            ██[38;2;107;93;139m████[38;2;107;90;139m██[38;2;0;0;0m██                                            ████[38;2;162;159;218m████[38;2;0;0;0m██  
[38;2;0;0;0m            ██[38;2;107;93;139m████[38;2;107;90;139m████[38;2;0;0;0m██████                                  ████[38;2;115;110;158m██[38;2;173;165;237m██[38;2;162;159;218m██[38;2;134;121;182m██[38;2;0;0;0m██  
[38;2;0;0;0m              ████[38;2;113;105;142m██[38;2;60;55;71m██[38;2;165;156;221m████[38;2;165;165;221m██[38;2;0;8;0m██[38;2;0;0;0m                          ██████[38;2;134;121;182m████[38;2;162;159;218m████[38;2;132;119;180m██[38;2;0;0;0m██    
[38;2;0;0;0m                  [38;2;8;4;0m██[38;2;165;156;213m██[38;2;88;93;101m████[38;2;82;86;110m████[38;2;0;0;0m████                    ██[38;2;66;66;66m██[38;2;132;119;180m████[38;2;162;159;218m████[38;2;134;121;182m████[38;2;0;0;0m██      
[38;2;0;0;0m                ██[38;2;165;156;221m██[38;2;88;93;101m██[38;2;87;94;103m████[38;2;88;93;104m████[38;2;96;96;117m██[38;2;156;156;220m██[38;2;0;0;0m██      ████        ██[38;2;132;119;180m██[38;2;134;121;182m██[38;2;162;159;218m██[38;2;165;156;221m██[38;2;136;119;184m██[38;2;140;127;188m██[38;2;0;0;0m██        
[38;2;0;0;0m              ██[38;2;66;66;66m██[38;2;165;156;221m██[38;2;88;93;101m██[38;2;87;94;103m████[38;2;88;93;104m██[38;2;66;66;66m████████[38;2;0;0;0m██████[38;2;165;156;221m██[38;2;110;104;147m██[38;2;0;0;0m██      ██[38;2;132;119;180m██[38;2;162;159;218m██[38;2;134;121;182m██[38;2;136;119;184m████[38;2;93;85;125m██[38;2;0;0;0m██        
[38;2;0;0;0m            ██[38;2;143;141;164m██[38;2;66;61;66m██[38;2;66;66;66m██████[38;2;93;99;101m██[38;2;66;66;66m██[38;2;189;189;197m██[38;2;181;189;197m██[38;2;98;104;109m██[38;2;123;132;139m████[38;2;66;66;66m██[38;2;165;156;221m██[38;2;107;90;139m██[38;2;134;118;182m██[38;2;132;119;180m██[38;2;0;0;0m██████[38;2;135;122;185m████████[38;2;132;119;180m████[38;2;0;0;0m██          
[38;2;0;0;0m          ██[38;2;132;119;180m██[38;2;66;61;66m██[38;2;181;181;213m██[38;2;189;189;197m████[38;2;121;132;137m██[38;2;66;66;66m██████[38;2;57;61;65m██[38;2;181;189;197m██[38;2;86;94;106m██[38;2;123;132;139m██[38;2;66;66;66m██[38;2;165;156;221m██[38;2;107;90;139m██[38;2;134;118;182m██[38;2;132;119;180m████[38;2;66;61;86m██[38;2;132;123;172m██[38;2;135;122;185m████████[38;2;0;0;0m████            
[38;2;0;0;0m    ██████[38;2;107;92;139m██[38;2;66;66;66m██[38;2;156;156;220m██[38;2;57;66;57m██[38;2;66;66;66m██[38;2;121;132;137m██[38;2;189;189;197m████[38;2;187;192;198m████[38;2;189;189;197m██[38;2;63;66;66m██[38;2;181;189;197m██[38;2;98;104;109m██[38;2;121;132;137m██[38;2;66;66;66m██[38;2;165;156;221m██[38;2;107;90;139m██[38;2;135;122;185m████████[38;2;137;122;169m██[38;2;69;63;85m██[38;2;0;0;0m████                
[38;2;0;0;0m  ██[38;2;132;119;180m██████[38;2;107;92;139m██[38;2;66;66;66m██[38;2;156;156;220m██[38;2;90;96;111m██[38;2;93;99;101m██[38;2;66;66;66m██████[38;2;187;192;198m████[38;2;126;127;131m████[38;2;57;61;65m██[38;2;181;189;197m██[38;2;93;99;101m██[38;2;66;66;66m██[38;2;165;156;221m██[38;2;107;90;139m██[38;2;135;122;185m████████[38;2;69;63;85m██[38;2;0;4;0m██[38;2;0;0;0m                    
[38;2;0;0;0m    ██[38;2;132;119;180m████[38;2;132;126;175m██[38;2;66;66;66m██[38;2;165;156;221m██[38;2;88;93;101m██[38;2;66;66;66m██[38;2;93;99;101m██[38;2;123;132;135m████[38;2;66;66;66m████[38;2;66;61;66m██[38;2;121;124;142m██[38;2;66;66;66m██[38;2;189;189;197m██[38;2;66;61;66m██[38;2;156;148;220m██[38;2;107;90;139m██[38;2;134;118;182m██[38;2;136;119;184m████[38;2;82;86;114m██[38;2;131;121;183m██[38;2;107;93;139m████[38;2;0;0;0m██                  
[38;2;0;0;0m      ██[38;2;132;119;180m██[38;2;66;66;66m██[38;2;165;156;229m██[38;2;88;93;101m████[38;2;66;66;66m██[38;2;121;132;137m██[38;2;66;66;66m████[38;2;107;92;139m████[38;2;93;93;104m██[38;2;66;61;66m██[38;2;66;66;66m██[38;2;189;189;197m██[38;2;66;61;66m██[38;2;111;104;143m██[38;2;134;118;182m████[38;2;136;119;184m██[38;2;165;156;221m██[38;2;131;121;183m██[38;2;82;86;114m██[38;2;107;93;139m████[38;2;0;0;0m██                  
[38;2;0;0;0m        ██[38;2;165;156;221m██[38;2;88;93;101m██[38;2;98;104;109m██[38;2;57;61;65m██[38;2;181;189;197m██[38;2;57;61;65m██[38;2;90;81;122m██[38;2;107;92;139m██[38;2;107;93;139m████[38;2;107;92;139m██[38;2;90;81;122m██[38;2;88;81;120m██[38;2;66;66;66m██[38;2;165;156;221m██[38;2;107;90;139m██[38;2;134;118;182m████[38;2;131;121;183m████[38;2;140;119;188m██[38;2;82;86;114m██[38;2;52;50;63m██[38;2;96;89;125m██[38;2;0;0;0m██                  
[38;2;0;0;0m      ██[38;2;66;66;66m██[38;2;165;156;221m██[38;2;88;93;101m██[38;2;57;61;65m██[38;2;181;189;197m██[38;2;98;104;109m██[38;2;57;61;65m██[38;2;90;81;122m██[38;2;107;92;139m██[38;2;107;93;139m████[38;2;107;92;139m██[38;2;90;81;122m██[38;2;88;81;120m██[38;2;66;66;66m██[38;2;165;156;221m████[38;2;107;90;139m██[38;2;134;118;182m██[38;2;82;86;114m██[38;2;131;121;183m██[38;2;101;97;139m██[38;2;82;86;114m██[38;2;140;127;188m██[38;2;8;12;0m██[38;2;0;0;0m                    
[38;2;0;0;0m      ██[38;2;165;156;221m██[38;2;88;93;104m██[38;2;66;66;66m██[38;2;189;189;197m██[38;2;85;93;104m██[38;2;66;66;66m██[38;2;255;255;255m██[38;2;90;82;122m████[38;2;107;92;139m████[38;2;90;82;122m██████[38;2;255;255;255m██[38;2;66;66;66m██[38;2;165;156;221m██[38;2;107;90;139m██[38;2;134;118;182m██[38;2;131;121;183m██[38;2;82;86;114m████[38;2;131;121;183m██[38;2;162;159;218m████[38;2;0;0;0m████                
[38;2;0;0;0m      ██[38;2;165;156;221m██[38;2;88;93;104m██[38;2;66;66;66m██[38;2;189;189;197m██[38;2;85;93;104m██[38;2;66;66;66m██[38;2;255;255;255m██[38;2;90;82;122m████[38;2;90;81;122m████[38;2;90;82;122m██[38;2;123;132;136m██[38;2;255;255;255m████[38;2;66;66;66m██[38;2;165;156;221m██[38;2;107;90;139m██[38;2;134;118;182m██[38;2;131;121;183m████████[38;2;134;121;182m██[38;2;162;159;218m██[38;2;165;156;221m████[38;2;0;0;0m████            
[38;2;0;0;0m      ██[38;2;165;156;221m██[38;2;90;96;109m██[38;2;57;66;57m██[38;2;173;181;189m██[38;2;96;98;106m██[38;2;66;66;66m██[38;2;88;81;120m██[38;2;90;82;122m██████[38;2;255;255;255m██[38;2;0;0;0m██[38;2;255;255;255m████[38;2;66;66;66m██[38;2;165;156;221m██[38;2;107;90;139m██[38;2;135;122;185m████████[38;2;134;118;182m████████[38;2;115;110;158m██[38;2;173;165;237m██[38;2;165;156;221m██[38;2;0;0;0m██            
[38;2;0;0;0m        ██[38;2;156;156;212m██[38;2;90;96;109m██[38;2;57;57;65m██[38;2;134;140;148m██[38;2;66;66;66m██[38;2;88;81;120m██[38;2;90;82;122m████████[38;2;255;255;255m██████[38;2;66;66;66m██[38;2;165;156;221m██[38;2;107;90;139m██[38;2;135;122;185m████████[38;2;134;118;182m██[38;2;107;90;139m██████[38;2;0;0;0m██████              
[38;2;0;0;0m        ██[38;2;165;156;221m██[38;2;88;93;101m██[38;2;66;66;66m██[38;2;123;132;135m██[38;2;88;93;104m██[38;2;66;66;66m██[38;2;90;82;122m████████████[38;2;74;70;82m████[38;2;165;156;221m██[38;2;99;93;123m██[38;2;134;118;182m████████[38;2;107;92;139m████[38;2;57;52;68m██[38;2;8;8;0m██[38;2;0;0;0m                    
[38;2;0;0;0m        ██[38;2;165;156;221m██[38;2;88;93;101m██[38;2;66;66;66m██[38;2;123;132;135m██[38;2;88;93;104m██[38;2;66;66;66m██[38;2;90;82;122m██████████[38;2;156;175;177m██[38;2;255;255;255m██[38;2;74;70;82m██[38;2;66;61;74m██[38;2;165;156;221m██[38;2;107;90;139m██[38;2;134;118;182m██[38;2;107;90;139m████[38;2;107;92;139m██[38;2;66;66;66m██[38;2;107;96;136m████[38;2;0;0;0m██                  
[38;2;0;0;0m          ██[38;2;165;156;221m██[38;2;90;96;109m██[38;2;57;66;57m██[38;2;123;132;135m████[38;2;57;61;65m████[38;2;255;255;255m██[38;2;160;162;160m██[38;2;255;255;255m██[38;2;160;162;160m██[38;2;57;61;65m████[38;2;66;66;66m██[38;2;165;156;221m██[38;2;107;93;139m████[38;2;107;90;139m████[38;2;134;118;182m██[38;2;107;90;139m██[38;2;66;66;66m██[38;2;107;92;139m██[38;2;0;0;0m██                  
[38;2;0;0;0m            ██[38;2;156;156;212m██[38;2;90;96;109m██[38;2;66;66;66m████[38;2;181;189;197m██[38;2;98;104;109m██[38;2;66;70;66m████████[38;2;98;104;109m██[38;2;181;189;197m██[38;2;66;66;66m██[38;2;165;156;221m██[38;2;107;93;139m████[38;2;107;90;139m██[38;2;134;118;182m██████[38;2;66;66;66m██[38;2;107;92;139m██[38;2;0;0;0m██                  
[38;2;0;0;0m              ██[38;2;173;165;237m██[38;2;87;94;103m████[38;2;57;61;65m██[38;2;181;189;197m██[38;2;123;132;139m██[38;2;82;88;93m██[38;2;68;74;79m██[38;2;189;198;205m████[38;2;68;71;74m██[38;2;66;61;74m██[38;2;165;156;221m██[38;2;107;93;139m████[38;2;85;88;114m████[38;2;132;123;188m██[38;2;66;66;66m██[38;2;107;90;139m██[38;2;0;0;0m██                    
[38;2;0;0;0m              ██[38;2;115;110;158m██[38;2;87;94;103m████[38;2;98;104;109m██[38;2;57;61;65m██[38;2;0;0;0m██[38;2;123;132;139m██[38;2;129;136;142m██[38;2;8;12;16m██[38;2;8;8;8m██[38;2;68;71;74m██[38;2;165;156;221m██[38;2;99;93;123m██[38;2;107;93;139m████[38;2;104;93;139m████[38;2;88;85;107m██[38;2;66;66;66m██[38;2;0;0;0m██                      
[38;2;0;0;0m                ██[38;2;132;127;172m██[38;2;88;85;115m██[38;2;0;0;0m████  ████    ██[38;2;165;156;221m██[38;2;107;90;139m██████[38;2;0;0;0m██[38;2;107;90;139m██████[38;2;0;0;0m██                      
[38;2;0;0;0m                  ████            ██[38;2;165;156;221m██[38;2;107;90;139m████[38;2;0;0;0m████  ██[38;2;107;90;139m██[38;2;134;118;182m██[38;2;132;119;180m██[38;2;0;0;0m██                    
[38;2;0;0;0m                                  ██[38;2;165;156;221m██[38;2;107;90;139m██[38;2;0;0;0m██        ██[38;2;132;119;180m████[38;2;0;0;0m██                    
[38;2;0;0;0m                                    ████            ████                      
[38;2;0;0;0m                                                                              [0m
