
         [38;2;0;0;0m▄           [0m
      [38;2;0;0;0m[48;2;206;165;118m▀▀[38;2;198;156;118m[48;2;0;0;0m▀[38;2;0;0;0m[49m▀  ▄[48;2;206;165;118m▀[48;2;255;206;151m▀[49m▀     [0m
    [38;2;0;0;0m[48;2;0;0;0m▀[38;2;132;104;79m[48;2;206;165;118m▀[38;2;206;165;118m[48;2;115;103;83m▀[38;2;0;0;0m[48;2;0;0;8m▀[49m▄▄[48;2;255;206;151m▀[38;2;255;206;143m[48;2;127;103;71m▀[48;2;255;206;143m▀[38;2;8;8;8m[49m▀       [0m
   [38;2;0;0;0m[48;2;0;0;0m▀[38;2;66;66;66m[48;2;110;99;83m▀[48;2;94;92;90m▀[38;2;66;66;58m[48;2;66;66;58m▀[38;2;255;198;143m[48;2;129;110;86m▀[38;2;247;198;143m[48;2;132;103;68m▀[38;2;255;206;151m[48;2;255;206;151m▀[38;2;127;103;71m[48;2;0;0;0m▀[49m          [0m
  [38;2;0;0;0m[48;2;0;0;0m▀[38;2;66;66;66m[48;2;94;90;90m▀[38;2;96;93;90m[48;2;66;66;66m▀[38;2;57;61;65m[48;2;247;206;151m▀[38;2;255;206;151m[48;2;82;70;58m▀[38;2;66;66;66m[48;2;255;255;247m▀[38;2;57;74;73m[48;2;165;206;197m▀[38;2;37;119;125m[48;2;46;87;86m▀[38;2;38;77;81m[48;2;38;154;166m▀[38;2;41;156;161m[48;2;0;0;0m▀[38;2;0;0;0m[49m▀        [0m
 [38;2;0;0;0m▀[38;2;66;66;66m[48;2;165;206;205m▀▀[38;2;165;206;205m▀[38;2;206;206;174m[48;2;96;93;91m▀[38;2;222;255;254m[48;2;186;204;194m▀[38;2;115;103;75m▀[38;2;49;86;89m[48;2;49;86;89m▀[38;2;41;156;164m[48;2;41;156;164m▀[38;2;41;156;161m[48;2;0;0;0m▀[49m      [38;2;0;0;0m▄▄  [0m
   [38;2;0;0;0m▀[38;2;86;103;102m[48;2;0;0;0m▀[38;2;99;94;91m[48;2;66;66;66m▀[38;2;140;173;172m[48;2;49;86;89m▀▀[38;2;41;154;165m[48;2;41;156;164m▀[38;2;46;87;86m[48;2;49;86;89m▀[38;2;0;0;0m[48;2;82;69;56m▀[48;2;247;206;151m▀[48;2;0;0;8m▀[49m ▄[38;2;165;206;205m[48;2;173;214;213m▀[48;2;137;166;164m▀[38;2;0;0;0m[48;2;66;66;66m▀[49m▄▄ [0m
    [38;2;66;66;66m[48;2;173;171;173m▀[38;2;255;255;255m[48;2;255;255;255m▀[38;2;96;92;90m▀▀[38;2;41;156;164m[48;2;38;154;166m▀[38;2;41;154;165m[48;2;41;154;165m▀[38;2;82;69;56m[48;2;129;104;73m▀[38;2;247;206;151m[48;2;85;79;66m▀[38;2;82;69;56m▀[38;2;0;0;0m[48;2;255;206;151m▀[38;2;206;206;174m[48;2;66;66;66m▀[38;2;66;70;66m[48;2;38;154;166m▀[38;2;137;166;164m[48;2;66;66;66m▀[38;2;143;170;169m▀[48;2;0;0;0m▀[49m  [0m
   [38;2;0;0;0m[48;2;0;0;0m▀[38;2;255;255;255m[48;2;255;255;255m▀▀[38;2;192;192;192m[48;2;206;189;190m▀[38;2;255;255;255m[48;2;66;66;66m▀[38;2;41;74;73m[48;2;38;154;166m▀[38;2;41;156;161m[48;2;41;156;161m▀[38;2;252;203;148m[48;2;189;127;77m▀[38;2;255;206;151m[48;2;131;127;103m▀[48;2;206;148;102m▀[38;2;123;103;67m[48;2;69;60;53m▀[38;2;57;74;73m[48;2;66;66;66m▀[38;2;41;154;165m[48;2;41;156;161m▀[38;2;49;86;89m▀[38;2;143;170;169m[48;2;0;0;0m▀[38;2;140;173;172m[49m▀  [0m
    [38;2;173;173;173m[48;2;206;189;190m▀[38;2;206;192;192m▀[38;2;206;189;190m▀[48;2;66;66;66m▀[38;2;38;154;166m[48;2;24;8;8m▀[38;2;41;156;161m[48;2;41;156;164m▀[38;2;137;131;100m▀[38;2;57;107;105m[48;2;66;66;66m▀[48;2;143;170;169m▀[38;2;0;8;16m[49m▀[38;2;49;126;129m▀[38;2;41;156;161m[48;2;37;119;125m▀[38;2;36;121;124m[48;2;66;66;66m▀[38;2;0;0;0m[49m▄   [0m
    [38;2;0;0;0m▀[48;2;8;0;0m▀[38;2;82;82;82m[48;2;140;173;169m▀[38;2;38;121;123m▀[49m [38;2;0;0;0m[48;2;0;0;0m▀[38;2;41;156;161m[48;2;33;119;121m▀[38;2;66;66;66m[48;2;0;0;0m▀[38;2;0;0;0m[49m▀  [38;2;8;0;0m[48;2;0;0;0m▀[38;2;55;58;57m[48;2;66;63;61m▀[38;2;0;0;0m[48;2;143;170;169m▀[49m▄  [0m
    [38;2;0;0;0m[48;2;0;0;0m▀[38;2;52;55;55m▀[38;2;140;173;169m▀[49m▀  [38;2;94;92;90m[48;2;165;206;205m▀[38;2;0;0;0m▀[49m▄  [38;2;66;63;61m▀[38;2;99;94;91m▀[38;2;143;170;169m▀[38;2;0;0;0m▀  [0m
         [38;2;0;0;0m[48;2;0;0;0m▀[38;2;66;61;58m▀[38;2;165;206;205m▀[38;2;0;0;0m[49m▀        [0m
                     [0m
