
              [38;2;0;0;0m▄▄▄          [0m
 [38;2;0;0;0m▄▄▀[48;2;0;0;0m▀[49m     ▄[48;2;66;66;66m▀▀[38;2;44;55;62m[48;2;99;156;171m▀[38;2;96;158;165m[48;2;96;158;165m▀[38;2;93;159;163m[48;2;93;159;163m▀[38;2;66;66;66m▀[38;2;0;0;0m[49m▄     ▄▄  [0m
  [38;2;0;0;0m▄[48;2;66;66;66m▀[38;2;66;66;66m▀▀[49m  [38;2;0;0;0m[48;2;66;66;66m▀[38;2;57;74;77m[48;2;57;94;121m▀[38;2;57;86;105m▀[38;2;255;206;71m[48;2;255;239;71m▀[38;2;57;94;121m[48;2;66;90;106m▀[38;2;96;158;165m[48;2;132;131;92m▀[38;2;96;157;165m[48;2;57;94;121m▀[38;2;60;97;124m[48;2;255;206;68m▀▀[38;2;82;69;42m▀[38;2;0;0;0m[48;2;66;66;66m▀[49m  [48;2;0;0;0m▀[48;2;66;66;66m▀▀[48;2;0;0;0m▀[49m  [0m
 [38;2;0;0;0m▀ [48;2;0;0;0m▀[38;2;66;66;66m[48;2;66;66;66m▀[38;2;0;0;0m[48;2;0;0;0m▀[49m [48;2;0;0;0m▀[38;2;255;206;71m[48;2;255;206;71m▀[38;2;60;96;121m[48;2;60;96;121m▀[38;2;93;159;163m[48;2;66;66;66m▀[38;2;66;66;66m▀[38;2;255;239;63m[48;2;181;166;77m▀[38;2;255;206;71m[48;2;96;99;93m▀[38;2;74;74;66m[48;2;74;74;66m▀[38;2;255;206;71m[48;2;255;239;71m▀[48;2;255;206;71m▀[38;2;57;94;121m[48;2;57;94;121m▀[38;2;74;109;116m[48;2;90;158;168m▀[38;2;0;0;0m[48;2;66;66;66m▀[49m▄ [48;2;0;0;0m▀[48;2;66;66;66m▀[49m▄[48;2;0;0;0m▀[49m [0m
    [38;2;0;0;0m▄[48;2;66;66;66m▀[49m [48;2;0;0;0m▀[38;2;66;78;82m[48;2;74;99;114m▀[38;2;255;206;71m[48;2;255;239;71m▀[38;2;206;111;70m[48;2;74;74;66m▀[38;2;0;16;16m[48;2;206;107;70m▀[38;2;192;159;69m[48;2;82;81;69m▀[38;2;66;66;66m[48;2;74;74;66m▀[38;2;71;71;66m[48;2;255;140;95m▀[38;2;96;159;163m[48;2;137;104;89m▀[48;2;82;148;162m▀[38;2;96;158;165m[48;2;96;159;163m▀[38;2;96;157;165m[48;2;57;94;121m▀[38;2;255;206;71m[48;2;60;96;124m▀[38;2;66;66;66m[48;2;66;66;66m▀[49m [38;2;0;0;0m[48;2;0;0;0m▀[49m▀▀  [0m
    [38;2;0;0;0m▀[38;2;66;66;66m[48;2;0;0;0m▀[38;2;0;0;0m▀[49m [38;2;66;66;66m[48;2;0;0;0m▀[38;2;90;158;168m[48;2;57;61;65m▀[38;2;57;74;73m[48;2;120;134;134m▀[38;2;247;255;255m[48;2;57;74;73m▀[38;2;82;78;66m[48;2;255;255;255m▀[38;2;156;129;111m[48;2;255;255;247m▀[38;2;255;140;87m[48;2;74;70;66m▀[38;2;74;86;98m[48;2;255;206;71m▀▀[38;2;255;206;68m[48;2;255;206;68m▀[38;2;247;214;87m[48;2;49;103;137m▀[38;2;93;159;163m[48;2;93;159;163m▀[38;2;66;66;66m[48;2;66;66;66m▀[49m [38;2;0;0;0m▀[48;2;66;66;66m▀[49m▄  [0m
        [38;2;0;0;0m▀[38;2;66;78;82m[48;2;0;0;0m▀[38;2;76;104;119m[48;2;247;222;95m▀[38;2;63;60;68m[48;2;57;78;89m▀[38;2;110;154;166m[48;2;57;107;137m▀[38;2;57;66;65m[48;2;57;78;89m▀[38;2;57;94;121m[48;2;96;159;163m▀[48;2;88;159;168m▀▀[38;2;96;159;163m[48;2;93;159;163m▀[38;2;96;158;165m[48;2;107;148;155m▀[38;2;66;66;66m[48;2;0;0;0m▀[38;2;0;0;0m[49m▀ ▄[48;2;0;0;0m▀[49m▀  [0m
  [38;2;0;0;0m▄ [48;2;0;0;0m▀[49m▄▄▄ [48;2;0;0;0m▀[38;2;57;78;89m[48;2;96;96;93m▀[38;2;120;126;91m▀[38;2;57;107;137m[48;2;96;157;168m▀[38;2;57;78;89m[48;2;77;96;106m▀[38;2;60;96;121m[48;2;66;66;66m▀[38;2;88;159;168m[48;2;189;156;69m▀[38;2;66;66;66m[48;2;101;96;77m▀[48;2;57;66;81m▀[38;2;57;74;77m[48;2;0;0;0m▀[49m [38;2;0;0;0m▄▄▀    [0m
  [38;2;66;66;66m▀[38;2;0;0;0m▀[38;2;66;66;66m[48;2;66;66;66m▀▀[49m▀[38;2;0;0;0m▀[38;2;82;69;42m▄[38;2;0;0;0m[48;2;82;82;82m▀[38;2;255;206;71m[48;2;96;99;93m▀[38;2;96;99;93m[48;2;255;231;71m▀[38;2;255;206;68m[48;2;96;99;93m▀[38;2;255;206;71m[48;2;255;206;68m▀[48;2;192;159;70m▀[38;2;189;156;69m[48;2;101;96;77m▀[38;2;94;96;94m[48;2;189;156;69m▀[38;2;66;60;42m[48;2;0;0;0m▀[38;2;0;0;0m[49m▀        [0m
  [38;2;0;0;0m▀▀▀▀ [48;2;0;0;0m▀[38;2;247;206;79m[48;2;66;66;66m▀[38;2;255;239;71m[48;2;96;99;93m▀[38;2;255;231;71m[48;2;255;231;71m▀[48;2;96;99;93m▀[38;2;96;99;93m[48;2;255;231;71m▀[38;2;255;206;68m[48;2;198;156;70m▀[38;2;192;159;70m[48;2;189;156;69m▀[38;2;189;156;69m[48;2;192;159;69m▀[38;2;57;66;81m[48;2;66;66;66m▀[38;2;0;0;0m[49m▄▄ ▄▄[38;2;66;66;66m▄[38;2;0;0;0m▄   [0m
        [38;2;0;0;0m▀[38;2;66;66;66m▀[38;2;247;206;79m[48;2;0;0;0m▀[38;2;120;109;75m▀[38;2;255;206;68m[48;2;66;66;66m▀[38;2;193;158;69m[48;2;99;99;99m▀[38;2;94;96;94m[48;2;192;159;69m▀[38;2;66;66;66m[48;2;66;66;66m▀[38;2;0;0;0m[48;2;0;0;0m▀[49m▀[48;2;0;0;0m▀[49m▀[38;2;66;66;66m[48;2;0;0;0m▀[48;2;66;66;66m▀[38;2;0;0;0m[48;2;0;0;0m▀[49m▄   [0m
            [38;2;0;0;0m▀[38;2;66;66;66m▀▀[38;2;0;0;0m▀    ▄▀ ▀   [0m
                           [0m
