
[38;2;0;0;0m                                                      
[38;2;0;0;0m                ████                                  
[38;2;0;0;0m                ████        ████                      
[38;2;0;0;0m              ██            ████                      
[38;2;0;0;0m    ████      ██          ██                          
[38;2;0;0;0m  ██[38;2;189;200;237m████[38;2;0;0;0m██  ████[38;2;0;4;8m████[38;2;0;0;0m██    ██                          
[38;2;0;0;0m  ██[38;2;189;200;237m████[38;2;189;198;237m██[38;2;0;0;0m██[38;2;247;148;47m████[38;2;63;58;31m██[38;2;189;165;77m██[38;2;189;165;69m██[38;2;0;0;0m████████████                    
[38;2;0;0;0m    ██[38;2;189;198;237m██[38;2;82;55;34m██[38;2;247;148;55m██[38;2;247;247;47m████[38;2;247;148;55m██[38;2;82;55;34m██[38;2;187;133;59m██[38;2;66;70;66m██[38;2;247;148;47m████[38;2;74;61;66m██[38;2;255;231;47m██[38;2;247;247;47m██[38;2;0;0;0m██      ████████    
[38;2;0;0;0m    ██[38;2;63;66;79m██[38;2;247;148;55m██[38;2;0;8;24m██[38;2;247;247;47m████[38;2;0;8;24m██[38;2;247;148;55m██[38;2;66;70;66m██[38;2;247;165;55m██[38;2;247;247;47m████[38;2;195;174;53m██[38;2;74;61;66m██[38;2;247;247;47m████[38;2;0;0;0m██  ██[38;2;156;156;156m██[38;2;231;247;255m████[38;2;156;156;156m██[38;2;0;0;0m██  
[38;2;0;0;0m      ██[38;2;247;181;47m████[38;2;214;198;86m████[38;2;255;231;47m██[38;2;74;61;66m██[38;2;247;181;47m██[38;2;0;0;0m██[38;2;247;247;47m████[38;2;0;0;0m██[38;2;247;181;47m██[38;2;66;66;66m██[38;2;222;206;78m██[38;2;170;170;143m██[38;2;0;0;0m██[38;2;231;247;255m██████████[38;2;0;0;0m██  
[38;2;0;0;0m        ██[38;2;247;181;47m██[38;2;247;247;47m████[38;2;195;174;53m██[38;2;74;61;66m██[38;2;247;181;47m████[38;2;214;198;86m████[38;2;247;181;47m████[38;2;66;66;66m██[38;2;170;159;74m██[38;2;85;85;72m██[38;2;255;255;215m██[38;2;231;247;255m████████[38;2;0;0;0m██    
[38;2;0;0;0m          ██[38;2;247;148;55m████[38;2;66;66;66m██████[38;2;239;119;63m██[38;2;247;247;47m████[38;2;247;165;55m██[38;2;66;70;66m██[38;2;189;165;69m████[38;2;0;0;0m████[38;2;231;247;255m████[38;2;156;156;156m██[38;2;0;0;0m██      
[38;2;0;0;0m            [38;2;0;8;24m██[38;2;82;55;34m██[38;2;239;119;63m██████[38;2;66;66;66m██[38;2;247;148;47m████[38;2;66;70;66m██[38;2;187;133;59m██[38;2;189;165;69m██[38;2;0;0;0m████  ██████        
[38;2;0;0;0m            ██[38;2;247;148;47m██[38;2;255;231;55m██[38;2;175;154;39m██[38;2;255;247;47m██[38;2;178;165;31m██[38;2;66;66;66m████[38;2;189;165;69m████[38;2;63;63;44m██[38;2;0;8;24m██[38;2;0;0;0m                  
[38;2;0;0;0m            ██[38;2;247;148;47m██[38;2;16;0;8m██[38;2;255;231;55m██[38;2;255;247;47m██[38;2;24;0;0m██[38;2;247;148;47m██[38;2;66;66;66m██[38;2;189;165;69m██[38;2;66;66;66m██[38;2;63;63;44m██[38;2;189;173;85m██[38;2;0;0;0m██                
[38;2;0;0;0m            ██[38;2;247;148;47m██[38;2;239;247;55m██[38;2;236;198;58m████[38;2;239;247;55m██[38;2;247;165;55m██[38;2;66;70;66m██[38;2;189;165;69m██[38;2;66;66;66m██[38;2;63;58;36m██[38;2;189;165;77m██[38;2;0;0;0m██                
[38;2;0;0;0m              ██[38;2;234;148;60m██[38;2;239;247;55m████[38;2;234;148;60m██[38;2;66;70;66m██[38;2;187;133;59m██[38;2;189;165;69m██[38;2;66;66;66m██[38;2;189;165;77m██[38;2;0;4;16m██[38;2;0;0;0m                  
[38;2;0;0;0m                ██[38;2;247;148;47m██[38;2;247;156;63m██[38;2;82;55;32m██[38;2;189;165;69m████[38;2;66;66;66m██[38;2;0;0;0m████                    
[38;2;0;0;0m                  ██[38;2;0;4;16m████[38;2;0;0;0m██████                        
[38;2;0;0;0m                                                      [0m
