
[38;2;0;0;0m                                                                                                        
[38;2;0;0;0m                                                          ██████                                        
[38;2;0;0;0m                                                        ██[38;2;222;189;158m██[38;2;225;189;158m██[38;2;165;123;93m██[38;2;0;0;0m██                                      
[38;2;0;0;0m                                                      ██[38;2;222;189;158m████[38;2;225;189;158m████[38;2;0;0;0m██                                      
[38;2;0;0;0m                                                      ██[38;2;167;123;93m██[38;2;222;189;158m████[38;2;167;123;93m██[38;2;0;0;0m██                                      
[38;2;0;0;0m                                                      ██[38;2;167;123;93m████████[38;2;0;0;0m██                                      
[38;2;0;0;0m              ██████                              ██[38;2;0;0;8m██[38;2;74;63;58m██[38;2;167;123;93m████[38;2;156;123;100m██[38;2;0;4;8m██[38;2;0;0;0m                                        
[38;2;0;0;0m      ████████[38;2;222;189;158m██[38;2;231;181;151m██[38;2;154;121;101m██[38;2;0;0;0m████                  ████████[38;2;222;189;158m████████[38;2;167;123;93m██[38;2;78;63;54m████[38;2;0;0;0m██    ██████                            
[38;2;0;0;0m    ██[38;2;222;189;158m████[38;2;79;79;69m██[38;2;225;187;158m████[38;2;225;189;158m████[38;2;168;123;93m████[38;2;0;0;0m████        [38;2;0;0;8m████[38;2;0;8;8m██[38;2;247;140;167m██[38;2;66;66;66m██[38;2;222;189;158m██[38;2;225;187;158m████████████[38;2;74;66;66m██[38;2;152;123;108m██[38;2;173;123;101m██[38;2;8;0;8m██[38;2;0;4;8m██[38;2;198;99;118m██[38;2;192;107;128m██[38;2;66;57;66m██[38;2;0;0;0m██████                      
[38;2;0;0;0m    ██[38;2;222;189;158m████[38;2;79;79;69m██[38;2;225;187;158m████[38;2;225;189;158m██[38;2;165;123;93m██[38;2;168;123;93m████[38;2;154;121;101m██[38;2;231;181;151m██[38;2;0;0;0m████  ██[38;2;247;140;175m██[38;2;123;70;91m██[38;2;247;140;167m██[38;2;82;52;61m██[38;2;222;189;158m████[38;2;225;187;158m████████████[38;2;231;181;151m██[38;2;74;66;66m██[38;2;173;123;101m██[38;2;118;82;70m██[38;2;198;99;118m██[38;2;132;67;81m██[38;2;129;82;97m██[38;2;255;132;159m██[38;2;74;63;55m██[38;2;222;189;166m██[38;2;165;123;93m██[38;2;0;0;0m██████████            
[38;2;0;0;0m  ██[38;2;222;189;158m████[38;2;74;74;69m██[38;2;222;189;158m██████[38;2;74;74;66m████[38;2;82;82;74m██[38;2;165;132;101m██[38;2;152;127;108m██[38;2;231;189;159m██[38;2;225;187;158m████[38;2;0;4;16m██[38;2;123;72;95m██[38;2;247;140;167m██[38;2;126;77;110m██[38;2;239;165;159m██[38;2;66;66;66m██[38;2;167;123;93m████████████[38;2;225;187;158m████████[38;2;66;64;71m██[38;2;198;94;118m██[38;2;126;77;110m████[38;2;239;165;159m██[38;2;66;66;66m██[38;2;225;187;158m████[38;2;222;189;158m██[38;2;167;123;93m██[38;2;66;66;66m██[38;2;222;189;158m██[38;2;225;187;158m████[38;2;0;0;0m██          
[38;2;0;0;0m  ██[38;2;222;189;158m██[38;2;66;66;66m██[38;2;74;74;69m██[38;2;222;189;158m████[38;2;66;66;66m██[38;2;173;181;165m██[38;2;123;127;115m██[38;2;137;115;92m██[38;2;82;82;74m██[38;2;231;189;159m██[38;2;74;66;58m██[38;2;225;187;158m████[38;2;123;72;95m██[38;2;247;140;175m██[38;2;126;77;110m██[38;2;247;140;167m██[38;2;66;66;66m██[38;2;239;165;159m██[38;2;222;189;158m████████████[38;2;225;187;158m████████[38;2;66;64;71m██[38;2;132;79;95m██[38;2;126;77;110m██[38;2;247;140;167m██[38;2;66;66;66m██[38;2;239;165;159m██[38;2;225;187;158m████[38;2;222;189;158m██[38;2;167;123;93m██[38;2;222;189;158m████[38;2;225;187;158m████[38;2;165;123;93m██[38;2;0;0;0m████      
[38;2;0;0;0m    ██[38;2;66;66;66m██[38;2;198;198;182m██[38;2;66;66;58m██[38;2;66;66;66m██[38;2;198;198;190m██[38;2;173;177;167m██[38;2;123;124;113m██[38;2;66;66;66m██[38;2;222;189;158m██[38;2;225;187;158m████[38;2;74;66;66m██[38;2;231;181;151m██[38;2;126;74;105m██[38;2;247;132;151m██[38;2;132;79;97m██[38;2;198;94;118m██[38;2;66;66;66m████████[38;2;222;189;158m████[38;2;82;82;82m████████[38;2;79;79;69m██[38;2;222;189;158m██████[38;2;126;87;100m██[38;2;247;140;167m██[38;2;82;70;58m██[38;2;148;129;116m██[38;2;222;189;158m████[38;2;66;66;66m████[38;2;225;187;158m████[38;2;231;189;159m██[38;2;152;127;108m██[38;2;168;123;93m████[38;2;165;123;93m██[38;2;0;0;0m██    
[38;2;0;0;0m      ██[38;2;198;198;182m██[38;2;132;132;120m██[38;2;198;198;190m████[38;2;173;177;167m██[38;2;74;70;58m██[38;2;222;189;158m████[38;2;225;187;158m████[38;2;74;66;66m██[38;2;152;123;108m██[38;2;126;74;105m██[38;2;187;103;128m██[38;2;132;79;97m██[38;2;66;64;77m██[38;2;247;140;167m████[38;2;192;63;91m████[38;2;74;74;69m████[38;2;247;247;247m██[38;2;0;0;0m████[38;2;247;247;247m██[38;2;79;79;69m██[38;2;222;189;158m████[38;2;66;66;66m██[38;2;66;61;66m████[38;2;214;189;174m██[38;2;82;70;58m██[38;2;66;66;66m████[38;2;170;176;170m██[38;2;66;66;66m██[38;2;225;187;158m████[38;2;231;189;159m██[38;2;74;66;58m██[38;2;168;123;93m████[38;2;165;123;93m████[38;2;0;0;0m██  
[38;2;0;0;0m      ██[38;2;198;198;190m██[38;2;132;134;108m██[38;2;198;198;190m████[38;2;173;177;167m██[38;2;74;70;58m██[38;2;152;123;108m██[38;2;231;181;151m████[38;2;74;66;66m██[38;2;168;123;93m████[38;2;127;77;107m██[38;2;198;94;110m██[38;2;74;57;58m██[38;2;255;127;159m██[38;2;247;140;164m████[38;2;247;140;167m██[38;2;192;60;96m██[38;2;192;63;91m██[38;2;66;66;66m██[38;2;82;82;66m██[38;2;255;255;255m████[38;2;82;82;66m██[38;2;90;74;58m██[38;2;231;181;151m██[38;2;66;66;66m██[38;2;222;189;158m████[38;2;66;66;66m██[38;2;201;198;190m████[38;2;132;134;108m██[38;2;198;198;190m██[38;2;170;176;173m██[38;2;132;132;108m██[38;2;66;66;66m██████[38;2;165;123;93m██[38;2;168;123;93m████████[38;2;0;0;0m██  
[38;2;0;0;0m      ██[38;2;198;198;190m████[38;2;132;134;108m██[38;2;198;198;190m██[38;2;173;177;167m██[38;2;123;124;113m██[38;2;74;66;66m██████[38;2;152;123;108m██[38;2;168;123;93m████[38;2;127;77;107m██[38;2;198;94;110m██[38;2;74;57;58m██[38;2;164;92;108m██[38;2;247;140;164m████[38;2;192;60;96m████[38;2;192;63;91m██[38;2;66;66;66m██[38;2;82;82;66m████████[38;2;160;127;104m████[38;2;66;66;66m██[38;2;222;189;158m████[38;2;66;66;66m██[38;2;201;198;190m████[38;2;132;134;108m██[38;2;198;198;190m██[38;2;170;176;173m██[38;2;132;132;108m██[38;2;132;132;105m████[38;2;66;66;66m██[38;2;165;123;93m██[38;2;168;123;93m████████[38;2;0;0;0m██  
[38;2;0;0;0m      ██[38;2;201;198;190m████[38;2;198;198;190m██[38;2;132;134;108m██[38;2;170;176;173m██[38;2;132;132;108m██[38;2;132;132;105m████[38;2;66;66;66m██[38;2;165;123;93m██[38;2;168;123;93m████[38;2;181;119;125m██[38;2;123;79;89m██[38;2;66;66;66m██[38;2;198;78;102m██[38;2;192;63;93m████████[38;2;192;63;91m██[38;2;66;66;66m██[38;2;165;123;93m██████[38;2;66;66;66m████[38;2;165;123;93m██[38;2;74;66;66m██[38;2;231;181;151m██[38;2;214;189;174m██[38;2;66;66;66m██[38;2;198;198;190m██[38;2;132;134;108m██[38;2;201;198;190m████[38;2;170;176;173m██[38;2;132;132;108m██[38;2;132;132;105m████[38;2;66;66;66m██[38;2;165;123;93m██[38;2;168;123;93m████[38;2;165;123;93m████[38;2;0;0;0m██  
[38;2;0;0;0m      ██[38;2;201;198;190m████[38;2;198;198;190m██[38;2;132;134;108m██[38;2;170;176;173m██[38;2;132;132;108m██[38;2;132;132;105m████[38;2;66;66;66m██[38;2;165;123;93m██[38;2;168;123;93m████[38;2;8;0;16m██[38;2;123;79;89m██[38;2;198;78;102m██[38;2;66;66;66m██[38;2;192;63;93m████████[38;2;66;66;66m██████████[38;2;165;123;93m████[38;2;66;66;66m██[38;2;152;123;108m██[38;2;74;66;66m██[38;2;66;66;66m██[38;2;214;189;174m██[38;2;198;198;190m██[38;2;132;134;108m██[38;2;201;198;190m████[38;2;170;176;173m██[38;2;132;132;108m██[38;2;132;132;105m████[38;2;66;66;66m██[38;2;165;123;93m██[38;2;168;123;93m████[38;2;165;123;93m██[38;2;0;0;0m██    
[38;2;0;0;0m      ██[38;2;201;198;190m████████[38;2;170;176;173m██[38;2;132;132;108m██[38;2;132;132;105m████[38;2;66;66;66m██[38;2;0;0;0m██████  ██[38;2;132;69;87m██[38;2;198;103;126m██[38;2;66;64;71m████[38;2;66;66;66m████[38;2;170;178;173m██[38;2;165;123;93m██[38;2;142;121;105m████[38;2;176;115;96m████[38;2;66;64;77m██[38;2;198;94;118m██[38;2;123;82;107m██[38;2;173;101;104m██[38;2;66;66;66m██[38;2;198;198;190m████[38;2;132;134;108m██[38;2;201;198;190m████[38;2;170;176;173m██[38;2;132;132;108m██[38;2;132;132;105m████[38;2;78;63;54m██[38;2;156;123;100m██[38;2;165;123;93m██[38;2;0;0;0m████      
[38;2;0;0;0m      ██[38;2;201;198;190m████████[38;2;170;176;173m██[38;2;132;132;108m██[38;2;132;132;105m████[38;2;0;0;0m██          [38;2;0;0;8m████[38;2;132;79;95m██[38;2;198;94;118m██[38;2;66;66;66m██[38;2;170;176;170m██[38;2;170;178;173m████[38;2;195;176;160m██[38;2;90;66;50m██[38;2;176;115;96m██[38;2;66;66;66m██[38;2;132;79;97m████[38;2;198;111;102m██[38;2;123;82;107m██[38;2;66;66;66m██[38;2;198;198;190m████[38;2;132;134;108m██[38;2;201;198;190m████[38;2;170;176;173m██[38;2;132;132;108m██[38;2;132;132;105m████[38;2;78;63;54m██[38;2;0;4;8m██[38;2;0;0;0m██          
[38;2;0;0;0m      ██[38;2;201;195;190m██[38;2;170;175;173m██[38;2;201;195;190m████[38;2;170;176;173m██[38;2;132;132;108m██[38;2;132;132;105m████[38;2;0;0;0m██              ██████████[38;2;173;173;173m██[38;2;82;60;53m██[38;2;165;121;98m██[38;2;127;77;107m██[38;2;198;94;110m██[38;2;129;77;107m██[38;2;167;121;93m██[38;2;132;78;108m██[38;2;181;114;99m██[38;2;66;66;61m██[38;2;198;198;182m██[38;2;132;134;108m██[38;2;198;198;190m██[38;2;201;198;190m████[38;2;170;176;173m██[38;2;132;132;108m██[38;2;132;132;105m████[38;2;0;0;0m██              
[38;2;0;0;0m      ██[38;2;170;175;173m██[38;2;201;195;190m██[38;2;170;175;173m██[38;2;201;195;190m██[38;2;170;176;173m██[38;2;132;132;108m██[38;2;132;132;105m████[38;2;0;0;0m██                        ██[38;2;0;0;8m██[38;2;165;121;98m██[38;2;127;77;107m██[38;2;198;94;110m██[38;2;129;77;107m██[38;2;167;121;93m██[38;2;181;114;99m████[38;2;66;66;61m██[38;2;132;132;121m██[38;2;198;198;190m████[38;2;201;198;190m████[38;2;170;176;173m██[38;2;132;132;108m██[38;2;132;132;105m████[38;2;0;0;0m██              
[38;2;0;0;0m      ██[38;2;170;175;173m██[38;2;201;195;190m██[38;2;170;175;173m██[38;2;201;195;190m██[38;2;170;176;173m██[38;2;132;132;108m██[38;2;94;99;94m██[38;2;132;132;108m██[38;2;0;0;0m██                            ██[38;2;167;121;93m██[38;2;129;77;107m██[38;2;168;123;93m████[38;2;167;123;93m████[38;2;66;66;66m██[38;2;198;198;190m██[38;2;201;198;190m████████[38;2;170;176;173m██[38;2;132;132;108m██[38;2;132;132;105m████[38;2;0;0;0m██              
[38;2;0;0;0m      ██[38;2;201;195;190m██[38;2;170;175;173m██[38;2;201;195;190m████[38;2;170;176;173m██[38;2;132;132;108m██[38;2;94;99;94m██[38;2;132;132;108m██[38;2;0;0;0m██                        ████[38;2;222;189;158m██[38;2;167;121;93m████[38;2;168;123;93m████[38;2;167;123;93m██[38;2;222;189;158m██[38;2;66;66;66m██[38;2;198;198;190m██[38;2;201;198;190m████████[38;2;170;176;173m██[38;2;132;132;108m██[38;2;132;132;105m████[38;2;0;0;0m██              
[38;2;0;0;0m      ██[38;2;201;198;190m████[38;2;201;195;190m████[38;2;173;173;173m██[38;2;94;96;94m██[38;2;132;132;105m████[38;2;0;0;0m██                      [38;2;0;0;8m██[38;2;239;165;167m██[38;2;129;79;107m██[38;2;222;189;158m██[38;2;225;187;158m████████████[38;2;66;66;66m██[38;2;198;198;190m██[38;2;201;198;190m████████[38;2;94;99;94m██[38;2;132;132;108m██[38;2;132;132;105m████[38;2;0;0;0m██              
[38;2;0;0;0m      ██[38;2;201;198;190m████[38;2;170;175;173m██[38;2;201;195;190m██[38;2;173;173;173m██[38;2;94;96;94m██[38;2;132;132;105m████[38;2;0;0;0m██                    ██[38;2;239;165;167m██[38;2;119;82;87m██[38;2;222;189;158m████[38;2;225;187;158m████████████[38;2;66;66;66m██[38;2;198;198;190m██[38;2;201;198;190m████████[38;2;94;99;94m██[38;2;132;132;108m██[38;2;132;132;105m████[38;2;0;0;0m██              
[38;2;0;0;0m      ██[38;2;201;198;190m████████[38;2;94;99;94m██[38;2;132;132;108m██[38;2;94;99;94m██[38;2;132;132;108m██[38;2;0;0;0m██                    ██[38;2;162;121;101m██[38;2;239;181;151m██[38;2;225;189;158m████[38;2;222;189;158m████████[38;2;231;189;159m████[38;2;66;66;66m██[38;2;198;198;190m██[38;2;201;198;190m████████[38;2;173;173;173m██[38;2;99;103;91m██[38;2;132;132;108m██[38;2;94;99;94m██[38;2;0;0;0m██              
[38;2;0;0;0m      ██[38;2;201;198;190m████████[38;2;94;99;94m██[38;2;132;132;108m████[38;2;94;99;94m██[38;2;0;0;0m██                      [38;2;8;0;0m██[38;2;162;121;101m██[38;2;165;123;93m██[38;2;225;189;158m██[38;2;222;189;158m██[38;2;0;0;0m██████[38;2;8;0;0m██[38;2;157;126;106m██[38;2;66;66;66m██[38;2;198;198;190m██[38;2;201;198;190m████████[38;2;173;173;173m██[38;2;124;126;118m██[38;2;94;99;94m██[38;2;132;132;108m██[38;2;0;0;0m██              
[38;2;0;0;0m      ██[38;2;99;99;95m██[38;2;198;198;190m████[38;2;99;99;95m██[38;2;0;0;0m██[38;2;82;78;70m██[38;2;132;132;116m██[38;2;88;88;77m██[38;2;0;0;0m██                    ██[38;2;165;123;93m██████[38;2;0;0;0m████        ██[38;2;66;66;63m██[38;2;198;198;190m██[38;2;201;198;190m████████[38;2;173;173;173m██[38;2;124;126;118m██[38;2;94;99;94m██[38;2;132;132;108m██[38;2;0;0;0m██              
[38;2;0;0;0m        ████████  ██████                        ██████              ██[38;2;198;198;190m██[38;2;201;198;190m████████[38;2;173;173;173m██[38;2;99;103;91m██[38;2;132;132;108m████[38;2;0;0;0m██              
[38;2;0;0;0m                                                                    ██[38;2;198;198;190m██████[38;2;94;99;94m██[38;2;66;66;66m██[38;2;88;89;80m██[38;2;132;132;116m██[38;2;132;132;108m████[38;2;0;0;0m██              
[38;2;0;0;0m                                                                    ██[38;2;99;99;95m██[38;2;198;198;190m██[38;2;93;99;96m██[38;2;66;66;66m████[38;2;0;4;8m██[38;2;132;132;116m██[38;2;132;132;108m██[38;2;94;99;94m██[38;2;0;0;0m██              
[38;2;0;0;0m                                                                      ██████████  ██████                
[38;2;0;0;0m                                                                                                        [0m
