
          [38;2;0;0;0m▄            [0m
      [38;2;0;0;0m▄▄ [48;2;0;0;0m▀[38;2;247;123;71m[48;2;247;123;71m▀[38;2;0;0;0m[48;2;0;0;0m▀[49m  ▄▄       [0m
   [38;2;0;0;0m▄▄▄▀[38;2;198;90;70m[48;2;0;0;0m▀[38;2;0;0;0m[48;2;66;66;66m▀[38;2;165;82;47m[48;2;247;123;71m▀[38;2;247;123;71m▀[38;2;0;0;0m[48;2;206;99;78m▀[38;2;0;16;16m[49m▄[38;2;0;0;0m[48;2;247;123;71m▀[38;2;247;123;71m[48;2;0;0;0m▀[38;2;0;0;0m[49m▀       [0m
 [38;2;0;0;0m▄[48;2;198;90;70m▀[38;2;198;90;70m[48;2;197;90;69m▀▀[48;2;198;90;70m▀[38;2;0;0;0m▀[48;2;66;66;66m▀[38;2;66;66;66m[48;2;247;123;71m▀[38;2;247;123;71m[48;2;156;73;60m▀[38;2;156;73;60m[48;2;247;123;71m▀[38;2;137;71;57m▀[38;2;69;44;37m▀[38;2;247;123;71m[48;2;0;0;0m▀[38;2;0;0;0m[49m▀        [0m
 [38;2;0;0;0m▀[38;2;198;90;70m[48;2;0;0;0m▀[38;2;156;74;60m[48;2;198;189;158m▀[38;2;197;90;69m[48;2;156;74;60m▀[38;2;154;82;69m[48;2;222;156;110m▀[38;2;66;66;66m[48;2;66;66;66m▀[38;2;247;123;71m[48;2;195;158;125m▀[48;2;74;61;58m▀[48;2;247;123;71m▀▀[48;2;255;255;255m▀[38;2;255;255;255m[48;2;0;0;0m▀[38;2;247;123;71m[48;2;255;255;255m▀[38;2;0;0;0m[48;2;198;90;70m▀[38;2;0;4;8m[49m▄▄[38;2;0;0;0m[48;2;247;126;71m▀▀[48;2;247;123;71m▀[49m▄  [0m
  [38;2;0;0;0m▀[38;2;198;189;158m[48;2;0;0;0m▀[48;2;198;189;158m▀[38;2;66;66;66m[48;2;80;55;45m▀[38;2;222;156;110m[48;2;239;132;87m▀[38;2;74;61;58m[48;2;165;148;117m▀[38;2;255;206;159m[48;2;231;222;191m▀[38;2;66;66;66m[48;2;239;222;183m▀[38;2;247;123;71m[48;2;66;66;66m▀[38;2;255;255;255m[48;2;198;90;70m▀[48;2;255;255;255m▀[48;2;198;90;70m▀[38;2;198;90;70m[48;2;66;66;66m▀[38;2;82;47;32m[48;2;247;123;71m▀[38;2;247;132;79m▀[38;2;247;126;71m[48;2;189;82;53m▀[48;2;208;129;96m▀[38;2;247;123;71m[48;2;214;103;70m▀▀[38;2;0;0;0m[48;2;0;0;0m▀[49m [0m
    [38;2;0;0;0m▀[38;2;0;16;24m[48;2;0;8;16m▀[38;2;80;55;45m[48;2;90;55;50m▀[38;2;231;222;191m[48;2;165;148;117m▀[38;2;165;148;117m[48;2;231;222;191m▀[38;2;152;144;124m▀[38;2;66;66;66m▀[38;2;198;90;70m[48;2;66;66;66m▀[48;2;198;90;70m▀▀[38;2;66;66;66m[48;2;66;65;66m▀[38;2;247;123;71m[48;2;200;147;115m▀[38;2;156;73;60m[48;2;145;96;78m▀[38;2;247;222;183m[48;2;231;222;191m▀[38;2;189;82;53m▀[38;2;214;103;70m▀[38;2;231;222;191m[48;2;0;0;0m▀[38;2;0;0;0m[49m▀ [0m
   [38;2;0;0;0m▄[48;2;198;90;70m▀[38;2;181;103;85m[48;2;198;189;158m▀[38;2;90;55;50m[48;2;0;0;0m▀[38;2;231;222;191m▀[38;2;165;148;117m[48;2;231;222;191m▀▀▀[38;2;66;66;66m[48;2;198;189;158m▀[38;2;198;90;70m[48;2;66;66;66m▀[48;2;192;101;69m▀[48;2;66;66;66m▀[38;2;90;45;42m[48;2;198;90;70m▀[38;2;255;198;151m[48;2;66;66;66m▀[38;2;231;222;191m▀[38;2;66;66;66m▀[38;2;0;0;0m[48;2;198;90;70m▀[49m▄  [0m
   [38;2;0;0;0m[48;2;0;0;0m▀[38;2;198;90;70m▀[38;2;0;0;0m[49m▀ ▀▀[38;2;198;189;158m[48;2;0;0;0m▀▀▀▀[38;2;66;66;66m[48;2;0;4;8m▀[38;2;255;119;71m[48;2;247;132;79m▀[38;2;66;66;66m[48;2;247;127;79m▀[48;2;82;50;37m▀[38;2;198;90;70m[48;2;0;0;0m▀[38;2;66;66;66m▀[38;2;0;0;0m[49m▀▀  [0m
             [38;2;0;4;8m▀[38;2;82;47;32m[48;2;0;0;0m▀[38;2;247;127;79m▀[38;2;0;12;16m▀[49m      [0m
                       [0m
