
[38;2;0;0;0m                                              
[38;2;0;0;0m        ██                                    
[38;2;0;0;0m      ██[38;2;255;156;167m██[38;2;0;0;0m████                                
[38;2;0;0;0m    ████[38;2;255;156;167m██[38;2;170;104;111m██[38;2;255;107;127m██[38;2;0;0;0m██                              
[38;2;0;0;0m    ██[38;2;255;165;167m██[38;2;225;121;134m██[38;2;255;165;167m██[38;2;0;0;0m██                  ██            
[38;2;0;0;0m      ██[38;2;195;77;102m██[38;2;255;165;167m████[38;2;0;0;0m██        ████  ██[38;2;255;206;215m██[38;2;0;0;0m██          
[38;2;0;0;0m        ██[38;2;255;107;127m██[38;2;255;140;151m████[38;2;0;0;0m████████[38;2;0;8;8m██[38;2;255;140;151m██[38;2;0;0;0m██[38;2;255;181;183m██[38;2;255;115;135m██[38;2;0;0;0m██          
[38;2;0;0;0m        ██[38;2;255;107;127m██[38;2;66;66;66m████[38;2;255;140;151m████████[38;2;85;52;56m██[38;2;255;140;151m██[38;2;255;181;183m████[38;2;170;77;90m██[38;2;0;0;0m██          
[38;2;0;0;0m    ██████[38;2;85;60;66m██[38;2;255;148;151m████[38;2;255;165;167m████████[38;2;66;66;66m██[38;2;255;165;167m██[38;2;255;148;151m████[38;2;255;165;167m████[38;2;0;0;0m██        
[38;2;0;0;0m    ██[38;2;255;206;215m██[38;2;255;181;199m██[38;2;170;121;133m██[38;2;66;66;66m██[38;2;255;148;151m██[38;2;255;165;167m██████[38;2;66;66;66m██[38;2;255;165;167m████[38;2;255;148;151m██[38;2;66;66;66m██[38;2;0;0;0m████  ██      
[38;2;0;0;0m      ██[38;2;255;148;151m████[38;2;255;107;127m████[38;2;255;164;167m██[38;2;255;107;127m██[38;2;181;82;101m██[38;2;255;165;167m██████[38;2;66;66;66m██[38;2;255;165;167m██[38;2;255;132;151m██[38;2;0;0;0m████[38;2;255;127;143m██[38;2;0;0;0m██    
[38;2;0;0;0m        ██[38;2;255;148;151m██[38;2;255;107;127m██[38;2;255;164;167m██████[38;2;255;165;167m██████[38;2;181;82;101m██[38;2;255;165;167m████[38;2;255;132;151m██[38;2;170;88;101m██[38;2;255;127;143m████[38;2;255;165;167m██[38;2;0;0;0m██  
[38;2;0;0;0m      ██[38;2;255;206;207m██[38;2;135;103;103m██[38;2;255;165;167m██████████████[38;2;181;82;101m██[38;2;255;165;167m████[38;2;255;164;167m██[38;2;255;107;127m██[38;2;181;82;101m██[38;2;0;0;0m██[38;2;255;107;127m██[38;2;0;0;0m██  
[38;2;0;0;0m    ██[38;2;66;66;66m██[38;2;16;0;0m██[38;2;255;206;207m██[38;2;255;165;167m██[38;2;255;255;255m██[38;2;255;165;167m████████████████[38;2;255;107;127m████[38;2;0;0;0m██  ██    
[38;2;0;0;0m  ██[38;2;255;115;135m██[38;2;170;77;90m██[38;2;255;165;167m██[38;2;197;90;85m██[38;2;175;104;95m██[38;2;16;0;0m██[38;2;255;165;167m██[38;2;225;121;134m██[38;2;255;164;167m████[38;2;206;152;163m██[38;2;181;206;213m██[38;2;255;107;127m██[38;2;156;198;212m██[38;2;189;165;181m████[38;2;0;0;0m██        
[38;2;0;0;0m    ████[38;2;197;90;85m██[38;2;255;165;167m██[38;2;175;104;95m██[38;2;255;156;143m██[38;2;255;165;167m██[38;2;195;77;102m██[38;2;255;164;167m██[38;2;255;107;127m██[38;2;230;99;113m████[38;2;255;107;127m██[38;2;156;198;212m██[38;2;189;165;181m██[38;2;0;0;0m██          
[38;2;0;0;0m        ██[38;2;52;66;71m██[38;2;247;173;183m████[38;2;164;104;112m██[38;2;255;156;167m██[38;2;247;165;175m██[38;2;66;66;74m██[38;2;156;200;212m████[38;2;165;206;221m████[38;2;52;66;71m██[38;2;0;0;0m██          
[38;2;0;0;0m        ██[38;2;156;198;212m██[38;2;165;118;127m██[38;2;0;8;16m██[38;2;74;53;58m██[38;2;255;156;167m██[38;2;156;115;124m████[38;2;156;200;212m████[38;2;8;4;8m██[38;2;113;139;150m██[38;2;156;198;212m██[38;2;0;0;0m██          
[38;2;0;0;0m          ████  ██[38;2;66;66;66m████[38;2;156;198;212m██[38;2;0;0;0m████  ████            
[38;2;0;0;0m                  ██[38;2;156;198;212m████[38;2;0;0;0m██                    
[38;2;0;0;0m                    ████                      
[38;2;0;0;0m                                              [0m
