
[38;2;0;0;0m                                                
[38;2;0;0;0m              ██                                
[38;2;0;0;0m        ██  ██[38;2;66;66;66m██[38;2;0;0;0m████    ████                    
[38;2;0;0;0m      ██[38;2;66;66;66m██[38;2;0;0;0m██[38;2;66;66;66m████████[38;2;0;0;0m████[38;2;78;78;78m██[38;2;0;0;0m██              ██    
[38;2;0;0;0m      ██[38;2;66;66;66m████[38;2;71;101;141m██[38;2;77;121;183m██[38;2;66;66;66m██[38;2;80;80;80m██[38;2;66;66;66m██[38;2;80;80;80m████[38;2;0;0;0m██            ██[38;2;74;119;186m██[38;2;0;0;0m██  
[38;2;0;0;0m      ██[38;2;66;66;66m██[38;2;74;119;178m████[38;2;66;66;66m████[38;2;80;80;80m██████[38;2;66;66;66m██[38;2;0;0;0m██      ██  ██[38;2;74;119;186m████[38;2;0;0;0m██  
[38;2;0;0;0m    ██[38;2;66;66;66m██[38;2;77;121;183m██[38;2;74;119;186m██[38;2;69;70;74m██[38;2;79;81;79m████████[38;2;66;66;66m██[38;2;80;80;80m██[38;2;71;71;71m██[38;2;0;0;0m██  ██[38;2;63;73;87m██[38;2;8;4;0m██[38;2;77;121;183m████[38;2;0;0;0m██    
[38;2;0;0;0m    ██[38;2;66;66;66m██[38;2;77;121;183m██[38;2;69;70;74m████[38;2;79;81;79m████████[38;2;80;80;80m████[38;2;71;71;71m████[38;2;0;0;0m██[38;2;66;66;66m██[38;2;63;73;87m██[38;2;90;107;130m██[38;2;66;66;66m██[38;2;77;121;183m██[38;2;0;0;0m██    
[38;2;0;0;0m    ██[38;2;66;66;66m████[38;2;80;80;80m████[38;2;176;91;106m██[38;2;140;33;44m██[38;2;74;70;74m████[38;2;80;80;80m██[38;2;66;66;66m██[38;2;74;119;178m████[38;2;78;117;182m██[38;2;66;94;138m██[38;2;66;96;141m██[38;2;66;66;66m██[38;2;82;82;82m██[38;2;55;56;55m██[38;2;0;0;0m██    
[38;2;0;0;0m  ██[38;2;66;66;66m████[38;2;80;80;80m████[38;2;66;66;66m██[38;2;176;91;106m██[38;2;247;206;231m██[38;2;214;222;238m██[38;2;74;70;74m██[38;2;80;80;80m████[38;2;66;66;66m██[38;2;71;101;141m██[38;2;78;117;182m████[38;2;66;96;141m██[38;2;66;66;66m██[38;2;82;82;82m██[38;2;0;4;0m██[38;2;0;0;0m      
[38;2;0;0;0m    ██[38;2;140;165;196m██[38;2;66;66;66m████[38;2;206;214;246m██[38;2;214;222;238m████[38;2;66;66;66m██[38;2;80;80;80m██[38;2;69;70;74m████[38;2;74;115;178m██[38;2;66;66;66m██████[38;2;74;70;58m██[38;2;71;80;85m██[38;2;80;80;80m██[38;2;0;0;0m██      
[38;2;0;0;0m  ██[38;2;140;165;196m██████[38;2;159;165;186m██[38;2;66;66;66m██████[38;2;80;80;80m████[38;2;69;70;74m██[38;2;74;119;186m██[38;2;71;99;141m████[38;2;77;121;183m████[38;2;66;99;138m██[38;2;71;80;85m██[38;2;80;80;80m██[38;2;0;0;0m██      
[38;2;0;0;0m  ██[38;2;140;165;196m██[38;2;66;66;66m████[38;2;69;71;71m██[38;2;140;165;196m████[38;2;69;71;71m██[38;2;74;71;68m████[38;2;66;66;66m██[38;2;77;121;183m██[38;2;66;94;138m██[38;2;78;117;182m████[38;2;66;94;138m██[38;2;74;119;186m██[38;2;79;80;79m██[38;2;0;0;0m██        
[38;2;0;0;0m    ██████[38;2;69;71;71m████████[38;2;74;71;68m██[38;2;107;148;171m██[38;2;66;66;66m██[38;2;77;121;183m██[38;2;78;117;182m████████[38;2;79;80;79m██[38;2;74;119;186m██[38;2;0;0;0m██        
[38;2;0;0;0m          ██[38;2;78;78;78m██[38;2;80;80;80m████[38;2;66;66;66m██[38;2;104;148;173m██[38;2;66;66;66m██[38;2;90;132;178m██[38;2;77;120;183m████[38;2;74;119;186m██████[38;2;0;0;0m██          
[38;2;0;0;0m            ██[38;2;66;66;66m████[38;2;104;148;173m████[38;2;90;132;178m██[38;2;66;66;66m██[38;2;77;120;183m████[38;2;74;119;186m██[38;2;0;0;0m████            
[38;2;0;0;0m            ██[38;2;148;173;204m██[38;2;99;117;136m██[38;2;53;63;69m██[38;2;99;123;139m██[38;2;99;123;147m██[38;2;66;66;66m██[38;2;61;66;73m████[38;2;0;0;0m██                
[38;2;0;0;0m              [38;2;0;4;0m████[38;2;8;4;0m██[38;2;53;63;69m██[38;2;66;66;66m██[38;2;99;123;147m██[38;2;115;132;147m██[38;2;8;0;0m██[38;2;0;0;0m                  
[38;2;0;0;0m                    ██[38;2;148;165;196m██[38;2;55;58;65m██[38;2;140;165;196m██[38;2;0;0;0m██                  
[38;2;0;0;0m                      [38;2;8;4;0m████[38;2;0;0;0m██                    
[38;2;0;0;0m                                                [0m
