
[38;2;0;0;0m                                              
[38;2;0;0;0m                    ████                      
[38;2;0;0;0m          ████    ██[38;2;189;173;101m██[38;2;247;239;135m██[38;2;0;0;0m██                    
[38;2;0;0;0m        ██[38;2;247;239;135m████[38;2;0;0;8m████[38;2;66;66;66m██[38;2;247;239;135m████[38;2;189;173;101m██[38;2;0;0;0m██                  
[38;2;0;0;0m      ██[38;2;247;239;135m██████[38;2;189;173;109m██[38;2;63;58;42m██[38;2;247;239;135m████████[38;2;0;0;0m██                  
[38;2;0;0;0m      [38;2;0;0;8m██[38;2;247;239;135m████[38;2;189;173;101m██[38;2;247;239;135m██[38;2;66;66;66m██[38;2;247;239;135m██████[38;2;189;173;101m██[38;2;80;80;58m██[38;2;0;0;16m██[38;2;0;0;0m  ████          
[38;2;0;0;0m    ██[38;2;82;80;50m██[38;2;247;239;135m██████[38;2;66;66;66m██[38;2;247;239;135m██████[38;2;189;173;101m██[38;2;247;239;135m██[38;2;239;239;143m██[38;2;80;80;58m██[38;2;0;0;0m██[38;2;247;239;135m████[38;2;0;0;0m██        
[38;2;0;0;0m    ██[38;2;187;180;107m██[38;2;247;239;127m██[38;2;247;239;135m██[38;2;66;78;122m██[38;2;66;66;66m██[38;2;247;239;135m██████[38;2;66;66;66m████[38;2;247;239;135m██[38;2;189;173;101m██[38;2;247;239;135m████[38;2;247;239;143m██[38;2;0;0;8m██[38;2;0;0;0m        
[38;2;0;0;0m  ██[38;2;189;173;101m██[38;2;187;180;107m██[38;2;66;61;66m██[38;2;247;239;135m██[38;2;66;78;122m██[38;2;66;66;66m██[38;2;247;239;135m████[38;2;66;66;66m██████[38;2;189;173;101m██[38;2;247;239;135m██████[38;2;82;80;53m██[38;2;0;0;8m██[38;2;0;0;0m        
[38;2;0;0;0m  ██[38;2;247;239;135m██[38;2;187;181;112m██[38;2;66;66;66m██[38;2;247;239;135m██[38;2;66;74;106m██[38;2;66;66;66m██[38;2;247;239;135m██[38;2;66;66;66m████████[38;2;247;239;135m████[38;2;247;239;127m██[38;2;66;66;66m██[38;2;247;239;135m████[38;2;0;0;0m██      
[38;2;0;0;0m  ██[38;2;247;239;135m██████[38;2;66;74;106m████[38;2;66;66;66m██[38;2;247;239;135m██[38;2;90;173;250m██[38;2;66;66;66m████[38;2;247;239;135m████[38;2;66;66;66m████[38;2;187;181;107m██[38;2;189;173;101m██[38;2;247;239;135m████[38;2;0;0;0m██    
[38;2;0;0;0m    ██[38;2;255;247;135m████[38;2;66;82;138m████[38;2;107;84;59m██[38;2;66;66;66m██[38;2;90;173;250m██[38;2;66;66;66m██[38;2;247;239;135m██[38;2;66;66;66m██[38;2;66;65;66m████[38;2;66;66;66m██[38;2;189;173;101m██[38;2;189;176;101m████[38;2;255;247;135m██[38;2;8;4;0m██[38;2;0;0;0m    
[38;2;0;0;0m      [38;2;8;4;0m██[38;2;173;166;90m██[38;2;247;239;135m██[38;2;66;82;138m██[38;2;66;66;66m████████████[38;2;66;65;66m██[38;2;66;90;178m██[38;2;66;66;66m██[38;2;189;173;101m██[38;2;189;176;101m████[38;2;173;166;90m██[38;2;255;247;135m██[38;2;0;0;0m██  
[38;2;0;0;0m        ██[38;2;66;66;66m████[38;2;66;90;178m██[38;2;66;66;66m██[38;2;247;123;127m██[38;2;66;66;66m██[38;2;107;84;59m████[38;2;66;66;66m████[38;2;247;239;135m████[38;2;189;173;101m██████[38;2;247;239;135m██[38;2;0;0;0m██  
[38;2;0;0;0m      ██[38;2;66;66;66m██[38;2;189;173;101m████[38;2;66;66;66m██[38;2;66;90;178m██[38;2;66;66;66m████████[38;2;247;239;135m████████████[38;2;189;173;101m████[38;2;0;0;0m██  
[38;2;0;0;0m      ██[38;2;189;173;101m████[38;2;0;0;0m██[38;2;80;80;58m████[38;2;66;90;178m████[38;2;66;66;66m██████[38;2;187;181;107m██[38;2;247;239;135m██████████[38;2;0;0;0m██    
[38;2;0;0;0m        ████  [38;2;0;0;16m██[38;2;239;239;143m██[38;2;66;66;66m████[38;2;247;239;135m████[38;2;247;239;127m██[38;2;66;66;66m██████[38;2;82;80;50m██[38;2;0;0;8m██[38;2;0;0;0m██      
[38;2;0;0;0m              ██[38;2;189;173;101m██[38;2;247;239;135m██[38;2;189;173;101m██[38;2;82;80;53m██[38;2;247;239;143m██[38;2;247;239;135m████[38;2;189;173;101m██████[38;2;0;0;0m██        
[38;2;0;0;0m                ██[38;2;189;173;101m████[38;2;0;0;8m████[38;2;189;173;101m██[38;2;247;239;135m██████[38;2;0;0;0m██          
[38;2;0;0;0m                  ████    ████████            
[38;2;0;0;0m                                              [0m
