
   [38;2;0;0;0m▄▄▄                   [0m
 [38;2;0;0;0m▄[48;2;90;173;250m▀[38;2;90;173;250m[48;2;255;255;255m▀[48;2;90;173;250m▀[38;2;60;110;167m[48;2;90;165;250m▀[38;2;0;0;0m▀[49m▄                 [0m
 [38;2;0;0;0m[48;2;0;0;0m▀[38;2;90;165;250m[48;2;60;110;167m▀[38;2;90;176;250m[48;2;90;176;250m▀▀[38;2;206;255;254m[48;2;137;170;177m▀[38;2;137;170;177m[48;2;0;0;24m▀[38;2;0;0;0m[49m▀  ▄▄▄            [0m
  [38;2;0;0;0m▀▀[38;2;66;90;178m[48;2;0;0;0m▀[38;2;90;156;250m[48;2;60;104;167m▀[38;2;0;0;0m▀[49m▄[48;2;66;90;178m▀[48;2;247;239;135m▀[38;2;247;239;135m▀[38;2;187;180;107m[48;2;247;239;127m▀[38;2;66;61;66m[48;2;187;180;107m▀[38;2;0;0;0m[48;2;0;0;0m▀[49m▄   ▄[48;2;60;110;167m▀[48;2;90;165;250m▀[48;2;66;90;178m▀[49m▄  [0m
     [38;2;0;0;0m[48;2;0;0;0m▀[38;2;66;90;178m[48;2;66;90;178m▀[38;2;66;86;170m[48;2;187;188;141m▀[38;2;247;239;127m[48;2;247;239;127m▀[38;2;247;239;135m[48;2;66;74;106m▀[38;2;66;74;106m▀[38;2;66;66;66m[48;2;66;91;178m▀[38;2;66;91;178m▀▀▀[38;2;0;0;0m[48;2;66;90;178m▀[49m▄▄[48;2;90;173;250m▀[38;2;255;255;255m▀[38;2;90;173;250m▀[38;2;110;159;224m[48;2;247;255;255m▀[38;2;41;111;209m[48;2;110;159;224m▀[38;2;0;0;0m[48;2;0;0;0m▀[49m [0m
   [38;2;0;0;0m▄[48;2;66;90;178m▀[38;2;66;66;66m[48;2;88;91;189m▀[38;2;88;91;189m[48;2;66;66;66m▀[38;2;247;239;135m[48;2;66;74;106m▀[38;2;66;74;106m▀[38;2;66;91;178m[48;2;66;91;178m▀[48;2;66;66;66m▀▀[48;2;66;91;178m▀▀[38;2;66;66;66m▀[38;2;41;51;85m[48;2;74;94;170m▀[38;2;74;94;170m[48;2;8;8;0m▀[38;2;60;110;167m[48;2;0;0;0m▀[38;2;90;165;250m▀[38;2;90;173;250m[48;2;255;255;255m▀[48;2;90;173;250m▀[48;2;0;0;0m▀▀[38;2;0;0;0m[49m▀ [0m
   [38;2;0;0;0m[48;2;0;0;0m▀[38;2;107;90;195m[48;2;107;90;195m▀[38;2;49;90;137m[48;2;115;142;142m▀[38;2;247;247;151m[48;2;247;247;151m▀[38;2;66;66;66m[48;2;66;66;66m▀▀▀▀▀▀[38;2;65;90;177m[48;2;65;90;177m▀[48;2;107;90;195m▀[38;2;0;0;0m▀[49m▄  ▀▀    [0m
    [38;2;0;0;0m[48;2;0;0;0m▀[38;2;66;65;66m[48;2;181;82;165m▀[48;2;66;65;66m▀[38;2;66;66;66m[48;2;66;66;66m▀▀[38;2;247;239;135m[48;2;247;239;135m▀[38;2;66;66;66m[48;2;66;66;66m▀▀▀[38;2;107;90;195m▀[48;2;107;90;195m▀▀[38;2;0;0;0m[48;2;0;0;0m▀[49m        [0m
    [38;2;0;0;0m▀[38;2;181;86;165m[48;2;0;16;8m▀[38;2;60;39;60m[48;2;181;86;165m▀[38;2;255;82;127m[48;2;66;66;66m▀[38;2;66;66;66m▀▀▀[38;2;140;156;252m[48;2;127;100;159m▀[38;2;115;45;67m▀[38;2;181;82;165m[48;2;181;82;165m▀[48;2;107;91;195m▀[38;2;0;0;0m[48;2;0;0;0m▀[49m         [0m
      [38;2;0;0;0m▀▀[38;2;247;239;135m[48;2;0;0;0m▀[38;2;181;82;165m[48;2;189;173;101m▀▀[48;2;0;0;0m▀[38;2;0;0;0m[49m▀▀▀          [0m
         [38;2;0;0;0m▀▀              [0m
