
[38;2;0;0;0m                                                                    
[38;2;0;0;0m                              [38;2;32;32;32m██████[38;2;0;0;0m                                
[38;2;0;0;0m                              [38;2;32;32;32m██[38;2;238;230;164m████[38;2;32;32;32m██[38;2;0;0;0m    [38;2;32;32;32m██████[38;2;0;0;0m                    
[38;2;0;0;0m                                [38;2;32;32;32m██[38;2;238;230;164m████[38;2;32;32;32m████[38;2;189;180;115m██████[38;2;32;32;32m██[38;2;0;0;0m                  
[38;2;0;0;0m                                  [38;2;32;32;32m██[38;2;238;230;164m██[38;2;189;180;115m██████[38;2;32;32;32m████[38;2;0;0;0m                    
[38;2;0;0;0m                                  [38;2;32;32;32m██[38;2;189;180;115m████[38;2;32;32;32m████[38;2;0;0;0m                        
[38;2;0;0;0m                                [38;2;32;32;32m████[38;2;189;180;115m██[38;2;32;32;32m██[38;2;0;0;0m                            
[38;2;0;0;0m                            [38;2;32;32;32m████[38;2;238;230;164m████████[38;2;32;32;32m████[38;2;0;0;0m                        
[38;2;0;0;0m                          [38;2;32;32;32m██[38;2;189;180;115m██[38;2;238;230;164m██████[38;2;189;180;115m██[38;2;238;230;164m████[38;2;189;180;115m██[38;2;32;32;32m██[38;2;0;0;0m                      
[38;2;0;0;0m                        [38;2;32;32;32m██[38;2;238;230;164m██[38;2;74;189;230m██[38;2;255;255;255m██[38;2;238;230;164m██[38;2;189;180;115m██[38;2;74;189;230m██[38;2;189;180;115m██[38;2;238;230;164m██████[38;2;32;32;32m██[38;2;0;0;0m                    
[38;2;0;0;0m                          [38;2;32;32;32m██[38;2;74;189;230m██[38;2;82;82;82m██[38;2;74;189;230m████[38;2;255;255;255m████[38;2;189;180;115m██[38;2;255;255;255m██[38;2;189;180;115m██[38;2;238;230;164m██[38;2;32;32;32m██[38;2;0;0;0m                  
[38;2;0;0;0m            [38;2;32;32;32m██████[38;2;0;0;0m      [38;2;32;32;32m██[38;2;74;189;230m██[38;2;255;255;255m██[38;2;74;189;230m██████[38;2;82;82;82m████[38;2;74;189;230m██[38;2;255;255;255m████[38;2;32;32;32m██[38;2;0;0;0m                    
[38;2;0;0;0m        [38;2;32;32;32m████[38;2;255;255;255m████[38;2;189;180;189m██[38;2;32;32;32m██████[38;2;255;255;255m██[38;2;74;189;230m██████████[38;2;255;255;255m████[38;2;74;189;230m██[38;2;255;255;255m████[38;2;189;180;189m██[38;2;32;32;32m██[38;2;0;0;0m                  
[38;2;0;0;0m      [38;2;32;32;32m██[38;2;255;255;255m██████████[38;2;189;180;189m██[38;2;255;255;255m██[38;2;82;82;82m██[38;2;189;180;189m██[38;2;197;98;115m██[38;2;255;255;255m██[38;2;74;189;230m██[38;2;197;98;115m████[38;2;74;189;230m████[38;2;255;255;255m████████[38;2;32;32;32m██[38;2;0;0;0m                  
[38;2;0;0;0m  [38;2;32;32;32m████[38;2;189;180;189m████[38;2;255;255;255m████████[38;2;32;32;32m██[38;2;82;82;82m██[38;2;189;180;189m██[38;2;255;255;255m██[38;2;197;98;115m████████[38;2;238;172;180m██[38;2;255;255;255m████[38;2;197;98;115m██[38;2;189;180;189m██[38;2;255;255;255m██████[38;2;32;32;32m████[38;2;0;0;0m              
[38;2;0;0;0m  [38;2;32;32;32m██[38;2;255;255;255m██████[38;2;189;180;189m████[38;2;255;255;255m██[38;2;32;32;32m██[38;2;0;0;0m  [38;2;32;32;32m██[38;2;255;255;255m████████[38;2;197;98;115m██[38;2;238;172;180m████████[38;2;197;98;115m██[38;2;255;255;255m██[38;2;189;180;189m██[38;2;255;255;255m██[38;2;189;180;189m██[38;2;255;255;255m████[38;2;32;32;32m██████[38;2;0;0;0m        
[38;2;0;0;0m  [38;2;32;32;32m██[38;2;74;148;180m██████[38;2;255;255;255m████[38;2;189;180;189m██[38;2;32;32;32m██[38;2;0;0;0m  [38;2;32;32;32m██[38;2;255;255;255m██[38;2;115;106;156m████[38;2;189;189;213m██[38;2;255;255;255m████████████████[38;2;189;180;189m██[38;2;82;82;82m██[38;2;255;255;255m████[38;2;189;180;189m██[38;2;255;255;255m██[38;2;82;82;82m██[38;2;32;32;32m██[38;2;0;0;0m      
[38;2;0;0;0m  [38;2;32;32;32m██[38;2;115;106;156m██[38;2;74;189;230m████[38;2;74;148;180m██[38;2;189;180;189m██[38;2;255;255;255m██[38;2;189;180;189m██[38;2;32;32;32m████[38;2;255;255;255m██[38;2;189;189;213m██[38;2;115;106;156m████████████[38;2;189;189;213m██[38;2;255;255;255m██████[38;2;189;180;189m████[38;2;82;82;82m██[38;2;32;32;32m████[38;2;82;82;82m██[38;2;255;255;255m████[38;2;32;32;32m██[38;2;0;0;0m    
[38;2;0;0;0m    [38;2;32;32;32m██[38;2;115;106;156m████[38;2;74;189;230m██[38;2;82;82;82m██[38;2;189;180;189m██[38;2;82;82;82m██[38;2;189;180;189m██[38;2;255;255;255m██[38;2;189;180;189m██[38;2;255;255;255m██████[38;2;189;189;213m██[38;2;115;106;156m████████[38;2;255;255;255m████[38;2;189;180;189m██[38;2;82;82;82m██[38;2;189;180;189m██[38;2;32;32;32m██[38;2;0;0;0m  [38;2;32;32;32m██[38;2;255;255;255m████[38;2;189;180;189m██[38;2;32;32;32m██[38;2;0;0;0m    
[38;2;0;0;0m      [38;2;32;32;32m██████[38;2;189;180;189m████[38;2;32;32;32m██[38;2;255;255;255m████[38;2;82;82;82m██[38;2;189;180;189m██[38;2;255;255;255m██████████████[38;2;189;180;189m████[38;2;255;255;255m████[38;2;82;82;82m██[38;2;189;180;189m██[38;2;32;32;32m██[38;2;189;180;189m████████[38;2;32;32;32m██[38;2;0;0;0m    
[38;2;0;0;0m            [38;2;32;32;32m████[38;2;0;0;0m  [38;2;32;32;32m██[38;2;74;148;180m██[38;2;82;82;82m██[38;2;32;32;32m██[38;2;189;180;189m██[38;2;115;106;156m██[38;2;74;148;180m██[38;2;115;106;156m██████[38;2;189;180;189m████[38;2;82;82;82m██[38;2;255;255;255m████[38;2;82;82;82m██[38;2;74;148;180m██[38;2;32;32;32m██[38;2;189;180;189m██████████[38;2;32;32;32m██[38;2;0;0;0m  
[38;2;0;0;0m                    [38;2;32;32;32m████[38;2;0;0;0m  [38;2;32;32;32m████[38;2;115;106;156m██[38;2;74;148;180m██████[38;2;115;106;156m██[38;2;32;32;32m████[38;2;82;82;82m██[38;2;255;255;255m██[38;2;32;32;32m████[38;2;0;0;0m  [38;2;32;32;32m██[38;2;189;180;189m██████[38;2;32;32;32m████[38;2;0;0;0m  
[38;2;0;0;0m                              [38;2;32;32;32m██████████[38;2;0;0;0m    [38;2;32;32;32m██[38;2;74;189;230m██[38;2;32;32;32m██[38;2;0;0;0m      [38;2;32;32;32m██████[38;2;0;0;0m      
[38;2;0;0;0m                                              [38;2;32;32;32m████[38;2;0;0;0m                  
[38;2;0;0;0m                                                                    [0m
