
[38;2;0;0;0m                                                      
[38;2;0;0;0m                [38;2;49;49;49m████[38;2;0;0;0m                                  
[38;2;0;0;0m              [38;2;49;49;49m██[38;2;213;123;131m████[38;2;49;49;49m██[38;2;0;0;0m                                
[38;2;0;0;0m          [38;2;49;49;49m██████[38;2;213;123;131m████[38;2;172;90;98m██[38;2;49;49;49m██[38;2;0;0;0m          [38;2;49;49;49m██████[38;2;0;0;0m              
[38;2;0;0;0m        [38;2;49;49;49m██[38;2;172;90;98m██[38;2;213;123;131m████[38;2;82;82;82m██[38;2;172;90;98m██[38;2;255;180;164m██[38;2;49;49;49m██[38;2;0;0;0m      [38;2;49;49;49m████[38;2;172;90;98m██[38;2;213;123;131m██[38;2;172;90;98m██[38;2;49;49;49m██[38;2;0;0;0m            
[38;2;0;0;0m        [38;2;49;49;49m██[38;2;213;123;131m████[38;2;172;90;98m██[38;2;255;180;164m██[38;2;82;82;82m██[38;2;255;180;164m██[38;2;213;156;139m██[38;2;49;49;49m██[38;2;0;0;0m  [38;2;49;49;49m██[38;2;255;180;164m████[38;2;172;90;98m██[38;2;213;123;131m████[38;2;49;49;49m██[38;2;0;0;0m            
[38;2;0;0;0m      [38;2;49;49;49m██[38;2;213;123;131m██[38;2;82;82;82m██████[38;2;255;180;164m████[38;2;82;82;82m██[38;2;255;180;164m██[38;2;49;49;49m████[38;2;255;180;164m████████[38;2;82;82;82m██[38;2;49;49;49m██[38;2;0;0;0m              
[38;2;0;0;0m      [38;2;49;49;49m██[38;2;213;123;131m████[38;2;172;90;98m██[38;2;255;180;164m██[38;2;82;82;82m██████[38;2;213;156;139m██[38;2;82;82;82m██[38;2;255;180;164m████[38;2;172;90;98m██[38;2;82;82;82m██████[38;2;90;172;115m██[38;2;49;49;49m██[38;2;0;0;0m            
[38;2;0;0;0m        [38;2;49;49;49m████[38;2;255;180;164m██[38;2;82;82;82m██[38;2;139;205;156m████[38;2;90;172;115m██[38;2;82;82;82m██[38;2;213;156;139m████[38;2;172;90;98m██[38;2;82;82;82m██[38;2;172;90;98m██[38;2;255;180;164m████[38;2;82;82;82m████[38;2;49;49;49m██[38;2;0;0;0m          
[38;2;0;0;0m            [38;2;49;49;49m██[38;2;82;82;82m████[38;2;139;205;156m██████[38;2;82;82;82m██[38;2;213;156;139m██[38;2;82;82;82m██[38;2;213;156;139m██[38;2;255;180;164m████[38;2;172;90;98m██[38;2;213;123;131m████[38;2;49;49;49m██[38;2;0;0;0m          
[38;2;0;0;0m        [38;2;49;49;49m████[38;2;139;205;156m██████████████[38;2;82;82;82m██[38;2;213;156;139m████[38;2;172;90;98m██[38;2;49;49;49m██[38;2;82;82;82m██[38;2;213;123;131m████[38;2;82;82;82m██[38;2;49;49;49m██[38;2;0;0;0m        
[38;2;0;0;0m      [38;2;49;49;49m██[38;2;139;205;156m██████[38;2;246;230;115m████[38;2;139;205;156m████[38;2;82;82;82m██[38;2;139;205;156m██[38;2;90;172;115m██[38;2;82;82;82m████[38;2;49;49;49m██[38;2;0;0;0m  [38;2;49;49;49m██[38;2;82;82;82m████[38;2;90;172;115m██[38;2;49;49;49m██[38;2;0;0;0m        
[38;2;0;0;0m    [38;2;49;49;49m██[38;2;246;230;115m██[38;2;139;205;156m████[38;2;246;230;115m██[38;2;139;205;156m████[38;2;230;205;98m██[38;2;139;205;156m████[38;2;82;82;82m██[38;2;90;172;115m██[38;2;82;82;82m██[38;2;213;156;139m████[38;2;49;49;49m██[38;2;0;0;0m  [38;2;49;49;49m██[38;2;90;172;115m████[38;2;49;49;49m██[38;2;0;0;0m        
[38;2;0;0;0m    [38;2;49;49;49m██[38;2;246;230;115m██[38;2;139;205;156m██[38;2;246;230;115m██[38;2;139;205;156m██[38;2;246;230;115m██[38;2;139;205;156m██[38;2;230;205;98m██[38;2;139;205;156m██[38;2;90;172;115m██[38;2;82;82;82m██[38;2;90;172;115m██[38;2;49;49;49m██[38;2;213;156;139m██[38;2;255;180;164m████[38;2;49;49;49m██[38;2;230;205;98m████[38;2;180;148;65m██[38;2;49;49;49m██[38;2;0;0;0m        
[38;2;0;0;0m  [38;2;49;49;49m██[38;2;230;205;98m██[38;2;139;205;156m████[38;2;246;230;115m██[38;2;139;205;156m████[38;2;230;205;98m██[38;2;139;205;156m██[38;2;82;82;82m██[38;2;82;131;82m██[38;2;90;172;115m██[38;2;49;49;49m██[38;2;0;0;0m  [38;2;49;49;49m██[38;2;255;180;164m██[38;2;172;90;98m████[38;2;82;82;82m██[38;2;230;205;98m██[38;2;49;49;49m██[38;2;0;0;0m          
[38;2;0;0;0m  [38;2;49;49;49m██[38;2;139;205;156m████████[38;2;230;205;98m████[38;2;139;205;156m██[38;2;82;82;82m██████[38;2;90;172;115m██[38;2;49;49;49m██[38;2;0;0;0m    [38;2;49;49;49m██[38;2;213;123;131m████[38;2;82;82;82m██[38;2;49;49;49m██[38;2;0;0;0m            
[38;2;0;0;0m  [38;2;49;49;49m██[38;2;82;131;82m██[38;2;139;205;156m██████████[38;2;90;172;115m██[38;2;82;82;82m██[38;2;246;230;115m██[38;2;82;82;82m██[38;2;90;172;115m██[38;2;49;49;49m██[38;2;0;0;0m    [38;2;49;49;49m██[38;2;213;123;131m██[38;2;172;90;98m██[38;2;82;82;82m██[38;2;49;49;49m██[38;2;0;0;0m            
[38;2;0;0;0m    [38;2;49;49;49m██[38;2;82;131;82m██[38;2;139;205;156m████[38;2;90;172;115m██[38;2;82;131;82m██[38;2;82;82;82m██[38;2;246;230;115m██[38;2;230;205;98m██[38;2;82;131;82m██[38;2;49;49;49m██[38;2;0;0;0m    [38;2;49;49;49m██[38;2;139;205;156m██[38;2;82;82;82m████[38;2;139;205;156m████[38;2;49;49;49m██[38;2;0;0;0m          
[38;2;0;0;0m    [38;2;49;49;49m██[38;2;82;82;82m████████████████[38;2;90;172;115m██[38;2;49;49;49m██████[38;2;139;205;156m██████████████[38;2;49;49;49m██████[38;2;0;0;0m    
[38;2;0;0;0m      [38;2;49;49;49m██[38;2;90;172;115m██[38;2;82;131;82m██[38;2;82;82;82m████[38;2;82;131;82m██[38;2;90;172;115m████[38;2;82;82;82m██[38;2;82;131;82m████[38;2;139;205;156m████████████████[38;2;90;172;115m██[38;2;82;131;82m██[38;2;90;172;115m██[38;2;49;49;49m██[38;2;0;0;0m  
[38;2;0;0;0m        [38;2;49;49;49m████[38;2;90;172;115m██████[38;2;49;49;49m████[38;2;82;131;82m████[38;2;82;82;82m██[38;2;139;205;156m██[38;2;246;230;115m██[38;2;139;205;156m████[38;2;82;131;82m██[38;2;139;205;156m██[38;2;90;172;115m██[38;2;139;205;156m████[38;2;82;131;82m██[38;2;90;172;115m██[38;2;49;49;49m██[38;2;0;0;0m  
[38;2;0;0;0m            [38;2;49;49;49m██████[38;2;0;0;0m    [38;2;49;49;49m██████[38;2;230;205;98m██[38;2;139;205;156m██[38;2;246;230;115m██[38;2;82;82;82m██[38;2;139;205;156m██████[38;2;82;82;82m██[38;2;139;205;156m██[38;2;49;49;49m████[38;2;0;0;0m    
[38;2;0;0;0m                            [38;2;49;49;49m████[38;2;230;205;98m██[38;2;82;82;82m██[38;2;139;205;156m████[38;2;90;172;115m████[38;2;49;49;49m██[38;2;0;0;0m        
[38;2;0;0;0m                                [38;2;49;49;49m██████[38;2;139;205;156m██[38;2;90;172;115m██[38;2;82;82;82m██[38;2;49;49;49m██[38;2;0;0;0m        
[38;2;0;0;0m                                      [38;2;49;49;49m██████[38;2;0;0;0m          
[38;2;0;0;0m                                                      [0m
