
             [38;2;0;0;0m▄ ▄   ▄▄    [0m
  [38;2;0;0;0m▄[48;2;255;189;71m▀▀[49m▄▄  ▄[48;2;49;115;169m▀▀▀[38;2;49;115;169m▀[38;2;0;0;0m[48;2;49;118;169m▀[38;2;49;115;169m▀[38;2;0;0;0m[48;2;33;77;121m▀[38;2;0;0;8m[49m▄[38;2;0;0;0m[48;2;49;118;169m▀[38;2;49;115;169m▀▀[38;2;0;0;0m▀[48;2;49;115;169m▀[49m▄ [0m
 [38;2;0;0;0m[48;2;0;0;0m▀[38;2;255;189;71m▀▀▀[48;2;189;140;53m▀[48;2;173;133;47m▀[38;2;0;0;0m[48;2;255;198;71m▀[48;2;255;192;71m▀[38;2;255;189;71m▀[38;2;49;115;169m[48;2;16;99;128m▀[38;2;156;222;92m[48;2;165;192;90m▀[48;2;0;0;0m▀[48;2;156;222;92m▀[38;2;49;118;169m[48;2;49;118;169m▀▀[38;2;49;115;177m[48;2;49;115;169m▀▀[38;2;49;118;169m▀▀[48;2;0;0;0m▀▀[38;2;0;0;0m[49m▀  [0m
     [38;2;0;0;0m▀[38;2;8;4;0m▀[38;2;173;133;47m[48;2;0;0;0m▀[38;2;255;192;71m[48;2;189;140;61m▀[48;2;63;52;36m▀[38;2;239;239;71m[48;2;255;189;71m▀[38;2;165;192;90m▀[38;2;156;222;92m▀[48;2;49;115;169m▀[38;2;49;118;169m▀▀[38;2;25;74;129m[48;2;41;115;177m▀[48;2;0;0;0m▀[38;2;0;0;0m[49m▀▀     [0m
        [38;2;0;8;24m▀[38;2;189;140;61m[48;2;0;0;0m▀[38;2;66;66;66m[48;2;189;140;53m▀▀[38;2;255;189;71m[48;2;66;66;66m▀[48;2;189;140;53m▀[38;2;24;74;128m[48;2;24;75;128m▀[38;2;49;115;169m▀[38;2;27;77;118m[48;2;24;74;128m▀[38;2;0;0;0m[48;2;0;0;0m▀[49m       [0m
         [38;2;0;0;0m▄[48;2;24;75;128m▀[38;2;189;140;53m▀[48;2;33;78;121m▀▀[38;2;24;75;128m[48;2;0;0;0m▀▀[38;2;0;0;0m[49m▀        [0m
    [38;2;0;0;0m▄  ▄[48;2;25;74;129m▀[38;2;24;74;128m▀[38;2;24;75;128m[48;2;66;85;108m▀[48;2;49;66;73m▀[38;2;27;53;81m[48;2;115;123;171m▀[38;2;16;4;0m[48;2;66;66;66m▀[38;2;0;0;0m[49m▄▄         [0m
  [38;2;0;0;0m▄[48;2;24;74;128m▀[38;2;24;74;128m[48;2;44;93;135m▀[38;2;0;0;0m[48;2;66;66;66m▀[49m▄[48;2;49;115;169m▀[38;2;49;115;169m[48;2;49;118;169m▀▀[38;2;49;66;73m[48;2;46;88;118m▀[38;2;99;123;179m[48;2;52;60;68m▀[38;2;115;123;171m[48;2;66;66;66m▀[38;2;66;66;66m[48;2;115;123;171m▀[38;2;115;123;171m▀[48;2;0;0;0m▀[38;2;0;0;0m[49m▀▄▄▄     [0m
 [38;2;0;0;0m▄[48;2;24;74;128m▀[38;2;24;74;128m[48;2;65;65;65m▀[38;2;66;66;66m[48;2;156;173;220m▀[38;2;33;107;169m[48;2;66;66;66m▀[38;2;49;115;169m[48;2;57;66;73m▀[48;2;94;119;150m▀[38;2;49;118;169m▀[48;2;57;66;73m▀[38;2;41;115;169m[48;2;94;119;150m▀[48;2;57;66;73m▀[38;2;66;66;66m[48;2;156;173;228m▀[38;2;115;123;171m[48;2;0;0;8m▀[38;2;0;0;0m[49m▀▄[48;2;49;118;169m▀[38;2;49;115;169m▀[48;2;49;115;169m▀▀[38;2;0;0;0m▀[49m▄   [0m
 [38;2;0;0;0m[48;2;0;0;0m▀[38;2;24;74;128m[48;2;66;66;66m▀[38;2;65;65;65m[48;2;148;165;220m▀[38;2;156;173;220m[48;2;156;176;220m▀▀[38;2;132;173;228m▀[38;2;57;66;73m▀▀[38;2;132;173;228m▀[38;2;57;66;73m[48;2;156;173;220m▀[38;2;132;173;228m▀[38;2;156;173;228m[48;2;66;66;66m▀[38;2;104;115;155m▀[38;2;0;0;0m[48;2;49;115;169m▀[38;2;49;115;169m▀[38;2;49;118;169m▀[48;2;25;74;129m▀[38;2;49;115;169m[48;2;49;115;169m▀[38;2;24;74;128m[48;2;24;74;128m▀[38;2;49;115;169m[48;2;49;115;169m▀[38;2;0;0;0m▀[49m▄  [0m
 [38;2;0;0;0m▀[38;2;66;66;66m[48;2;0;0;0m▀[38;2;121;132;169m▀[38;2;156;176;220m[48;2;115;123;171m▀▀[48;2;156;173;220m▀▀[48;2;115;126;171m▀▀[38;2;156;173;220m[48;2;82;119;170m▀[38;2;115;123;171m[48;2;66;66;66m▀[38;2;66;66;66m[48;2;49;118;169m▀[38;2;49;115;169m▀[48;2;27;77;121m▀[38;2;24;74;128m▀[38;2;49;115;169m[48;2;0;0;0m▀[38;2;25;74;129m[48;2;49;115;169m▀[38;2;49;115;169m[48;2;33;77;121m▀[48;2;49;115;177m▀[38;2;24;74;128m[48;2;28;78;120m▀[38;2;49;115;169m[48;2;49;115;169m▀[38;2;0;0;0m▀[49m▄ [0m
    [38;2;0;0;0m▀[38;2;115;123;171m[48;2;0;0;0m▀[48;2;115;123;171m▀▀[38;2;115;126;171m[48;2;65;65;65m▀▀[38;2;66;66;66m[48;2;49;115;169m▀[38;2;82;119;170m▀[38;2;49;118;169m▀[48;2;25;74;129m▀[38;2;41;115;177m▀[38;2;0;0;8m▀[38;2;0;0;0m[49m▄[48;2;24;74;128m▀[38;2;0;0;8m▀[38;2;49;115;177m[48;2;0;0;0m▀[38;2;8;41;72m▀[38;2;49;115;169m[48;2;24;74;128m▀[48;2;49;115;169m▀[38;2;0;0;0m[48;2;0;0;0m▀[49m [0m
      [38;2;0;0;0m▀▀[38;2;24;74;128m[48;2;0;0;0m▀[48;2;66;66;66m▀[38;2;25;74;129m[48;2;24;74;128m▀[48;2;0;0;0m▀[48;2;24;74;128m▀▀▀[38;2;8;41;64m▀[38;2;24;74;128m[48;2;66;66;66m▀[48;2;0;0;0m▀[38;2;0;0;0m[49m▀  ▀[38;2;49;115;169m[48;2;0;0;0m▀[38;2;0;0;0m[49m▀ [0m
       [38;2;0;0;0m[48;2;0;0;0m▀[38;2;66;66;66m▀▀[38;2;0;0;0m▀[49m▄[48;2;66;66;66m▀[38;2;24;74;128m[48;2;0;0;0m▀[38;2;0;0;0m[48;2;66;66;66m▀[38;2;24;74;128m[48;2;0;0;0m▀[38;2;0;0;0m[49m▀        [0m
         [38;2;0;0;0m▀[38;2;66;66;66m[48;2;0;0;0m▀▀[38;2;0;0;0m▀[38;2;66;66;66m▀[38;2;0;0;0m▀[38;2;66;66;66m▀[38;2;0;0;0m[49m▀        [0m
                         [0m
