
[38;2;0;0;0m                                                      
[38;2;0;0;0m              [38;2;49;49;49m████[38;2;0;0;0m                                    
[38;2;0;0;0m              [38;2;49;49;49m██[38;2;246;222;123m██[38;2;49;49;49m██[38;2;0;0;0m                                  
[38;2;0;0;0m              [38;2;49;49;49m██[38;2;189;164;90m██[38;2;246;222;123m██[38;2;49;49;49m██[38;2;0;0;0m                                
[38;2;0;0;0m                [38;2;49;49;49m██[38;2;246;222;123m████[38;2;49;49;49m██[38;2;0;0;0m                              
[38;2;0;0;0m                [38;2;82;82;82m██[38;2;189;164;90m██[38;2;246;222;123m████[38;2;49;49;49m██[38;2;0;0;0m                            
[38;2;0;0;0m              [38;2;49;49;49m██[38;2;189;164;90m████[38;2;246;222;123m████[38;2;49;49;49m██[38;2;0;0;0m            [38;2;49;49;49m████████[38;2;0;0;0m        
[38;2;0;0;0m              [38;2;49;49;49m██[38;2;82;82;82m██[38;2;189;164;90m████[38;2;246;222;123m████[38;2;49;49;49m██[38;2;0;0;0m      [38;2;49;49;49m████[38;2;255;213;222m████████[38;2;49;49;49m████[38;2;0;0;0m    
[38;2;0;0;0m            [38;2;49;49;49m██[38;2;230;148;172m████[38;2;82;82;82m██[38;2;189;164;90m██[38;2;246;222;123m████[38;2;49;49;49m██[38;2;0;0;0m    [38;2;49;49;49m██[38;2;255;213;222m██████████████[38;2;49;49;49m██[38;2;0;0;0m    
[38;2;0;0;0m          [38;2;49;49;49m██[38;2;230;148;172m██████[38;2;205;106;148m██[38;2;82;82;82m██[38;2;246;222;123m██████[38;2;49;49;49m████[38;2;255;213;222m████[38;2;205;106;148m████████[38;2;255;213;222m██████[38;2;49;49;49m██[38;2;0;0;0m  
[38;2;0;0;0m          [38;2;49;49;49m██[38;2;230;148;172m██████[38;2;82;82;82m████[38;2;189;164;90m██[38;2;246;222;123m████[38;2;82;82;82m██[38;2;255;213;222m██[38;2;205;106;148m██[38;2;49;49;49m████████[38;2;205;106;148m████[38;2;255;213;222m████[38;2;49;49;49m██[38;2;0;0;0m  
[38;2;0;0;0m        [38;2;49;49;49m██[38;2;82;82;82m██[38;2;230;148;172m██[38;2;205;106;148m██[38;2;82;82;82m██[38;2;246;222;123m██[38;2;82;82;82m██[38;2;189;164;90m██[38;2;246;222;123m████[38;2;82;82;82m██[38;2;205;106;148m██[38;2;49;49;49m██[38;2;0;0;0m      [38;2;49;49;49m████[38;2;205;106;148m██[38;2;255;213;222m████[38;2;49;49;49m██[38;2;0;0;0m  
[38;2;0;0;0m      [38;2;49;49;49m██[38;2;164;139;65m████[38;2;82;82;82m████[38;2;255;255;255m██[38;2;205;106;148m██[38;2;82;82;82m██[38;2;189;164;90m██[38;2;246;222;123m████[38;2;82;82;82m██[38;2;49;49;49m██[38;2;0;0;0m          [38;2;49;49;49m██[38;2;205;106;148m██[38;2;255;213;222m██[38;2;49;49;49m██[38;2;0;0;0m    
[38;2;0;0;0m    [38;2;49;49;49m██[38;2;164;139;65m████[38;2;82;82;82m██[38;2;246;222;123m██[38;2;205;106;148m████[38;2;246;222;123m██[38;2;82;82;82m██[38;2;246;222;123m████[38;2;82;82;82m██[38;2;49;49;49m██[38;2;0;0;0m            [38;2;49;49;49m██[38;2;205;106;148m██[38;2;255;213;222m██[38;2;49;49;49m██[38;2;0;0;0m    
[38;2;0;0;0m      [38;2;49;49;49m████[38;2;246;222;123m████████[38;2;82;82;82m██[38;2;189;164;90m██[38;2;246;222;123m████[38;2;49;49;49m██[38;2;238;255;230m██[38;2;49;49;49m██████[38;2;0;0;0m    [38;2;49;49;49m██[38;2;205;106;148m██[38;2;255;213;222m██[38;2;49;49;49m██[38;2;0;0;0m      
[38;2;0;0;0m          [38;2;49;49;49m██████[38;2;246;222;123m██[38;2;82;82;82m██[38;2;246;222;123m████[38;2;82;82;82m██[38;2;164;197;255m██[38;2;49;49;49m██[38;2;164;197;255m██████[38;2;49;49;49m████[38;2;205;106;148m██[38;2;255;213;222m██[38;2;82;82;82m██[38;2;49;49;49m████[38;2;0;0;0m    
[38;2;0;0;0m                [38;2;49;49;49m██[38;2;246;222;123m██[38;2;189;164;90m██[38;2;82;82;82m██[38;2;164;197;255m████[38;2;82;82;82m██[38;2;164;197;255m██[38;2;82;82;82m████[38;2;205;106;148m████[38;2;82;82;82m████[38;2;164;197;255m██████[38;2;49;49;49m██[38;2;0;0;0m  
[38;2;0;0;0m              [38;2;49;49;49m██[38;2;246;222;123m██[38;2;82;82;82m████[38;2;246;222;123m████[38;2;164;197;255m████[38;2;82;82;82m██[38;2;205;106;148m████[38;2;82;82;82m████[38;2;246;222;123m██████[38;2;49;49;49m████[38;2;0;0;0m    
[38;2;0;0;0m          [38;2;49;49;49m██████[38;2;82;82;82m██[38;2;205;106;148m██[38;2;82;82;82m██[38;2;189;164;90m██[38;2;82;82;82m████[38;2;164;197;255m████[38;2;82;82;82m████[38;2;205;106;148m████[38;2;82;82;82m██[38;2;246;222;123m██[38;2;49;49;49m██[38;2;0;0;0m        
[38;2;0;0;0m      [38;2;49;49;49m████[38;2;205;106;148m██████[38;2;82;82;82m██[38;2;205;106;148m██[38;2;82;82;82m████[38;2;230;148;172m████[38;2;82;82;82m██[38;2;123;148;222m████[38;2;82;82;82m████[38;2;205;106;148m████[38;2;82;82;82m██[38;2;49;49;49m██[38;2;0;0;0m        
[38;2;0;0;0m    [38;2;49;49;49m██[38;2;205;106;148m██████[38;2;82;82;82m████████[38;2;246;222;123m██[38;2;82;82;82m██[38;2;230;148;172m████[38;2;205;106;148m██[38;2;82;82;82m██[38;2;123;148;222m████[38;2;189;164;90m██[38;2;49;49;49m██[38;2;82;82;82m██[38;2;205;106;148m████[38;2;49;49;49m██[38;2;0;0;0m      
[38;2;0;0;0m  [38;2;49;49;49m██[38;2;205;106;148m████[38;2;82;82;82m████[38;2;205;106;148m██[38;2;49;49;49m████[38;2;246;222;123m██████[38;2;82;82;82m██[38;2;205;106;148m████[38;2;82;82;82m████[38;2;189;164;90m██[38;2;49;49;49m██[38;2;0;0;0m  [38;2;49;49;49m████[38;2;205;106;148m████[38;2;49;49;49m██[38;2;0;0;0m    
[38;2;0;0;0m  [38;2;49;49;49m██[38;2;205;106;148m██████[38;2;49;49;49m████[38;2;0;0;0m  [38;2;49;49;49m██[38;2;82;82;82m██[38;2;246;222;123m██[38;2;189;164;90m████[38;2;82;82;82m████[38;2;205;106;148m████[38;2;82;82;82m██[38;2;49;49;49m████[38;2;0;0;0m    [38;2;49;49;49m██[38;2;230;148;172m██[38;2;49;49;49m██[38;2;0;0;0m    
[38;2;0;0;0m    [38;2;49;49;49m██████[38;2;0;0;0m        [38;2;49;49;49m████[38;2;189;164;90m████████[38;2;49;49;49m████[38;2;230;148;172m████[38;2;205;106;148m██[38;2;49;49;49m████[38;2;205;106;148m██[38;2;230;148;172m████[38;2;49;49;49m██[38;2;0;0;0m  
[38;2;0;0;0m                      [38;2;49;49;49m████████[38;2;0;0;0m    [38;2;49;49;49m██[38;2;205;106;148m██[38;2;230;148;172m████████████[38;2;49;49;49m██[38;2;0;0;0m  
[38;2;0;0;0m                                    [38;2;49;49;49m████[38;2;205;106;148m██[38;2;230;148;172m██████[38;2;205;106;148m██[38;2;49;49;49m██[38;2;0;0;0m  
[38;2;0;0;0m                                        [38;2;49;49;49m██████████[38;2;0;0;0m    
[38;2;0;0;0m                                                      [0m
