
[38;2;0;0;0m                                                                
[38;2;0;0;0m              [38;2;49;49;49m████████[38;2;0;0;0m                                          
[38;2;0;0;0m          [38;2;49;49;49m████[38;2;172;139;213m████[38;2;123;98;189m████[38;2;49;49;49m██[38;2;0;0;0m                                        
[38;2;0;0;0m        [38;2;49;49;49m██[38;2;172;139;213m████[38;2;123;98;189m██████[38;2;49;49;49m██[38;2;0;0;0m                                          
[38;2;0;0;0m      [38;2;49;49;49m██[38;2;172;139;213m██[38;2;123;98;189m████████[38;2;49;49;49m██[38;2;0;0;0m                                            
[38;2;0;0;0m    [38;2;49;49;49m██[38;2;123;98;189m██[38;2;82;82;82m██[38;2;123;98;189m██████[38;2;49;49;49m██[38;2;0;0;0m                                              
[38;2;0;0;0m  [38;2;49;49;49m██[38;2;172;139;213m██[38;2;82;82;82m██[38;2;123;98;189m████████[38;2;49;49;49m██[38;2;0;0;0m                                              
[38;2;0;0;0m    [38;2;49;49;49m████[38;2;123;98;189m██████[38;2;49;49;49m██[38;2;0;0;0m    [38;2;49;49;49m████[38;2;0;0;0m                        [38;2;49;49;49m████████[38;2;0;0;0m        
[38;2;0;0;0m        [38;2;49;49;49m██[38;2;123;98;189m████[38;2;49;49;49m██[38;2;0;0;0m  [38;2;49;49;49m██[38;2;172;139;213m██[38;2;49;49;49m██[38;2;0;0;0m                  [38;2;49;49;49m██████[38;2;172;139;213m████████[38;2;49;49;49m████[38;2;0;0;0m    
[38;2;0;0;0m          [38;2;49;49;49m██[38;2;123;98;189m████[38;2;49;49;49m██[38;2;172;139;213m████[38;2;49;49;49m██[38;2;0;0;0m    [38;2;49;49;49m██████[38;2;0;0;0m    [38;2;49;49;49m████[38;2;82;82;82m██[38;2;172;139;213m████[38;2;65;139;156m████████[38;2;172;139;213m████[38;2;49;49;49m██[38;2;0;0;0m  
[38;2;0;0;0m            [38;2;49;49;49m██[38;2;82;82;82m██[38;2;123;98;189m██[38;2;172;139;213m██[38;2;82;82;82m██[38;2;123;98;189m██[38;2;49;49;49m████[38;2;172;139;213m████[38;2;49;49;49m██[38;2;0;0;0m  [38;2;49;49;49m██[38;2;172;139;213m██[38;2;123;98;189m██[38;2;172;139;213m██[38;2;65;139;156m████[38;2;106;205;222m██████[38;2;49;49;49m██████[38;2;0;0;0m    
[38;2;0;0;0m              [38;2;49;49;49m██[38;2;172;139;213m████████[38;2;123;98;189m██[38;2;172;139;213m████[38;2;49;49;49m██[38;2;0;0;0m      [38;2;49;49;49m██[38;2;172;139;213m██[38;2;65;139;156m██[38;2;106;205;222m██[38;2;65;139;156m██[38;2;106;205;222m████[38;2;49;49;49m██[38;2;0;0;0m          
[38;2;0;0;0m            [38;2;49;49;49m██[38;2;172;139;213m████████████[38;2;123;98;189m██[38;2;49;49;49m██[38;2;0;0;0m      [38;2;49;49;49m██[38;2;172;139;213m██[38;2;65;139;156m██[38;2;106;205;222m██████[38;2;65;139;156m██[38;2;49;49;49m██[38;2;0;0;0m            
[38;2;0;0;0m            [38;2;49;49;49m██[38;2;172;139;213m██████████████[38;2;49;49;49m██[38;2;0;0;0m    [38;2;49;49;49m██[38;2;172;139;213m██[38;2;65;139;156m██[38;2;106;205;222m████████[38;2;65;139;156m██[38;2;49;49;49m██[38;2;0;0;0m            
[38;2;0;0;0m            [38;2;49;49;49m██[38;2;172;139;213m██[38;2;255;255;255m██[38;2;172;139;213m██[38;2;246;246;41m██[38;2;205;82;90m██[38;2;246;246;41m██[38;2;172;139;213m██[38;2;123;98;189m██[38;2;49;49;49m████[38;2;172;139;213m██[38;2;65;139;156m██[38;2;106;205;222m████[38;2;49;49;49m████████[38;2;0;0;0m              
[38;2;0;0;0m        [38;2;49;49;49m████[38;2;82;82;82m██[38;2;255;255;255m██████[38;2;172;139;213m██[38;2;246;246;41m██[38;2;172;172;16m██[38;2;123;98;189m████[38;2;82;82;82m██[38;2;123;98;189m██[38;2;65;139;156m██[38;2;49;49;49m██████[38;2;0;0;0m                      
[38;2;0;0;0m      [38;2;49;49;49m██[38;2;123;98;189m████[38;2;49;49;49m██[38;2;82;82;82m██[38;2;255;255;255m██[38;2;164;164;164m██[38;2;255;255;255m██[38;2;123;98;189m████████[38;2;49;49;49m██████[38;2;0;0;0m                            
[38;2;0;0;0m      [38;2;49;49;49m██[38;2;123;98;189m██[38;2;49;49;49m██[38;2;0;0;0m  [38;2;49;49;49m██[38;2;123;98;189m████████████[38;2;82;82;82m██[38;2;49;49;49m██[38;2;0;0;0m                                
[38;2;0;0;0m        [38;2;49;49;49m██[38;2;0;0;0m      [38;2;49;49;49m████[38;2;123;98;189m██████[38;2;49;49;49m████[38;2;123;98;189m██[38;2;49;49;49m████[38;2;0;0;0m                            
[38;2;0;0;0m                    [38;2;49;49;49m██████[38;2;0;0;0m    [38;2;49;49;49m██[38;2;123;98;189m████[38;2;49;49;49m██[38;2;0;0;0m                          
[38;2;0;0;0m                                [38;2;49;49;49m██[38;2;123;98;189m████[38;2;49;49;49m██[38;2;0;0;0m                        
[38;2;0;0;0m                                [38;2;49;49;49m██[38;2;82;82;82m██[38;2;123;98;189m██[38;2;49;49;49m██[38;2;0;0;0m                        
[38;2;0;0;0m                                  [38;2;49;49;49m██[38;2;123;98;189m██[38;2;49;49;49m██[38;2;0;0;0m                        
[38;2;0;0;0m                                    [38;2;49;49;49m██[38;2;0;0;0m                          
[38;2;0;0;0m                                                                [0m
