
          [38;2;49;49;49m▄            [0m
       [38;2;49;49;49m▄ [48;2;49;49;49m▀[38;2;246;98;82m[48;2;246;98;82m▀[38;2;49;49;49m[48;2;49;49;49m▀[49m           [0m
      [38;2;49;49;49m[48;2;49;49;49m▀[38;2;246;98;82m[48;2;246;98;82m▀[38;2;49;49;49m[48;2;189;41;65m▀[38;2;246;98;82m[48;2;246;98;82m▀▀[38;2;189;41;65m[48;2;189;41;65m▀[38;2;49;49;49m[48;2;246;98;82m▀[48;2;49;49;49m▀[49m         [0m
      [38;2;49;49;49m[48;2;49;49;49m▀[38;2;246;98;82m[48;2;246;98;82m▀[48;2;189;41;65m▀[48;2;74;164;205m▀[48;2;123;205;246m▀▀[38;2;189;41;65m[48;2;74;164;205m▀[38;2;49;49;49m[48;2;49;49;49m▀[49m         [0m
    [38;2;49;49;49m▄▄[48;2;74;164;205m▀[38;2;189;41;65m[48;2;123;205;246m▀[38;2;123;205;246m▀▀[48;2;49;49;49m▀[48;2;123;205;246m▀▀[38;2;74;164;205m▀[38;2;49;49;49m[48;2;189;41;65m▀[48;2;246;98;82m▀[49m▄      [0m
   [38;2;49;49;49m[48;2;49;49;49m▀[38;2;180;238;255m[48;2;180;238;255m▀▀[48;2;123;205;246m▀[38;2;123;205;246m▀[48;2;49;49;49m▀[38;2;189;41;65m[48;2;246;98;82m▀[38;2;255;255;255m[48;2;255;255;255m▀[38;2;49;49;49m[48;2;82;82;82m▀[38;2;123;205;246m[48;2;123;205;246m▀▀[38;2;74;123;156m▀[38;2;49;49;49m[48;2;49;49;49m▀[49m▄      [0m
   [38;2;49;49;49m[48;2;49;49;49m▀[38;2;74;164;205m[48;2;246;230;106m▀[38;2;123;205;246m▀[38;2;82;82;82m▀[38;2;123;205;246m[48;2;74;164;205m▀▀[38;2;255;255;255m[48;2;205;180;98m▀[38;2;74;164;205m[48;2;246;230;106m▀[38;2;205;180;98m▀[38;2;255;255;255m[48;2;205;180;98m▀[38;2;123;205;246m[48;2;123;205;246m▀[48;2;74;164;205m▀[38;2;189;41;65m[48;2;74;123;156m▀[38;2;246;98;82m[48;2;49;49;49m▀[38;2;49;49;49m[49m▀     [0m
  [38;2;49;49;49m▄[48;2;74;164;205m▀[38;2;82;82;82m▀[38;2;246;230;106m[48;2;82;82;82m▀▀[48;2;246;230;106m▀▀▀▀[48;2;82;82;82m▀[38;2;205;180;98m[48;2;74;164;205m▀[38;2;74;164;205m▀▀[48;2;123;205;246m▀[38;2;49;49;49m▀[49m▄▄[48;2;189;41;65m▀[49m▄  [0m
 [38;2;49;49;49m[48;2;49;49;49m▀[38;2;123;205;246m▀[38;2;74;164;205m▀[48;2;123;205;246m▀[48;2;49;49;49m▀▀[38;2;82;82;82m[48;2;74;123;156m▀[48;2;205;180;98m▀[48;2;74;164;205m▀▀[38;2;74;164;205m▀▀[48;2;82;82;82m▀[38;2;123;205;246m[48;2;123;205;246m▀▀▀[48;2;74;164;205m▀[38;2;82;82;82m[48;2;123;205;246m▀[38;2;189;41;65m[48;2;82;82;82m▀[38;2;49;49;49m[48;2;49;49;49m▀[49m▄ [0m
   [38;2;49;49;49m▀▀▄[48;2;74;164;205m▀[38;2;205;180;98m[48;2;123;205;246m▀[48;2;246;230;106m▀[38;2;246;230;106m▀[48;2;123;205;246m▀[38;2;123;205;246m▀[38;2;74;164;205m[48;2;246;230;106m▀[38;2;246;230;106m[48;2;205;180;98m▀[38;2;82;82;82m[48;2;123;205;246m▀[38;2;123;205;246m[48;2;82;82;82m▀[38;2;82;82;82m[48;2;74;164;205m▀[38;2;123;205;246m[48;2;82;82;82m▀[38;2;82;82;82m▀[48;2;74;164;205m▀[38;2;74;164;205m[48;2;49;49;49m▀[38;2;49;49;49m[49m▀ [0m
     [38;2;49;49;49m[48;2;49;49;49m▀[38;2;74;164;205m[48;2;74;164;205m▀[38;2;246;230;106m[48;2;74;123;156m▀[48;2;246;230;106m▀▀[38;2;123;205;246m▀▀[38;2;246;230;106m[48;2;205;180;98m▀[38;2;123;205;246m[48;2;123;205;246m▀▀▀[38;2;74;164;205m▀[38;2;74;123;156m[48;2;82;82;82m▀[38;2;74;164;205m[48;2;49;49;49m▀[38;2;49;49;49m[49m▀   [0m
      [38;2;49;49;49m[48;2;49;49;49m▀[38;2;74;164;205m▀[38;2;74;123;156m▀[38;2;49;49;49m[49m▀[38;2;205;180;98m[48;2;49;49;49m▀▀[38;2;82;82;82m▀[38;2;74;164;205m[48;2;82;82;82m▀[38;2;123;205;246m[48;2;74;123;156m▀▀[38;2;74;123;156m[48;2;82;82;82m▀[38;2;49;49;49m[48;2;49;49;49m▀[49m     [0m
             [38;2;49;49;49m[48;2;49;49;49m▀[38;2;74;164;205m▀[38;2;123;205;246m▀[38;2;49;49;49m[49m▀      [0m
                       [0m
