
   [38;2;0;0;0m▄▄           [0m
 [38;2;0;0;0m▄[48;2;173;231;253m▀[38;2;173;231;253m▀[38;2;165;231;253m[48;2;165;231;253m▀[38;2;8;0;0m[48;2;60;77;84m▀[38;2;0;0;0m[49m▄[48;2;189;239;253m▀▀▀[49m▄▄▄   [0m
 [38;2;0;0;0m[48;2;0;0;0m▀[38;2;123;189;251m[48;2;123;189;251m▀[48;2;66;66;66m▀[38;2;66;66;66m[48;2;132;214;252m▀[38;2;132;214;252m▀[38;2;189;239;253m[48;2;189;239;253m▀▀[38;2;148;222;252m[48;2;148;222;252m▀[48;2;66;66;66m▀[38;2;66;66;66m[48;2;189;239;253m▀[38;2;189;239;253m▀[38;2;148;222;252m[48;2;148;222;252m▀[38;2;0;0;0m▀[49m▄ [0m
  [38;2;0;0;0m[48;2;0;0;0m▀[38;2;115;181;251m[48;2;115;181;251m▀[38;2;99;148;251m[48;2;99;148;251m▀▀[38;2;132;217;252m[48;2;132;217;252m▀▀[38;2;132;214;252m[48;2;132;214;252m▀[38;2;99;148;251m▀[38;2;189;239;253m▀[38;2;132;214;252m▀[38;2;132;217;252m[48;2;132;217;252m▀▀[38;2;0;0;0m[48;2;0;0;0m▀[49m [0m
 [38;2;0;0;0m[48;2;0;0;0m▀[38;2;99;148;251m[48;2;99;148;251m▀[48;2;66;66;66m▀▀[48;2;99;148;251m▀▀[38;2;132;214;252m[48;2;132;214;252m▀[38;2;247;255;247m[48;2;82;85;82m▀[38;2;0;0;0m[48;2;0;0;0m▀[38;2;132;214;252m[48;2;132;214;252m▀[48;2;66;66;66m▀[48;2;0;0;0m▀[38;2;0;0;0m[49m▀  [0m
  [38;2;0;0;0m▀[38;2;99;148;251m[48;2;0;0;0m▀[38;2;132;214;252m[48;2;132;214;252m▀[38;2;66;66;66m[48;2;66;66;66m▀[38;2;99;148;251m[48;2;132;214;252m▀[38;2;132;214;252m▀[38;2;148;206;236m[48;2;148;206;236m▀[38;2;66;66;66m▀[38;2;123;189;251m[48;2;123;189;251m▀[48;2;0;0;0m▀[38;2;0;0;0m[49m▀   [0m
  [38;2;0;0;0m[48;2;0;0;0m▀[38;2;198;239;254m[48;2;198;239;254m▀[38;2;131;214;251m[48;2;255;255;255m▀▀[38;2;66;66;66m[48;2;66;66;66m▀[38;2;99;148;251m[48;2;99;148;251m▀[38;2;140;181;232m[48;2;99;156;251m▀[38;2;99;156;251m[48;2;181;206;213m▀[38;2;101;145;232m[48;2;255;255;247m▀[38;2;178;200;239m▀[38;2;0;0;0m[48;2;255;255;255m▀[49m▄  [0m
 [38;2;0;0;0m[48;2;0;0;0m▀[38;2;189;189;205m[48;2;66;66;66m▀[38;2;66;66;66m[48;2;189;189;205m▀[38;2;255;255;255m[48;2;66;66;74m▀[38;2;129;129;134m[48;2;192;192;195m▀[38;2;255;255;255m[48;2;192;192;192m▀[48;2;66;66;66m▀[38;2;189;189;205m[48;2;63;66;68m▀[48;2;126;127;137m▀[38;2;85;85;85m[48;2;170;170;170m▀[38;2;255;255;255m[48;2;0;0;0m▀▀[38;2;0;0;0m[49m▀  [0m
  [38;2;0;0;0m▀▀▀▀[48;2;0;0;0m▀[38;2;255;255;255m[48;2;255;255;255m▀[48;2;66;66;66m▀[48;2;192;192;192m▀[38;2;189;189;205m[48;2;0;0;0m▀[38;2;0;0;0m[49m▀    [0m
       [38;2;0;0;0m▀▀▀      [0m
