
          [38;2;0;0;0m▄▄          [0m
         [38;2;0;0;0m[48;2;0;0;0m▀[38;2;184;184;184m[48;2;184;184;184m▀[48;2;64;64;64m▀[38;2;0;0;0m[48;2;184;184;184m▀[48;2;248;248;248m▀▀[48;2;184;184;184m▀[48;2;64;64;64m▀[49m▄[48;2;184;184;184m▀[48;2;248;248;248m▀[49m▄ [0m
         [38;2;0;0;0m▄[48;2;184;184;184m▀[38;2;248;248;248m[48;2;248;248;248m▀▀▀[48;2;184;184;184m▀▀[48;2;248;248;248m▀▀[48;2;184;184;184m▀[38;2;184;184;184m[48;2;0;0;0m▀[38;2;0;0;0m[49m▀ [0m
         [38;2;0;0;0m[48;2;0;0;0m▀[38;2;248;248;248m[48;2;248;248;248m▀▀▀[38;2;184;184;184m[48;2;184;184;184m▀[48;2;64;64;64m▀[38;2;64;64;64m[48;2;152;120;88m▀▀[38;2;184;184;184m[48;2;64;64;64m▀[48;2;184;184;184m▀[38;2;0;0;0m[48;2;0;0;0m▀[49m  [0m
       [38;2;0;0;0m▄[48;2;248;248;248m▀[38;2;248;248;248m▀▀▀▀[38;2;120;120;128m[48;2;64;64;64m▀[38;2;152;120;88m[48;2;248;248;248m▀[38;2;0;0;0m[48;2;0;0;0m▀[38;2;248;248;248m[48;2;248;248;248m▀[38;2;184;144;88m[48;2;64;64;64m▀[38;2;184;184;184m[48;2;120;120;128m▀[48;2;184;184;184m▀[38;2;0;0;0m[48;2;0;0;0m▀[49m [0m
       [38;2;0;0;0m[48;2;0;0;0m▀[38;2;248;248;248m[48;2;184;184;184m▀[48;2;248;248;248m▀[38;2;184;184;184m[48;2;64;64;64m▀[38;2;0;0;0m[48;2;120;120;128m▀[38;2;184;184;184m[48;2;184;184;184m▀▀[38;2;64;64;64m▀[38;2;184;144;88m▀[38;2;184;184;184m[48;2;64;64;64m▀[48;2;184;184;184m▀[38;2;120;120;128m▀[38;2;64;64;64m[48;2;0;0;0m▀[38;2;0;0;0m[49m▀ [0m
        [38;2;0;0;0m[48;2;0;0;0m▀[38;2;184;184;184m[48;2;64;64;64m▀[48;2;184;184;184m▀[48;2;64;64;64m▀▀[38;2;64;64;64m[48;2;216;200;160m▀[48;2;184;144;88m▀▀[38;2;184;144;88m▀[38;2;64;64;64m▀[38;2;0;0;0m▀[49m▄  [0m
 [38;2;0;0;0m▄[48;2;184;184;184m▀[48;2;248;248;248m▀[49m▄▄[48;2;184;184;184m▀[48;2;248;248;248m▀[38;2;184;144;88m[48;2;64;64;64m▀[38;2;64;64;64m[48;2;152;120;88m▀[48;2;64;64;64m▀[38;2;248;224;184m[48;2;248;224;184m▀▀▀[38;2;216;200;160m[48;2;64;64;64m▀[38;2;184;144;88m[48;2;184;144;88m▀[38;2;64;64;64m▀[38;2;184;144;88m[48;2;64;64;64m▀▀[48;2;184;144;88m▀[38;2;0;0;0m[48;2;0;0;0m▀[49m [0m
 [38;2;0;0;0m▀[38;2;248;248;248m[48;2;0;0;0m▀[48;2;248;248;248m▀▀[48;2;0;0;0m▀[38;2;184;184;184m▀[38;2;0;0;0m[49m▀▀[38;2;64;64;64m[48;2;0;0;0m▀[38;2;152;120;88m▀[38;2;64;64;64m▀[38;2;216;200;160m[48;2;64;64;64m▀[48;2;216;200;160m▀[38;2;64;64;64m▀[38;2;184;144;88m[48;2;64;64;64m▀[48;2;152;120;88m▀▀[38;2;152;120;88m▀[38;2;0;0;0m[48;2;0;0;0m▀[49m  [0m
  [38;2;0;0;0m▀[38;2;248;248;248m[48;2;0;0;0m▀[38;2;184;184;184m▀[38;2;0;0;0m[49m▀       ▀▀▀[38;2;248;248;248m[48;2;0;0;0m▀▀[38;2;0;0;0m[49m▀   [0m
                      [0m
