
           [38;2;24;24;24m▄▄▄▄            [0m
         [38;2;24;24;24m▄[48;2;255;239;175m▀[38;2;255;239;175m[48;2;255;255;255m▀[48;2;255;239;175m▀[48;2;57;115;121m▀[38;2;57;115;121m[48;2;255;239;175m▀[38;2;24;24;24m[48;2;57;115;121m▀[49m▄▄         [0m
         [38;2;8;24;24m[48;2;8;24;24m▀[38;2;239;239;183m[48;2;85;96;77m▀[38;2;49;107;113m[48;2;49;107;113m▀[38;2;255;239;175m▀[38;2;57;115;121m[48;2;57;115;121m▀[48;2;41;90;89m▀[38;2;49;99;97m[48;2;49;99;97m▀[48;2;255;156;111m▀[38;2;57;119;121m[48;2;46;87;89m▀[38;2;24;24;24m▀[48;2;255;156;111m▀▀[49m▄ ▄▄  [0m
        [38;2;24;24;24m▄[38;2;33;24;25m[48;2;60;118;122m▀[38;2;47;71;73m▀[38;2;49;99;97m[48;2;255;156;111m▀[48;2;49;99;97m▀[38;2;41;90;89m[48;2;255;156;111m▀[38;2;255;156;111m▀▀▀▀[48;2;131;82;59m▀[38;2;131;82;59m[48;2;255;156;111m▀▀[38;2;255;156;111m[48;2;139;88;67m▀[38;2;24;20;24m[48;2;255;156;111m▀[38;2;46;115;118m[48;2;57;66;65m▀[38;2;52;91;92m[48;2;52;91;92m▀[38;2;24;24;24m[48;2;24;24;24m▀[49m [0m
   [38;2;24;24;24m▄▄  ▄[48;2;57;115;121m▀[38;2;255;173;127m▀[48;2;255;173;127m▀▀[48;2;24;24;24m▀[38;2;24;24;24m[48;2;255;255;255m▀[38;2;255;255;255m[48;2;24;24;24m▀[38;2;57;115;121m[48;2;255;255;255m▀[48;2;57;115;121m▀[38;2;255;156;111m[48;2;255;156;111m▀▀▀[48;2;66;66;66m▀[38;2;66;66;66m[48;2;255;156;111m▀[38;2;255;156;111m▀[38;2;57;115;121m[48;2;57;115;121m▀[38;2;24;24;24m[48;2;24;24;24m▀[49m  [0m
 [38;2;24;24;24m▄[48;2;255;255;255m▀[38;2;255;255;255m▀[38;2;57;115;121m[48;2;57;115;121m▀[38;2;24;24;24m▀[49m▄[38;2;0;53;64m[48;2;80;93;88m▀[38;2;239;173;135m▀[38;2;255;173;127m[48;2;255;173;127m▀[38;2;57;115;121m▀[38;2;255;156;111m[48;2;255;156;111m▀[38;2;66;66;66m[48;2;66;66;66m▀[38;2;255;255;255m▀[38;2;66;66;66m[48;2;255;255;255m▀[38;2;255;255;247m[48;2;239;162;124m▀[38;2;231;115;63m▀[38;2;255;156;111m[48;2;131;82;59m▀[48;2;255;156;111m▀▀[38;2;66;66;66m▀[38;2;255;156;111m[48;2;57;99;105m▀[38;2;57;99;105m▀[38;2;57;119;121m[48;2;46;87;89m▀[38;2;24;24;24m[48;2;24;24;24m▀[49m  [0m
 [38;2;16;24;24m[48;2;16;24;24m▀[38;2;181;206;205m[48;2;71;85;84m▀[38;2;57;115;121m[48;2;57;115;121m▀[48;2;41;90;89m▀[48;2;24;24;24m▀[48;2;57;115;121m▀[38;2;255;173;127m▀[48;2;255;173;127m▀[38;2;255;156;111m[48;2;131;82;59m▀[38;2;131;82;59m[48;2;255;156;111m▀▀[38;2;255;156;111m▀▀▀▀▀▀[38;2;66;66;66m▀[38;2;255;156;111m[48;2;66;66;66m▀▀[38;2;74;66;58m[48;2;255;156;103m▀[38;2;255;156;103m[48;2;195;126;88m▀[38;2;214;115;78m[48;2;214;115;78m▀[38;2;24;24;24m[48;2;24;24;24m▀[49m  [0m
 [38;2;24;24;24m▀[38;2;41;90;89m[48;2;24;24;24m▀▀[38;2;24;24;24m[49m▀ ▀[38;2;255;156;111m[48;2;24;24;24m▀▀[38;2;66;66;66m[48;2;255;239;175m▀[38;2;255;239;175m▀▀[38;2;255;156;111m[48;2;255;156;111m▀▀▀▀▀▀[48;2;214;115;78m▀▀[38;2;214;115;78m▀▀[48;2;132;82;60m▀[38;2;24;24;24m[48;2;24;24;24m▀[49m   [0m
         [38;2;16;16;24m[48;2;16;16;24m▀[38;2;247;231;175m[48;2;93;88;74m▀[38;2;255;239;175m[48;2;206;181;134m▀▀[38;2;255;156;111m[48;2;214;115;78m▀▀▀[38;2;214;115;78m▀[38;2;214;118;78m[48;2;214;118;78m▀▀[38;2;214;115;78m[48;2;214;115;78m▀[48;2;132;82;60m▀[38;2;127;96;75m[48;2;41;82;81m▀[38;2;214;111;70m[48;2;214;111;70m▀[38;2;24;24;24m[48;2;24;24;24m▀[49m   [0m
         [38;2;16;24;24m[48;2;16;24;24m▀[38;2;71;85;84m[48;2;181;206;205m▀[38;2;57;74;73m[48;2;57;74;73m▀[48;2;214;115;78m▀[38;2;143;85;60m[48;2;16;24;24m▀[38;2;206;115;78m[48;2;206;115;78m▀[38;2;214;115;78m[48;2;255;156;111m▀▀[38;2;214;119;78m[48;2;214;119;78m▀[38;2;82;58;47m[48;2;16;28;32m▀[38;2;24;24;24m[49m▀[38;2;189;206;205m[48;2;24;24;24m▀[38;2;181;206;205m[48;2;16;24;24m▀[38;2;71;85;84m▀[38;2;24;24;24m[49m▀   [0m
          [38;2;24;24;24m▀▀▀ [48;2;24;24;24m▀[38;2;57;115;121m[48;2;255;255;255m▀▀[38;2;189;132;101m[48;2;102;82;70m▀[38;2;16;33;40m[48;2;16;33;40m▀[49m        [0m
               [38;2;24;24;24m▀▀▀         [0m
