
       [38;2;0;0;0m▄             [0m
      [38;2;0;0;0m[48;2;0;0;0m▀[38;2;198;198;198m[48;2;198;198;198m▀[38;2;0;0;0m▀[49m▄     ▄▄▄   [0m
      [38;2;0;0;0m[48;2;0;0;0m▀[38;2;132;107;68m[48;2;214;206;182m▀[38;2;198;198;198m[48;2;115;105;91m▀[38;2;0;0;0m[48;2;198;198;198m▀[49m▄ ▄[48;2;255;255;255m▀▀[38;2;255;255;255m▀▀▀[38;2;0;0;0m▀[49m▄ [0m
     [38;2;0;0;0m▄▄[38;2;16;4;0m[48;2;0;0;16m▀[38;2;115;105;91m[48;2;82;74;42m▀[38;2;66;66;66m[48;2;255;255;207m▀[38;2;0;0;0m[48;2;74;70;42m▀[48;2;255;255;255m▀[38;2;255;255;255m[48;2;197;172;133m▀[38;2;197;172;133m▀[48;2;255;255;255m▀[48;2;255;255;231m▀[38;2;255;255;255m[48;2;173;170;154m▀[48;2;255;255;255m▀[48;2;0;0;0m▀[38;2;0;0;0m[49m▀ [0m
  [38;2;0;0;0m▄[38;2;33;12;1m▄[38;2;0;0;0m[48;2;255;255;247m▀[38;2;255;255;255m[48;2;255;255;255m▀▀[38;2;247;222;95m[48;2;255;255;247m▀[48;2;90;88;82m▀[38;2;195;193;152m[48;2;247;222;95m▀▀[38;2;255;255;255m[48;2;195;193;152m▀[38;2;197;172;133m[48;2;74;70;42m▀[38;2;255;255;255m[48;2;66;66;66m▀[48;2;0;0;0m▀[38;2;173;170;154m▀[38;2;8;0;0m[49m▀[38;2;0;0;0m▀   [0m
 [38;2;0;0;0m▀[38;2;132;107;68m[48;2;0;0;0m▀[38;2;107;93;83m[48;2;0;0;8m▀[48;2;82;74;40m▀[38;2;255;255;255m[48;2;255;255;255m▀▀[38;2;8;4;0m[48;2;74;61;34m▀[48;2;134;126;92m▀[38;2;247;222;95m[48;2;247;222;95m▀▀[38;2;195;193;152m▀[38;2;255;255;207m[48;2;255;255;255m▀[38;2;0;0;0m[48;2;0;0;0m▀[49m       [0m
   [38;2;0;0;8m[48;2;0;0;0m▀[38;2;247;222;103m[48;2;66;66;66m▀[38;2;255;255;255m[48;2;247;222;95m▀▀[38;2;255;255;207m▀[38;2;195;190;149m▀[38;2;247;222;95m▀▀[48;2;255;255;255m▀[38;2;255;255;255m[48;2;66;66;66m▀[48;2;0;0;0m▀[38;2;0;0;0m[49m▀      [0m
    [38;2;0;0;0m▀[48;2;0;0;0m▀[38;2;247;222;95m▀▀[48;2;255;255;255m▀[48;2;0;0;0m▀[38;2;255;255;255m[48;2;255;255;255m▀[48;2;0;0;0m▀▀[38;2;0;0;0m[49m▀       [0m
     [38;2;0;0;0m[48;2;0;0;0m▀[49m▄ ▀[48;2;0;0;0m▀[49m▀ [48;2;0;0;0m▀[49m▄       [0m
     [38;2;0;0;0m▀▀  [48;2;0;0;0m▀[49m▄ ▀▀       [0m
         [38;2;0;0;0m▀▀          [0m
