
                      [38;2;49;49;49m▄▄         [0m
       [38;2;49;49;49m▄      ▄[48;2;255;255;255m▀▀[49m▄▄▄[48;2;189;189;189m▀▀[38;2;189;189;189m[48;2;49;49;49m▀[38;2;49;49;49m[49m▀         [0m
    [38;2;49;49;49m▄[48;2;82;82;82m▀[48;2;49;49;49m▀[49m      [48;2;49;49;49m▀[38;2;255;255;255m[48;2;255;255;255m▀▀▀▀[38;2;189;189;189m[48;2;49;49;49m▀[48;2;189;189;189m▀▀[48;2;49;49;49m▀[38;2;49;49;49m[49m▀          [0m
   [38;2;49;49;49m[48;2;49;49;49m▀[38;2;82;82;82m[48;2;82;82;82m▀[38;2;49;49;49m▀[49m▄   ▄▄[48;2;255;255;255m▀[38;2;255;255;255m▀▀▀▀[38;2;49;49;49m[48;2;49;49;49m▀[49m ▀▀       ▄ ▄[48;2;49;49;49m▀[49m [0m
    [38;2;49;49;49m▀[38;2;82;82;82m[48;2;49;49;49m▀[48;2;82;82;82m▀[38;2;49;49;49m▀[49m▄[48;2;255;255;255m▀[38;2;255;255;255m▀▀▀▀[48;2;189;189;189m▀[38;2;189;189;189m[48;2;49;49;49m▀[38;2;49;49;49m[49m▀          [48;2;49;49;49m▀[38;2;82;82;82m[48;2;82;82;82m▀[38;2;49;49;49m▀[48;2;49;49;49m▀[49m  [0m
    [38;2;49;49;49m▄[48;2;82;82;82m▀[38;2;82;82;82m▀▀[48;2;255;255;255m▀[38;2;255;255;255m▀▀▀▀[48;2;189;189;189m▀[38;2;189;189;189m▀[38;2;49;49;49m[48;2;82;82;82m▀[49m▄     ▄▄▄ [48;2;49;49;49m▀[38;2;82;82;82m[48;2;82;82;82m▀[48;2;49;49;49m▀▀[38;2;49;49;49m[49m▀  [0m
    [38;2;49;49;49m[48;2;49;49;49m▀[38;2;82;82;82m[48;2;82;82;82m▀▀▀[38;2;255;255;255m▀[48;2;255;255;255m▀▀[48;2;189;189;189m▀[48;2;82;82;82m▀[38;2;82;82;82m[48;2;90;197;189m▀[38;2;189;189;189m[48;2;49;49;49m▀[48;2;189;189;189m▀[38;2;172;65;57m[48;2;213;90;65m▀[38;2;49;49;49m▀[49m▄▄ [48;2;49;49;49m▀[38;2;82;82;82m[48;2;115;115;98m▀[38;2;115;115;98m▀▀[38;2;49;49;49m▀[38;2;82;82;82m[48;2;82;82;82m▀[38;2;49;49;49m[48;2;49;49;49m▀[49m     [0m
    [38;2;49;49;49m▀[38;2;82;82;82m[48;2;49;49;49m▀[48;2;82;82;82m▀[38;2;172;65;57m[48;2;213;90;65m▀[38;2;82;82;82m▀[38;2;189;189;189m[48;2;82;82;82m▀[48;2;189;189;189m▀[38;2;82;82;82m[48;2;82;82;82m▀[38;2;255;255;255m[48;2;49;49;49m▀[38;2;65;156;139m▀[38;2;49;49;49m[48;2;255;131;98m▀[38;2;172;65;57m▀[38;2;213;90;65m[48;2;82;82;82m▀[38;2;82;82;82m[48;2;115;115;98m▀[38;2;115;115;98m▀▀[38;2;49;49;49m▀[38;2;82;82;82m▀[48;2;49;49;49m▀[38;2;49;49;49m[49m▀[38;2;115;115;98m[48;2;49;49;49m▀[38;2;82;82;82m▀▀[38;2;49;49;49m[49m▀     [0m
      [38;2;49;49;49m[48;2;49;49;49m▀[38;2;172;65;57m[48;2;82;82;82m▀[48;2;255;131;98m▀[38;2;49;49;49m[48;2;49;49;49m▀▀[38;2;82;82;82m▀▀[48;2;213;90;65m▀[38;2;255;131;98m[48;2;172;65;57m▀[38;2;213;90;65m[48;2;213;90;65m▀[38;2;82;82;82m[48;2;82;82;82m▀[38;2;115;115;98m▀[48;2;115;115;98m▀▀[48;2;82;82;82m▀[38;2;82;82;82m[48;2;49;49;49m▀[38;2;49;49;49m[49m▀          [0m
   [38;2;49;49;49m▄▄[48;2;82;82;82m▀[38;2;82;82;82m[48;2;49;49;49m▀▀[38;2;172;65;57m[48;2;255;131;98m▀[38;2;255;131;98m▀[38;2;172;65;57m▀[38;2;49;49;49m[48;2;172;65;57m▀[38;2;255;131;98m[48;2;255;131;98m▀[48;2;213;90;65m▀[38;2;213;90;65m▀[48;2;82;82;82m▀[38;2;82;82;82m▀▀[48;2;49;49;49m▀▀[48;2;82;82;82m▀[38;2;49;49;49m▀[49m▄▄  ▄▄▄    [0m
 [38;2;49;49;49m▄[48;2;82;82;82m▀[38;2;82;82;82m▀▀[38;2;49;49;49m[48;2;49;49;49m▀[49m  ▀[38;2;255;131;98m[48;2;49;49;49m▀[38;2;213;90;65m[48;2;213;90;65m▀▀[48;2;82;82;82m▀▀[38;2;82;82;82m▀▀[48;2;49;49;49m▀[38;2;49;49;49m[49m▀ ▄[48;2;49;49;49m▀[38;2;82;82;82m[48;2;115;115;98m▀[38;2;115;115;98m▀[48;2;49;49;49m▀[38;2;49;49;49m▀▀▀▀▀[49m▀▀  [0m
 [38;2;49;49;49m▀[38;2;82;82;82m[48;2;49;49;49m▀[48;2;82;82;82m▀[38;2;49;49;49m[48;2;49;49;49m▀[49m     ▀▀▀[38;2;82;82;82m[48;2;49;49;49m▀[48;2;82;82;82m▀[38;2;49;49;49m▀▀[48;2;49;49;49m▀▀▀▀[38;2;115;115;98m[48;2;115;115;98m▀▀[48;2;49;49;49m▀[38;2;49;49;49m▀▀▀[49m      [0m
   [38;2;49;49;49m▀      ▄[48;2;82;82;82m▀▀[38;2;82;82;82m▀▀▀▀▀▀[38;2;49;49;49m[48;2;49;49;49m▀[38;2;115;115;98m[48;2;115;115;98m▀[38;2;82;82;82m[48;2;49;49;49m▀[38;2;115;115;98m[48;2;115;115;98m▀[38;2;49;49;49m[48;2;49;49;49m▀[49m▀▀       [0m
          [38;2;49;49;49m▀[38;2;82;82;82m[48;2;49;49;49m▀[38;2;49;49;49m[49m▀[38;2;82;82;82m[48;2;49;49;49m▀[48;2;82;82;82m▀[48;2;49;49;49m▀[48;2;82;82;82m▀[48;2;49;49;49m▀[38;2;49;49;49m[49m▀[38;2;82;82;82m[48;2;49;49;49m▀[38;2;49;49;49m[49m▀ ▀          [0m
              [38;2;49;49;49m▀ ▀                [0m
