
[38;2;0;0;0m                                      
[38;2;0;0;0m          ████                        
[38;2;0;0;0m        ██[38;2;165;222;117m████[38;2;0;0;0m██                      
[38;2;0;0;0m      ██[38;2;165;222;117m██████[38;2;107;174;75m██[38;2;0;0;0m██  ██████            
[38;2;0;0;0m    ██[38;2;165;222;117m████[38;2;66;66;66m██[38;2;107;174;75m██[38;2;165;222;117m██[38;2;0;0;0m████[38;2;165;222;117m██████[38;2;0;0;0m████        
[38;2;0;0;0m    ██[38;2;165;222;117m██[38;2;110;126;102m██[38;2;66;82;58m██[38;2;66;66;66m██[38;2;107;173;75m██[38;2;66;66;66m██[38;2;165;222;117m██[38;2;66;66;66m████[38;2;165;222;117m████[38;2;66;66;66m██[38;2;0;0;0m██      
[38;2;0;0;0m  ██[38;2;165;222;117m████[38;2;66;82;58m██[38;2;198;214;190m██[38;2;66;66;66m████████[38;2;255;255;255m████[38;2;66;66;66m██[38;2;165;222;117m██[38;2;66;66;66m██[38;2;0;0;0m██      
[38;2;0;0;0m  ██[38;2;165;222;117m██[38;2;66;66;66m██[38;2;192;192;192m██[38;2;66;66;66m██[38;2;255;255;255m████[38;2;80;82;80m██[38;2;239;247;239m██[38;2;255;255;255m████[38;2;66;66;66m██[38;2;165;222;117m██[38;2;66;66;66m██[38;2;132;90;60m██[38;2;0;0;0m██    
[38;2;0;0;0m  ██[38;2;165;222;117m██[38;2;66;66;66m████[38;2;255;255;255m██████[38;2;159;165;159m██[38;2;0;0;0m██[38;2;8;4;8m██[38;2;131;129;131m██[38;2;66;66;66m██[38;2;165;222;117m██[38;2;66;66;66m██[38;2;132;90;60m██[38;2;0;0;0m██    
[38;2;0;0;0m    ████[38;2;66;66;66m██[38;2;192;121;69m██████[38;2;66;66;66m██[38;2;255;255;255m██████[38;2;231;173;135m██[38;2;74;57;42m██[38;2;132;90;60m██████[38;2;0;0;0m██  
[38;2;0;0;0m      ██[38;2;66;66;66m██[38;2;255;148;71m████[38;2;66;66;66m██[38;2;255;255;255m████████[38;2;126;96;73m████[38;2;66;66;66m████[38;2;132;90;60m██[38;2;0;0;0m██  
[38;2;0;0;0m      ██[38;2;98;98;64m██[38;2;90;61;58m██[38;2;66;66;66m██[38;2;255;255;255m████████[38;2;132;90;60m██[38;2;90;74;66m████[38;2;255;255;255m████[38;2;82;85;82m██[38;2;0;0;0m██  
[38;2;0;0;0m      ██[38;2;115;173;75m████[38;2;255;255;255m████[38;2;197;172;153m██[38;2;140;90;52m██[38;2;132;90;60m████[38;2;90;74;66m██[38;2;255;255;255m██████[38;2;247;255;247m██[38;2;0;0;0m██  
[38;2;0;0;0m    ██[38;2;107;173;75m██[38;2;165;222;117m████[38;2;107;174;75m████[38;2;132;165;81m██[38;2;115;99;54m██[38;2;132;91;60m████[38;2;66;66;66m██[38;2;255;255;255m████████[38;2;0;0;0m██  
[38;2;0;0;0m      ██[38;2;107;174;75m██████[38;2;165;222;117m██[38;2;148;231;108m██[38;2;132;165;81m██[38;2;132;91;60m████[38;2;66;66;66m██[38;2;255;255;255m████[38;2;222;172;142m██[38;2;255;255;255m██[38;2;0;0;0m██  
[38;2;0;0;0m        ██[38;2;132;94;68m██[38;2;115;96;59m██[38;2;115;173;75m██[38;2;107;173;75m████[38;2;107;74;51m████[38;2;66;66;66m██[38;2;255;255;255m████[38;2;222;172;142m██[38;2;198;198;198m██[38;2;0;0;0m██  
[38;2;0;0;0m        ██[38;2;88;63;45m██[38;2;115;96;59m██[38;2;115;57;51m██[38;2;107;98;59m██[38;2;107;61;51m██[38;2;107;74;51m██[38;2;198;198;198m██[38;2;66;66;66m██[38;2;192;192;192m██[38;2;255;255;255m████[38;2;0;0;0m██    
[38;2;0;0;0m          ██[38;2;82;66;56m████[38;2;74;66;58m██[38;2;198;198;198m██[38;2;198;200;198m████[38;2;198;198;198m██[38;2;66;66;66m██[38;2;255;255;255m██[38;2;173;173;173m██[38;2;0;0;0m██    
[38;2;0;0;0m            ██[38;2;82;66;56m██[38;2;74;66;58m████[38;2;198;200;198m████[38;2;198;198;198m██[38;2;66;66;66m██[38;2;173;173;173m██[38;2;8;8;8m██[38;2;0;0;0m      
[38;2;0;0;0m          ██[38;2;198;115;70m██████[38;2;0;0;0m██[38;2;79;63;58m██[38;2;222;189;174m██[38;2;214;198;182m████[38;2;0;0;0m██        
[38;2;0;0;0m            ██████  [38;2;8;0;0m██[38;2;151;126;116m██[38;2;148;132;121m██[38;2;16;0;0m██[38;2;0;0;0m          
[38;2;0;0;0m                  ██[38;2;247;156;79m██[38;2;82;55;32m██[38;2;247;148;71m██[38;2;0;0;0m██          
[38;2;0;0;0m                    [38;2;0;4;8m████[38;2;0;0;0m██            
[38;2;0;0;0m                                      [0m
