
[38;2;0;0;0m                                      
[38;2;0;0;0m            ████  ████████            
[38;2;0;0;0m          ██[38;2;247;189;47m████[38;2;0;0;0m██[38;2;214;74;86m████████[38;2;0;0;0m████        
[38;2;0;0;0m      ██  ██[38;2;247;189;47m██[38;2;189;123;69m██[38;2;255;189;47m██[38;2;222;74;84m██[38;2;206;88;75m██[38;2;181;41;85m██[38;2;173;49;77m██[38;2;200;93;70m██[38;2;214;74;86m██[38;2;0;0;0m██      
[38;2;0;0;0m    ██[38;2;255;132;63m██[38;2;0;0;0m██[38;2;214;74;86m██[38;2;247;189;47m████[38;2;255;189;47m██[38;2;239;131;65m██[38;2;206;88;75m██[38;2;255;181;55m████[38;2;173;49;77m██[38;2;214;74;86m████[38;2;0;0;0m██    
[38;2;0;0;0m  ██[38;2;255;132;71m████[38;2;8;0;0m██[38;2;222;78;86m██[38;2;0;0;0m██[38;2;255;255;255m██[38;2;255;132;63m████[38;2;247;189;47m██[38;2;189;123;69m██[38;2;247;189;47m██[38;2;165;57;69m██[38;2;214;75;86m████[38;2;0;0;0m██    
[38;2;0;0;0m    [38;2;8;0;8m██[38;2;173;88;50m██[38;2;222;78;86m██[38;2;151;52;57m██[38;2;255;255;255m████[38;2;255;132;63m████[38;2;247;189;47m██████[38;2;165;57;69m██[38;2;214;75;86m████[38;2;214;74;86m██[38;2;0;0;0m██  
[38;2;0;0;0m    ██[38;2;165;57;69m██[38;2;214;75;86m████████[38;2;255;132;63m████[38;2;0;0;0m██[38;2;255;255;255m██[38;2;165;57;69m██[38;2;214;74;86m██[38;2;192;100;69m██[38;2;66;61;66m██[38;2;214;86;94m██[38;2;0;8;8m██[38;2;0;0;0m  
[38;2;0;0;0m      ██[38;2;214;75;86m████████[38;2;214;74;86m████[38;2;255;255;255m████[38;2;214;74;86m████[38;2;66;61;66m██[38;2;255;119;71m██[38;2;71;34;37m██[38;2;0;8;8m██[38;2;0;0;0m  
[38;2;0;0;0m      ██[38;2;173;115;58m██[38;2;255;173;79m██[38;2;214;74;86m████████[38;2;214;75;86m████[38;2;214;74;86m██[38;2;165;57;69m██[38;2;214;74;86m██[38;2;255;132;63m████[38;2;0;0;0m██  
[38;2;0;0;0m        [38;2;8;0;16m██[38;2;173;115;58m██[38;2;214;74;86m██[38;2;247;189;47m██[38;2;214;74;86m██[38;2;247;189;47m██[38;2;214;75;86m████[38;2;214;74;86m██[38;2;165;57;69m██[38;2;214;74;86m████[38;2;255;132;63m██[38;2;0;0;0m██  
[38;2;0;0;0m      ██[38;2;255;119;71m██[38;2;170;79;47m██[38;2;189;87;75m██[38;2;206;119;78m██[38;2;214;74;86m██[38;2;189;123;69m██[38;2;214;75;86m████[38;2;214;74;86m██████[38;2;165;57;69m██[38;2;0;0;0m██    
[38;2;0;0;0m        ████[38;2;173;56;71m████[38;2;214;74;86m████[38;2;214;75;86m████[38;2;214;74;86m██[38;2;165;57;69m██████[38;2;0;0;0m██    
[38;2;0;0;0m            ████[38;2;165;57;69m████████████[38;2;0;0;0m████      
[38;2;0;0;0m                ████████[38;2;255;132;63m████[38;2;0;0;0m██        
[38;2;0;0;0m                        ████          
[38;2;0;0;0m                                      [0m
