
           [38;2;0;4;0m▄▄      [0m
        [38;2;0;4;0m[48;2;0;4;0m▀[38;2;222;222;182m[48;2;148;149;121m▀[38;2;228;228;183m[48;2;228;228;183m▀[38;2;148;148;127m[48;2;222;222;190m▀[48;2;0;0;0m▀[49m      [0m
      [38;2;0;0;0m▄[38;2;0;4;0m[48;2;255;115;79m▀[38;2;231;231;183m[48;2;49;86;61m▀[38;2;66;66;66m[48;2;8;0;0m▀[38;2;0;4;0m[49m▀        [0m
   [38;2;0;4;0m▄[38;2;74;123;122m[48;2;86;177;122m▀[38;2;86;177;122m▀[38;2;66;61;74m[48;2;82;173;130m▀[38;2;66;66;66m[48;2;88;176;120m▀[38;2;87;176;122m[48;2;87;176;122m▀▀[38;2;88;176;120m[48;2;88;176;120m▀[38;2;0;4;0m[48;2;90;173;122m▀▀[49m▄     [0m
  [38;2;74;121;122m[48;2;0;4;0m▀[38;2;66;66;66m[48;2;66;66;66m▀[38;2;87;176;122m[48;2;90;173;122m▀[48;2;66;66;66m▀[38;2;66;66;66m[48;2;80;107;74m▀[48;2;66;66;66m▀[38;2;86;177;122m[48;2;86;177;122m▀▀[38;2;87;176;122m▀[38;2;86;177;122m[48;2;88;176;120m▀[38;2;74;123;122m[48;2;66;66;66m▀[38;2;0;4;0m[48;2;88;176;120m▀[48;2;90;173;122m▀[49m    [0m
 [38;2;0;4;0m▄[38;2;82;107;82m[48;2;55;73;57m▀[38;2;74;93;71m[48;2;74;93;71m▀[38;2;69;80;71m[48;2;69;80;71m▀[48;2;206;107;118m▀[38;2;66;66;66m[48;2;80;107;74m▀[48;2;206;107;118m▀[38;2;80;107;74m[48;2;66;66;66m▀[38;2;66;66;66m▀[48;2;88;176;120m▀[38;2;87;176;122m[48;2;87;176;122m▀▀[38;2;8;4;16m[48;2;69;122;103m▀[38;2;0;4;0m[49m▄    [0m
  [38;2;0;4;0m[48;2;0;4;0m▀[38;2;255;222;215m[48;2;74;94;74m▀[38;2;66;66;74m[48;2;90;140;138m▀[38;2;255;119;95m[48;2;74;99;85m▀[38;2;82;107;82m[48;2;189;134;104m▀[38;2;0;4;0m[48;2;255;255;255m▀[38;2;247;255;255m[48;2;189;134;104m▀[38;2;57;78;65m[48;2;156;78;36m▀[38;2;66;61;74m[48;2;71;123;122m▀[38;2;71;123;122m[48;2;71;124;122m▀▀[38;2;66;66;66m[49m▀[38;2;0;4;0m▀    [0m
  [38;2;90;173;122m▄[38;2;0;20;24m[48;2;57;90;81m▀[38;2;80;107;74m[48;2;255;115;79m▀[48;2;66;66;66m▀[48;2;255;115;79m▀[38;2;66;66;66m[48;2;247;140;95m▀[38;2;189;189;157m[48;2;87;176;122m▀[38;2;57;70;73m▀[38;2;66;66;66m▀[38;2;60;117;89m[48;2;82;107;74m▀[38;2;0;4;8m[48;2;87;178;122m▀[38;2;87;178;122m[49m▄[38;2;0;4;0m▄    [0m
  [38;2;90;173;122m[48;2;0;4;0m▀[38;2;120;107;86m[48;2;66;70;66m▀[38;2;255;115;79m[48;2;66;66;66m▀▀▀[38;2;57;90;81m[48;2;255;119;87m▀[38;2;87;176;122m[48;2;66;66;66m▀▀[48;2;87;178;122m▀[38;2;87;178;122m[48;2;66;66;66m▀[38;2;82;107;74m▀[38;2;87;178;122m[48;2;239;173;111m▀[38;2;90;173;122m[48;2;0;4;0m▀[49m    [0m
  [38;2;0;4;0m▄[38;2;0;8;16m[48;2;239;173;111m▀[38;2;71;124;122m[48;2;66;66;66m▀[38;2;66;66;66m[48;2;154;101;85m▀[38;2;189;177;149m[48;2;239;222;175m▀[38;2;66;66;66m[48;2;231;231;183m▀[38;2;206;239;182m[48;2;57;74;65m▀[38;2;57;70;65m[48;2;123;136;111m▀[38;2;66;66;66m[48;2;66;66;66m▀[38;2;239;176;116m[48;2;239;176;116m▀▀[38;2;239;179;115m▀[38;2;0;4;0m[48;2;231;214;159m▀[49m    [0m
 [38;2;0;4;0m▄[38;2;239;173;111m[48;2;239;173;111m▀[48;2;154;101;85m▀[38;2;154;101;85m▀▀[38;2;74;61;58m[48;2;214;173;142m▀[38;2;203;184;150m[48;2;203;181;150m▀[38;2;189;198;157m[48;2;66;66;66m▀[38;2;57;74;65m▀[38;2;222;181;134m[48;2;203;181;150m▀[38;2;239;176;116m[48;2;66;66;66m▀[48;2;239;173;111m▀[48;2;239;179;115m▀[38;2;231;214;159m[48;2;239;173;111m▀[38;2;0;4;0m▀[38;2;239;173;111m[49m▄  [0m
 [38;2;0;4;0m▀[38;2;159;111;79m▀[38;2;0;4;0m▀[38;2;57;66;57m[48;2;78;105;74m▀[48;2;0;4;0m▀[38;2;115;94;75m▀[38;2;132;117;95m▀[38;2;74;121;122m[49m▀[48;2;0;4;0m▀[38;2;66;66;66m[48;2;231;231;183m▀[38;2;181;176;144m[48;2;93;110;98m▀[38;2;66;66;66m[48;2;231;231;183m▀[38;2;156;103;84m[48;2;239;173;127m▀[38;2;239;173;111m[48;2;239;173;111m▀[38;2;80;63;50m[48;2;0;4;0m▀[38;2;239;173;119m[49m▀[38;2;0;4;0m▀ [0m
    [38;2;0;4;0m▀    ▀[38;2;93;110;98m[48;2;0;4;0m▀[38;2;231;231;183m[49m▀[38;2;93;110;98m[48;2;0;4;0m▀[38;2;0;8;16m[49m▀[38;2;0;4;0m▀    [0m
                   [0m
