
      [38;2;49;49;49m▄▄▄               [0m
     [38;2;49;49;49m[48;2;49;49;49m▀[38;2;238;197;32m[48;2;255;255;115m▀▀[38;2;82;82;82m[48;2;238;197;32m▀[38;2;49;49;49m[48;2;49;49;49m▀[49m  ▄▄▄▄        [0m
     [38;2;49;49;49m▀[38;2;255;255;115m[48;2;49;49;49m▀[48;2;255;255;115m▀[48;2;82;82;82m▀[38;2;49;49;49m[48;2;222;164;32m▀[48;2;205;123;16m▀[48;2;49;49;49m▀[38;2;82;82;82m[48;2;238;197;32m▀[38;2;238;197;32m[48;2;255;255;115m▀▀[38;2;82;82;82m[48;2;238;197;32m▀[38;2;49;49;49m[48;2;49;49;49m▀[49m  [48;2;49;49;49m▀[49m▄[48;2;49;49;49m▀[49m  [0m
  [38;2;49;49;49m▄ ▄[48;2;82;82;82m▀[38;2;82;82;82m[48;2;255;255;255m▀[38;2;222;164;32m[48;2;222;164;32m▀▀▀▀[38;2;205;123;16m[48;2;205;123;16m▀[38;2;255;255;115m[48;2;255;255;115m▀▀[48;2;238;197;32m▀[38;2;238;197;32m[48;2;49;49;49m▀[38;2;49;49;49m[49m▀  ▀[48;2;49;49;49m▀[49m▀▀ [0m
 [38;2;49;49;49m▀[48;2;49;49;49m▀[49m▀[48;2;49;49;49m▀[38;2;230;74;41m[48;2;230;74;41m▀[38;2;49;49;49m[48;2;222;164;32m▀[38;2;222;164;32m[48;2;205;123;16m▀[48;2;222;164;32m▀▀[48;2;255;255;255m▀[48;2;205;123;16m▀[38;2;205;123;16m[48;2;222;164;32m▀[38;2;82;82;82m[48;2;205;123;16m▀▀[38;2;139;98;49m▀[38;2;49;49;49m[48;2;49;49;49m▀[49m  [48;2;49;49;49m▀[49m▄   [0m
   [38;2;49;49;49m▀▀[38;2;205;123;16m[48;2;49;49;49m▀[38;2;139;98;49m[48;2;222;164;32m▀[38;2;255;255;255m[48;2;156;74;74m▀[38;2;197;82;82m[48;2;197;82;82m▀[38;2;222;164;32m[48;2;222;164;32m▀[38;2;49;49;49m▀[38;2;205;123;16m[48;2;230;74;41m▀[38;2;222;164;32m[48;2;82;82;82m▀[38;2;82;82;82m▀[38;2;205;123;16m▀[38;2;82;82;82m▀[38;2;205;123;16m▀[38;2;49;49;49m[48;2;49;49;49m▀[49m  ▀[48;2;49;49;49m▀[49m  [0m
    [38;2;49;49;49m▀[38;2;222;164;32m[48;2;49;49;49m▀[38;2;139;98;49m[48;2;82;82;82m▀[38;2;222;164;32m[48;2;238;197;32m▀[48;2;255;255;115m▀[48;2;222;164;32m▀[48;2;139;98;49m▀[38;2;230;74;41m[48;2;222;164;32m▀[48;2;82;82;82m▀[38;2;82;82;82m[48;2;205;123;16m▀[38;2;205;123;16m▀[38;2;82;82;82m▀[38;2;205;123;16m▀[38;2;49;49;49m[48;2;49;49;49m▀[49m▄▄▀   [0m
     [38;2;49;49;49m▀[38;2;222;164;32m[48;2;49;49;49m▀[38;2;205;123;16m▀[38;2;255;255;115m▀▀[38;2;139;98;49m[48;2;238;197;32m▀▀[38;2;205;123;16m[48;2;205;123;16m▀[48;2;139;98;49m▀▀[48;2;205;123;16m▀[38;2;49;49;49m[48;2;49;49;49m▀[49m       [0m
          [38;2;49;49;49m▀▀[48;2;49;49;49m▀[38;2;222;164;32m▀[38;2;205;123;16m▀[38;2;49;49;49m[49m▀        [0m
                        [0m
