
[38;2;0;0;0m                                                
[38;2;0;0;0m    [38;2;49;49;49m████[38;2;0;0;0m  [38;2;49;49;49m██[38;2;0;0;0m                                    
[38;2;0;0;0m    [38;2;49;49;49m██[38;2;197;156;222m██[38;2;49;49;49m██[38;2;197;156;222m██[38;2;49;49;49m██[38;2;0;0;0m                  [38;2;49;49;49m██[38;2;0;0;0m  [38;2;49;49;49m████[38;2;0;0;0m        
[38;2;0;0;0m    [38;2;49;49;49m██[38;2;172;115;189m██[38;2;197;156;222m████[38;2;49;49;49m██[38;2;0;0;0m                [38;2;49;49;49m██[38;2;197;156;222m██[38;2;49;49;49m██[38;2;197;156;222m██[38;2;49;49;49m██[38;2;0;0;0m        
[38;2;0;0;0m  [38;2;49;49;49m██[38;2;197;156;222m██[38;2;172;115;189m████████[38;2;49;49;49m██[38;2;0;0;0m          [38;2;49;49;49m████[38;2;172;115;189m██[38;2;197;156;222m████[38;2;49;49;49m██[38;2;0;0;0m          
[38;2;0;0;0m    [38;2;49;49;49m████[38;2;172;115;189m████[38;2;197;156;222m████[38;2;49;49;49m██████████[38;2;172;115;189m████[38;2;197;156;222m██[38;2;172;115;189m██████[38;2;49;49;49m██[38;2;0;0;0m        
[38;2;0;0;0m      [38;2;49;49;49m██[38;2;82;82;82m██[38;2;172;115;189m██[38;2;197;156;222m████████████[38;2;172;115;189m██████████[38;2;49;49;49m████[38;2;0;0;0m          
[38;2;0;0;0m        [38;2;49;49;49m██[38;2;82;82;82m██[38;2;172;115;189m██[38;2;197;156;222m██████[38;2;172;115;189m██████████[38;2;82;82;82m████[38;2;49;49;49m██[38;2;0;0;0m            
[38;2;0;0;0m          [38;2;49;49;49m██[38;2;172;115;189m██████████████[38;2;82;82;82m██████[38;2;49;49;49m██[38;2;0;0;0m    [38;2;49;49;49m██[38;2;0;0;0m  [38;2;49;49;49m██[38;2;0;0;0m    
[38;2;0;0;0m        [38;2;49;49;49m██[38;2;90;65;24m██[38;2;82;82;82m██[38;2;172;115;189m████████[38;2;123;74;156m██[38;2;82;82;82m██[38;2;164;123;65m██[38;2;82;82;82m██[38;2;49;49;49m██[38;2;0;0;0m    [38;2;49;49;49m██[38;2;172;115;189m██[38;2;49;49;49m██[38;2;172;115;189m██[38;2;49;49;49m██[38;2;0;0;0m  
[38;2;0;0;0m      [38;2;49;49;49m██[38;2;222;180;106m██[38;2;90;65;24m██[38;2;255;255;255m██[38;2;82;82;82m████████[38;2;90;65;24m████[38;2;222;180;106m██[38;2;164;123;65m██[38;2;49;49;49m██[38;2;0;0;0m    [38;2;49;49;49m██[38;2;172;115;189m██████[38;2;49;49;49m██[38;2;0;0;0m  
[38;2;0;0;0m        [38;2;49;49;49m██[38;2;222;180;106m██[38;2;49;49;49m██[38;2;246;246;139m██████[38;2;90;65;24m██[38;2;255;255;255m██[38;2;49;49;49m██[38;2;222;180;106m██████[38;2;49;49;49m██[38;2;0;0;0m    [38;2;49;49;49m██[38;2;172;115;189m██[38;2;49;49;49m██[38;2;0;0;0m    
[38;2;0;0;0m          [38;2;49;49;49m██[38;2;246;246;139m██[38;2;222;180;106m██[38;2;246;246;139m████[38;2;49;49;49m████[38;2;222;180;106m████[38;2;82;82;82m██[38;2;49;49;49m████[38;2;0;0;0m    [38;2;82;82;82m██[38;2;49;49;49m██[38;2;0;0;0m      
[38;2;0;0;0m            [38;2;49;49;49m██[38;2;82;82;82m██[38;2;246;246;139m██[38;2;222;180;106m██████[38;2;82;82;82m████[38;2;49;49;49m██[38;2;0;0;0m      [38;2;49;49;49m██[38;2;222;180;106m██[38;2;49;49;49m██[38;2;0;0;0m      
[38;2;0;0;0m        [38;2;49;49;49m████[38;2;123;74;156m██[38;2;172;115;189m██[38;2;82;82;82m████████[38;2;172;115;189m██[38;2;123;74;156m██[38;2;222;180;106m██[38;2;49;49;49m██████[38;2;222;180;106m██[38;2;49;49;49m██[38;2;0;0;0m        
[38;2;0;0;0m      [38;2;49;49;49m██[38;2;197;156;222m██[38;2;82;82;82m██[38;2;172;115;189m████[38;2;82;82;82m██[38;2;222;180;106m██[38;2;123;74;156m██[38;2;172;115;189m██████[38;2;123;74;156m██[38;2;222;180;106m██[38;2;82;82;82m██[38;2;164;123;65m██[38;2;49;49;49m██[38;2;0;0;0m          
[38;2;0;0;0m      [38;2;49;49;49m██[38;2;82;82;82m████[38;2;172;115;189m██[38;2;123;74;156m██[38;2;222;180;106m██[38;2;123;74;156m██[38;2;172;115;189m████████[38;2;123;74;156m██[38;2;82;82;82m██[38;2;222;180;106m██[38;2;49;49;49m██[38;2;0;0;0m            
[38;2;0;0;0m        [38;2;49;49;49m██[38;2;197;156;222m██[38;2;82;82;82m██[38;2;164;123;65m██[38;2;222;180;106m██[38;2;123;74;156m██[38;2;172;115;189m████[38;2;123;74;156m██[38;2;82;82;82m██[38;2;197;156;222m██[38;2;82;82;82m██[38;2;222;180;106m██[38;2;49;49;49m██[38;2;0;0;0m            
[38;2;0;0;0m          [38;2;49;49;49m██████[38;2;164;123;65m████[38;2;123;74;156m██[38;2;82;82;82m██[38;2;197;156;222m██[38;2;49;49;49m████[38;2;222;180;106m██[38;2;49;49;49m██[38;2;0;0;0m              
[38;2;0;0;0m              [38;2;49;49;49m██[38;2;164;123;65m██[38;2;222;180;106m██[38;2;164;123;65m██[38;2;49;49;49m████[38;2;0;0;0m  [38;2;49;49;49m██[38;2;222;180;106m██[38;2;49;49;49m██[38;2;0;0;0m              
[38;2;0;0;0m                [38;2;49;49;49m██[38;2;246;246;139m██[38;2;49;49;49m██[38;2;0;0;0m      [38;2;49;49;49m████[38;2;0;0;0m                
[38;2;0;0;0m                [38;2;49;49;49m████[38;2;0;0;0m                            
[38;2;0;0;0m                                                [0m
