
   [38;2;0;4;0m▄                        [0m
  [38;2;0;4;0m[48;2;0;4;0m▀[38;2;255;255;255m[48;2;255;255;255m▀[38;2;0;4;0m▀[38;2;0;0;0m[49m▄[38;2;0;4;0m[48;2;198;198;190m▀[49m▄      ▄[48;2;255;255;255m▀[49m▄ ▄▄[48;2;255;255;255m▀▀[49m▄     [0m
  [38;2;0;4;0m[48;2;0;4;0m▀[38;2;255;255;255m[48;2;255;255;255m▀▀[38;2;127;127;127m[48;2;118;118;118m▀[38;2;198;198;190m[48;2;198;198;190m▀[38;2;0;4;0m[48;2;0;4;0m▀[49m     ▄[48;2;255;255;255m▀[38;2;255;255;255m▀▀[38;2;0;4;0m▀[38;2;255;255;255m▀▀[48;2;0;4;0m▀[38;2;0;4;0m[49m▀      [0m
   [38;2;0;4;0m[48;2;0;4;0m▀[38;2;255;255;255m[48;2;255;255;255m▀▀[38;2;198;198;190m▀[38;2;0;4;0m[48;2;0;4;0m▀[49m  ▄▄[38;2;0;0;0m▄[38;2;0;4;0m[48;2;255;255;255m▀[38;2;255;255;255m▀▀▀▀▀[38;2;0;4;0m▀[49m▄       [0m
    [38;2;0;4;0m[48;2;0;4;0m▀[38;2;255;255;255m[48;2;255;255;255m▀▀▀[38;2;0;4;0m[48;2;90;53;50m▀[48;2;145;118;110m▀[38;2;239;82;55m▀[48;2;90;53;50m▀[38;2;85;85;85m[48;2;255;255;255m▀[38;2;255;255;255m▀▀▀[48;2;82;37;37m▀[48;2;0;16;24m▀[38;2;0;4;0m[49m▀▀        [0m
     [38;2;0;4;0m[48;2;0;4;0m▀[38;2;255;255;255m[48;2;255;255;255m▀▀[38;2;255;247;231m▀[38;2;90;53;50m▀▀[38;2;255;247;231m▀[38;2;255;255;255m▀▀[48;2;123;53;59m▀[38;2;66;66;66m▀[38;2;247;78;63m[48;2;181;45;53m▀[38;2;165;57;50m[48;2;225;185;188m▀[38;2;0;4;0m[48;2;198;198;190m▀[49m▄        [0m
    [38;2;0;4;0m[48;2;0;4;0m▀[38;2;198;198;190m[48;2;198;198;190m▀[38;2;66;66;66m[48;2;8;0;0m▀[38;2;255;255;255m[48;2;255;247;231m▀[48;2;255;255;239m▀[48;2;74;61;50m▀[38;2;66;66;66m[48;2;0;4;0m▀[48;2;255;255;255m▀[48;2;66;66;66m▀[38;2;255;255;255m▀[48;2;255;255;255m▀▀[38;2;247;255;255m▀[48;2;200;195;190m▀[38;2;198;198;190m[48;2;198;198;190m▀[48;2;0;4;0m▀[38;2;0;4;0m[49m▀       [0m
    [38;2;0;4;0m▀[38;2;198;198;190m[48;2;0;4;0m▀[38;2;8;0;0m[48;2;247;222;111m▀[38;2;131;123;115m▀[38;2;134;126;113m[48;2;255;214;103m▀[38;2;74;61;50m[48;2;165;111;61m▀[38;2;255;255;255m[48;2;0;0;0m▀[38;2;0;4;0m▀[38;2;255;255;255m[48;2;255;255;255m▀[38;2;66;66;66m[48;2;66;66;66m▀▀[38;2;255;255;255m[48;2;255;255;255m▀▀▀[38;2;198;198;190m[48;2;247;255;247m▀[48;2;0;0;0m▀[38;2;0;4;0m[49m▀       [0m
    [38;2;0;4;0m▀[38;2;247;222;111m[48;2;0;4;0m▀[48;2;66;66;66m▀[38;2;159;112;66m[48;2;214;189;126m▀[38;2;165;111;61m[48;2;168;162;136m▀[38;2;225;180;89m[48;2;82;70;50m▀[38;2;82;85;82m[48;2;123;126;123m▀[38;2;247;255;247m[48;2;57;61;57m▀[38;2;66;66;66m[48;2;66;66;66m▀[48;2;255;255;255m▀[38;2;255;255;255m▀[48;2;66;66;66m▀[38;2;200;195;190m[48;2;222;181;174m▀[48;2;82;49;50m▀[38;2;82;85;82m[48;2;0;4;0m▀[38;2;0;0;0m[49m▀        [0m
  [38;2;0;4;0m▄[48;2;189;45;53m▀[48;2;187;44;48m▀[38;2;198;198;190m[48;2;66;66;66m▀[38;2;214;189;126m[48;2;201;198;190m▀[38;2;66;66;66m▀[38;2;82;70;50m[48;2;200;195;190m▀[38;2;255;255;223m[48;2;255;255;255m▀[38;2;255;255;255m▀▀▀[48;2;200;195;190m▀[48;2;66;66;66m▀▀[38;2;82;49;50m[48;2;190;43;54m▀[38;2;129;93;91m▀[38;2;0;4;0m[48;2;239;82;55m▀[49m▄        [0m
 [38;2;0;4;0m▀[38;2;189;45;53m[48;2;0;4;0m▀▀[38;2;187;44;48m[48;2;66;69;63m▀[38;2;66;66;66m[48;2;198;198;190m▀[38;2;201;198;190m▀▀[38;2;200;195;190m[48;2;201;198;190m▀▀[38;2;255;255;255m[48;2;200;195;190m▀[48;2;255;255;255m▀[48;2;66;66;66m▀[48;2;198;198;190m▀[38;2;66;66;66m[48;2;239;181;159m▀[38;2;187;44;48m[48;2;85;60;53m▀[38;2;190;43;54m[48;2;239;82;55m▀[38;2;239;82;55m▀[48;2;239;81;52m▀▀[38;2;0;4;0m[48;2;0;4;0m▀[49m       [0m
    [38;2;0;4;0m▀[38;2;198;198;190m[48;2;0;4;0m▀[38;2;66;66;66m[48;2;66;69;63m▀[38;2;198;198;190m[48;2;198;198;190m▀[38;2;201;198;190m▀▀[38;2;200;195;190m[48;2;85;60;53m▀[48;2;239;181;159m▀[38;2;198;198;190m[48;2;198;198;190m▀[38;2;66;66;66m[48;2;66;66;66m▀[38;2;85;60;53m[48;2;239;82;55m▀[38;2;162;121;106m▀[38;2;190;43;54m[48;2;66;66;66m▀[38;2;239;82;55m▀[38;2;239;81;52m[48;2;239;82;55m▀▀[38;2;239;82;55m▀[38;2;0;4;0m[48;2;66;66;66m▀[48;2;255;255;255m▀[49m▄▄   [0m
     [38;2;0;4;0m▄[48;2;187;44;48m▀[38;2;66;69;63m[48;2;66;66;66m▀[38;2;198;198;190m[48;2;222;181;174m▀[38;2;66;66;66m[48;2;82;49;50m▀[38;2;162;121;106m[48;2;239;81;52m▀[38;2;85;60;53m▀[38;2;198;198;190m[48;2;66;66;66m▀[38;2;66;66;66m[48;2;239;82;55m▀[38;2;239;82;55m[48;2;145;118;110m▀[38;2;66;66;66m[48;2;90;53;50m▀[38;2;198;198;190m[48;2;140;148;148m▀[48;2;201;197;187m▀[38;2;66;66;66m[48;2;192;192;192m▀[38;2;239;82;55m[48;2;66;66;66m▀[48;2;162;121;106m▀[38;2;66;66;66m[48;2;85;60;53m▀[38;2;255;255;255m[48;2;255;255;255m▀▀▀[38;2;0;4;0m▀[49m▄ [0m
    [38;2;0;4;0m▄[48;2;189;45;53m▀[38;2;187;44;48m[48;2;189;44;50m▀▀[38;2;82;49;50m[48;2;129;93;91m▀[38;2;129;93;91m[48;2;82;49;50m▀[38;2;239;81;52m[48;2;187;60;53m▀[48;2;247;61;47m▀[38;2;239;82;55m[48;2;239;81;52m▀▀[38;2;90;53;50m[48;2;239;82;55m▀[38;2;255;247;231m[48;2;66;66;66m▀[38;2;201;197;187m[48;2;90;53;50m▀[48;2;255;247;231m▀[38;2;255;255;255m[48;2;66;66;66m▀[38;2;66;66;66m▀[38;2;85;60;53m[48;2;201;198;190m▀[38;2;239;181;159m▀[38;2;200;195;190m▀[38;2;255;255;255m▀[48;2;198;198;190m▀[38;2;200;195;190m▀[38;2;0;4;0m[48;2;0;4;0m▀[49m [0m
    [38;2;0;4;0m▀[38;2;189;45;53m[48;2;0;4;0m▀[38;2;189;44;50m[48;2;189;45;53m▀▀[38;2;82;49;50m[48;2;181;57;61m▀[38;2;222;181;174m[48;2;90;34;34m▀[38;2;66;57;66m[48;2;189;45;53m▀[38;2;187;60;53m▀[38;2;239;81;52m[48;2;189;44;50m▀▀[38;2;239;82;55m[48;2;239;82;55m▀▀[38;2;145;118;110m[48;2;239;66;47m▀[38;2;90;53;50m[48;2;181;64;53m▀[38;2;187;44;48m[48;2;66;69;63m▀[38;2;66;66;66m[48;2;198;198;190m▀[38;2;201;198;190m▀▀▀[48;2;0;4;0m▀[38;2;198;198;190m▀[38;2;0;4;0m[49m▀  [0m
      [38;2;0;4;0m▀▀[38;2;0;12;8m▀▀[38;2;0;4;0m▀[38;2;189;45;53m[48;2;0;4;0m▀[38;2;189;44;50m▀▀[38;2;66;66;66m[48;2;247;222;111m▀▀[38;2;66;61;66m[48;2;165;137;74m▀[48;2;247;206;111m▀[38;2;66;69;63m[48;2;0;4;0m▀[38;2;0;4;0m[49m▀▀▀▀     [0m
              [38;2;0;4;0m▀▀[38;2;0;0;0m▀▀          [0m
