
[38;2;0;0;0m                                                          
[38;2;0;0;0m        [38;2;49;49;49m████[38;2;0;0;0m                                              
[38;2;0;0;0m        [38;2;49;49;49m██[38;2;255;74;41m██[38;2;49;49;49m██[38;2;0;0;0m  [38;2;49;49;49m██[38;2;0;0;0m                                        
[38;2;0;0;0m  [38;2;49;49;49m██████[38;2;197;57;16m██[38;2;255;74;41m████[38;2;49;49;49m██[38;2;246;222;98m██[38;2;49;49;49m██[38;2;0;0;0m        [38;2;49;49;49m████[38;2;0;0;0m  [38;2;49;49;49m██████[38;2;0;0;0m                  
[38;2;0;0;0m  [38;2;49;49;49m██[38;2;255;74;41m████████[38;2;197;57;16m██[38;2;246;222;98m████[38;2;49;49;49m██[38;2;0;0;0m    [38;2;49;49;49m████[38;2;246;222;98m██[38;2;49;49;49m████[38;2;255;74;41m██████[38;2;49;49;49m██[38;2;0;0;0m                
[38;2;0;0;0m    [38;2;49;49;49m██[38;2;197;57;16m██[38;2;255;74;41m████[38;2;197;57;16m██[38;2;246;222;98m████[38;2;148;123;57m██[38;2;49;49;49m████[38;2;246;222;98m████[38;2;123;24;16m██[38;2;255;74;41m██████[38;2;180;49;24m██[38;2;49;49;49m██[38;2;0;0;0m                  
[38;2;0;0;0m      [38;2;49;49;49m██[38;2;255;74;41m██[38;2;197;57;16m██[38;2;246;222;98m████[38;2;213;189;90m██[38;2;148;123;57m██[38;2;82;82;82m██[38;2;246;222;98m████[38;2;123;24;16m██[38;2;197;57;16m██[38;2;255;74;41m████[38;2;180;49;24m██[38;2;255;74;41m████[38;2;49;49;49m████[38;2;0;0;0m              
[38;2;0;0;0m    [38;2;49;49;49m██[38;2;255;74;41m████[38;2;180;49;24m██[38;2;246;222;98m██[38;2;213;189;90m████[38;2;246;222;98m██████[38;2;213;189;90m██[38;2;123;24;16m██[38;2;255;74;41m████████████████[38;2;49;49;49m██[38;2;0;0;0m            
[38;2;0;0;0m      [38;2;49;49;49m██[38;2;180;49;24m████[38;2;213;189;90m██[38;2;246;222;98m██████████[38;2;123;24;16m██[38;2;255;74;41m████████████[38;2;197;57;16m██[38;2;49;49;49m████[38;2;0;0;0m              
[38;2;0;0;0m        [38;2;49;49;49m██[38;2;180;49;24m██[38;2;246;222;98m████████████[38;2;197;57;16m████[38;2;255;74;41m████████████[38;2;49;49;49m██[38;2;0;0;0m                
[38;2;0;0;0m      [38;2;49;49;49m████[38;2;246;222;98m████[38;2;213;189;90m██[38;2;246;222;98m██[38;2;255;74;41m██[38;2;255;255;255m██[38;2;246;222;98m██[38;2;255;255;255m████[38;2;82;82;82m██[38;2;255;74;41m████████████[38;2;49;49;49m██[38;2;0;0;0m              
[38;2;0;0;0m    [38;2;49;49;49m██[38;2;197;57;16m██[38;2;246;222;98m████[38;2;213;189;90m██[38;2;246;222;98m██[38;2;49;49;49m██[38;2;180;49;24m██[38;2;255;255;255m████[38;2;213;213;213m██[38;2;82;82;82m██[38;2;213;189;90m██[38;2;82;82;82m██[38;2;123;24;16m██[38;2;255;74;41m████[38;2;49;49;49m████[38;2;0;0;0m                
[38;2;0;0;0m      [38;2;49;49;49m████[38;2;255;255;255m██████████[38;2;213;213;213m██[38;2;115;115;115m████[38;2;213;189;90m██[38;2;180;49;24m████[38;2;123;24;16m██[38;2;49;49;49m████[38;2;0;0;0m                    
[38;2;0;0;0m          [38;2;49;49;49m██[38;2;123;24;16m██████[38;2;148;123;57m████[38;2;213;189;90m██████[38;2;123;24;16m██[38;2;180;49;24m██████[38;2;123;24;16m██[38;2;49;49;49m████[38;2;0;0;0m      [38;2;49;49;49m██████[38;2;0;0;0m    
[38;2;0;0;0m      [38;2;49;49;49m████[38;2;123;24;16m██[38;2;180;49;24m████[38;2;49;49;49m██████[38;2;213;189;90m██[38;2;213;213;213m██[38;2;213;189;90m████[38;2;123;24;16m██[38;2;180;49;24m██████████[38;2;49;49;49m██[38;2;0;0;0m  [38;2;49;49;49m██[38;2;246;222;98m██████[38;2;49;49;49m██[38;2;0;0;0m  
[38;2;0;0;0m    [38;2;49;49;49m██[38;2;115;115;115m██[38;2;49;49;49m██[38;2;180;49;24m████[38;2;49;49;49m██[38;2;0;0;0m      [38;2;49;49;49m██[38;2;156;156;156m██[38;2;213;213;213m██[38;2;213;189;90m██[38;2;82;82;82m████[38;2;180;49;24m██████[38;2;123;24;16m██[38;2;49;49;49m████[38;2;246;222;98m██████[38;2;49;49;49m██[38;2;0;0;0m    
[38;2;0;0;0m    [38;2;49;49;49m████[38;2;0;0;0m  [38;2;49;49;49m████[38;2;0;0;0m    [38;2;49;49;49m████[38;2;156;156;156m████[38;2;213;213;213m██[38;2;82;82;82m██[38;2;115;115;115m████[38;2;82;82;82m██[38;2;123;24;16m████[38;2;148;123;57m██[38;2;246;222;98m████████[38;2;49;49;49m██[38;2;0;0;0m      
[38;2;0;0;0m                [38;2;49;49;49m██[38;2;255;74;41m██[38;2;180;49;24m████[38;2;213;213;213m██[38;2;123;24;16m██[38;2;82;82;82m██[38;2;115;115;115m██[38;2;82;82;82m██[38;2;180;49;24m████[38;2;123;24;16m██[38;2;213;189;90m████[38;2;246;222;98m████[38;2;213;189;90m██[38;2;49;49;49m██[38;2;0;0;0m      
[38;2;0;0;0m              [38;2;49;49;49m██[38;2;180;49;24m████[38;2;255;74;41m██[38;2;180;49;24m████[38;2;123;24;16m██[38;2;180;49;24m██[38;2;82;82;82m████[38;2;255;74;41m██[38;2;180;49;24m██[38;2;255;74;41m██[38;2;123;24;16m██[38;2;213;189;90m████[38;2;49;49;49m████[38;2;0;0;0m        
[38;2;0;0;0m                [38;2;49;49;49m██[38;2;82;82;82m████[38;2;180;49;24m██[38;2;123;24;16m████[38;2;180;49;24m████[38;2;255;74;41m██████[38;2;180;49;24m████[38;2;123;24;16m██[38;2;49;49;49m██[38;2;0;0;0m            
[38;2;0;0;0m              [38;2;49;49;49m██[38;2;82;82;82m████[38;2;49;49;49m██████[38;2;180;49;24m████████████████████[38;2;49;49;49m██[38;2;0;0;0m          
[38;2;0;0;0m                [38;2;49;49;49m████[38;2;0;0;0m    [38;2;49;49;49m██████[38;2;123;24;16m██[38;2;180;49;24m██[38;2;49;49;49m██[38;2;82;82;82m██[38;2;49;49;49m██[38;2;180;49;24m██[38;2;49;49;49m████[38;2;0;0;0m            
[38;2;0;0;0m                              [38;2;49;49;49m████[38;2;82;82;82m████[38;2;49;49;49m████[38;2;0;0;0m                
[38;2;0;0;0m                                  [38;2;49;49;49m████[38;2;0;0;0m                    
[38;2;0;0;0m                                                          [0m
