
             [38;2;49;49;49m▄▄             [0m
          [38;2;49;49;49m▄[48;2;156;74;57m▀[48;2;246;131;90m▀[38;2;246;131;90m▀[48;2;213;90;74m▀[38;2;49;49;49m▀[49m▄           [0m
      [38;2;49;49;49m▄[48;2;213;90;74m▀▀[48;2;156;74;57m▀[38;2;246;131;90m[48;2;131;205;180m▀[48;2;148;98;230m▀[38;2;148;98;230m[48;2;98;172;148m▀[38;2;98;172;148m▀[38;2;213;90;74m▀[48;2;213;90;74m▀[38;2;156;74;57m▀[38;2;49;49;49m[48;2;49;49;49m▀[49m▄         [0m
      [38;2;49;49;49m▀[38;2;82;82;82m[48;2;49;49;49m▀[38;2;98;172;148m▀[38;2;255;255;255m[48;2;74;131;106m▀[38;2;131;205;180m[48;2;148;98;230m▀[38;2;148;98;230m[48;2;98;172;148m▀[38;2;98;172;148m▀[48;2;49;49;49m▀[48;2;255;255;255m▀[38;2;213;90;74m[48;2;82;82;82m▀[38;2;246;131;90m[48;2;246;131;90m▀▀▀[38;2;49;49;49m▀▀[49m▄      [0m
         [38;2;49;49;49m▀[38;2;148;98;230m[48;2;49;49;49m▀[38;2;98;172;148m[48;2;148;98;230m▀[38;2;82;82;82m[48;2;98;172;148m▀▀▀[38;2;74;131;106m[48;2;213;90;74m▀[38;2;246;131;90m[48;2;49;49;49m▀[38;2;98;172;148m[48;2;213;90;74m▀▀[48;2;49;49;49m▀[38;2;246;131;90m▀[38;2;49;49;49m[49m▀      [0m
       [38;2;49;49;49m▄[48;2;156;74;57m▀[48;2;213;90;74m▀[48;2;156;74;57m▀[38;2;82;82;82m[48;2;246;131;90m▀[38;2;98;172;148m[48;2;82;82;82m▀▀[38;2;82;82;82m[48;2;246;131;90m▀[38;2;49;49;49m▀[49m▄[48;2;49;49;49m▀▀[49m         [0m
   [38;2;49;49;49m▄▄[48;2;82;82;82m▀[48;2;156;74;57m▀[38;2;213;90;74m[48;2;213;90;74m▀[48;2;49;49;49m▀[38;2;49;49;49m[49m▀[48;2;49;49;49m▀[38;2;246;131;90m[48;2;213;90;74m▀[48;2;148;98;230m▀[48;2;123;74;197m▀[48;2;246;131;90m▀[38;2;156;74;57m[48;2;213;90;74m▀[38;2;213;90;74m[48;2;82;82;82m▀[38;2;246;131;90m▀[38;2;213;90;74m[48;2;246;131;90m▀[38;2;49;49;49m▀[49m▄       [0m
 [38;2;49;49;49m▄[48;2;74;131;106m▀[38;2;74;131;106m[48;2;49;49;49m▀▀[38;2;82;82;82m[48;2;213;90;74m▀[38;2;213;90;74m▀[38;2;49;49;49m[48;2;49;49;49m▀[49m▄[48;2;213;90;74m▀[49m▄[48;2;213;90;74m▀[38;2;213;90;74m[48;2;82;82;82m▀▀▀[38;2;82;82;82m[48;2;49;49;49m▀[38;2;49;49;49m[49m▀[38;2;98;172;148m[48;2;49;49;49m▀[38;2;82;82;82m[48;2;98;172;148m▀[38;2;246;131;90m[48;2;82;82;82m▀[48;2;246;131;90m▀[38;2;49;49;49m[48;2;213;90;74m▀[49m▄     [0m
 [38;2;49;49;49m▀[48;2;49;49;49m▀[49m▄[48;2;213;90;74m▀[38;2;213;90;74m[48;2;156;74;57m▀[38;2;49;49;49m[48;2;49;49;49m▀[49m [48;2;49;49;49m▀[38;2;213;90;74m[48;2;74;131;106m▀[48;2;213;90;74m▀[38;2;82;82;82m▀[38;2;213;90;74m[48;2;49;49;49m▀▀[48;2;213;90;74m▀[48;2;82;82;82m▀[38;2;49;49;49m[48;2;213;90;74m▀[48;2;246;131;90m▀[48;2;49;49;49m▀[38;2;98;172;148m▀[38;2;82;82;82m▀[38;2;246;131;90m[48;2;246;131;90m▀[38;2;82;82;82m[48;2;82;82;82m▀[38;2;49;49;49m[48;2;131;205;180m▀[48;2;98;172;148m▀[49m▄  [0m
 [38;2;49;49;49m▀[38;2;213;90;74m[48;2;49;49;49m▀▀[38;2;156;74;57m▀[38;2;49;49;49m[49m▀   [48;2;49;49;49m▀[38;2;213;90;74m[48;2;156;74;57m▀[38;2;156;74;57m[48;2;49;49;49m▀[38;2;49;49;49m[49m▀ [48;2;49;49;49m▀[38;2;213;90;74m[48;2;246;131;90m▀[38;2;246;131;90m[48;2;131;205;180m▀[48;2;213;90;74m▀[38;2;49;49;49m[48;2;49;49;49m▀[49m ▀[38;2;213;90;74m[48;2;49;49;49m▀[38;2;246;131;90m[48;2;246;131;90m▀[38;2;82;82;82m[48;2;49;49;49m▀[38;2;49;49;49m[49m▀[38;2;131;205;180m[48;2;49;49;49m▀[38;2;49;49;49m▀[49m [0m
          [38;2;49;49;49m▀    [48;2;49;49;49m▀[38;2;98;172;148m[48;2;213;90;74m▀[38;2;49;49;49m[48;2;49;49;49m▀[49m   ▀[38;2;213;90;74m[48;2;49;49;49m▀[38;2;246;131;90m[48;2;213;90;74m▀[38;2;49;49;49m[48;2;246;131;90m▀[49m▄  [0m
                [38;2;49;49;49m▀      ▀▀   [0m
