
[38;2;0;0;0m                                                                              
[38;2;0;0;0m                                                        ████                  
[38;2;0;0;0m                                                  ██████[38;2;248;248;248m████[38;2;0;0;0m██                
[38;2;0;0;0m                                                ██[38;2;248;248;248m██████████[38;2;0;0;0m██                
[38;2;0;0;0m                                                ██[38;2;248;248;248m██████[38;2;192;192;208m██[38;2;248;248;248m████[38;2;0;0;0m██              
[38;2;0;0;0m                                                ██[38;2;248;248;248m████████[38;2;192;192;208m██[38;2;248;248;248m██[38;2;0;0;0m██              
[38;2;0;0;0m                                            ████[38;2;232;240;248m██[38;2;152;152;184m████[38;2;248;248;248m██████[38;2;192;192;208m██[38;2;0;0;0m██              
[38;2;0;0;0m                        ██                ██[38;2;232;240;248m██████████[38;2;152;152;184m████[38;2;248;248;248m████[38;2;152;152;184m██[38;2;0;0;0m██            
[38;2;0;0;0m                      ██[38;2;248;248;248m██[38;2;0;0;0m██            ██[38;2;232;240;248m████████████████[38;2;152;152;184m██[38;2;232;240;248m██[38;2;248;248;248m██[38;2;0;0;0m██            
[38;2;0;0;0m                    ██[38;2;248;248;248m████[38;2;0;0;0m██            ██[38;2;232;240;248m██████████████████[38;2;192;192;208m██[38;2;232;240;248m██[38;2;0;0;0m██            
[38;2;0;0;0m                  ██[38;2;64;64;64m██[38;2;248;248;248m██[38;2;232;240;248m████[38;2;0;0;0m██            ██[38;2;232;240;248m████[38;2;152;152;184m████████[38;2;232;240;248m████████[38;2;0;0;0m██            
[38;2;0;0;0m              ████[38;2;232;240;248m██████████[38;2;64;64;64m██[38;2;0;0;0m██            ██[38;2;192;192;208m██████████[38;2;152;152;184m████[38;2;232;240;248m██████[38;2;0;0;0m██          
[38;2;0;0;0m            ██[38;2;248;248;248m██████[38;2;232;240;248m████████████[38;2;0;0;0m██          ██[38;2;192;192;208m████████████████[38;2;232;240;248m████[38;2;0;0;0m██          
[38;2;0;0;0m          ██[38;2;248;248;248m██████████[38;2;232;240;248m████████████[38;2;0;0;0m██        ██[38;2;192;192;208m████[38;2;0;0;0m██████████[38;2;192;192;208m██[38;2;152;152;184m██[38;2;232;240;248m████[38;2;0;0;0m██        
[38;2;0;0;0m          ██[38;2;232;240;248m██[38;2;248;248;248m██████[38;2;232;240;248m██████████████[38;2;0;0;0m██          ████          ██[38;2;192;192;208m██[38;2;232;240;248m██████[38;2;0;0;0m██      
[38;2;0;0;0m        ██[38;2;232;240;248m██████████████████████████[38;2;0;0;0m██                        ██[38;2;232;240;248m██████[38;2;0;0;0m██      
[38;2;0;0;0m        ██[38;2;232;240;248m████████████[38;2;80;88;104m██[38;2;64;64;64m██[38;2;232;240;248m██████████[38;2;0;0;0m██                        ██[38;2;232;240;248m████████[38;2;0;0;0m██    
[38;2;0;0;0m        ██[38;2;232;240;248m██████████[38;2;80;88;104m██[38;2;248;248;248m██[38;2;0;0;0m██[38;2;64;64;64m██[38;2;232;240;248m██████████[38;2;0;0;0m██                    ██[38;2;232;240;248m██████████[38;2;0;0;0m██    
[38;2;0;0;0m      ██[38;2;232;240;248m████████████[38;2;0;0;0m██████[38;2;64;64;64m██[38;2;232;240;248m██████████[38;2;152;152;184m██[38;2;0;0;0m██                ██[38;2;232;240;248m██████████████[38;2;0;0;0m██  
[38;2;0;0;0m    ██[38;2;232;240;248m████[38;2;64;64;64m████[38;2;232;240;248m██████[38;2;64;64;64m██[38;2;152;128;72m██[38;2;128;112;88m██[38;2;64;64;64m██[38;2;232;240;248m██████████[38;2;152;152;184m██[38;2;248;248;248m██[38;2;0;0;0m██        ██████[38;2;232;240;248m████████████████[38;2;0;0;0m██  
[38;2;0;0;0m    ██[38;2;232;240;248m██████████████████████████████████[38;2;248;248;248m████[38;2;0;0;0m████████[38;2;248;248;248m████[38;2;232;240;248m██████████████████[38;2;0;0;0m██  
[38;2;0;0;0m    ██[38;2;192;192;208m██[38;2;232;240;248m██████████████████████████████████[38;2;248;248;248m████████████████[38;2;232;240;248m████████████████[38;2;0;0;0m██  
[38;2;0;0;0m      ██[38;2;192;192;208m██[38;2;80;88;104m██████[38;2;232;240;248m██████████████████████████████[38;2;248;248;248m██████████[38;2;232;240;248m██████████████████[38;2;0;0;0m██  
[38;2;0;0;0m        ██[38;2;232;240;248m██[38;2;64;64;64m██[38;2;192;192;208m██[38;2;80;88;104m████[38;2;232;240;248m████████[38;2;80;88;104m██[38;2;232;240;248m██████████████████████████████████████████[38;2;0;0;0m██    
[38;2;0;0;0m          ██[38;2;80;88;104m██[38;2;192;192;208m██████[38;2;80;88;104m████████[38;2;232;240;248m████████████████████████████████████████████[38;2;0;0;0m██    
[38;2;0;0;0m            ██[38;2;64;64;64m██[38;2;192;192;208m████[38;2;80;88;104m██[38;2;248;248;248m██[38;2;64;64;64m██[38;2;232;240;248m████████████████████[38;2;80;88;104m██[38;2;232;240;248m██████████████████████[38;2;0;0;0m██      
[38;2;0;0;0m            ██[38;2;232;240;248m██[38;2;64;64;64m██[38;2;192;192;208m████[38;2;64;64;64m██[38;2;192;192;208m██████[38;2;232;240;248m██████████████████[38;2;80;88;104m██[38;2;232;240;248m████████████████████[38;2;0;0;0m██      
[38;2;0;0;0m          ██[38;2;232;240;248m██[38;2;152;152;184m██[38;2;64;64;64m██[38;2;192;192;208m██████████████[38;2;232;240;248m██[38;2;192;192;208m██[38;2;232;240;248m██[38;2;80;88;104m██[38;2;232;240;248m████[38;2;152;152;184m██[38;2;232;240;248m████[38;2;80;88;104m████[38;2;232;240;248m████████████[38;2;192;192;208m██[38;2;0;0;0m██        
[38;2;0;0;0m        ██[38;2;232;240;248m██[38;2;152;152;184m██[38;2;192;192;208m████[38;2;64;64;64m██[38;2;192;192;208m██████████[38;2;232;240;248m██[38;2;192;192;208m██[38;2;232;240;248m██[38;2;192;192;208m████[38;2;80;88;104m██[38;2;232;240;248m████[38;2;152;152;184m██[38;2;232;240;248m████[38;2;152;152;184m██[38;2;80;88;104m████[38;2;232;240;248m████[38;2;192;192;208m████[38;2;0;0;0m██          
[38;2;0;0;0m    ████[38;2;232;240;248m████[38;2;192;192;208m██████[38;2;0;0;0m██[38;2;64;64;64m██[38;2;192;192;208m██████████[38;2;232;240;248m██[38;2;192;192;208m██[38;2;232;240;248m██[38;2;192;192;208m████[38;2;80;88;104m██[38;2;232;240;248m████[38;2;152;152;184m██[38;2;232;240;248m████[38;2;152;152;184m██[38;2;248;248;248m██[38;2;80;88;104m██████[38;2;0;0;0m██            
[38;2;0;0;0m  ██[38;2;232;240;248m██████[38;2;152;152;184m██[38;2;192;192;208m████[38;2;0;0;0m██  ██[38;2;192;192;208m████████████████████[38;2;80;88;104m██[38;2;232;240;248m████[38;2;192;192;208m████[38;2;232;240;248m████[38;2;192;192;208m██[38;2;248;248;248m████████[38;2;0;0;0m██          
[38;2;0;0;0m  ██[38;2;232;240;248m████[38;2;152;152;184m██[38;2;0;0;0m██████      ██[38;2;192;192;208m████████████████████[38;2;80;88;104m██[38;2;232;240;248m████[38;2;152;152;184m██[38;2;232;240;248m████████[38;2;248;248;248m██████[38;2;0;0;0m██          
[38;2;0;0;0m    ██████              ██[38;2;192;192;208m██████████████████[38;2;80;88;104m██[38;2;232;240;248m██████[38;2;152;152;184m████[38;2;232;240;248m████████[38;2;0;0;0m██            
[38;2;0;0;0m                          ████[38;2;192;192;208m████████████████[38;2;80;88;104m██[38;2;232;240;248m████████[38;2;192;192;208m██████[38;2;232;240;248m██[38;2;0;0;0m██            
[38;2;0;0;0m                              ██████[38;2;192;192;208m████████████[38;2;0;0;0m██[38;2;232;240;248m████████████████[38;2;0;0;0m██          
[38;2;0;0;0m                                    ████████████  ████[38;2;232;240;248m██████████████[38;2;0;0;0m██        
[38;2;0;0;0m                                                      ████[38;2;232;240;248m██████████[38;2;0;0;0m██        
[38;2;0;0;0m                                                          ██████████          
[38;2;0;0;0m                                                                              [0m
