
[38;2;0;0;0m                                
[38;2;0;0;0m            ████████            
[38;2;0;0;0m        ████[38;2;181;222;237m████████[38;2;0;0;0m████        
[38;2;0;0;0m      ██[38;2;181;222;237m██████[38;2;98;131;138m████[38;2;181;222;237m██████[38;2;0;0;0m██      
[38;2;0;0;0m    [38;2;8;8;0m██[38;2;135;167;137m██[38;2;181;222;237m████[38;2;107;132;139m██[38;2;96;181;202m██[38;2;99;132;139m████[38;2;90;140;146m██[38;2;173;231;245m██[38;2;181;222;237m██[38;2;0;0;0m██    
[38;2;0;0;0m    [38;2;8;8;0m██[38;2;198;247;206m██[38;2;181;222;237m██[38;2;98;131;138m██[38;2;101;157;171m██[38;2;107;132;139m██[38;2;99;132;139m██[38;2;82;181;202m██[38;2;118;170;179m██[38;2;90;140;146m██[38;2;60;74;79m██[38;2;0;0;0m██    
[38;2;0;0;0m  ██[38;2;148;189;84m██[38;2;165;206;237m██[38;2;107;132;139m██[38;2;101;157;171m██[38;2;123;156;171m████[38;2;123;158;171m██[38;2;99;134;139m██[38;2;104;126;136m██[38;2;66;66;66m██[38;2;165;206;85m██[38;2;66;66;66m██[38;2;0;0;0m██  
[38;2;0;0;0m  ██[38;2;148;189;84m██[38;2;154;195;135m██[38;2;96;181;202m██[38;2;107;132;139m██[38;2;123;156;171m████[38;2;123;158;171m████[38;2;123;156;171m██[38;2;66;66;66m██[38;2;165;206;85m██[38;2;66;66;66m██[38;2;0;0;0m██  
[38;2;0;0;0m  ██[38;2;156;206;140m██[38;2;104;137;101m██[38;2;104;176;190m██[38;2;74;148;162m██[38;2;123;158;171m████[38;2;99;132;139m████[38;2;79;129;135m██[38;2;68;68;68m██[38;2;165;206;85m██[38;2;60;69;39m██[38;2;0;0;0m██  
[38;2;0;0;0m    [38;2;0;0;24m██[38;2;104;137;101m██[38;2;104;176;190m██[38;2;165;231;245m██[38;2;99;134;139m████[38;2;82;181;202m████[38;2;90;189;202m██[38;2;68;68;68m██[38;2;165;206;85m██[38;2;8;0;16m██[38;2;0;0;0m    
[38;2;0;0;0m    ██[38;2;132;173;84m██[38;2;96;140;122m██[38;2;101;197;187m██[38;2;99;132;139m██[38;2;181;222;237m██[38;2;82;181;202m████[38;2;66;66;66m██[38;2;165;214;85m██[38;2;66;66;66m██[38;2;0;0;0m██    
[38;2;0;0;0m      ██[38;2;96;140;122m██[38;2;90;82;58m██[38;2;126;162;172m██[38;2;99;132;139m██[38;2;82;181;202m████[38;2;66;66;66m██[38;2;132;165;79m██[38;2;0;0;0m██      
[38;2;0;0;0m        ████[38;2;66;70;58m██[38;2;132;181;148m██[38;2;104;137;96m██[38;2;66;66;74m██[38;2;132;173;84m██[38;2;0;0;0m██        
[38;2;0;0;0m          ██[38;2;110;144;118m██[38;2;66;70;58m██[38;2;66;66;74m██[38;2;123;173;107m██[38;2;0;0;0m██          
[38;2;0;0;0m        [38;2;0;0;8m██[38;2;132;170;87m██[38;2;55;63;39m██[38;2;148;189;84m██[38;2;165;206;93m██[38;2;57;66;89m██[38;2;165;206;85m██[38;2;8;0;16m██[38;2;0;0;0m        
[38;2;0;0;0m      ██[38;2;132;170;87m██[38;2;66;85;47m██[38;2;8;0;16m██[38;2;148;189;84m██[38;2;111;136;91m██[38;2;165;206;93m██[38;2;60;69;39m██[38;2;165;206;85m██[38;2;0;0;0m██      
[38;2;0;0;0m      ██[38;2;132;173;84m██[38;2;0;0;0m██  ██[38;2;99;132;139m████[38;2;0;0;0m██[38;2;66;66;66m██[38;2;165;206;85m██[38;2;0;0;0m██    
[38;2;0;0;0m        ██      ████  ██[38;2;165;206;85m██[38;2;0;0;0m██    
[38;2;0;0;0m                      ██[38;2;165;206;85m██[38;2;0;0;0m██    
[38;2;0;0;0m                      ██[38;2;165;206;85m██[38;2;0;0;0m██    
[38;2;0;0;0m                        ██      
[38;2;0;0;0m                                [0m
