
[38;2;0;0;0m                                                                        
[38;2;0;0;0m                                [38;2;0;4;0m██████[38;2;0;0;0m                                  
[38;2;0;0;0m                      [38;2;0;4;0m██████████[38;2;198;198;190m██████[38;2;0;4;0m██[38;2;0;0;0m          [38;2;0;4;0m████[38;2;0;0;0m                  
[38;2;0;0;0m                [38;2;0;4;0m██████[38;2;198;198;190m██[38;2;201;198;190m████████[38;2;132;134;108m██[38;2;198;198;190m██[38;2;0;4;0m██[38;2;0;0;0m          [38;2;0;4;0m██[38;2;198;198;182m████[38;2;0;4;0m██[38;2;0;0;0m                
[38;2;0;0;0m            [38;2;0;4;0m████[38;2;206;189;182m██[38;2;103;96;91m██[38;2;198;198;190m████[38;2;201;198;190m████████[38;2;198;198;190m██[38;2;132;134;108m██[38;2;132;132;108m██[38;2;0;4;0m██[38;2;0;0;0m        [38;2;0;4;0m██[38;2;132;133;121m████[38;2;66;69;61m██[38;2;0;4;0m██[38;2;0;0;0m              
[38;2;0;0;0m          [38;2;0;4;0m██[38;2;115;94;75m██[38;2;198;198;190m██[38;2;126;99;70m████[38;2;115;94;75m██[38;2;198;198;190m██[38;2;201;198;190m████████[38;2;222;173;174m██[38;2;74;61;66m██[38;2;132;133;105m██[38;2;0;4;0m██[38;2;0;0;0m      [38;2;0;4;0m██[38;2;132;134;108m██[38;2;198;198;190m██[38;2;201;198;190m████[38;2;198;198;190m██[38;2;0;4;0m██[38;2;0;0;0m            
[38;2;0;0;0m        [38;2;0;4;0m██[38;2;156;111;68m██[38;2;115;94;75m██[38;2;198;198;190m████[38;2;126;99;70m██[38;2;198;198;190m████[38;2;201;198;190m████████[38;2;74;61;66m██[38;2;173;136;138m██[38;2;132;133;105m████[38;2;0;4;0m██[38;2;0;0;0m    [38;2;0;4;0m██[38;2;198;198;190m████[38;2;201;198;190m████[38;2;198;198;190m████[38;2;0;4;0m██[38;2;0;0;0m          
[38;2;0;0;0m      [38;2;0;4;0m██[38;2;159;113;66m██[38;2;115;94;75m██[38;2;198;198;190m████[38;2;201;198;190m████████[38;2;198;198;190m██████[38;2;0;4;0m████[38;2;206;107;118m██[38;2;132;132;105m████[38;2;0;4;0m██[38;2;0;0;0m  [38;2;0;4;0m██[38;2;132;133;105m██[38;2;201;198;190m████[38;2;198;198;190m████[38;2;115;94;75m████[38;2;206;189;182m██[38;2;0;4;0m██[38;2;0;0;0m        
[38;2;0;0;0m    [38;2;0;4;0m██[38;2;156;111;68m██[38;2;159;113;66m████[38;2;115;94;75m████[38;2;201;198;190m████████[38;2;198;198;190m██[38;2;132;134;108m██[38;2;0;4;0m██[38;2;0;0;0m    [38;2;0;4;0m██[38;2;132;132;105m████[38;2;0;4;0m██[38;2;0;0;0m  [38;2;0;4;0m██[38;2;132;133;105m██[38;2;201;198;190m████[38;2;198;198;190m██[38;2;115;94;75m██[38;2;159;113;66m████[38;2;103;96;91m██[38;2;0;4;0m██[38;2;0;0;0m        
[38;2;0;0;0m    [38;2;0;4;0m██[38;2;159;111;63m██[38;2;159;114;66m████████[38;2;115;94;75m██[38;2;198;198;190m██████[38;2;0;4;0m████[38;2;0;0;0m    [38;2;8;8;0m██[38;2;71;71;61m██[38;2;82;79;69m██[38;2;198;198;190m██[38;2;198;198;174m██[38;2;0;4;0m██[38;2;132;132;120m████[38;2;198;198;190m████████[38;2;115;94;75m████[38;2;201;198;190m████[38;2;0;4;0m██[38;2;0;0;0m      
[38;2;0;0;0m  [38;2;0;4;0m██[38;2;159;111;63m████[38;2;159;114;66m████████[38;2;115;94;75m██[38;2;198;198;190m██[38;2;0;4;0m████[38;2;0;0;0m      [38;2;0;4;0m██[38;2;135;135;121m██[38;2;198;198;182m██[38;2;198;198;190m████[38;2;132;133;116m████[38;2;198;198;182m██[38;2;66;66;58m██[38;2;198;198;190m██[38;2;159;113;66m████[38;2;198;198;190m██████[38;2;201;198;190m████[38;2;0;4;0m██[38;2;0;0;0m      
[38;2;0;0;0m  [38;2;0;4;0m██[38;2;110;86;59m██[38;2;165;123;85m██[38;2;160;111;64m████████[38;2;156;111;68m██[38;2;0;4;0m██[38;2;0;0;0m  [38;2;0;4;0m████[38;2;0;0;0m  [38;2;49;20;1m██[38;2;255;255;247m██[38;2;132;134;108m██[38;2;198;198;190m██[38;2;127;129;123m████[38;2;255;255;255m████[38;2;132;132;105m██[38;2;66;66;66m██[38;2;198;198;190m██████████[38;2;126;99;70m████[38;2;198;198;190m██[38;2;0;4;0m██[38;2;0;0;0m      
[38;2;0;0;0m    [38;2;0;12;8m██[38;2;110;86;59m██[38;2;82;82;66m██[38;2;160;111;64m████[38;2;66;66;66m██[38;2;0;4;0m██[38;2;0;0;0m      [38;2;0;4;0m████[38;2;118;98;83m████[38;2;198;198;190m████[38;2;255;255;247m██[38;2;0;4;0m██[38;2;0;0;0m██[38;2;85;85;85m██[38;2;132;132;105m██[38;2;66;66;66m██[38;2;198;198;190m██[38;2;115;94;75m████[38;2;198;198;190m██[38;2;126;99;70m████████[38;2;156;111;68m██[38;2;0;4;0m██[38;2;0;0;0m    
[38;2;0;0;0m    [38;2;0;4;0m██[38;2;111;92;75m██[38;2;82;80;69m██[38;2;115;93;72m██[38;2;115;89;73m██[38;2;0;4;0m██[38;2;0;0;0m    [38;2;0;4;0m████[38;2;0;8;0m██[38;2;165;119;77m██[38;2;123;94;67m██[38;2;211;196;192m██[38;2;255;181;199m██[38;2;156;112;68m██[38;2;82;53;26m██[38;2;255;255;231m██[38;2;255;255;255m████[38;2;137;129;113m██[38;2;198;198;190m██[38;2;66;66;66m██[38;2;160;111;64m██[38;2;159;113;66m██[38;2;115;94;75m██[38;2;159;114;66m████████[38;2;159;111;63m██[38;2;0;4;0m██[38;2;0;0;0m    
[38;2;0;0;0m      [38;2;0;4;0m██[38;2;115;93;72m██[38;2;82;80;69m██[38;2;115;89;73m████[38;2;0;4;0m██[38;2;0;0;0m      [38;2;0;8;0m██[38;2;110;82;51m██[38;2;255;247;255m██[38;2;123;94;67m██[38;2;156;112;68m████[38;2;140;120;94m████[38;2;156;111;68m████[38;2;107;94;75m████[38;2;66;66;66m██[38;2;160;111;64m██[38;2;159;113;66m████[38;2;159;114;66m████████[38;2;159;111;63m████[38;2;0;4;0m██[38;2;0;0;0m  
[38;2;0;0;0m        [38;2;0;4;0m████████[38;2;0;0;0m          [38;2;0;4;0m██[38;2;99;86;75m██[38;2;255;255;255m██████[38;2;66;66;66m████████[38;2;115;89;73m████[38;2;0;4;0m████[38;2;159;111;63m████[38;2;160;111;64m████[38;2;159;113;66m████[38;2;165;115;69m██[38;2;110;93;72m██[38;2;0;4;0m██[38;2;0;0;0m  
[38;2;0;0;0m                    [38;2;0;4;0m██████[38;2;132;132;108m██[38;2;99;86;75m████[38;2;115;94;75m████[38;2;113;93;73m████████[38;2;115;89;73m██[38;2;0;4;0m██[38;2;0;0;0m    [38;2;0;4;0m██[38;2;159;111;63m██[38;2;160;111;64m██[38;2;82;82;66m██[38;2;159;113;66m██[38;2;115;94;75m██[38;2;82;82;74m██[38;2;110;93;72m██[38;2;0;4;0m██[38;2;0;0;0m  
[38;2;0;0;0m                  [38;2;0;4;0m██[38;2;132;132;105m████[38;2;82;78;66m████[38;2;90;78;66m████[38;2;112;94;72m████[38;2;113;93;73m████[38;2;110;104;94m██[38;2;66;57;50m██[38;2;66;66;66m██[38;2;198;198;190m██[38;2;0;4;0m██[38;2;0;0;0m  [38;2;0;4;0m██[38;2;111;92;75m██[38;2;115;99;75m██[38;2;77;69;53m██[38;2;112;94;72m████[38;2;77;69;55m██[38;2;115;99;83m██[38;2;0;4;0m██[38;2;0;0;0m  
[38;2;0;0;0m                  [38;2;0;4;0m██[38;2;132;132;105m████[38;2;137;134;124m██[38;2;247;247;239m████[38;2;90;78;66m██[38;2;112;94;72m████[38;2;66;66;66m████[38;2;198;198;182m████[38;2;198;198;190m████[38;2;0;4;0m██[38;2;0;0;0m    [38;2;0;4;0m██[38;2;115;99;75m██[38;2;0;8;8m██[38;2;112;94;72m████[38;2;0;8;0m████[38;2;0;0;0m    
[38;2;0;0;0m                    [38;2;0;4;8m██[38;2;143;122;92m██[38;2;247;247;239m████[38;2;66;66;66m████████[38;2;247;247;239m████[38;2;66;66;66m██████[38;2;198;198;190m██[38;2;206;198;190m██[38;2;0;8;0m██[38;2;0;0;0m  [38;2;0;4;0m████[38;2;0;0;0m  [38;2;0;4;0m████[38;2;0;0;0m        
[38;2;0;0;0m                  [38;2;0;4;0m██[38;2;143;122;92m██[38;2;71;63;50m██[38;2;66;66;66m████[38;2;255;206;71m████[38;2;66;66;66m██[38;2;247;247;239m██[38;2;132;132;108m██[38;2;247;247;239m██[38;2;255;255;247m██[38;2;192;192;187m██[38;2;198;198;190m████[38;2;69;71;63m██[38;2;0;8;0m██[38;2;0;0;0m                    
[38;2;0;0;0m                [38;2;0;8;0m██[38;2;110;82;51m██[38;2;162;129;74m██[38;2;115;90;75m██[38;2;255;206;68m████████[38;2;255;206;71m██[38;2;66;66;66m████[38;2;143;132;84m██[38;2;255;255;247m██[38;2;192;192;187m██[38;2;214;198;182m██[38;2;74;66;58m██[38;2;159;111;63m██[38;2;0;4;0m██[38;2;0;0;0m                    
[38;2;0;0;0m                [38;2;0;8;0m██[38;2;165;119;77m██[38;2;115;90;75m██[38;2;255;206;71m██[38;2;255;206;68m████████[38;2;255;206;71m████[38;2;181;165;93m██[38;2;66;66;66m██████[38;2;74;66;58m██[38;2;121;110;99m██[38;2;159;111;63m████[38;2;0;4;0m██[38;2;0;0;0m                  
[38;2;0;0;0m                [38;2;0;4;0m██[38;2;156;111;68m██[38;2;112;93;72m██[38;2;189;165;85m██[38;2;255;206;71m████[38;2;189;162;82m██[38;2;255;206;71m████[38;2;189;162;82m██[38;2;189;156;77m██[38;2;112;90;70m██[38;2;159;113;66m████[38;2;159;114;66m████[38;2;159;113;69m██[38;2;113;93;75m██[38;2;0;4;0m██[38;2;0;0;0m                  
[38;2;0;0;0m                  [38;2;0;4;0m██[38;2;112;93;72m████[38;2;189;162;82m████████████[38;2;112;90;70m██[38;2;151;123;73m██[38;2;159;113;66m██[38;2;115;94;75m██[38;2;159;114;66m████[38;2;113;93;75m████[38;2;0;4;0m██[38;2;0;0;0m                  
[38;2;0;0;0m                    [38;2;0;4;0m██[38;2;66;65;66m██[38;2;82;82;74m██[38;2;189;165;93m██[38;2;189;162;80m██[38;2;74;74;66m██[38;2;189;165;85m████[38;2;189;165;93m██[38;2;82;82;74m██[38;2;115;93;72m████████[38;2;115;99;83m██[38;2;0;8;0m██[38;2;0;0;0m                    
[38;2;0;0;0m                      [38;2;0;4;0m██[38;2;135;123;83m██[38;2;82;82;74m██[38;2;74;74;66m████[38;2;0;4;8m██[38;2;94;84;46m██[38;2;82;82;74m██[38;2;135;123;83m██[38;2;82;80;69m████████[38;2;77;69;55m██[38;2;0;8;0m██[38;2;0;0;0m                    
[38;2;0;0;0m                    [38;2;0;4;0m██[38;2;111;92;75m██[38;2;115;89;73m████[38;2;111;92;75m██[38;2;0;4;0m██[38;2;0;0;0m  [38;2;0;4;0m██[38;2;132;133;105m████[38;2;135;132;103m████[38;2;132;133;108m████[38;2;0;4;0m██[38;2;0;0;0m                      
[38;2;0;0;0m                      [38;2;0;4;0m████████[38;2;0;0;0m      [38;2;0;4;0m████[38;2;74;66;58m██[38;2;104;99;80m██[38;2;115;93;75m████[38;2;0;4;0m██[38;2;0;0;0m                      
[38;2;0;0;0m                                        [38;2;0;4;0m██[38;2;156;103;84m██[38;2;99;74;61m██[38;2;148;107;92m██[38;2;0;4;0m██[38;2;0;0;0m                      
[38;2;0;0;0m                                          [38;2;0;4;0m██[38;2;0;8;0m████[38;2;0;0;0m                        
[38;2;0;0;0m                                                                        [0m
