
              [38;2;0;0;0m▄                           [0m
            [38;2;0;0;0m▄[48;2;72;88;104m▀[38;2;72;88;104m▀[38;2;0;0;0m[48;2;0;0;0m▀[49m ▄[48;2;136;136;128m▀[49m▄    ▄▄     ▄▄▄[48;2;152;104;56m▀[48;2;248;224;192m▀[48;2;152;104;56m▀[49m▄    [0m
           [38;2;0;0;0m▄[48;2;72;88;104m▀[38;2;72;88;104m▀[38;2;0;0;0m[48;2;0;0;0m▀[49m  [48;2;0;0;0m▀[38;2;136;136;128m[48;2;136;136;128m▀[38;2;0;0;0m[48;2;0;0;0m▀[49m  ▄[48;2;136;136;128m▀[38;2;136;136;128m[48;2;0;0;0m▀[38;2;0;0;0m[49m▀ ▄[48;2;136;136;128m▀[49m▄[48;2;248;160;144m▀[38;2;248;224;192m[48;2;248;224;192m▀[48;2;152;104;56m▀[38;2;152;104;56m[48;2;248;128;96m▀[38;2;248;224;192m▀[48;2;248;224;192m▀▀[38;2;0;0;0m[48;2;152;104;56m▀[49m▄▄  [0m
           [38;2;0;0;0m[48;2;0;0;0m▀[38;2;72;88;104m[48;2;72;88;104m▀[38;2;0;0;0m[48;2;64;64;64m▀[49m▄▄[48;2;0;0;0m▀[38;2;136;136;128m[48;2;136;136;128m▀▀[38;2;0;0;0m[48;2;64;64;64m▀[49m▄[48;2;136;136;128m▀[38;2;136;136;128m▀[48;2;0;0;0m▀[38;2;0;0;0m[49m▀ ▄[48;2;136;136;128m▀[38;2;136;136;128m▀[38;2;64;64;64m[48;2;64;64;64m▀[38;2;248;128;96m[48;2;248;128;96m▀[48;2;64;64;64m▀[38;2;64;64;64m[48;2;136;136;128m▀[48;2;64;64;64m▀[38;2;248;128;96m[48;2;248;128;96m▀▀[38;2;152;104;56m[48;2;152;104;56m▀[38;2;248;224;192m[48;2;248;128;96m▀[48;2;248;160;144m▀[38;2;152;104;56m[48;2;248;224;192m▀[38;2;0;0;0m[48;2;0;0;0m▀[49m [0m
          [38;2;0;0;0m[48;2;0;0;0m▀[38;2;72;88;104m[48;2;64;64;64m▀[38;2;64;64;64m[48;2;192;144;64m▀[38;2;192;144;64m▀▀▀[38;2;64;64;64m[48;2;64;64;64m▀[38;2;136;136;128m[48;2;136;136;128m▀[48;2;64;64;64m▀[38;2;64;64;64m[48;2;136;136;128m▀[38;2;136;136;128m▀[48;2;64;64;64m▀[38;2;0;0;0m[48;2;0;0;0m▀[49m   [48;2;0;0;0m▀[38;2;136;136;128m[48;2;136;136;128m▀[48;2;64;64;64m▀[38;2;64;64;64m▀[48;2;136;136;128m▀[38;2;136;136;128m▀[38;2;64;64;64m[48;2;64;64;64m▀[38;2;248;128;96m[48;2;248;128;96m▀▀[38;2;152;104;56m[48;2;152;104;56m▀[38;2;248;128;96m[48;2;248;128;96m▀▀▀[48;2;0;0;0m▀[38;2;0;0;0m[49m▀ [0m
         [38;2;0;0;0m[48;2;0;0;0m▀[38;2;192;144;64m[48;2;192;144;64m▀▀[48;2;112;88;72m▀▀[48;2;64;64;64m▀[38;2;64;64;64m[48;2;192;144;64m▀[38;2;192;144;64m▀[38;2;136;136;128m[48;2;64;64;64m▀[38;2;64;64;64m[48;2;136;136;128m▀[38;2;136;136;128m[48;2;64;64;64m▀[38;2;64;64;64m[48;2;192;144;64m▀[38;2;192;144;64m▀▀[38;2;0;0;0m[48;2;0;0;0m▀[49m [48;2;0;0;0m▀[38;2;136;136;128m[48;2;136;136;128m▀[48;2;64;64;64m▀[38;2;64;64;64m[48;2;136;136;128m▀[38;2;136;136;128m▀[48;2;64;64;64m▀[38;2;64;64;64m▀[38;2;248;128;96m[48;2;248;128;96m▀[48;2;152;104;56m▀[38;2;152;104;56m[48;2;248;128;96m▀[38;2;248;128;96m▀▀▀[48;2;0;0;0m▀[38;2;0;0;0m[49m▀  [0m
         [38;2;0;0;0m[48;2;0;0;0m▀[38;2;112;88;72m[48;2;224;184;152m▀[38;2;0;0;0m[48;2;0;0;0m▀[38;2;248;248;248m[48;2;248;248;248m▀[48;2;64;64;64m▀[38;2;64;64;64m[48;2;112;88;72m▀[38;2;192;144;64m[48;2;192;144;64m▀▀▀[38;2;64;64;64m▀[38;2;192;144;64m▀▀▀▀[48;2;64;64;64m▀[38;2;0;0;0m[48;2;192;144;64m▀[38;2;64;64;64m[48;2;64;64;64m▀[38;2;136;136;128m▀[38;2;64;64;64m[48;2;136;136;128m▀[38;2;136;136;128m[48;2;64;64;64m▀[38;2;64;64;64m▀[48;2;192;144;64m▀[38;2;232;168;104m[48;2;64;64;64m▀[38;2;112;88;72m[48;2;232;168;104m▀▀[38;2;248;128;96m[48;2;112;88;72m▀[48;2;248;128;96m▀[48;2;0;0;0m▀[38;2;0;0;0m[49m▀    [0m
     [38;2;0;0;0m▄▄[48;2;224;184;152m▀▀[38;2;224;184;152m▀[48;2;112;88;72m▀[38;2;112;88;72m[48;2;0;0;0m▀[38;2;192;144;64m[48;2;192;144;64m▀[38;2;64;64;64m[48;2;64;64;64m▀[38;2;248;248;248m[48;2;248;248;248m▀[38;2;112;88;72m[48;2;112;88;72m▀[38;2;192;144;64m▀[48;2;192;144;64m▀[48;2;0;0;0m▀[48;2;112;88;72m▀[48;2;248;248;248m▀[38;2;112;88;72m▀[38;2;64;64;64m[48;2;64;64;64m▀[38;2;192;144;64m[48;2;192;144;64m▀▀[38;2;64;64;64m▀[48;2;64;64;64m▀[48;2;192;144;64m▀[38;2;192;144;64m▀▀▀▀[38;2;64;64;64m[48;2;64;64;64m▀[38;2;232;168;104m[48;2;232;168;104m▀▀[38;2;0;0;0m[48;2;192;144;64m▀[49m▄     [0m
  [38;2;0;0;0m▄[48;2;224;184;152m▀▀[38;2;224;184;152m▀[48;2;0;0;0m▀▀[38;2;112;88;72m▀[38;2;0;0;0m[49m▀▀ ▀▀[38;2;64;64;64m[48;2;0;0;0m▀[38;2;112;88;72m[48;2;248;224;192m▀[38;2;248;224;192m▀[38;2;112;88;72m▀[38;2;0;0;0m[48;2;112;88;72m▀[38;2;248;248;248m[48;2;192;144;64m▀▀[38;2;64;64;64m▀[38;2;192;144;64m[48;2;64;64;64m▀[38;2;112;88;72m[48;2;248;248;248m▀[38;2;192;144;64m[48;2;0;0;0m▀[48;2;192;144;64m▀[48;2;112;88;72m▀[48;2;192;144;64m▀▀[48;2;112;88;72m▀▀[48;2;192;144;64m▀[48;2;64;64;64m▀[38;2;64;64;64m[48;2;192;144;64m▀[38;2;192;144;64m▀▀[38;2;0;0;0m[48;2;0;0;0m▀[49m     [0m
 [38;2;0;0;0m▀[38;2;224;184;152m[48;2;0;0;0m▀▀[38;2;0;0;0m[49m▀▀      ▄[48;2;248;224;192m▀[38;2;248;224;192m▀▀[48;2;112;88;72m▀[48;2;0;0;0m▀▀[38;2;112;88;72m[48;2;64;64;64m▀[38;2;192;144;64m▀[38;2;64;64;64m▀▀[38;2;248;248;248m▀[38;2;0;0;0m[48;2;248;224;192m▀[38;2;112;88;72m▀[48;2;112;88;72m▀[38;2;0;0;0m[48;2;0;0;0m▀[38;2;112;88;72m[48;2;248;248;248m▀[38;2;248;248;248m▀[48;2;192;144;64m▀[38;2;192;144;64m▀[48;2;64;64;64m▀[38;2;64;64;64m[48;2;192;144;64m▀[38;2;192;144;64m▀[48;2;0;0;0m▀[38;2;0;0;0m[49m▀     [0m
          [38;2;0;0;0m▄[48;2;248;224;192m▀[38;2;248;224;192m▀▀[48;2;0;0;0m▀[38;2;112;88;72m▀[38;2;0;0;0m[49m▀  ▀[38;2;64;64;64m[48;2;0;0;0m▀▀[48;2;64;64;64m▀[48;2;248;224;192m▀[38;2;248;224;192m▀▀[48;2;112;88;72m▀[38;2;112;88;72m[48;2;224;184;152m▀[38;2;192;144;64m[48;2;64;64;64m▀▀▀[38;2;64;64;64m[48;2;112;88;72m▀[38;2;112;88;72m▀[48;2;64;64;64m▀[38;2;192;144;64m[48;2;0;0;0m▀[38;2;0;0;0m[49m▀      [0m
         [38;2;0;0;0m[48;2;0;0;0m▀[38;2;248;224;192m[48;2;248;224;192m▀[48;2;0;0;0m▀[38;2;0;0;0m[49m▀▀       ▄[48;2;248;224;192m▀[38;2;248;224;192m▀[48;2;64;64;64m▀[38;2;112;88;72m▀[38;2;64;64;64m▀▀[48;2;0;0;0m▀▀[48;2;64;64;64m▀▀▀[48;2;0;0;0m▀[38;2;0;0;0m[49m▀       [0m
          [38;2;0;0;0m▀         ▄[48;2;248;224;192m▀[38;2;248;224;192m▀[48;2;64;64;64m▀[38;2;64;64;64m▀[48;2;224;184;152m▀[38;2;224;184;152m▀[38;2;0;0;0m[48;2;0;0;0m▀[49m  ▀▀[38;2;64;64;64m[48;2;0;0;0m▀[38;2;0;0;0m[48;2;224;184;152m▀[49m▄       [0m
                    [38;2;0;0;0m[48;2;0;0;0m▀[38;2;248;224;192m[48;2;64;64;64m▀[38;2;64;64;64m[48;2;224;184;152m▀[38;2;224;184;152m[48;2;144;136;48m▀▀[38;2;144;136;48m[48;2;224;184;152m▀[38;2;224;184;152m▀[48;2;64;64;64m▀[38;2;0;0;0m▀[49m▄[48;2;248;224;192m▀▀[38;2;224;184;152m▀[48;2;0;0;0m▀[38;2;0;0;0m[49m▀       [0m
                   [38;2;0;0;0m▀[38;2;232;232;232m[48;2;0;0;0m▀[38;2;224;184;152m▀[38;2;144;136;48m[48;2;232;232;232m▀[38;2;224;184;152m[48;2;224;184;152m▀[48;2;0;0;0m▀▀[38;2;64;64;64m[48;2;248;248;248m▀[38;2;224;184;152m[48;2;144;136;48m▀[38;2;144;136;48m[48;2;248;224;192m▀[38;2;248;224;192m▀[48;2;144;136;48m▀[38;2;144;136;48m[48;2;248;224;192m▀[38;2;248;224;192m▀[38;2;0;0;0m[48;2;0;0;0m▀[49m        [0m
                      [38;2;0;0;0m▀▀  [48;2;0;0;0m▀[38;2;144;136;48m[48;2;248;248;248m▀[38;2;248;224;192m[48;2;0;0;0m▀[38;2;0;0;0m[49m▀[38;2;144;136;48m[48;2;0;0;0m▀[38;2;248;224;192m[48;2;248;248;248m▀[38;2;0;0;0m[48;2;0;0;0m▀[49m         [0m
                           [38;2;0;0;0m▀   ▀          [0m
