
[38;2;0;0;0m                                              
[38;2;0;0;0m              ██                              
[38;2;0;0;0m            ██[38;2;216;176;120m██[38;2;0;0;0m████                          
[38;2;0;0;0m          ██[38;2;216;176;120m████[38;2;176;128;88m██[38;2;216;176;120m██[38;2;0;0;0m██      ██                
[38;2;0;0;0m        ██[38;2;176;128;88m██[38;2;216;176;120m████████[38;2;176;128;88m██[38;2;0;0;0m██████[38;2;176;128;88m██[38;2;0;0;0m██              
[38;2;0;0;0m        ██[38;2;216;176;120m████████████[38;2;64;64;64m██[38;2;216;176;120m██[38;2;176;128;88m██[38;2;216;176;120m████[38;2;0;0;0m██████        
[38;2;0;0;0m        ██[38;2;216;176;120m████[38;2;248;248;248m██[38;2;64;64;64m██[38;2;216;176;120m██[38;2;64;64;64m██[38;2;176;128;88m██[38;2;216;176;120m██████[38;2;176;128;88m████[38;2;64;64;64m██[38;2;216;176;120m██[38;2;0;0;0m████    
[38;2;0;0;0m        ██[38;2;144;96;72m██[38;2;216;176;120m██[38;2;144;96;72m██[38;2;0;0;0m██[38;2;176;128;88m██[38;2;64;64;64m██[38;2;216;176;120m████████████[38;2;64;64;64m██[38;2;216;176;120m████[38;2;0;0;0m██    
[38;2;0;0;0m      ██[38;2;144;96;72m██[38;2;216;176;120m██[38;2;144;96;72m██[38;2;176;128;88m██████[38;2;64;64;64m██[38;2;216;176;120m██████[38;2;248;248;248m██[38;2;64;64;64m██[38;2;176;128;88m██[38;2;64;64;64m██[38;2;216;176;120m██████[38;2;0;0;0m██  
[38;2;0;0;0m      ██[38;2;216;176;120m████[38;2;0;0;0m████[38;2;176;128;88m██[38;2;0;0;0m████[38;2;144;96;72m██[38;2;64;64;64m██[38;2;216;176;120m██[38;2;144;96;72m██[38;2;0;0;0m██[38;2;176;128;88m████[38;2;64;64;64m██[38;2;216;176;120m██[38;2;0;0;0m██    
[38;2;0;0;0m    ██[38;2;216;176;120m████[38;2;0;0;0m██    ██  ██[38;2;240;208;152m████[38;2;64;64;64m██[38;2;176;128;88m██████[38;2;64;64;64m██[38;2;216;176;120m██[38;2;176;128;88m████[38;2;0;0;0m██  
[38;2;0;0;0m  ██[38;2;216;176;120m██[38;2;0;0;0m████        ██[38;2;240;208;152m████[38;2;64;64;64m██[38;2;216;176;120m██[38;2;176;128;88m██[38;2;64;64;64m████[38;2;176;128;88m████████[38;2;0;0;0m██  
[38;2;0;0;0m  ████          ██[38;2;240;208;152m████[38;2;64;64;64m██[38;2;144;96;72m██[38;2;216;176;120m██[38;2;64;64;64m██[38;2;176;128;88m██████████[38;2;0;0;0m██    
[38;2;0;0;0m                ██[38;2;240;208;152m██[38;2;0;0;0m████[38;2;216;176;120m██[38;2;0;0;0m██[38;2;176;128;88m██[38;2;64;64;64m██[38;2;176;128;88m██[38;2;0;0;0m██[38;2;176;128;88m██[38;2;64;64;64m██[38;2;0;0;0m██    
[38;2;0;0;0m                  ██    ██[38;2;64;64;64m████[38;2;216;176;120m██[38;2;0;0;0m██  ██[38;2;64;64;64m██[38;2;216;176;120m██[38;2;0;0;0m██  
[38;2;0;0;0m                        ██[38;2;216;176;120m████[38;2;0;0;0m████    ██[38;2;216;176;120m██[38;2;0;0;0m██  
[38;2;0;0;0m                          ██████    ██[38;2;240;208;152m██[38;2;0;0;0m██    
[38;2;0;0;0m                                  ██[38;2;240;208;152m██[38;2;0;0;0m██[38;2;240;208;152m██[38;2;0;0;0m██  
[38;2;0;0;0m                                  ████  ████  
[38;2;0;0;0m                                              [0m
