
[38;2;0;0;0m                                                              
[38;2;0;0;0m                              [38;2;49;49;49m████████[38;2;0;0;0m                        
[38;2;0;0;0m                          [38;2;49;49;49m████[38;2;106;106;123m██[38;2;148;164;172m████[38;2;106;106;123m██[38;2;49;49;49m██████[38;2;0;0;0m                  
[38;2;0;0;0m                      [38;2;49;49;49m████[38;2;106;106;123m██[38;2;148;164;172m████████████[38;2;82;82;82m██[38;2;131;139;148m██[38;2;49;49;49m████[38;2;0;0;0m              
[38;2;0;0;0m    [38;2;49;49;49m██████████[38;2;0;0;0m      [38;2;49;49;49m██[38;2;106;106;123m██[38;2;131;139;148m████[38;2;106;106;123m████[38;2;148;164;172m██████████[38;2;106;106;123m██[38;2;131;139;148m██[38;2;82;82;82m██[38;2;49;49;49m██[38;2;0;0;0m            
[38;2;0;0;0m  [38;2;49;49;49m██[38;2;148;164;172m████████[38;2;106;106;123m██[38;2;49;49;49m██████[38;2;82;82;82m██[38;2;131;139;148m██████████[38;2;106;106;123m████[38;2;148;164;172m████[38;2;106;106;123m██████[38;2;131;139;148m██[38;2;106;106;123m██[38;2;49;49;49m██[38;2;0;0;0m          
[38;2;0;0;0m    [38;2;49;49;49m████[38;2;148;164;172m██████[38;2;131;139;148m██[38;2;82;82;82m██[38;2;148;164;172m████[38;2;82;82;82m████[38;2;131;139;148m████████[38;2;106;106;123m██████████████████[38;2;49;49;49m██[38;2;0;0;0m        
[38;2;0;0;0m        [38;2;49;49;49m████[38;2;131;139;148m██[38;2;106;106;123m██[38;2;148;164;172m██████████[38;2;82;82;82m██[38;2;106;106;123m██[38;2;131;139;148m██[38;2;106;106;123m██████████[38;2;82;82;82m████████[38;2;106;106;123m████[38;2;49;49;49m██[38;2;0;0;0m      
[38;2;0;0;0m            [38;2;49;49;49m██[38;2;106;106;123m██[38;2;82;82;82m██[38;2;148;164;172m██████████[38;2;106;106;123m██████████[38;2;82;82;82m████[38;2;139;164;205m██[38;2;172;205;255m████[38;2;139;164;205m██[38;2;82;82;82m██[38;2;106;106;123m██[38;2;49;49;49m██[38;2;0;0;0m      
[38;2;0;0;0m            [38;2;49;49;49m██[38;2;131;139;148m████[38;2;82;82;82m████[38;2;148;164;172m████[38;2;82;82;82m██[38;2;106;106;123m██████[38;2;82;82;82m████[38;2;139;164;205m██[38;2;172;205;255m████████████[38;2;82;82;82m████[38;2;49;49;49m██[38;2;0;0;0m    
[38;2;0;0;0m            [38;2;49;49;49m██[38;2;82;82;82m██[38;2;131;139;148m██████[38;2;82;82;82m████[38;2;106;106;123m██████[38;2;131;139;148m██[38;2;148;164;172m██[38;2;131;139;148m██[38;2;82;82;82m██[38;2;172;205;255m██████████████[38;2;82;82;82m██[38;2;49;49;49m██[38;2;0;0;0m    
[38;2;0;0;0m    [38;2;49;49;49m██[38;2;0;0;0m    [38;2;49;49;49m██[38;2;148;164;172m████[38;2;82;82;82m████[38;2;131;139;148m████[38;2;106;106;123m████[38;2;131;139;148m██[38;2;148;164;172m██████████[38;2;82;82;82m████[38;2;172;205;255m██████████[38;2;139;164;205m██[38;2;82;82;82m██[38;2;49;49;49m██[38;2;0;0;0m  
[38;2;0;0;0m  [38;2;49;49;49m██[38;2;255;255;255m██[38;2;49;49;49m██████[38;2;148;164;172m████████[38;2;82;82;82m██[38;2;106;106;123m████████[38;2;82;82;82m████[38;2;148;164;172m██████████[38;2;82;82;82m████[38;2;172;205;255m████[38;2;139;164;205m████[38;2;82;82;82m██[38;2;49;49;49m██[38;2;0;0;0m  
[38;2;0;0;0m  [38;2;49;49;49m██[38;2;255;255;255m████[38;2;197;205;205m██[38;2;82;82;82m████[38;2;148;164;172m██████[38;2;82;82;82m██[38;2;106;106;123m██████[38;2;49;49;49m██[38;2;255;255;255m██[38;2;139;164;205m██[38;2;82;82;82m████[38;2;148;164;172m██████████[38;2;82;82;82m██[38;2;139;164;205m████████[38;2;49;49;49m██[38;2;0;0;0m  
[38;2;0;0;0m    [38;2;49;49;49m██[38;2;255;255;255m████[38;2;82;82;82m██[38;2;131;139;148m██[38;2;106;106;123m████[38;2;82;82;82m██[38;2;106;106;123m████[38;2;82;82;82m██[38;2;106;106;123m██[38;2;255;255;255m██[38;2;82;82;82m████[38;2;172;205;255m████[38;2;82;82;82m██████[38;2;148;164;172m██████[38;2;82;82;82m██[38;2;139;164;205m████[38;2;82;82;82m██[38;2;49;49;49m██[38;2;0;0;0m  
[38;2;0;0;0m      [38;2;49;49;49m████[38;2;197;205;205m██[38;2;82;82;82m██[38;2;131;139;148m██████[38;2;106;106;123m██[38;2;82;82;82m██[38;2;255;255;255m██[38;2;82;82;82m████[38;2;255;255;255m██[38;2;197;205;205m██[38;2;82;82;82m██[38;2;172;205;255m██████[38;2;139;164;205m██[38;2;82;82;82m████[38;2;148;164;172m██[38;2;82;82;82m██[38;2;139;164;205m██[38;2;106;106;123m██[38;2;82;82;82m██[38;2;49;49;49m██[38;2;0;0;0m  
[38;2;0;0;0m          [38;2;49;49;49m████[38;2;82;82;82m████[38;2;131;139;148m██[38;2;106;106;123m██[38;2;82;82;82m██[38;2;255;255;255m████████[38;2;197;205;205m██[38;2;82;82;82m██[38;2;172;205;255m██████[38;2;139;164;205m██████[38;2;82;82;82m██[38;2;106;106;123m██[38;2;139;164;205m██[38;2;106;106;123m██[38;2;49;49;49m██[38;2;0;0;0m    
[38;2;0;0;0m            [38;2;49;49;49m██[38;2;148;164;172m████[38;2;106;106;123m████[38;2;82;82;82m████[38;2;255;255;255m████[38;2;197;205;205m██[38;2;49;49;49m██[38;2;139;164;205m██[38;2;172;205;255m████[38;2;139;164;205m████[38;2;82;82;82m██[38;2;49;49;49m████[38;2;255;255;255m██[38;2;139;164;205m██[38;2;197;205;205m██[38;2;49;49;49m██[38;2;0;0;0m    
[38;2;0;0;0m              [38;2;49;49;49m██[38;2;148;164;172m████[38;2;106;106;123m████[38;2;82;82;82m██[38;2;49;49;49m████████[38;2;82;82;82m██[38;2;106;106;123m████[38;2;139;164;205m██[38;2;106;106;123m██[38;2;49;49;49m██[38;2;0;0;0m    [38;2;49;49;49m██████[38;2;0;0;0m      
[38;2;0;0;0m              [38;2;49;49;49m██[38;2;106;106;123m██████████[38;2;49;49;49m██[38;2;0;0;0m    [38;2;49;49;49m██[38;2;82;82;82m██[38;2;106;106;123m████[38;2;139;164;205m██[38;2;106;106;123m██[38;2;49;49;49m██[38;2;0;0;0m                
[38;2;0;0;0m                [38;2;49;49;49m██[38;2;148;164;172m████[38;2;131;139;148m██[38;2;106;106;123m████[38;2;49;49;49m██[38;2;0;0;0m    [38;2;49;49;49m██[38;2;255;255;255m██[38;2;139;164;205m██[38;2;197;205;205m██[38;2;49;49;49m██[38;2;0;0;0m                  
[38;2;0;0;0m                  [38;2;49;49;49m████[38;2;131;139;148m████[38;2;106;106;123m██[38;2;49;49;49m██[38;2;0;0;0m      [38;2;49;49;49m██████[38;2;0;0;0m                    
[38;2;0;0;0m                      [38;2;49;49;49m██████[38;2;0;0;0m                                  
[38;2;0;0;0m                                                              [0m
