
[38;2;0;0;0m                                                      
[38;2;0;0;0m                          [38;2;0;4;0m██████[38;2;0;0;0m                      
[38;2;0;0;0m                      [38;2;0;4;0m████[38;2;74;86;146m██[38;2;77;89;141m████[38;2;0;4;0m████[38;2;0;0;0m                  
[38;2;0;0;0m                  [38;2;0;4;0m████[38;2;255;239;135m████[38;2;82;86;146m██[38;2;74;86;146m████[38;2;255;206;71m████[38;2;0;4;0m████[38;2;0;0;0m              
[38;2;0;0;0m              [38;2;0;4;0m████[38;2;255;239;135m██████[38;2;197;188;139m██[38;2;255;239;135m██████[38;2;189;162;82m██[38;2;255;206;71m██████[38;2;0;4;0m████[38;2;0;0;0m          
[38;2;0;0;0m            [38;2;8;8;0m██[38;2;255;231;103m██[38;2;255;239;135m██████[38;2;197;188;139m██[38;2;255;239;132m████████[38;2;255;239;135m██[38;2;189;162;85m██[38;2;255;206;71m████████[38;2;0;4;0m██[38;2;0;0;0m        
[38;2;0;0;0m          [38;2;0;4;0m██[38;2;255;231;103m██[38;2;173;157;69m██[38;2;255;239;135m██[38;2;74;86;146m██[38;2;82;86;146m██[38;2;255;239;135m██[38;2;255;239;132m████████[38;2;255;239;135m████[38;2;74;86;146m████[38;2;255;206;71m██[38;2;145;137;57m██[38;2;148;140;60m██[38;2;0;4;0m██[38;2;0;0;0m      
[38;2;0;0;0m          [38;2;0;4;0m██[38;2;255;206;68m████[38;2;77;89;144m████████[38;2;189;162;82m████████[38;2;195;166;88m██[38;2;74;86;138m██[38;2;77;89;144m████[38;2;78;88;142m██[38;2;148;140;60m██[38;2;148;139;57m██[38;2;0;4;0m██[38;2;0;0;0m      
[38;2;0;0;0m        [38;2;0;4;0m██[38;2;255;206;71m██[38;2;255;206;68m████[38;2;77;89;144m████████[38;2;255;206;71m████████[38;2;255;206;63m██[38;2;74;86;138m██[38;2;77;89;144m████[38;2;78;88;142m██[38;2;148;140;60m██[38;2;148;139;57m████[38;2;0;4;0m██[38;2;0;0;0m    
[38;2;0;0;0m        [38;2;0;4;0m██[38;2;255;206;71m████[38;2;189;162;82m██[38;2;255;206;71m██[38;2;74;86;146m██[38;2;74;86;138m██[38;2;255;206;63m██[38;2;255;206;68m████████████[38;2;74;86;138m████[38;2;101;104;69m██[38;2;145;135;73m██[38;2;145;137;57m████[38;2;0;4;0m██[38;2;0;0;0m    
[38;2;0;0;0m      [38;2;0;4;0m██[38;2;255;206;71m████[38;2;189;162;82m██[38;2;255;206;71m██████[38;2;255;206;63m██[38;2;195;166;88m██[38;2;255;206;68m████████████[38;2;151;139;87m██[38;2;189;165;61m██[38;2;189;165;77m██[38;2;101;104;69m██[38;2;145;137;57m████[38;2;0;4;0m██[38;2;0;0;0m    
[38;2;0;0;0m      [38;2;0;4;0m██[38;2;74;88;140m██[38;2;189;165;85m██[38;2;255;206;68m████████████[38;2;189;162;82m██[38;2;255;206;71m██[38;2;255;206;68m████[38;2;255;206;71m██[38;2;145;137;57m██[38;2;189;165;82m████████[38;2;101;107;61m██[38;2;145;136;65m██[38;2;111;113;99m██[38;2;0;4;0m██[38;2;0;0;0m  
[38;2;0;0;0m    [38;2;0;4;0m██[38;2;148;140;60m██[38;2;74;88;140m████[38;2;255;206;68m████████████[38;2;189;162;82m██[38;2;255;206;71m██[38;2;255;206;68m████[38;2;255;206;71m██[38;2;145;137;57m██[38;2;189;165;82m████████[38;2;189;165;69m██[38;2;145;136;65m██[38;2;111;113;99m██[38;2;0;4;0m██[38;2;0;0;0m  
[38;2;0;0;0m    [38;2;0;4;0m██[38;2;148;140;60m██[38;2;66;66;66m████[38;2;107;57;59m████[38;2;255;206;71m██████████[38;2;189;162;82m██[38;2;255;206;63m████[38;2;151;139;89m██[38;2;189;165;69m██[38;2;189;165;82m████[38;2;189;165;85m████[38;2;189;165;61m██[38;2;74;86;138m██[38;2;74;86;146m██[38;2;0;4;0m██[38;2;0;0;0m  
[38;2;0;0;0m      [38;2;0;4;0m██[38;2;66;66;66m██[38;2;192;148;69m██[38;2;107;57;59m██[38;2;115;206;251m██[38;2;66;66;66m████████[38;2;255;206;71m████[38;2;195;166;88m██[38;2;74;86;138m██[38;2;74;86;130m██[38;2;189;165;69m██[38;2;189;165;82m████[38;2;145;139;57m████[38;2;151;139;87m██[38;2;74;86;138m██[38;2;0;4;0m██[38;2;0;0;0m    
[38;2;0;0;0m    [38;2;16;12;0m██[38;2;49;57;76m██[38;2;66;82;106m██[38;2;255;165;87m██[38;2;189;61;45m██[38;2;148;231;244m██[38;2;165;222;253m████[38;2;132;41;60m██[38;2;115;206;251m██[38;2;57;70;73m████[38;2;74;53;66m████[38;2;78;88;142m████[38;2;145;137;57m████[38;2;145;139;54m████[38;2;99;96;48m██[38;2;148;140;68m██[38;2;0;4;0m██[38;2;0;0;0m    
[38;2;0;0;0m  [38;2;0;4;0m██[38;2;115;148;227m████[38;2;66;82;106m████[38;2;175;118;111m██[38;2;189;61;45m██[38;2;165;222;253m██[38;2;132;41;60m████[38;2;115;206;251m██[38;2;222;255;254m██[38;2;167;193;194m██[38;2;115;79;65m██[38;2;198;132;62m██[38;2;66;66;66m██[38;2;78;88;142m██[38;2;145;137;57m████[38;2;101;104;72m████[38;2;148;140;68m██[38;2;0;8;8m██[38;2;0;0;0m      
[38;2;0;0;0m    [38;2;0;4;0m██[38;2;115;148;227m██[38;2;107;148;235m████[38;2;66;74;90m██[38;2;255;165;87m██[38;2;181;45;45m████[38;2;132;33;52m████[38;2;115;206;251m██[38;2;173;41;53m██[38;2;107;57;59m████[38;2;90;90;66m████[38;2;145;139;54m██[38;2;101;104;72m██[38;2;144;136;56m████[38;2;0;4;0m██[38;2;0;0;0m        
[38;2;0;0;0m  [38;2;0;4;0m██[38;2;115;148;227m████[38;2;90;121;181m██[38;2;57;66;73m██[38;2;66;74;90m████[38;2;220;130;73m██[38;2;239;173;87m██[38;2;255;156;87m██[38;2;173;74;64m██[38;2;173;41;53m████[38;2;107;57;59m██[38;2;115;148;227m████[38;2;90;90;66m██[38;2;101;104;72m██[38;2;145;139;54m██[38;2;66;66;66m████[38;2;74;86;146m██[38;2;0;4;0m██[38;2;0;0;0m      
[38;2;0;0;0m    [38;2;0;4;0m████████[38;2;77;89;141m████[38;2;82;94;138m██[38;2;45;53;69m██[38;2;189;148;69m██████[38;2;68;74;92m██[38;2;115;148;227m████[38;2;66;61;66m██[38;2;86;100;146m██[38;2;66;65;66m██[38;2;0;4;0m██[38;2;77;89;141m████[38;2;74;86;146m██[38;2;0;4;0m██[38;2;0;0;0m      
[38;2;0;0;0m            [38;2;0;4;0m████[38;2;8;12;0m██[38;2;0;0;0m  [38;2;0;4;0m████[38;2;68;74;92m████[38;2;66;66;66m██[38;2;115;148;227m██[38;2;107;140;227m██[38;2;66;61;66m██[38;2;0;4;0m██[38;2;0;0;0m  [38;2;0;4;0m██████[38;2;0;0;0m        
[38;2;0;0;0m                        [38;2;0;4;0m██[38;2;74;86;146m██[38;2;82;90;130m██[38;2;55;61;87m██[38;2;0;4;0m████[38;2;0;0;0m                  
[38;2;0;0;0m                          [38;2;0;4;0m██████[38;2;0;0;0m                      
[38;2;0;0;0m                                                      [0m
