
       [38;2;0;0;0m▄                    [0m
   [38;2;0;0;0m▄[38;2;0;0;8m▄ [38;2;247;247;167m[48;2;247;247;167m▀[48;2;0;0;8m▀[38;2;0;0;0m[49m▄[48;2;247;247;167m▀[48;2;0;0;0m▀[49m                 [0m
  [38;2;0;4;16m[48;2;0;4;16m▀[38;2;63;52;18m[48;2;189;148;21m▀[38;2;66;66;66m[48;2;247;247;167m▀[38;2;247;247;167m▀[38;2;66;66;66m▀[38;2;247;247;167m▀[48;2;66;66;66m▀[38;2;66;66;66m[48;2;247;247;167m▀[38;2;0;0;0m▀▀[49m  ▄             [0m
   [38;2;0;0;0m[48;2;0;0;0m▀[38;2;255;222;39m[48;2;255;222;31m▀[48;2;255;222;39m▀[48;2;170;148;31m▀[48;2;255;222;39m▀[48;2;255;231;79m▀[38;2;247;247;167m[48;2;247;255;143m▀[38;2;66;66;66m[48;2;255;255;143m▀[38;2;0;0;0m▀[48;2;214;119;126m▀[38;2;214;107;118m[48;2;231;86;103m▀[38;2;0;0;0m[48;2;66;66;66m▀[49m▄[48;2;66;66;66m▀[38;2;214;107;118m[48;2;231;86;103m▀[38;2;0;4;8m[49m▄▄[38;2;255;148;151m[48;2;0;8;8m▀[38;2;0;0;0m[49m▀▄▄[48;2;0;0;0m▀[49m   [0m
 [38;2;0;0;0m▄[48;2;170;148;21m▀[48;2;255;222;31m▀[38;2;255;222;39m[48;2;255;222;39m▀[38;2;173;148;21m[48;2;255;222;31m▀[38;2;255;214;39m[48;2;90;45;66m▀[48;2;172;129;52m▀[38;2;214;66;70m[48;2;247;222;31m▀[38;2;195;133;61m[48;2;74;53;74m▀[38;2;66;66;66m[48;2;255;165;111m▀▀[38;2;239;66;95m[48;2;66;66;66m▀[48;2;239;66;95m▀[38;2;255;148;151m[48;2;255;148;151m▀▀[38;2;214;103;46m[48;2;214;103;46m▀▀[38;2;255;148;151m[48;2;255;148;151m▀[48;2;66;66;66m▀[38;2;74;61;66m[48;2;195;105;112m▀[38;2;66;61;58m[48;2;239;57;87m▀[38;2;66;66;66m[48;2;181;49;69m▀▀[38;2;0;16;8m[48;2;173;57;77m▀[38;2;0;0;0m[49m▄  [0m
  [38;2;255;222;39m[48;2;0;0;0m▀[38;2;0;0;0m[49m▀[38;2;0;0;24m▀[38;2;66;66;66m[48;2;16;0;0m▀[38;2;222;93;73m[48;2;172;129;52m▀[38;2;255;231;63m[48;2;255;214;39m▀[38;2;255;239;103m[48;2;255;247;159m▀[38;2;66;66;66m[48;2;255;239;103m▀[38;2;192;139;67m[48;2;255;222;39m▀[38;2;66;70;58m▀[38;2;255;165;111m[48;2;255;189;55m▀[48;2;189;140;5m▀[38;2;189;132;13m[48;2;247;247;167m▀[38;2;255;222;183m▀[38;2;247;247;167m[48;2;198;115;14m▀[38;2;198;115;14m[48;2;239;66;95m▀[38;2;239;66;95m[48;2;0;132;104m▀[48;2;239;66;95m▀[38;2;0;132;104m[48;2;0;90;72m▀[48;2;0;0;0m▀[38;2;0;33;24m[49m▀▀[38;2;0;0;0m▀[38;2;0;33;24m▀[38;2;0;0;0m▀ [0m
    [38;2;0;0;0m▀[38;2;82;74;40m[48;2;0;0;32m▀[38;2;66;66;66m[48;2;66;66;66m▀[38;2;247;247;167m[48;2;247;247;167m▀[38;2;156;134;47m[48;2;107;74;3m▀[38;2;66;66;66m[48;2;255;231;79m▀[38;2;255;222;39m[48;2;255;222;39m▀[38;2;189;140;5m[48;2;189;140;5m▀[38;2;192;162;40m[48;2;66;57;58m▀[38;2;247;247;167m[48;2;189;140;5m▀[48;2;206;115;30m▀[38;2;206;115;30m▀[38;2;239;67;95m[48;2;239;67;95m▀[38;2;0;132;104m[48;2;239;66;95m▀[38;2;44;122;92m[48;2;66;181;138m▀[38;2;66;181;138m[48;2;0;4;0m▀[49m        [0m
   [38;2;0;0;0m▄[48;2;255;222;39m▀[38;2;255;222;39m[48;2;66;66;66m▀▀[38;2;66;66;66m▀[38;2;189;140;5m[48;2;255;165;111m▀[38;2;247;247;167m[48;2;66;66;66m▀[38;2;66;66;66m[48;2;255;222;39m▀▀[38;2;255;214;31m[48;2;66;66;66m▀[38;2;189;140;5m[48;2;247;247;167m▀[38;2;247;247;167m▀[38;2;189;140;5m▀[38;2;0;132;104m[48;2;173;174;71m▀[38;2;239;86;103m[48;2;0;132;104m▀[38;2;82;173;138m[48;2;0;0;0m▀[38;2;0;0;0m[49m▀        [0m
   [38;2;0;0;0m▀[38;2;255;222;39m[48;2;0;0;0m▀[38;2;66;66;66m[49m▀[48;2;181;49;69m▀[38;2;247;247;167m▀[38;2;66;66;66m[48;2;66;66;66m▀[38;2;255;222;39m[48;2;255;222;39m▀▀[48;2;66;66;66m▀[38;2;66;66;66m▀[38;2;247;247;167m[48;2;63;113;71m▀[38;2;189;140;5m[48;2;0;132;104m▀▀[38;2;8;111;56m[48;2;239;66;95m▀[38;2;0;132;104m▀[38;2;0;0;0m[49m▀         [0m
      [38;2;0;66;56m▀[38;2;181;49;69m[48;2;0;0;0m▀[38;2;247;247;167m[48;2;0;99;80m▀[38;2;66;66;66m[48;2;66;66;66m▀[38;2;255;239;103m[48;2;255;165;111m▀[38;2;66;66;66m▀▀[38;2;0;132;104m[48;2;25;82;70m▀[38;2;239;67;95m[48;2;0;132;104m▀▀[38;2;0;132;104m[48;2;239;66;95m▀[48;2;0;0;0m▀[49m          [0m
      [38;2;0;0;0m[48;2;8;0;0m▀[38;2;214;107;118m▀[38;2;66;66;66m[48;2;0;0;0m▀[38;2;0;99;80m[49m▀[38;2;0;0;0m▀▀▀[38;2;8;0;0m▀[38;2;0;132;104m[48;2;181;53;77m▀[48;2;60;53;52m▀[38;2;0;119;88m[48;2;66;66;66m▀[38;2;0;0;0m[48;2;0;99;80m▀[49m          [0m
             [38;2;0;0;0m▀[38;2;181;49;69m[48;2;0;0;0m▀[38;2;255;148;151m▀[38;2;181;49;69m▀[38;2;82;55;56m▀[49m          [0m
                            [0m
