
[38;2;0;0;0m                                                                  
[38;2;0;0;0m                        ██████████████████                        
[38;2;0;0;0m                  ████[38;2;16;0;0m██[38;2;255;127;143m██[38;2;255;132;143m██[38;2;239;66;95m██[38;2;198;57;78m██[38;2;156;198;236m██[38;2;156;200;236m████[38;2;156;198;236m████[38;2;0;0;0m████                    
[38;2;0;0;0m              ████[38;2;255;132;143m████[38;2;255;127;143m██[38;2;175;85;95m██[38;2;239;66;95m████[38;2;198;57;78m████[38;2;156;200;236m████[38;2;156;198;236m██[38;2;74;115;154m██████[38;2;0;0;0m██                  
[38;2;0;0;0m          ████[38;2;33;90;113m████[38;2;247;99;119m████[38;2;239;67;95m████████[38;2;198;57;78m████[38;2;156;198;236m██[38;2;74;115;154m████[38;2;156;198;236m██[38;2;156;214;252m██[38;2;104;145;171m██[38;2;0;0;0m██                  
[38;2;0;0;0m        ██[38;2;255;255;255m████[38;2;239;247;255m████[38;2;33;90;113m████[38;2;239;67;95m████████[38;2;198;57;78m██[38;2;156;198;236m██████████[38;2;104;145;171m██[38;2;0;8;8m██[38;2;0;0;0m                    
[38;2;0;0;0m      ██[38;2;255;255;255m████[38;2;214;239;254m██████████[38;2;57;74;97m██[38;2;156;140;160m██[38;2;239;66;95m██[38;2;181;49;69m██[38;2;156;200;236m████[38;2;156;198;236m██[38;2;74;115;154m██[38;2;82;113;141m████[38;2;0;8;8m████[38;2;0;0;0m██                  
[38;2;0;0;0m    ██[38;2;255;255;255m████[38;2;214;239;254m████████████[38;2;255;206;223m██[38;2;57;74;97m██[38;2;239;66;95m██[38;2;181;49;69m██[38;2;156;200;236m████[38;2;74;115;154m██[38;2;156;198;236m██[38;2;148;198;244m██[38;2;49;70;89m██[38;2;85;37;45m██[38;2;170;65;82m██[38;2;0;99;80m██[38;2;0;0;0m████              
[38;2;0;0;0m    ██[38;2;33;90;113m██████[38;2;214;247;254m██[38;2;239;247;255m██[38;2;66;66;66m██[38;2;82;85;82m████[38;2;214;247;254m██[38;2;49;82;97m██[38;2;181;49;69m██[38;2;156;198;236m██[38;2;156;200;236m████[38;2;156;198;236m████[38;2;107;156;195m██[38;2;66;66;66m██[38;2;181;49;69m██[38;2;66;66;66m██[38;2;181;45;69m██[38;2;0;90;72m██[38;2;0;66;56m████[38;2;0;0;0m            
[38;2;0;0;0m  ██[38;2;214;239;254m██████[38;2;154;195;207m██[38;2;33;90;113m██[38;2;66;66;66m██[38;2;239;247;255m██[38;2;0;0;0m██[38;2;247;255;247m██[38;2;49;82;97m██[38;2;159;192;202m██[38;2;156;198;236m████[38;2;156;200;236m████[38;2;156;198;236m██[38;2;106;156;194m██[38;2;66;66;66m████[38;2;181;49;69m████[38;2;60;75;71m████[38;2;181;49;69m██[38;2;0;66;56m██[38;2;0;0;0m██          
[38;2;0;0;0m  ██[38;2;181;222;245m██[38;2;214;239;254m██[38;2;156;198;236m██[38;2;156;200;236m████[38;2;66;66;74m██[38;2;239;255;255m██[38;2;0;0;0m██[38;2;247;255;247m██[38;2;66;66;66m██[38;2;156;198;236m██[38;2;156;200;236m████████[38;2;156;214;252m██[38;2;104;145;171m██[38;2;71;44;47m██[38;2;214;115;126m██[38;2;66;66;66m████[38;2;214;107;118m████[38;2;66;66;66m██[38;2;181;49;69m██[38;2;0;33;24m████[38;2;0;0;0m        
[38;2;0;0;0m  ██[38;2;181;222;245m██[38;2;156;198;236m████[38;2;156;200;236m████[38;2;181;192;195m██[38;2;66;66;74m██[38;2;82;85;82m████[38;2;156;198;236m████[38;2;156;200;236m████████[38;2;104;145;171m██[38;2;0;8;8m██████[38;2;66;66;66m██[38;2;214;107;118m████[38;2;66;66;66m██████[38;2;181;49;69m██[38;2;0;33;24m██[38;2;0;0;0m        
[38;2;0;0;0m  ██[38;2;156;198;236m██[38;2;74;115;154m██[38;2;156;198;236m██[38;2;156;200;236m████[38;2;156;198;236m██████[38;2;74;115;154m██[38;2;156;197;236m████[38;2;156;200;236m████[38;2;156;214;252m██[38;2;104;145;171m██[38;2;0;0;0m██      [38;2;0;4;8m██[38;2;82;55;56m██[38;2;66;57;58m██[38;2;160;92;96m██[38;2;181;49;69m████[38;2;66;66;66m██[38;2;239;66;95m██[38;2;0;0;0m██      
[38;2;0;0;0m    ██[38;2;156;198;236m██[38;2;74;115;154m██[38;2;156;200;236m████[38;2;66;66;66m██[38;2;156;198;236m██[38;2;74;115;154m██[38;2;156;198;236m██[38;2;255;255;255m██[38;2;156;197;236m██[38;2;156;200;236m████[38;2;104;145;171m██[38;2;0;8;8m██[38;2;0;0;0m        [38;2;0;4;8m██[38;2;247;156;151m██[38;2;255;127;135m██[38;2;66;57;58m██[38;2;66;66;66m██[38;2;181;49;69m██[38;2;66;66;66m██[38;2;239;66;95m██[38;2;0;0;0m██      
[38;2;0;0;0m      ████[38;2;156;198;236m██[38;2;107;61;67m██[38;2;181;49;69m██[38;2;66;66;66m████[38;2;156;198;236m██[38;2;156;200;236m████[38;2;148;198;244m██[38;2;118;154;187m██[38;2;57;66;73m██[38;2;118;154;187m██[38;2;0;0;0m██  [38;2;0;4;8m████[38;2;181;49;69m██[38;2;66;66;66m██[38;2;255;148;151m██████[38;2;66;66;66m██[38;2;239;66;95m██[38;2;0;132;104m████[38;2;0;0;0m██    
[38;2;0;0;0m        ██[38;2;107;61;67m████[38;2;181;49;69m████[38;2;66;66;66m██[38;2;156;198;236m██[38;2;156;200;236m████[38;2;118;154;187m██[38;2;57;66;73m██[38;2;118;154;187m██[38;2;148;198;244m██[38;2;156;198;236m██[38;2;0;0;0m██[38;2;82;55;56m██[38;2;247;156;151m██[38;2;66;66;66m██[38;2;181;49;69m██[38;2;66;66;66m██[38;2;255;148;151m████[38;2;66;66;66m██[38;2;239;66;95m██[38;2;0;132;104m████[38;2;0;0;0m██    
[38;2;0;0;0m        ██[38;2;107;156;195m██[38;2;66;66;66m██[38;2;107;60;67m████████[38;2;107;156;195m████[38;2;57;71;84m██[38;2;107;139;168m██[38;2;156;198;236m████[38;2;66;66;66m████[38;2;66;57;58m██[38;2;255;127;135m██[38;2;255;148;151m██[38;2;66;66;66m██[38;2;181;49;69m██[38;2;66;66;66m██[38;2;80;97;88m██[38;2;239;61;87m██[38;2;239;66;95m██[38;2;0;132;104m████[38;2;0;0;0m██    
[38;2;0;0;0m      ██[38;2;181;198;221m██[38;2;66;66;66m██[38;2;107;156;195m██[38;2;107;60;67m██[38;2;107;156;195m██[38;2;107;60;67m██[38;2;107;156;195m██[38;2;0;0;0m████[38;2;8;4;0m██[38;2;156;206;252m██[38;2;156;198;236m██[38;2;66;66;66m██[38;2;255;255;255m██[38;2;66;66;66m██[38;2;160;92;96m██[38;2;66;57;58m██[38;2;255;148;151m████[38;2;66;66;66m████[38;2;239;61;87m██[38;2;0;115;88m██[38;2;0;132;104m██[38;2;239;66;95m██[38;2;0;132;104m██[38;2;0;0;0m██    
[38;2;0;0;0m      ██[38;2;181;198;221m██[38;2;66;66;66m████[38;2;107;156;195m██████[38;2;0;0;0m██  ██[38;2;247;255;255m██[38;2;49;66;81m██[38;2;41;66;81m██[38;2;136;160;168m██[38;2;255;255;255m████[38;2;66;66;66m████[38;2;255;127;135m██[38;2;74;61;66m██[38;2;239;66;95m████[38;2;0;132;104m████████[38;2;82;176;138m████[38;2;0;0;0m██  
[38;2;0;0;0m      ██[38;2;181;198;221m██████[38;2;0;0;0m██████    ██[38;2;148;160;168m██[38;2;247;255;255m██[38;2;136;160;168m██[38;2;231;255;255m██[38;2;107;156;195m██[38;2;255;255;255m██[38;2;66;66;66m██[38;2;0;132;104m██[38;2;74;61;66m██[38;2;195;105;112m██[38;2;239;66;95m██[38;2;0;132;104m████████[38;2;82;173;138m██[38;2;82;176;138m████[38;2;0;0;0m██  
[38;2;0;0;0m        ██[38;2;181;198;221m██[38;2;0;0;0m██          ██[38;2;148;160;168m██[38;2;247;255;255m██[38;2;107;156;195m██[38;2;255;255;255m██[38;2;148;160;164m██[38;2;239;255;255m██[38;2;239;66;95m██[38;2;0;132;104m████[38;2;66;66;66m██[38;2;0;107;80m██[38;2;239;53;87m██[38;2;66;66;66m████[38;2;57;66;65m██[38;2;49;173;137m██[38;2;82;173;138m██[38;2;0;0;0m██    
[38;2;0;0;0m          ██          ██[38;2;0;99;80m██[38;2;49;66;81m██[38;2;247;255;255m██[38;2;107;156;195m██[38;2;255;255;255m██[38;2;57;66;73m████[38;2;239;66;95m████[38;2;0;132;104m██[38;2;66;66;66m██[38;2;80;89;82m████[38;2;0;132;104m████[38;2;52;137;113m██[38;2;57;66;65m██[38;2;82;173;138m██[38;2;0;0;0m██    
[38;2;0;0;0m                      ██[38;2;181;49;69m██[38;2;66;66;66m████[38;2;148;160;164m██[38;2;239;255;255m██[38;2;66;66;66m██[38;2;0;132;104m██[38;2;239;66;95m████[38;2;0;132;104m██[38;2;66;66;66m██[38;2;239;66;95m████████[38;2;0;132;104m████[38;2;0;0;0m██      
[38;2;0;0;0m                      ██[38;2;181;49;69m████[38;2;66;66;66m██[38;2;57;66;73m████[38;2;0;132;104m████[38;2;239;66;95m██[38;2;0;132;104m██[38;2;66;66;66m██[38;2;0;132;104m████████[38;2;239;66;95m████[38;2;0;132;104m██[38;2;0;0;0m██      
[38;2;0;0;0m                      ██[38;2;0;99;80m██[38;2;181;45;69m██[38;2;60;78;76m██[38;2;0;123;96m██[38;2;239;57;87m██[38;2;239;66;95m████[38;2;239;53;87m██[38;2;80;89;82m██[38;2;0;132;104m██[38;2;239;66;95m██[38;2;239;67;95m████[38;2;0;132;104m████████[38;2;0;0;0m██      
[38;2;0;0;0m                        ██[38;2;0;94;80m████[38;2;80;101;93m██[38;2;0;123;96m██[38;2;0;132;104m████[38;2;0;107;80m██[38;2;80;89;82m██[38;2;239;66;95m████[38;2;239;67;95m████[38;2;239;66;95m██[38;2;0;132;104m████[38;2;0;0;0m██        
[38;2;0;0;0m                          [38;2;0;49;40m████[38;2;0;99;80m██[38;2;66;66;66m██[38;2;80;78;77m██[38;2;239;61;87m██[38;2;239;66;95m████[38;2;25;82;70m██[38;2;33;123;105m██[38;2;0;132;104m████[38;2;239;66;95m████[38;2;0;140;112m██[38;2;0;0;0m██        
[38;2;0;0;0m                        ██[38;2;214;107;118m██[38;2;71;68;66m██[38;2;66;66;66m██[38;2;0;99;80m██[38;2;0;86;72m██[38;2;80;78;77m██[38;2;0;0;0m████[38;2;8;0;0m████[38;2;0;132;104m████████[38;2;0;93;75m██[38;2;0;0;0m██        
[38;2;0;0;0m                      ██[38;2;214;107;118m██[38;2;71;44;47m██[38;2;214;115;126m████[38;2;71;44;47m██[38;2;0;99;80m██[38;2;0;0;0m██        [38;2;0;20;16m██[38;2;85;45;50m██[38;2;60;75;71m██[38;2;0;90;72m██[38;2;33;82;73m██[38;2;0;0;0m██        
[38;2;0;0;0m                        ██[38;2;0;8;8m████████[38;2;0;0;0m██        ██[38;2;170;69;85m██[38;2;85;45;50m██[38;2;181;45;69m██[38;2;60;75;71m██[38;2;33;82;73m██[38;2;0;0;0m██        
[38;2;0;0;0m                                          ██[38;2;255;148;151m████[38;2;85;55;56m██[38;2;255;140;151m██[38;2;90;45;58m██[38;2;255;148;151m██[38;2;0;0;0m██        
[38;2;0;0;0m                                          ████[38;2;0;8;8m██[38;2;255;148;151m██[38;2;255;140;151m██[38;2;145;77;89m██[38;2;255;148;151m██[38;2;0;0;0m██        
[38;2;0;0;0m                                                ████████          
[38;2;0;0;0m                                                                  [0m
