
         [38;2;0;0;0m▄▄             [0m
         [38;2;0;0;0m[48;2;0;0;0m▀[38;2;184;184;184m[48;2;184;184;184m▀[38;2;0;0;0m[48;2;0;0;0m▀[49m      [48;2;248;248;248m▀[49m▄    [0m
    [38;2;0;0;0m▄▄[48;2;120;168;248m▀[48;2;0;0;0m▀[49m [48;2;0;0;0m▀[38;2;184;184;184m[48;2;128;128;112m▀[48;2;184;184;184m▀[38;2;0;0;0m[48;2;0;0;0m▀[49m▄▄  [48;2;0;0;0m▀[38;2;248;248;248m[48;2;248;248;248m▀▀[38;2;0;0;0m[48;2;0;0;0m▀[49m   [0m
   [38;2;0;0;0m[48;2;0;0;0m▀[38;2;248;248;248m[48;2;72;128;200m▀[38;2;72;128;200m[48;2;64;88;168m▀[38;2;0;0;0m[48;2;0;0;0m▀[49m  ▄[48;2;248;248;248m▀[48;2;184;184;184m▀[38;2;120;168;248m[48;2;72;128;200m▀[48;2;120;168;248m▀▀[38;2;0;0;0m▀[48;2;64;64;64m▀[38;2;248;248;248m[48;2;248;248;248m▀▀[38;2;184;184;184m[48;2;128;128;112m▀[38;2;0;0;0m[48;2;248;248;248m▀[48;2;0;0;0m▀[49m  [0m
 [38;2;0;0;0m▄[48;2;248;248;248m▀[38;2;64;64;64m[48;2;72;128;200m▀[48;2;0;0;0m▀[38;2;0;0;0m[49m▀    [48;2;0;0;0m▀[38;2;248;248;248m[48;2;72;128;200m▀[38;2;120;168;248m[48;2;120;168;248m▀[48;2;248;248;248m▀[38;2;0;0;0m[48;2;0;0;0m▀[38;2;64;64;64m[48;2;64;64;64m▀[38;2;248;248;248m[48;2;248;248;248m▀▀[38;2;184;184;184m▀[38;2;248;248;248m▀[38;2;0;0;0m[48;2;0;0;0m▀[49m   [0m
 [38;2;0;0;0m▀[38;2;72;128;200m[48;2;0;0;0m▀[38;2;64;88;168m[48;2;64;64;64m▀[38;2;0;0;0m[48;2;0;0;0m▀[49m    [48;2;0;0;0m▀[38;2;120;168;248m[48;2;120;168;248m▀▀▀[38;2;0;0;0m▀[38;2;152;64;80m▀[38;2;72;128;200m[48;2;72;128;200m▀[38;2;64;64;64m[48;2;64;64;64m▀[38;2;248;248;248m[48;2;0;0;0m▀[38;2;184;184;184m▀[38;2;0;0;0m[49m▀    [0m
  [38;2;0;0;0m[48;2;0;0;0m▀[38;2;120;168;248m[48;2;72;128;200m▀[48;2;120;168;248m▀[38;2;0;0;0m▀[49m▄▄  ▀[38;2;120;168;248m[48;2;0;0;0m▀[48;2;64;64;64m▀▀[38;2;64;64;64m[48;2;184;184;184m▀[38;2;72;128;200m[48;2;72;128;200m▀[38;2;0;0;0m[48;2;0;0;0m▀[49m▄▄     [0m
   [38;2;0;0;0m▀[38;2;248;248;248m[48;2;0;0;0m▀[38;2;72;128;200m[48;2;184;184;184m▀▀[48;2;72;128;200m▀[38;2;0;0;0m▀▀▀[38;2;72;128;200m[48;2;64;64;64m▀[38;2;64;64;64m[48;2;248;248;248m▀[38;2;248;248;248m▀[38;2;184;184;184m[48;2;72;128;200m▀[38;2;64;64;64m[48;2;64;64;64m▀[38;2;72;128;200m[48;2;72;128;200m▀▀▀[38;2;0;0;0m▀▀[49m▄  [0m
     [38;2;0;0;0m▀▀[38;2;184;184;184m[48;2;0;0;0m▀▀▀[38;2;64;64;64m[48;2;248;248;248m▀[38;2;248;248;248m▀▀[38;2;184;184;184m[48;2;72;128;200m▀[38;2;64;64;64m[48;2;64;64;64m▀[38;2;72;128;200m[48;2;72;128;200m▀▀▀[48;2;64;88;168m▀[48;2;72;128;200m▀▀▀[38;2;0;0;0m[48;2;0;0;0m▀[49m [0m
         [38;2;0;0;0m[48;2;0;0;0m▀[38;2;248;248;248m[48;2;184;184;184m▀[48;2;248;248;248m▀▀[38;2;72;128;200m[48;2;184;184;184m▀[48;2;72;128;200m▀[38;2;64;64;64m▀[38;2;64;88;168m▀▀[38;2;72;128;200m▀▀[48;2;184;184;184m▀[48;2;0;0;0m▀[38;2;0;0;0m[49m▀ [0m
          [38;2;0;0;0m▀[38;2;184;184;184m[48;2;0;0;0m▀▀[48;2;184;184;184m▀▀[38;2;72;128;200m▀▀▀[38;2;184;184;184m[48;2;0;0;0m▀▀[38;2;0;0;0m[49m▀   [0m
             [38;2;0;0;0m▀▀▀▀▀      [0m
