
          [38;2;49;49;49m▄▄                      [0m
       [38;2;49;49;49m▄[48;2;123;148;65m▀▀[38;2;123;148;65m[48;2;49;49;49m▀[38;2;49;49;49m[49m▀ ▄▄[48;2;213;65;90m▀[48;2;49;49;49m▀[49m▄▄▄              [0m
    [38;2;49;49;49m▄ ▄[48;2;123;148;65m▀[38;2;123;148;65m▀[48;2;82;82;82m▀[38;2;82;82;82m[48;2;213;65;90m▀[38;2;49;49;49m▀▀[38;2;213;65;90m[48;2;82;82;82m▀▀[38;2;82;82;82m[48;2;123;148;65m▀[38;2;123;148;65m▀▀[48;2;49;49;49m▀[38;2;49;49;49m[49m▀              [0m
   [38;2;49;49;49m[48;2;49;49;49m▀[38;2;172;57;82m[48;2;172;57;82m▀[38;2;49;49;49m▀[48;2;49;49;49m▀[38;2;123;148;65m[48;2;123;148;65m▀[38;2;82;82;82m[48;2;82;82;82m▀[38;2;213;65;90m[48;2;213;65;90m▀[48;2;82;82;82m▀[38;2;82;82;82m[48;2;123;148;65m▀▀[38;2;123;148;65m[48;2;82;82;82m▀▀▀[38;2;82;82;82m[48;2;213;65;90m▀▀[38;2;49;49;49m▀[49m▄              [0m
   [38;2;49;49;49m▀[38;2;172;57;82m[48;2;49;49;49m▀[48;2;172;57;82m▀[38;2;82;82;82m[48;2;82;82;82m▀[38;2;123;148;65m[48;2;213;65;90m▀[38;2;213;65;90m▀[48;2;82;82;82m▀[38;2;82;82;82m[48;2;123;148;65m▀[38;2;123;148;65m[48;2;82;82;82m▀[38;2;82;82;82m[48;2;213;65;90m▀▀[38;2;213;65;90m▀▀▀[48;2;49;49;49m▀[38;2;49;49;49m[49m▀               [0m
     [38;2;49;49;49m[48;2;49;49;49m▀[38;2;213;65;90m[48;2;213;65;90m▀[48;2;172;57;82m▀[38;2;172;57;82m[48;2;213;65;90m▀[38;2;82;82;82m[48;2;139;82;65m▀▀[38;2;213;65;90m▀[48;2;213;65;90m▀[48;2;82;82;82m▀▀[38;2;82;82;82m[48;2;139;82;65m▀▀[38;2;49;49;49m▀[49m▄     ▄[48;2;139;82;65m▀[48;2;49;49;49m▀[49m▄[48;2;139;82;65m▀▀[48;2;49;49;49m▀[49m   [0m
 [38;2;49;49;49m▄[48;2;172;98;65m▀▀▀[38;2;213;65;90m▀▀[38;2;172;57;82m▀[38;2;139;82;65m▀[48;2;230;0;0m▀[38;2;49;49;49m▀[38;2;230;0;0m[48;2;180;131;205m▀[38;2;180;131;205m▀[38;2;139;82;65m[48;2;172;98;65m▀[48;2;139;82;65m▀[48;2;49;49;49m▀[48;2;139;82;65m▀[38;2;49;49;49m▀[49m▄▄[48;2;139;82;65m▀▀[49m▄ [48;2;49;49;49m▀[38;2;139;82;65m[48;2;82;82;82m▀[38;2;82;82;82m[48;2;139;82;65m▀[38;2;139;82;65m▀[48;2;82;82;82m▀[38;2;82;82;82m[48;2;139;82;65m▀[38;2;49;49;49m▀▀[48;2;49;49;49m▀[49m [0m
  [38;2;49;49;49m▀[38;2;82;82;82m[48;2;49;49;49m▀[38;2;139;82;65m▀[38;2;172;98;65m▀▀[38;2;49;49;49m[49m▀[38;2;180;131;205m[48;2;49;49;49m▀▀▀▀[38;2;172;98;65m[48;2;139;82;65m▀[38;2;139;82;65m▀[38;2;49;49;49m[48;2;49;49;49m▀[49m ▀▀[38;2;139;82;65m[48;2;49;49;49m▀▀[38;2;49;49;49m[49m▀▀ [48;2;49;49;49m▀[38;2;139;82;65m[48;2;139;82;65m▀▀▀[48;2;82;82;82m▀▀[48;2;49;49;49m▀[38;2;49;49;49m[49m▀▀  [0m
  [38;2;49;49;49m▀[38;2;139;82;65m[48;2;49;49;49m▀[48;2;139;82;65m▀▀[38;2;82;82;82m▀[38;2;49;49;49m▀[49m▄▄▄▄[48;2;49;49;49m▀[38;2;139;82;65m[48;2;180;131;205m▀▀[38;2;49;49;49m[48;2;82;82;82m▀[48;2;172;98;65m▀[49m▄  ▄ [48;2;49;49;49m▀[38;2;139;82;65m[48;2;180;131;205m▀▀[48;2;82;82;82m▀[48;2;49;49;49m▀▀▀▀[38;2;49;49;49m[49m▀   [0m
    [38;2;49;49;49m▀▀[38;2;139;82;65m[48;2;49;49;49m▀▀[48;2;139;82;65m▀[48;2;49;49;49m▀[48;2;139;82;65m▀[48;2;49;49;49m▀[38;2;49;49;49m[49m▀[38;2;82;82;82m[48;2;49;49;49m▀[48;2;172;98;65m▀[38;2;180;131;205m[48;2;82;82;82m▀▀[38;2;82;82;82m[48;2;172;98;65m▀[38;2;49;49;49m▀▀[38;2;172;98;65m▀[38;2;49;49;49m▀[38;2;172;98;65m▀[38;2;82;82;82m▀[38;2;49;49;49m▀▀[49m▄▄▄     [0m
        [38;2;49;49;49m▀ ▀ [48;2;49;49;49m▀[48;2;172;98;65m▀[38;2;82;82;82m▀[38;2;172;98;65m▀[48;2;139;82;65m▀[38;2;82;82;82m[48;2;180;131;205m▀▀[48;2;49;49;49m▀[38;2;49;49;49m[49m▀[38;2;139;82;65m[48;2;49;49;49m▀[38;2;172;98;65m▀[48;2;139;82;65m▀[48;2;172;98;65m▀▀[48;2;139;82;65m▀[48;2;49;49;49m▀▀[38;2;49;49;49m[49m▀    [0m
             [38;2;49;49;49m▀▀▀▀[38;2;172;98;65m[48;2;49;49;49m▀[38;2;180;131;205m▀[38;2;49;49;49m[49m▀   ▀▀▀▀       [0m
                                  [0m
