
  [38;2;0;0;0m▄                                   [0m
 [38;2;0;0;0m[48;2;0;0;0m▀[38;2;248;232;176m[48;2;248;232;176m▀[38;2;0;0;0m[48;2;0;0;0m▀[49m               ▄[48;2;248;232;176m▀[48;2;0;0;0m▀[49m                [0m
  [38;2;0;0;0m[48;2;0;0;0m▀[38;2;248;232;176m[48;2;248;232;176m▀[38;2;0;0;0m[48;2;0;0;0m▀[49m             [48;2;0;0;0m▀[38;2;248;232;176m[48;2;248;232;176m▀[38;2;0;0;0m[48;2;0;0;0m▀[49m                 [0m
  [38;2;0;0;0m▀[38;2;248;232;176m[48;2;0;0;0m▀[38;2;64;64;64m[48;2;248;232;176m▀[38;2;0;0;0m[48;2;64;64;64m▀[49m▄▄   ▄▄ ▄▄▄[48;2;248;232;176m▀[38;2;248;232;176m[48;2;64;64;64m▀[38;2;64;64;64m[48;2;0;0;0m▀[38;2;0;0;0m[49m▀                 [0m
    [38;2;0;0;0m▀[38;2;248;232;176m[48;2;0;0;0m▀[38;2;216;200;160m▀[48;2;64;64;64m▀[38;2;0;0;0m[48;2;216;200;160m▀[49m▄[48;2;248;184;80m▀[38;2;248;184;80m▀[48;2;64;64;64m▀[38;2;0;0;0m[48;2;248;232;176m▀[38;2;248;232;176m[48;2;64;64;64m▀[48;2;0;0;0m▀▀[38;2;0;0;0m[49m▀▀                   [0m
       [38;2;0;0;0m[48;2;64;64;64m▀[38;2;216;200;160m▀[38;2;64;64;64m[48;2;248;184;80m▀[38;2;200;136;56m▀[38;2;64;64;64m[48;2;64;64;64m▀[38;2;248;232;176m[48;2;248;232;176m▀[38;2;64;64;64m[48;2;64;64;64m▀[38;2;248;184;80m[48;2;248;184;80m▀[38;2;0;0;0m▀[49m▄       ▄[48;2;248;184;80m▀▀[49m▄          [0m
      [38;2;0;0;0m▄[48;2;248;184;80m▀[38;2;248;184;80m▀▀▀[38;2;64;64;64m▀▀[38;2;248;184;80m▀▀▀▀[38;2;0;0;0m[48;2;0;0;0m▀[49m      [48;2;0;0;0m▀[38;2;248;184;80m[48;2;248;184;80m▀[38;2;80;128;136m[48;2;80;128;136m▀[38;2;248;184;80m▀[38;2;0;0;0m[48;2;248;184;80m▀[49m▄        [0m
     [38;2;0;0;0m▄[48;2;248;184;80m▀[38;2;248;184;80m▀▀▀▀[48;2;248;248;248m▀[38;2;144;104;48m[48;2;0;0;0m▀[48;2;248;248;248m▀[38;2;248;184;80m[48;2;144;104;48m▀[48;2;248;184;80m▀▀▀[38;2;0;0;0m[48;2;0;0;0m▀[49m    [48;2;0;0;0m▀[38;2;248;184;80m[48;2;248;184;80m▀[48;2;80;128;136m▀[38;2;80;128;136m▀[38;2;64;168;152m[48;2;64;168;152m▀[38;2;248;184;80m▀[38;2;0;0;0m[48;2;248;184;80m▀[49m▄       [0m
    [38;2;0;0;0m▄[48;2;248;208;128m▀[38;2;248;184;80m▀▀[48;2;248;184;80m▀▀▀[38;2;0;0;0m[48;2;64;64;64m▀[48;2;0;0;0m▀[38;2;248;248;248m[48;2;248;248;248m▀[38;2;144;104;48m[48;2;200;136;56m▀[38;2;248;184;80m[48;2;248;184;80m▀▀▀[38;2;0;0;0m[48;2;0;0;0m▀[49m   [48;2;0;0;0m▀[38;2;200;136;56m[48;2;200;136;56m▀[38;2;80;128;136m[48;2;80;128;136m▀[38;2;64;168;152m[48;2;64;168;152m▀[38;2;80;128;136m[48;2;80;128;136m▀[38;2;64;168;152m[48;2;0;0;0m▀▀[38;2;248;184;80m[48;2;64;168;152m▀[38;2;0;0;0m[48;2;248;184;80m▀[49m▄      [0m
   [38;2;0;0;0m[48;2;0;0;0m▀[38;2;248;208;128m[48;2;248;184;80m▀[48;2;248;208;128m▀▀▀[48;2;248;184;80m▀[38;2;248;184;80m▀▀[38;2;64;64;64m▀[38;2;184;160;128m▀[38;2;248;248;248m▀[38;2;248;184;80m▀[48;2;200;136;56m▀[48;2;248;184;80m▀▀▀[38;2;0;0;0m[48;2;64;64;64m▀[49m▄[48;2;200;136;56m▀[38;2;200;136;56m[48;2;80;128;136m▀[38;2;80;128;136m▀[38;2;64;168;152m[48;2;0;0;0m▀[38;2;0;0;0m[49m▀▀  ▀[38;2;248;184;80m[48;2;0;0;0m▀[38;2;0;0;0m[49m▀      [0m
   [38;2;0;0;0m[48;2;0;0;0m▀[38;2;248;184;80m[48;2;248;184;80m▀▀▀▀▀▀▀▀▀▀[38;2;144;104;48m[48;2;64;64;64m▀[38;2;200;136;56m[48;2;248;184;80m▀[38;2;248;184;80m▀▀▀▀[38;2;64;64;64m▀[38;2;80;128;136m[48;2;64;64;64m▀[48;2;80;128;136m▀[48;2;0;0;0m▀[38;2;0;0;0m[49m▀             [0m
    [38;2;0;0;0m▀[38;2;248;184;80m[48;2;0;0;0m▀[48;2;248;184;80m▀[38;2;144;104;48m▀[38;2;248;184;80m▀▀▀[48;2;64;64;64m▀▀[38;2;64;64;64m[48;2;248;232;176m▀[38;2;184;160;128m▀[38;2;248;184;80m[48;2;184;160;128m▀[48;2;248;184;80m▀▀▀▀▀▀[38;2;64;64;64m▀[38;2;0;0;0m▀▀[49m▄▄       ▄▄  [0m
   [38;2;0;0;0m▄[48;2;200;136;56m▀[38;2;200;136;56m▀[38;2;64;64;64m▀▀▀▀[48;2;144;104;48m▀[38;2;248;232;176m[48;2;184;160;128m▀▀▀[38;2;184;160;128m[48;2;248;232;176m▀▀[38;2;248;184;80m[48;2;184;160;128m▀[48;2;248;184;80m▀▀[48;2;64;64;64m▀▀▀[48;2;248;184;80m▀▀[38;2;248;208;128m[48;2;248;208;128m▀▀▀[38;2;0;0;0m▀[49m▄▄▄▄[48;2;200;136;56m▀▀[38;2;200;136;56m▀▀[38;2;0;0;0m[48;2;0;0;0m▀[49m [0m
   [38;2;0;0;0m▀[38;2;64;64;64m[48;2;0;0;0m▀[38;2;200;136;56m▀▀▀[38;2;0;0;0m[49m▀▀[38;2;144;104;48m[48;2;0;0;0m▀[38;2;248;232;176m[48;2;184;160;128m▀▀▀▀[38;2;184;160;128m[48;2;248;232;176m▀[38;2;248;232;176m▀[38;2;184;160;128m▀[38;2;248;184;80m[48;2;184;160;128m▀[48;2;248;184;80m▀▀[38;2;144;104;48m▀[38;2;64;64;64m[48;2;64;64;64m▀[38;2;248;184;80m[48;2;248;184;80m▀▀[38;2;248;208;128m▀▀▀[38;2;248;184;80m[48;2;200;136;56m▀[38;2;64;64;64m[48;2;64;64;64m▀[38;2;200;136;56m[48;2;200;136;56m▀▀▀▀▀[38;2;0;0;0m[48;2;0;0;0m▀[49m  [0m
         [38;2;0;0;0m▄[48;2;200;136;56m▀[38;2;248;232;176m[48;2;64;64;64m▀[48;2;248;232;176m▀▀▀▀[48;2;184;160;128m▀[38;2;184;160;128m▀[48;2;248;232;176m▀▀[38;2;248;184;80m[48;2;184;160;128m▀[48;2;144;104;48m▀[48;2;248;184;80m▀[38;2;64;64;64m▀[38;2;248;184;80m[48;2;64;64;64m▀▀[38;2;200;136;56m[48;2;248;248;248m▀[48;2;64;64;64m▀[38;2;248;248;248m▀[38;2;64;64;64m[48;2;200;136;56m▀[38;2;200;136;56m▀▀▀[48;2;0;0;0m▀[38;2;0;0;0m[49m▀   [0m
        [38;2;0;0;0m[48;2;0;0;0m▀[38;2;200;136;56m[48;2;200;136;56m▀▀[38;2;64;64;64m▀[38;2;184;160;128m[48;2;64;64;64m▀[48;2;248;232;176m▀▀▀[38;2;248;232;176m▀[48;2;184;160;128m▀▀[38;2;184;160;128m[48;2;216;200;160m▀[38;2;144;104;48m[48;2;144;104;48m▀[38;2;248;184;80m[48;2;248;208;128m▀[38;2;248;208;128m▀▀[38;2;248;184;80m▀[48;2;248;184;80m▀[38;2;64;64;64m▀[48;2;64;64;64m▀[38;2;200;136;56m[48;2;200;136;56m▀▀[48;2;0;0;0m▀▀[38;2;0;0;0m[49m▀     [0m
        [38;2;0;0;0m▀[38;2;200;136;56m[48;2;0;0;0m▀[48;2;200;136;56m▀▀▀[38;2;64;64;64m▀[38;2;184;160;128m[48;2;64;64;64m▀▀[48;2;216;200;160m▀▀[38;2;216;200;160m▀[38;2;144;104;48m[48;2;144;104;48m▀[38;2;248;184;80m[48;2;248;184;80m▀[38;2;248;208;128m▀[48;2;248;208;128m▀▀[48;2;248;184;80m▀[38;2;248;184;80m▀▀▀[38;2;64;64;64m[48;2;0;0;0m▀[38;2;0;0;0m[49m▀        [0m
          [38;2;0;0;0m▀[38;2;200;136;56m[48;2;0;0;0m▀[48;2;64;64;64m▀[48;2;200;136;56m▀▀▀[38;2;64;64;64m[48;2;0;0;0m▀[38;2;0;0;0m[49m▀▀▀[38;2;248;184;80m[48;2;0;0;0m▀[48;2;248;184;80m▀▀▀▀▀[48;2;200;136;56m▀[38;2;200;136;56m[48;2;0;0;0m▀[38;2;0;0;0m[49m▀         [0m
          [38;2;0;0;0m[48;2;0;0;0m▀[38;2;144;104;48m[48;2;208;208;208m▀[38;2;200;136;56m[48;2;200;136;56m▀[48;2;0;0;0m▀[38;2;0;0;0m[49m▀▀     ▀[38;2;64;64;64m[48;2;0;0;0m▀[38;2;200;136;56m[48;2;248;184;80m▀▀[38;2;248;184;80m▀[48;2;200;136;56m▀[38;2;0;0;0m[48;2;0;0;0m▀[49m          [0m
           [38;2;0;0;0m▀▀         [48;2;0;0;0m▀[38;2;248;248;248m[48;2;64;64;64m▀[38;2;200;136;56m[48;2;248;248;248m▀▀[38;2;248;248;248m[48;2;0;0;0m▀[38;2;0;0;0m[49m▀          [0m
                       [38;2;0;0;0m▀▀▀            [0m
