
[38;2;0;0;0m                                                                                                  
[38;2;0;0;0m                        [38;2;0;4;0m██[38;2;82;90;106m██[38;2;90;103;114m██[38;2;0;4;0m████[38;2;99;117;127m██[38;2;0;4;0m██[38;2;0;0;0m                      [38;2;0;4;0m██[38;2;0;0;0m        [38;2;0;4;0m██[38;2;0;0;0m                          
[38;2;0;0;0m                    [38;2;0;4;0m████[38;2;82;90;106m██[38;2;55;61;71m██[38;2;60;70;76m██[38;2;90;103;114m██[38;2;99;117;127m██[38;2;0;4;0m██[38;2;0;0;0m                      [38;2;0;4;0m██[38;2;78;88;106m██[38;2;0;4;0m██[38;2;0;0;0m    [38;2;0;4;0m██[38;2;78;88;106m██[38;2;0;4;0m██[38;2;0;0;0m                        
[38;2;0;0;0m                [38;2;0;4;0m████[38;2;187;108;125m██[38;2;247;132;159m██[38;2;82;90;101m████[38;2;99;118;128m████[38;2;0;4;0m██[38;2;0;0;0m                        [38;2;0;4;0m██[38;2;79;91;103m██[38;2;101;115;125m██[38;2;0;4;0m██[38;2;0;0;0m  [38;2;0;4;0m██[38;2;78;88;106m██[38;2;90;103;114m██[38;2;0;4;0m██[38;2;0;0;0m                      
[38;2;0;0;0m              [38;2;0;4;0m██[38;2;170;95;111m██[38;2;255;140;167m██[38;2;247;132;159m██[38;2;66;61;58m██[38;2;66;66;71m██[38;2;99;115;131m██[38;2;99;118;128m████[38;2;0;4;0m██[38;2;0;0;0m                        [38;2;0;4;0m██[38;2;79;91;103m██[38;2;101;115;125m██[38;2;99;117;127m██[38;2;0;4;0m██[38;2;78;88;106m████[38;2;90;103;114m██[38;2;60;70;76m██[38;2;0;4;0m██[38;2;0;0;0m                    
[38;2;0;0;0m        [38;2;0;4;0m████[38;2;0;20;16m██[38;2;198;99;110m██[38;2;198;94;110m████[38;2;66;66;66m██[38;2;198;94;110m██[38;2;181;119;137m██[38;2;107;107;115m██[38;2;107;123;139m██[38;2;0;8;0m██[38;2;0;0;0m                        [38;2;0;4;0m██[38;2;78;88;106m██[38;2;82;91;104m████[38;2;99;115;127m██[38;2;66;66;66m██[38;2;77;91;106m████[38;2;198;115;128m██[38;2;99;107;115m██[38;2;0;4;0m██[38;2;0;0;0m                    
[38;2;0;0;0m      [38;2;0;4;0m██[38;2;198;94;110m████[38;2;66;46;47m██[38;2;198;99;110m██[38;2;66;66;66m██[38;2;198;94;110m██████[38;2;255;132;159m████[38;2;71;85;93m██[38;2;0;8;0m██[38;2;0;0;0m                        [38;2;0;4;0m██[38;2;78;88;106m██[38;2;82;91;104m██[38;2;247;140;167m██[38;2;99;115;127m████[38;2;77;91;106m██[38;2;198;94;110m██[38;2;198;115;128m██[38;2;247;119;135m██[38;2;99;117;127m██[38;2;0;4;0m██[38;2;0;0;0m                  
[38;2;0;0;0m        [38;2;0;4;0m██[38;2;198;94;110m██[38;2;198;97;107m████[38;2;66;66;66m██[38;2;198;94;110m██[38;2;66;66;66m██[38;2;198;94;110m██[38;2;247;140;167m████[38;2;66;66;66m████[38;2;0;4;0m████[38;2;0;0;0m                    [38;2;0;4;0m██[38;2;78;88;106m██[38;2;198;96;107m██[38;2;247;140;167m████[38;2;98;115;125m██[38;2;82;90;106m██[38;2;197;96;109m██[38;2;247;140;167m██████[38;2;98;115;125m██[38;2;0;4;0m████[38;2;0;12;8m████[38;2;0;4;0m██████[38;2;0;0;0m    
[38;2;0;0;0m          [38;2;0;4;0m██[38;2;198;97;107m████[38;2;198;94;110m████[38;2;66;66;66m██[38;2;198;94;110m██[38;2;247;140;167m██[38;2;66;66;66m██[38;2;80;91;104m████[38;2;78;88;106m████[38;2;0;4;0m████████████████████[38;2;78;88;106m████[38;2;198;96;107m██[38;2;247;140;167m██████[38;2;197;96;109m████[38;2;247;140;167m██[38;2;66;66;66m██[38;2;247;140;167m████[38;2;99;117;127m████[38;2;119;84;95m██[38;2;239;156;183m██[38;2;247;140;167m██████[38;2;0;4;0m██[38;2;0;0;0m  
[38;2;0;0;0m            [38;2;0;4;0m████[38;2;198;94;110m████[38;2;198;97;107m████[38;2;66;66;66m██[38;2;80;91;104m██[38;2;79;91;103m████[38;2;66;66;66m██[38;2;80;91;104m██[38;2;79;91;103m██[38;2;101;115;125m██[38;2;99;118;128m████[38;2;99;115;127m██[38;2;66;66;66m██[38;2;99;118;128m████[38;2;66;66;66m██[38;2;99;115;127m██[38;2;77;91;106m██[38;2;198;94;110m██[38;2;247;140;167m██[38;2;66;66;66m████[38;2;247;140;167m██[38;2;198;96;107m██[38;2;247;140;167m██[38;2;66;66;66m██████[38;2;247;140;167m██[38;2;247;140;164m████[38;2;247;140;167m████[38;2;0;4;0m██████[38;2;0;0;0m    
[38;2;0;0;0m                [38;2;0;4;0m██[38;2;198;94;110m██[38;2;198;97;107m████[38;2;66;66;66m██[38;2;80;91;104m██[38;2;79;91;103m████[38;2;66;66;66m██[38;2;80;91;104m██[38;2;79;91;103m██[38;2;101;115;125m██[38;2;99;118;128m████[38;2;66;66;66m██[38;2;99;115;127m██[38;2;99;118;128m████[38;2;99;115;127m██[38;2;66;66;66m██[38;2;77;91;106m██[38;2;198;94;110m██[38;2;247;140;167m██[38;2;66;66;66m██████[38;2;247;140;167m████[38;2;66;66;66m████[38;2;247;140;167m████[38;2;247;140;164m████[38;2;0;4;0m████[38;2;0;0;0m          
[38;2;0;0;0m                  [38;2;0;4;0m██[38;2;198;94;110m████[38;2;99;74;91m████[38;2;71;57;66m██[38;2;99;86;99m██[38;2;79;91;103m████[38;2;99;118;128m████[38;2;99;115;127m████[38;2;66;66;66m██[38;2;99;115;127m██[38;2;99;118;128m████[38;2;90;115;122m██[38;2;101;66;75m██[38;2;187;108;125m██[38;2;247;132;159m██[38;2;66;66;66m████████[38;2;247;140;164m████[38;2;247;140;167m██████[38;2;0;4;0m██████[38;2;0;0;0m              
[38;2;0;0;0m      [38;2;0;4;0m████[38;2;0;0;0m          [38;2;0;4;0m████[38;2;99;74;91m██[38;2;239;247;71m██[38;2;16;0;0m██[38;2;99;86;99m██[38;2;79;91;103m████[38;2;99;118;128m████[38;2;99;115;127m██[38;2;66;66;66m██[38;2;99;115;127m████[38;2;132;41;60m████[38;2;107;41;51m██[38;2;90;115;122m██[38;2;66;61;58m██[38;2;247;132;159m██[38;2;66;66;66m████[38;2;247;140;167m████[38;2;247;140;164m████[38;2;0;4;0m██████[38;2;0;0;0m                    
[38;2;0;0;0m    [38;2;0;4;0m██[38;2;255;255;255m██[38;2;0;4;0m██[38;2;0;0;0m              [38;2;0;4;0m██[38;2;78;88;106m██[38;2;239;247;71m████[38;2;79;91;103m████[38;2;99;118;128m████[38;2;99;115;127m██[38;2;66;66;66m██[38;2;115;78;91m████[38;2;0;0;32m██[38;2;239;247;87m██[38;2;231;247;87m██[38;2;110;123;99m██[38;2;66;66;66m██[38;2;247;140;167m██████████[38;2;0;4;0m████[38;2;0;0;0m                          
[38;2;0;0;0m  [38;2;0;4;0m██[38;2;255;255;255m██[38;2;0;4;0m██[38;2;0;0;0m                  [38;2;0;4;0m██[38;2;80;90;104m████[38;2;79;91;103m██[38;2;101;115;125m██[38;2;99;118;128m████[38;2;66;66;66m██[38;2;99;115;127m██[38;2;239;247;71m████[38;2;239;247;87m██[38;2;119;123;59m██[38;2;110;123;99m██[38;2;49;61;105m██[38;2;247;140;167m██████[38;2;66;66;66m██[38;2;0;4;0m██[38;2;0;0;0m                                
[38;2;0;0;0m  [38;2;0;4;0m██[38;2;255;255;255m██[38;2;0;4;0m██[38;2;0;0;0m                    [38;2;0;4;0m██[38;2;78;88;106m██[38;2;79;91;103m██[38;2;101;115;125m██[38;2;99;118;128m████[38;2;101;115;125m████████[38;2;79;93;103m████[38;2;66;74;58m██[38;2;247;173;135m██[38;2;247;140;167m██[38;2;74;74;82m██[38;2;66;66;66m██[38;2;80;91;104m██[38;2;71;85;95m██[38;2;0;8;8m██[38;2;0;0;0m                              
[38;2;0;0;0m  [38;2;0;4;0m██[38;2;255;255;255m████[38;2;0;4;0m██[38;2;0;0;0m                    [38;2;0;4;0m██[38;2;79;91;103m██[38;2;101;115;125m██[38;2;99;118;128m████[38;2;79;91;103m████████[38;2;189;189;69m████[38;2;187;140;109m██[38;2;66;74;58m██[38;2;74;74;82m████[38;2;80;91;104m████[38;2;71;85;95m██[38;2;107;123;139m██[38;2;0;4;0m██[38;2;0;0;0m                            
[38;2;0;0;0m    [38;2;0;4;0m██[38;2;255;255;255m██[38;2;231;247;239m██[38;2;0;4;0m██[38;2;0;0;0m                    [38;2;0;4;0m████████[38;2;189;189;69m████████[38;2;57;70;73m████[38;2;197;96;109m████[38;2;214;148;86m██[38;2;90;74;114m██[38;2;74;82;90m████[38;2;99;118;128m████[38;2;0;4;0m██[38;2;0;0;0m                            
[38;2;0;0;0m      [38;2;0;4;0m██[38;2;231;247;239m████[38;2;0;4;0m██[38;2;0;0;0m                          [38;2;0;4;0m████████[38;2;101;80;88m██[38;2;189;99;117m██[38;2;189;189;69m████[38;2;173;123;95m████[38;2;231;247;175m██[38;2;74;82;90m██[38;2;99;118;128m████[38;2;99;117;127m██[38;2;0;4;0m██[38;2;0;0;0m                          
[38;2;0;0;0m      [38;2;0;4;0m██[38;2;222;247;230m████[38;2;198;239;222m██[38;2;0;4;0m██[38;2;0;0;0m                                [38;2;0;4;8m██[38;2;231;189;175m██[38;2;247;140;164m████[38;2;231;247;175m████[38;2;231;239;183m██[38;2;57;61;73m██[38;2;99;115;127m██[38;2;66;66;66m██[38;2;79;113;122m██[38;2;8;8;8m██[38;2;0;0;0m                          
[38;2;0;0;0m        [38;2;0;4;0m██[38;2;222;247;230m██[38;2;198;239;222m██[38;2;0;4;0m██[38;2;0;0;0m                    [38;2;0;4;0m██████[38;2;0;0;0m    [38;2;0;4;0m██[38;2;115;96;91m██[38;2;231;189;175m██[38;2;231;247;175m████[38;2;247;140;164m████[38;2;57;61;73m██[38;2;115;120;110m██[38;2;99;115;127m██[38;2;66;66;66m██[38;2;115;165;179m██[38;2;79;113;122m██[38;2;0;4;0m██[38;2;0;0;0m                        
[38;2;0;0;0m        [38;2;0;4;0m██[38;2;198;239;222m██[38;2;222;247;230m██[38;2;168;234;208m██[38;2;0;4;0m██[38;2;0;0;0m                [38;2;0;4;0m██[38;2;101;115;125m████[38;2;107;119;131m██[38;2;0;4;0m████[38;2;78;88;106m██[38;2;90;94;98m██[38;2;63;64;65m██[38;2;234;247;178m████[38;2;231;247;175m██[38;2;66;66;66m██████[38;2;102;123;123m██[38;2;66;61;66m██[38;2;90;119;130m██[38;2;109;156;157m██[38;2;0;4;0m██[38;2;0;0;0m                        
[38;2;0;0;0m        [38;2;0;4;0m██[38;2;198;239;222m██[38;2;168;234;208m██[38;2;222;247;230m██[38;2;0;4;0m██[38;2;0;0;0m              [38;2;0;4;0m██[38;2;247;140;167m██[38;2;79;91;103m████[38;2;53;61;65m██[38;2;0;4;0m██[38;2;78;88;106m████[38;2;8;4;0m██[38;2;63;64;65m██[38;2;234;247;178m████[38;2;231;247;175m██[38;2;66;66;66m██[38;2;99;115;127m████[38;2;66;61;66m██[38;2;137;185;180m██[38;2;109;156;157m██[38;2;129;194;185m██[38;2;0;4;0m██[38;2;0;0;0m                        
[38;2;0;0;0m      [38;2;0;4;0m██[38;2;173;233;213m████[38;2;173;239;213m████[38;2;0;4;0m██[38;2;0;0;0m              [38;2;0;4;0m██[38;2;247;140;167m██[38;2;82;55;61m██[38;2;247;140;167m██[38;2;0;4;0m██[38;2;0;0;0m  [38;2;8;4;0m████[38;2;0;0;0m  [38;2;0;4;0m██[38;2;231;247;175m████[38;2;66;66;66m██[38;2;247;140;167m██[38;2;66;66;66m████[38;2;93;159;163m████[38;2;132;189;188m██[38;2;107;149;150m██[38;2;140;189;180m██[38;2;0;4;0m██[38;2;0;0;0m                      
[38;2;0;0;0m    [38;2;0;4;0m██[38;2;173;239;213m██[38;2;173;233;213m██[38;2;140;189;180m██[38;2;173;239;213m██[38;2;0;4;0m██[38;2;0;0;0m                  [38;2;0;4;0m██[38;2;0;12;8m██[38;2;247;140;167m██[38;2;66;65;66m██[38;2;0;4;0m██[38;2;107;155;163m██[38;2;57;80;81m██[38;2;0;4;0m██[38;2;140;189;180m████[38;2;231;247;175m██[38;2;66;66;66m██[38;2;247;140;167m██[38;2;66;66;66m██[38;2;247;140;167m██[38;2;66;66;66m██[38;2;93;159;163m██[38;2;57;70;73m██[38;2;132;189;188m██[38;2;140;189;180m████[38;2;0;4;0m██[38;2;0;0;0m                    
[38;2;0;0;0m    [38;2;0;4;0m██[38;2;148;214;196m██[38;2;140;189;180m██[38;2;173;233;213m██[38;2;148;206;188m██[38;2;0;4;0m██[38;2;0;0;0m                      [38;2;0;4;0m██[38;2;93;156;165m██[38;2;80;90;104m██[38;2;93;156;165m██[38;2;80;90;104m██[38;2;140;189;180m██████████[38;2;66;66;66m██[38;2;57;74;73m██[38;2;222;173;182m██[38;2;66;66;66m████[38;2;140;189;180m██[38;2;66;66;66m██[38;2;52;66;60m██[38;2;140;189;180m██[38;2;0;4;0m██[38;2;0;0;0m                    
[38;2;0;0;0m  [38;2;0;4;0m██[38;2;99;144;131m██[38;2;148;214;196m██[38;2;173;233;213m██[38;2;140;189;180m██[38;2;148;206;188m████[38;2;0;4;0m██[38;2;0;0;0m                    [38;2;0;4;0m██[38;2;93;156;165m██[38;2;80;90;104m██[38;2;93;156;165m████[38;2;140;189;180m██[38;2;79;90;103m████[38;2;140;189;180m██████[38;2;167;140;146m██[38;2;57;74;73m██[38;2;140;189;180m██[38;2;66;66;66m██[38;2;140;189;180m██[38;2;66;66;66m██[38;2;140;189;180m██[38;2;8;4;0m██[38;2;0;0;0m                      
[38;2;0;0;0m  [38;2;0;4;0m██[38;2;140;189;180m██[38;2;86;141;122m██[38;2;140;189;180m██████████[38;2;0;4;0m██[38;2;0;0;0m                    [38;2;0;4;0m██[38;2;93;161;163m██[38;2;96;158;165m████[38;2;79;90;103m██[38;2;140;189;180m██[38;2;86;141;122m██[38;2;140;189;180m██████████████[38;2;79;90;103m████[38;2;140;189;180m██[38;2;0;4;0m██[38;2;0;0;0m                      
[38;2;0;0;0m  [38;2;0;4;0m██[38;2;140;189;180m████████████████[38;2;0;4;0m████[38;2;0;0;0m                [38;2;0;4;0m██[38;2;93;161;163m██[38;2;96;158;165m████[38;2;79;90;103m██[38;2;140;189;180m████[38;2;86;141;122m██[38;2;140;189;180m████████[38;2;66;66;66m██[38;2;140;189;180m██████[38;2;0;4;0m██[38;2;0;0;0m                        
[38;2;0;0;0m    [38;2;0;4;0m██[38;2;140;189;180m██[38;2;86;141;122m██[38;2;140;189;180m██████████████[38;2;0;4;0m██████[38;2;0;0;0m            [38;2;0;4;0m██[38;2;113;156;161m██[38;2;74;90;106m██[38;2;140;189;180m██████[38;2;79;90;103m██[38;2;132;189;180m████[38;2;140;189;180m██[38;2;96;156;165m██[38;2;70;90;90m██[38;2;140;181;180m██[38;2;140;189;180m████[38;2;0;4;0m██[38;2;0;0;0m                        
[38;2;0;0;0m    [38;2;0;4;0m██[38;2;140;189;180m████[38;2;86;141;122m██[38;2;140;189;180m██████████████████[38;2;0;4;0m████████████[38;2;78;88;106m██[38;2;74;90;106m██[38;2;132;189;188m██[38;2;86;141;122m██[38;2;140;189;180m██████[38;2;74;90;106m██[38;2;113;156;155m██[38;2;96;156;165m████[38;2;0;0;0m██[38;2;70;90;90m██[38;2;140;189;180m██[38;2;0;4;0m██[38;2;0;0;0m                          
[38;2;0;0;0m      [38;2;0;4;0m██[38;2;140;189;180m████[38;2;86;141;122m██[38;2;140;189;180m████████████████████████████████[38;2;86;141;122m██[38;2;140;189;180m██████████[38;2;96;156;165m██[38;2;93;161;163m████[38;2;0;0;0m  [38;2;0;4;0m████[38;2;0;0;0m                            
[38;2;0;0;0m        [38;2;0;4;0m██[38;2;140;189;180m████[38;2;86;141;122m████[38;2;140;189;180m██████████████████████[38;2;86;141;122m██████[38;2;140;189;180m██████████[38;2;96;156;165m████[38;2;93;161;163m██[38;2;0;4;0m██[38;2;0;0;0m                                  
[38;2;0;0;0m          [38;2;0;4;0m██[38;2;140;189;180m██████[38;2;86;141;122m██████[38;2;140;189;180m██████████[38;2;86;141;122m████████[38;2;140;189;180m████████████[38;2;96;156;165m██[38;2;93;161;163m████[38;2;0;4;0m██[38;2;0;0;0m                                    
[38;2;0;0;0m            [38;2;0;4;0m██[38;2;140;189;180m██████████[38;2;86;141;122m██████████[38;2;140;189;180m██████████████████[38;2;96;156;165m████[38;2;93;161;163m██[38;2;0;4;0m██[38;2;0;0;0m                                      
[38;2;0;0;0m              [38;2;0;4;0m████[38;2;140;189;180m██████████████████████████████[38;2;93;161;163m████[38;2;99;156;163m██[38;2;0;4;0m████[38;2;0;0;0m                                        
[38;2;0;0;0m                  [38;2;0;4;0m████[38;2;140;189;180m██████████████████████[38;2;96;156;165m████[38;2;0;4;0m██████[38;2;0;0;0m                                            
[38;2;0;0;0m                      [38;2;0;4;0m██████[38;2;140;189;180m████████████[38;2;0;4;0m████████[38;2;0;0;0m                                                  
[38;2;0;0;0m                            [38;2;0;4;0m████████████[38;2;0;0;0m                                                          
[38;2;0;0;0m                                                                                                  [0m
