
     [38;2;0;0;0m▄ ▄                    [0m
   [38;2;0;0;0m▄[48;2;66;66;66m▀[38;2;78;90;106m[48;2;80;91;104m▀[38;2;0;0;0m[48;2;49;66;73m▀[38;2;247;140;167m[48;2;112;124;107m▀[38;2;0;0;0m[48;2;121;165;147m▀[49m▄[38;2;8;0;0m▄[38;2;0;0;0m[48;2;173;239;213m▀[48;2;206;189;190m▀[49m▄[38;2;0;4;0m▄▄[38;2;0;0;0m[48;2;99;115;127m▀[49m▄          [0m
 [38;2;0;0;0m▄[48;2;80;91;104m▀[38;2;66;66;66m[48;2;66;66;66m▀[38;2;80;91;104m[48;2;80;91;104m▀[48;2;66;66;66m▀[38;2;49;66;73m[48;2;66;78;90m▀[38;2;239;239;175m[48;2;239;239;175m▀[38;2;121;165;147m[48;2;121;165;145m▀▀[38;2;118;159;142m[48;2;255;239;175m▀[38;2;63;80;71m[48;2;74;123;122m▀[38;2;69;63;63m[48;2;121;165;147m▀[38;2;206;189;190m▀[38;2;247;140;167m[48;2;66;66;66m▀[38;2;82;49;56m▀[38;2;99;115;127m[48;2;99;115;127m▀[38;2;0;0;0m[48;2;66;66;66m▀[49m▄▄[48;2;247;140;167m▀▀[49m▄     [0m
 [38;2;0;0;0m▀[38;2;80;91;104m[48;2;0;0;0m▀[48;2;78;90;106m▀[38;2;66;66;66m[48;2;111;80;91m▀[38;2;80;91;104m▀[38;2;66;78;90m[48;2;57;66;81m▀[38;2;152;158;132m[48;2;144;156;88m▀[38;2;121;165;145m[48;2;121;165;147m▀▀[38;2;255;239;175m[48;2;85;118;125m▀[38;2;74;123;122m[48;2;66;66;66m▀[38;2;121;165;147m▀[38;2;66;66;66m[48;2;99;115;127m▀[38;2;99;115;131m[48;2;101;115;125m▀[38;2;82;91;98m[48;2;79;91;103m▀[38;2;99;115;127m[48;2;99;115;131m▀[38;2;66;66;66m[48;2;66;66;66m▀[38;2;247;140;167m[48;2;98;115;125m▀[48;2;247;140;167m▀[38;2;98;115;125m[48;2;99;115;127m▀[38;2;247;140;167m▀[38;2;99;115;127m▀[38;2;0;0;0m[48;2;0;0;0m▀[49m    [0m
   [38;2;0;0;0m▀[38;2;0;12;8m▀[38;2;222;148;174m[48;2;0;0;0m▀[38;2;231;247;95m[48;2;239;247;71m▀[38;2;57;66;81m[48;2;0;0;0m▀[38;2;66;66;66m[48;2;79;91;103m▀[48;2;101;115;125m▀[48;2;102;115;126m▀[38;2;85;118;125m▀[38;2;99;115;127m[48;2;80;82;34m▀[48;2;239;247;71m▀[38;2;101;115;125m[48;2;255;222;103m▀[48;2;197;177;107m▀[38;2;82;90;98m[48;2;101;117;125m▀[38;2;99;115;131m▀[38;2;98;115;125m[48;2;0;0;0m▀▀[38;2;99;115;127m▀[38;2;0;0;0m[49m▀▀     [0m
      [38;2;0;0;0m▀[38;2;239;247;71m[48;2;0;0;0m▀[38;2;79;91;103m[48;2;99;115;127m▀[38;2;101;115;125m▀[38;2;102;115;126m[48;2;80;90;104m▀[38;2;239;247;71m▀[38;2;0;0;16m[48;2;77;93;98m▀[38;2;239;247;71m[48;2;99;156;163m▀[38;2;82;86;114m[48;2;135;156;131m▀[48;2;57;66;73m▀[38;2;55;60;63m[48;2;93;159;163m▀[38;2;8;4;0m[48;2;0;0;0m▀[49m          [0m
        [38;2;0;0;0m▀▀[38;2;93;156;165m[48;2;0;0;0m▀▀[38;2;99;156;163m[48;2;80;63;64m▀[38;2;66;61;66m[48;2;239;189;175m▀[38;2;57;66;73m[48;2;231;247;175m▀[38;2;214;247;190m▀[38;2;93;159;163m[48;2;96;156;165m▀[48;2;140;189;180m▀[38;2;0;0;0m[48;2;0;0;0m▀[49m  ▄[48;2;74;66;66m▀[48;2;140;231;252m▀[49m▄   [0m
          [38;2;0;0;0m▄▄[38;2;0;0;8m[48;2;247;140;164m▀[38;2;239;189;175m[48;2;231;247;175m▀[38;2;247;140;164m[48;2;247;173;167m▀[38;2;231;247;175m▀[38;2;140;189;180m[48;2;74;121;122m▀[48;2;140;189;180m▀▀[38;2;0;0;0m[48;2;66;66;66m▀[38;2;8;16;0m[49m▄[38;2;0;0;0m[48;2;165;255;245m▀[38;2;140;231;252m[48;2;140;231;252m▀[38;2;96;121;128m[48;2;0;0;0m▀[38;2;99;115;127m[48;2;78;115;126m▀[38;2;0;0;0m[48;2;148;231;252m▀[49m▄ [0m
         [38;2;0;0;0m[48;2;0;0;0m▀[38;2;99;165;171m[48;2;99;156;163m▀[38;2;66;110;114m[48;2;0;0;0m▀[38;2;231;247;175m[48;2;231;247;175m▀▀[38;2;247;173;167m[48;2;66;66;66m▀[38;2;66;66;66m[48;2;140;189;180m▀[38;2;140;189;180m[48;2;57;66;65m▀[38;2;74;121;122m[48;2;93;129;122m▀[38;2;140;189;180m[48;2;140;189;180m▀[38;2;66;66;66m[48;2;96;156;165m▀[38;2;113;175;163m[48;2;107;173;163m▀▀[38;2;0;0;0m[48;2;0;0;0m▀[49m [38;2;8;0;0m▀▀  [0m
          [38;2;0;0;0m▀ [48;2;16;8;8m▀[38;2;231;247;175m[48;2;99;165;171m▀[38;2;66;66;66m[48;2;123;198;195m▀[38;2;140;189;180m[48;2;57;70;73m▀[38;2;57;66;65m[48;2;93;159;163m▀[38;2;129;192;180m▀[38;2;96;156;165m[48;2;96;158;165m▀▀[38;2;107;173;163m[48;2;99;156;163m▀[38;2;0;0;0m[48;2;0;0;0m▀[49m      [0m
           [38;2;0;0;0m[48;2;0;0;0m▀[38;2;71;113;117m[48;2;74;123;122m▀[38;2;44;60;62m▀[38;2;101;155;154m[48;2;0;0;0m▀▀[38;2;93;159;163m[48;2;53;78;81m▀[38;2;66;66;66m[48;2;99;156;163m▀[38;2;96;158;165m[48;2;66;66;66m▀[48;2;0;0;0m▀[38;2;0;0;0m[49m▀       [0m
           [38;2;0;0;0m▀[38;2;74;123;122m[48;2;0;0;0m▀[38;2;0;0;0m[49m▀  [38;2;8;0;0m[48;2;0;0;0m▀[38;2;99;156;163m[48;2;99;156;163m▀[38;2;0;0;0m[48;2;0;0;0m▀[49m         [0m
                 [38;2;0;0;0m▀          [0m
