
[38;2;0;0;0m                                                                                    
[38;2;0;0;0m                                          [38;2;0;4;0m██[38;2;0;0;0m                                        
[38;2;0;0;0m                                        [38;2;0;4;0m██[38;2;255;214;79m██[38;2;0;4;0m██[38;2;0;0;0m                                      
[38;2;0;0;0m    [38;2;0;4;0m██[38;2;0;0;0m                              [38;2;0;4;0m████[38;2;255;206;71m██[38;2;170;144;53m██[38;2;0;4;0m██[38;2;0;0;0m                                      
[38;2;0;0;0m  [38;2;0;4;0m██[38;2;231;181;71m██[38;2;0;4;0m████[38;2;0;0;0m                        [38;2;0;4;0m██[38;2;231;181;71m██[38;2;193;148;69m████[38;2;231;176;68m████[38;2;0;4;0m██[38;2;0;0;0m                                    
[38;2;0;0;0m  [38;2;0;4;0m██[38;2;231;181;71m██████[38;2;0;4;0m████[38;2;0;0;0m                [38;2;0;4;0m████[38;2;231;181;71m████████[38;2;231;176;68m████[38;2;66;65;66m██[38;2;0;4;0m██████[38;2;0;0;0m                              
[38;2;0;0;0m    [38;2;0;4;0m██[38;2;231;181;71m████[38;2;231;176;68m████[38;2;0;4;0m██[38;2;0;0;0m            [38;2;0;4;0m██[38;2;231;176;68m████████[38;2;231;181;71m████[38;2;184;143;69m██[38;2;239;181;71m██[38;2;66;66;66m██[38;2;126;73;49m██[38;2;126;74;51m████[38;2;0;4;0m██[38;2;0;0;0m                            
[38;2;0;0;0m    [38;2;0;4;0m██[38;2;193;148;69m██[38;2;231;181;71m██[38;2;231;176;68m████[38;2;231;181;71m██[38;2;0;4;0m██████[38;2;0;0;0m    [38;2;0;4;0m██[38;2;231;181;71m██[38;2;231;176;68m████████[38;2;231;181;71m██[38;2;193;148;69m██[38;2;239;181;71m██[38;2;74;66;66m██[38;2;126;73;49m████[38;2;126;74;51m████[38;2;66;65;66m██[38;2;0;4;0m██████[38;2;0;0;0m                      
[38;2;0;0;0m      [38;2;0;4;0m██[38;2;189;148;69m██[38;2;231;181;71m████[38;2;193;148;69m██[38;2;231;181;71m██[38;2;231;176;68m████[38;2;0;4;8m████[38;2;0;0;0m██[38;2;63;80;84m██[38;2;66;70;66m████[38;2;231;181;71m██████[38;2;193;148;69m██[38;2;239;181;71m██[38;2;66;66;66m██[38;2;181;74;48m████[38;2;181;74;45m██[38;2;126;74;49m██[38;2;66;66;66m██[38;2;123;70;55m██[38;2;126;74;49m████[38;2;0;4;0m██[38;2;0;0;0m                    
[38;2;0;0;0m      [38;2;0;4;0m██[38;2;189;148;69m██[38;2;193;148;69m██[38;2;231;181;71m██[38;2;193;148;69m██[38;2;231;181;71m██[38;2;231;176;68m████[38;2;231;181;79m██[38;2;77;63;32m██[38;2;189;239;253m████[38;2;173;255;253m██[38;2;137;193;191m██[38;2;66;66;66m██[38;2;231;181;71m██████[38;2;181;143;69m██[38;2;66;66;66m██[38;2;181;74;48m████[38;2;181;74;45m██████[38;2;66;66;66m██[38;2;181;74;45m██[38;2;126;74;49m██[38;2;127;72;51m██[38;2;0;4;0m██[38;2;0;0;0m                  
[38;2;0;0;0m        [38;2;0;4;0m██[38;2;115;93;72m██[38;2;231;181;71m██████[38;2;162;154;119m██[38;2;140;103;60m██[38;2;115;94;75m██[38;2;181;247;253m██████[38;2;115;214;208m████[38;2;115;214;211m██[38;2;82;74;66m██[38;2;231;181;71m████████[38;2;66;66;66m██[38;2;181;74;45m██[38;2;126;74;49m████[38;2;181;74;48m████[38;2;66;66;66m██[38;2;181;74;48m██[38;2;181;74;45m██[38;2;66;66;66m██[38;2;0;4;0m██[38;2;0;0;0m                
[38;2;0;0;0m        [38;2;0;4;0m██[38;2;231;181;71m██████[38;2;115;93;72m██[38;2;140;103;60m██[38;2;206;255;238m██[38;2;181;247;253m████[38;2;134;206;209m██[38;2;88;164;165m██[38;2;115;214;208m████[38;2;82;74;66m████[38;2;115;93;72m██[38;2;231;181;71m████[38;2;193;148;69m██[38;2;66;66;66m██[38;2;123;70;55m██[38;2;181;74;45m████[38;2;181;74;48m████[38;2;66;66;66m██[38;2;181;74;48m██[38;2;123;70;55m██[38;2;66;66;66m██[38;2;127;72;51m██[38;2;0;4;0m██[38;2;0;0;0m              
[38;2;0;0;0m      [38;2;0;4;8m██[38;2;123;105;47m██[38;2;239;189;71m████[38;2;99;99;75m██[38;2;173;247;253m██[38;2;181;247;253m██[38;2;115;214;208m██████[38;2;118;137;139m██[38;2;255;255;255m██[38;2;93;157;165m██[38;2;115;94;75m██[38;2;112;93;72m██[38;2;239;189;71m██[38;2;66;61;66m██[38;2;121;98;68m██[38;2;255;206;71m██[38;2;208;169;72m██[38;2;239;189;71m██[38;2;66;66;66m██[38;2;74;57;66m██[38;2;160;106;64m██[38;2;181;74;45m██[38;2;123;71;54m██[38;2;126;73;49m██[38;2;66;66;66m██[38;2;126;74;51m████[38;2;77;57;47m██[38;2;0;8;8m██[38;2;0;0;0m              
[38;2;0;0;0m      [38;2;0;4;8m██[38;2;247;206;87m██[38;2;239;189;71m██[38;2;112;93;72m██[38;2;173;247;253m██[38;2;148;198;194m██[38;2;115;214;208m████████[38;2;49;78;81m██[38;2;255;255;255m██[38;2;93;157;165m██[38;2;115;94;75m██[38;2;239;189;71m████[38;2;231;173;71m██[38;2;66;61;66m██[38;2;115;94;75m██[38;2;255;206;71m██[38;2;239;189;71m████[38;2;247;156;63m██[38;2;74;57;66m██[38;2;66;69;63m██[38;2;123;71;54m██[38;2;126;73;49m██[38;2;66;66;66m██[38;2;126;74;51m████[38;2;77;57;47m██[38;2;115;82;67m██[38;2;0;4;0m██[38;2;0;0;0m            
[38;2;0;0;0m    [38;2;0;4;0m██[38;2;231;181;71m██[38;2;66;66;66m██[38;2;231;181;71m██[38;2;115;93;72m██[38;2;115;214;211m████████[38;2;82;82;82m████[38;2;255;255;255m████[38;2;102;167;166m██[38;2;107;90;75m██[38;2;231;181;71m██████[38;2;66;66;66m██[38;2;74;66;58m██[38;2;85;96;90m██[38;2;115;96;72m██[38;2;231;173;71m██[38;2;231;181;71m████[38;2;239;181;71m██[38;2;74;66;66m██[38;2;66;66;66m████████████[38;2;214;165;86m██[38;2;0;4;24m██[38;2;0;0;0m  [38;2;0;4;0m██[38;2;0;0;0m      
[38;2;0;0;0m    [38;2;0;4;0m██[38;2;231;181;71m████████[38;2;115;93;72m██[38;2;115;214;211m██[38;2;66;66;66m████[38;2;247;247;247m██[38;2;0;0;0m██[38;2;255;255;255m████[38;2;102;167;166m██[38;2;99;206;211m██[38;2;115;93;72m██[38;2;231;181;71m██[38;2;66;66;66m████[38;2;107;156;155m██[38;2;74;66;58m██[38;2;57;57;73m██[38;2;115;96;72m██[38;2;115;93;72m████[38;2;184;143;69m██[38;2;239;181;71m██[38;2;255;206;71m████[38;2;239;181;71m██[38;2;181;143;69m██[38;2;231;181;71m████[38;2;143;111;65m██[38;2;71;58;45m██[38;2;0;4;0m██[38;2;189;148;69m██[38;2;0;4;0m██[38;2;0;0;0m    
[38;2;0;0;0m      [38;2;0;4;0m████[38;2;231;181;71m██████[38;2;115;93;72m██[38;2;115;214;208m████[38;2;74;173;170m██[38;2;247;255;255m██[38;2;222;255;254m██[38;2;101;137;139m██[38;2;115;214;211m████[38;2;66;66;66m██[38;2;113;93;73m██[38;2;192;165;80m██[38;2;66;66;66m██[38;2;99;156;163m████[38;2;93;159;163m██[38;2;66;66;66m██████[38;2;113;93;73m████████████[38;2;77;88;85m██[38;2;74;70;66m██[38;2;66;66;66m████[38;2;192;148;69m████[38;2;0;4;0m██[38;2;0;0;0m    
[38;2;0;0;0m          [38;2;0;4;0m████[38;2;231;181;71m██[38;2;115;93;72m██[38;2;115;214;208m████[38;2;132;200;198m████[38;2;162;196;196m██[38;2;41;78;81m██[38;2;66;66;66m██[38;2;115;214;211m██[38;2;66;66;66m████[38;2;192;165;80m████[38;2;82;66;58m██[38;2;88;96;93m██[38;2;93;159;163m████████[38;2;66;66;66m████████████[38;2;74;70;66m██[38;2;82;123;122m██[38;2;71;124;122m████[38;2;66;66;66m██[38;2;192;148;69m██[38;2;0;4;0m██[38;2;0;0;0m    
[38;2;0;0;0m              [38;2;0;4;0m██[38;2;115;214;211m██████[38;2;66;66;66m██[38;2;93;159;163m██[38;2;115;214;211m██[38;2;66;66;66m██████[38;2;159;112;69m██[38;2;66;57;66m██[38;2;192;165;80m████[38;2;66;61;66m██[38;2;231;173;71m██[38;2;115;94;75m██[38;2;93;157;165m██[38;2;74;123;122m██[38;2;96;156;165m██[38;2;96;158;165m████[38;2;96;156;165m████[38;2;74;123;122m██[38;2;96;156;165m██[38;2;96;158;165m████[38;2;66;66;66m██[38;2;71;124;122m██[38;2;71;123;122m████[38;2;0;4;0m██[38;2;0;0;0m    
[38;2;0;0;0m                [38;2;0;4;0m██[38;2;115;214;211m██[38;2;0;4;0m██[38;2;66;66;66m████████[38;2;247;222;111m██[38;2;66;66;66m██[38;2;66;57;66m██[38;2;206;140;70m██[38;2;192;165;80m██[38;2;66;66;66m██[38;2;121;98;68m██[38;2;231;173;71m██[38;2;115;94;75m██[38;2;93;157;165m██[38;2;96;156;165m██[38;2;74;123;122m██[38;2;96;158;165m████[38;2;96;156;165m██[38;2;74;123;122m██[38;2;96;156;165m████[38;2;96;158;165m████[38;2;71;124;122m██[38;2;66;66;66m██[38;2;71;123;122m████[38;2;74;121;122m██[38;2;0;4;0m██[38;2;0;0;0m  
[38;2;0;0;0m                  [38;2;0;4;0m██[38;2;0;0;0m  [38;2;8;8;24m██[38;2;88;79;56m██[38;2;181;74;48m██[38;2;66;66;66m██[38;2;247;222;111m████[38;2;115;94;75m██[38;2;192;163;83m██[38;2;165;173;125m██[38;2;57;70;73m██[38;2;115;94;75m██[38;2;192;147;67m██[38;2;107;94;75m██[38;2;85;157;165m██[38;2;96;158;165m████[38;2;98;104;85m██[38;2;57;74;81m██[38;2;74;70;66m██[38;2;82;123;122m██[38;2;96;156;165m████[38;2;74;123;122m████[38;2;93;159;163m██[38;2;66;66;66m██[38;2;82;123;122m██[38;2;8;4;0m██[38;2;0;4;0m██[38;2;0;0;0m    
[38;2;0;0;0m                [38;2;0;4;0m██[38;2;189;165;85m██[38;2;0;4;0m██[38;2;88;79;56m██[38;2;247;222;119m██[38;2;66;66;66m████[38;2;247;222;111m████[38;2;192;163;83m████[38;2;57;70;73m██[38;2;129;139;108m██[38;2;115;94;75m██[38;2;192;147;67m██[38;2;107;94;75m██[38;2;96;126;120m██[38;2;96;158;165m████[38;2;57;74;81m██[38;2;181;165;93m██[38;2;77;88;85m██[38;2;74;70;66m██[38;2;96;156;165m██[38;2;74;123;122m██[38;2;96;156;165m████[38;2;93;159;163m████[38;2;45;63;61m██[38;2;0;0;0m        
[38;2;0;0;0m                [38;2;0;4;0m██[38;2;247;222;111m██[38;2;187;170;96m██[38;2;115;93;75m██[38;2;247;222;111m██████████[38;2;189;165;85m████[38;2;66;66;66m██[38;2;115;214;211m████[38;2;115;93;72m██[38;2;115;214;208m████[38;2;76;118;114m██[38;2;96;166;162m██[38;2;66;61;66m██[38;2;189;165;85m██[38;2;121;105;62m██[38;2;181;156;93m██[38;2;0;4;0m██[38;2;99;156;163m██[38;2;121;162;161m██[38;2;66;123;122m██[38;2;121;162;161m██[38;2;66;123;122m██[38;2;0;4;0m██[38;2;0;0;0m        
[38;2;0;0;0m              [38;2;0;4;0m██[38;2;74;121;122m██[38;2;66;66;66m██[38;2;247;222;111m████████████[38;2;189;164;83m██[38;2;189;165;85m██[38;2;0;4;0m██[38;2;66;66;66m██[38;2;115;214;211m██████[38;2;115;214;208m████[38;2;115;214;211m██[38;2;57;70;65m██[38;2;189;165;85m██[38;2;107;96;72m██[38;2;0;4;0m████[38;2;0;0;0m  [38;2;0;4;0m██[38;2;66;123;122m██[38;2;231;239;239m██[38;2;66;123;122m██[38;2;231;239;239m██[38;2;0;4;0m██[38;2;0;0;0m        
[38;2;0;0;0m              [38;2;0;4;0m██[38;2;82;115;114m██[38;2;165;181;173m██[38;2;49;74;73m██[38;2;66;66;74m██[38;2;239;222;143m██[38;2;247;222;111m████[38;2;0;4;0m██████[38;2;0;0;0m  [38;2;0;20;16m██[38;2;154;177;175m██[38;2;74;148;154m██[38;2;132;184;188m██[38;2;74;148;154m██[38;2;132;184;188m██[38;2;115;214;211m██[38;2;0;4;0m██████[38;2;0;0;0m      [38;2;0;4;0m██[38;2;107;121;119m██[38;2;214;239;238m██[38;2;107;121;119m██[38;2;214;239;238m██[38;2;0;4;0m██[38;2;0;0;0m        
[38;2;0;0;0m              [38;2;0;4;0m██[38;2;55;78;76m██[38;2;165;181;173m██[38;2;88;110;106m██[38;2;181;170;120m██[38;2;66;66;74m██[38;2;0;4;0m████[38;2;0;0;0m      [38;2;0;4;0m██[38;2;231;255;255m██[38;2;77;98;96m██[38;2;247;255;255m██[38;2;74;148;154m██[38;2;247;255;255m██[38;2;74;148;154m██[38;2;0;4;0m██[38;2;0;0;0m              [38;2;0;4;0m████████[38;2;0;0;0m          
[38;2;0;0;0m                [38;2;0;4;0m██████████[38;2;0;0;0m          [38;2;0;4;0m██[38;2;255;255;255m██[38;2;85;93;90m██[38;2;255;255;255m██[38;2;85;93;90m██[38;2;255;255;255m██[38;2;85;93;90m██[38;2;0;4;0m██[38;2;0;0;0m                                
[38;2;0;0;0m                                      [38;2;0;12;8m████████████[38;2;0;0;0m                                  
[38;2;0;0;0m                                                                                    [0m
