
     [38;2;0;4;0m▄▄                   [0m
    [38;2;0;12;8m[48;2;0;12;8m▀[38;2;173;123;133m[48;2;115;86;91m▀[38;2;156;132;140m[48;2;104;96;99m▀[38;2;0;24;16m▀[38;2;0;4;0m[49m▄[48;2;123;165;147m▀[48;2;121;161;147m▀▀[48;2;123;165;147m▀[49m▄▄▄▄▄▄       [0m
   [38;2;0;4;0m▄[38;2;0;4;24m[48;2;247;239;143m▀[38;2;247;239;143m[48;2;123;121;83m▀[38;2;60;66;68m[48;2;115;165;155m▀[48;2;88;115;112m▀[38;2;107;86;115m[48;2;255;222;127m▀[38;2;181;154;121m▀[38;2;123;165;147m[48;2;255;86;103m▀[48;2;123;165;147m▀[38;2;74;123;122m[48;2;123;162;145m▀[38;2;123;162;145m▀[38;2;115;156;139m[48;2;203;104;110m▀[38;2;203;104;110m[48;2;247;78;95m▀[38;2;255;86;103m[48;2;255;86;103m▀[48;2;0;4;0m▀▀[38;2;0;4;0m[49m▀      [0m
  [38;2;0;4;0m▄[48;2;74;121;122m▀[38;2;74;123;122m[48;2;123;162;145m▀[38;2;123;162;145m▀[38;2;74;123;122m[48;2;74;123;122m▀[38;2;255;239;135m[48;2;255;239;135m▀[38;2;0;4;16m[48;2;247;239;143m▀[38;2;247;239;143m[48;2;165;161;101m▀[38;2;255;103;111m[48;2;129;108;108m▀[38;2;66;111;106m[48;2;66;111;106m▀[38;2;121;165;147m[48;2;66;66;66m▀▀[38;2;198;107;118m[48;2;66;52;50m▀[38;2;66;52;50m[48;2;0;24;16m▀[38;2;0;4;0m[48;2;74;121;122m▀[49m▄ ▄▄     [0m
 [38;2;0;4;0m▄[48;2;121;161;147m▀[38;2;121;161;147m▀[38;2;121;165;145m[48;2;121;165;145m▀▀[38;2;118;166;150m[48;2;87;118;111m▀[48;2;57;70;73m▀[38;2;121;165;147m[48;2;66;66;66m▀▀[38;2;143;140;138m[48;2;121;189;174m▀[38;2;121;189;174m[48;2;165;90;101m▀[38;2;198;94;110m[48;2;66;66;66m▀▀[38;2;255;86;103m▀▀[38;2;66;66;66m[48;2;71;124;122m▀[38;2;71;124;122m▀[38;2;8;8;8m[48;2;46;60;57m▀[38;2;85;113;106m[48;2;123;165;155m▀[38;2;0;4;0m[48;2;66;65;66m▀[49m▄[48;2;140;189;180m▀▀[49m▄ [0m
  [38;2;0;4;0m▀▀▀▀▀[38;2;140;189;180m[48;2;0;4;0m▀▀▀[48;2;140;189;180m▀[38;2;66;66;66m▀[38;2;198;94;110m[48;2;66;66;66m▀▀[38;2;156;133;128m[48;2;90;53;58m▀[38;2;90;53;58m[48;2;222;214;198m▀[38;2;140;189;180m[48;2;140;189;180m▀[38;2;74;121;122m[48;2;74;121;122m▀[38;2;123;162;145m[48;2;123;162;145m▀[38;2;74;123;122m[48;2;74;123;122m▀[38;2;57;74;73m[48;2;140;189;180m▀[38;2;85;112;109m▀[38;2;140;189;180m▀[38;2;0;4;0m[48;2;0;4;0m▀[49m  [0m
         [38;2;0;4;0m▄[38;2;0;4;8m[48;2;82;121;114m▀[38;2;165;239;221m▀[38;2;173;239;213m[48;2;173;239;213m▀[38;2;74;123;122m▀[38;2;170;239;210m[48;2;170;239;210m▀▀[38;2;173;231;205m[48;2;63;77;68m▀[38;2;63;77;68m[48;2;8;0;0m▀[38;2;57;74;76m[48;2;82;111;114m▀[48;2;8;0;0m▀[38;2;140;189;180m[48;2;0;4;0m▀▀[38;2;0;4;0m[49m▀   [0m
        [38;2;0;4;0m[48;2;0;4;0m▀[38;2;140;189;180m[48;2;140;189;180m▀[38;2;63;77;71m[48;2;8;0;0m▀[38;2;173;231;213m[48;2;173;231;213m▀[38;2;88;124;120m[48;2;88;124;120m▀[38;2;165;239;213m[48;2;49;66;73m▀[48;2;0;4;0m▀[38;2;82;121;106m▀[38;2;0;4;0m[49m▀ ▀       [0m
         [38;2;0;4;0m▀ ▀[38;2;173;239;213m[48;2;0;4;0m▀[38;2;0;4;0m[49m▀            [0m
                          [0m
