
[38;2;0;0;0m                                              
[38;2;0;0;0m                  ██████                      
[38;2;0;0;0m              ████[38;2;140;123;108m██████[38;2;0;0;0m████                  
[38;2;0;0;0m            ██[38;2;99;88;77m██[38;2;140;126;108m████████████[38;2;0;0;0m██                
[38;2;0;0;0m            ██[38;2;148;132;116m██[38;2;140;126;108m████████████[38;2;107;99;83m██[38;2;0;0;0m██              
[38;2;0;0;0m          ██[38;2;189;189;189m██[38;2;255;255;255m██[38;2;140;123;108m████████[38;2;140;126;108m████[38;2;140;127;108m██[38;2;0;4;0m██[38;2;0;0;0m              
[38;2;0;0;0m          ██[38;2;255;255;255m██████[38;2;197;189;181m██[38;2;255;255;255m██[38;2;197;189;181m██[38;2;140;126;108m████[38;2;140;127;108m██[38;2;93;86;72m██[38;2;0;0;0m██            
[38;2;0;0;0m        [38;2;16;0;0m██[38;2;255;214;215m██[38;2;255;255;255m████████[38;2;0;0;0m██[38;2;255;255;255m██[38;2;140;126;108m████[38;2;140;125;108m████[38;2;0;0;0m██            
[38;2;0;0;0m      ██[38;2;255;214;215m██[38;2;175;143;143m██[38;2;255;255;255m██████[38;2;189;189;189m██[38;2;255;255;255m████[38;2;140;126;108m████[38;2;140;125;108m██[38;2;107;101;83m██[38;2;82;107;186m██[38;2;0;0;0m████        
[38;2;0;0;0m    ██[38;2;82;85;82m██[38;2;181;96;123m██[38;2;239;111;151m██[38;2;170;170;170m██[38;2;255;255;255m██[38;2;255;222;231m██[38;2;170;148;154m██[38;2;173;181;221m██[38;2;66;66;74m██[38;2;99;90;67m██[38;2;107;107;115m██[38;2;140;123;108m██[38;2;115;132;219m████[38;2;140;123;108m██[38;2;65;71;101m██[38;2;24;16;0m██[38;2;0;0;0m      
[38;2;0;0;0m    ██[38;2;247;255;247m██[38;2;66;66;66m████[38;2;85;85;85m██[38;2;0;0;0m████[38;2;85;74;77m██[38;2;66;66;74m██[38;2;137;143;172m██[38;2;123;140;211m██[38;2;99;90;67m██[38;2;115;132;219m████[38;2;140;123;108m████[38;2;107;127;203m████[38;2;0;0;0m██    
[38;2;0;0;0m  ██[38;2;255;255;255m██[38;2;173;171;173m██[38;2;82;107;186m██[38;2;0;0;0m████  [38;2;24;16;0m██[38;2;82;82;102m██[38;2;115;132;219m████[38;2;123;140;211m██[38;2;82;74;42m██[38;2;140;148;204m██[38;2;115;113;127m██[38;2;123;118;115m██[38;2;123;140;211m██[38;2;148;165;204m██[38;2;107;99;83m██[38;2;0;0;0m██    
[38;2;0;0;0m  ██[38;2;255;255;255m██[38;2;8;4;8m██[38;2;0;0;0m██    ██[38;2;82;82;102m██[38;2;140;148;204m██[38;2;115;132;219m████[38;2;96;96;98m████[38;2;90;78;50m██[38;2;115;113;127m██[38;2;123;118;115m██[38;2;123;107;67m██[38;2;107;99;83m██[38;2;148;165;204m██[38;2;255;255;255m██[38;2;0;0;0m██  
[38;2;0;0;0m  ████        ██[38;2;99;90;67m██[38;2;123;140;211m██[38;2;132;148;212m██[38;2;70;76;106m██[38;2;107;99;83m████[38;2;74;70;58m██[38;2;90;91;109m██[38;2;99;94;83m██[38;2;198;196;192m██[38;2;255;255;255m██[38;2;189;189;189m██[38;2;255;255;255m██[38;2;0;0;0m██  
[38;2;0;0;0m              ██[38;2;107;107;115m██[38;2;99;90;67m██[38;2;8;4;0m████[38;2;107;99;83m██[38;2;115;132;219m██[38;2;123;132;211m██[38;2;74;70;58m██[38;2;247;247;247m██[38;2;198;196;192m██[38;2;255;255;255m██[38;2;189;189;189m██[38;2;255;255;255m██[38;2;0;0;0m██  
[38;2;0;0;0m                ████    ██[38;2;66;66;66m██████[38;2;82;85;82m██[38;2;247;255;247m██[38;2;197;189;181m██[38;2;255;255;255m██[38;2;0;0;0m██    
[38;2;0;0;0m                          ██[38;2;104;96;86m██[38;2;143;126;105m██[38;2;0;0;0m████[38;2;140;123;108m██[38;2;255;255;255m██[38;2;0;0;0m██    
[38;2;0;0;0m                            ████    ████      
[38;2;0;0;0m                                              [0m
