
      [38;2;0;4;0m▄                   [0m
     [38;2;0;4;0m[48;2;0;4;0m▀[38;2;74;115;186m[48;2;74;115;186m▀[38;2;0;4;0m[48;2;0;4;0m▀[49m                  [0m
    [38;2;0;4;0m[48;2;0;4;0m▀[38;2;74;115;186m[48;2;74;115;186m▀▀[38;2;0;4;0m[48;2;0;4;0m▀[49m                  [0m
     [38;2;0;4;0m[48;2;0;4;0m▀[38;2;74;115;186m[48;2;66;65;66m▀[48;2;74;111;186m▀[38;2;0;4;0m[48;2;66;66;66m▀[49m▄▄▄▄             [0m
     [38;2;0;8;8m▄[38;2;0;4;0m[48;2;132;123;188m▀[38;2;66;66;66m[48;2;71;94;146m▀[38;2;71;96;146m[48;2;74;111;186m▀[38;2;107;181;219m[48;2;66;66;66m▀[48;2;107;181;219m▀[48;2;156;206;252m▀[48;2;111;181;223m▀[38;2;0;4;0m[48;2;113;184;222m▀[48;2;74;123;162m▀[49m▄          [0m
   [38;2;0;4;0m▄[48;2;140;123;188m▀[38;2;132;123;188m[48;2;123;123;195m▀[38;2;88;85;128m[48;2;74;90;146m▀[38;2;74;111;186m[48;2;71;115;189m▀[38;2;66;61;66m[48;2;66;66;66m▀[38;2;107;181;219m[48;2;107;181;219m▀▀[38;2;111;181;223m[48;2;151;200;92m▀▀[38;2;113;184;222m[48;2;107;181;219m▀▀[38;2;74;123;162m▀[38;2;0;4;0m[48;2;0;4;0m▀[49m         [0m
  [38;2;0;4;0m▄[48;2;137;123;188m▀[38;2;140;123;188m▀[38;2;74;90;146m[48;2;71;92;146m▀[38;2;99;107;171m[48;2;74;107;186m▀[38;2;71;115;189m[48;2;57;66;73m▀[38;2;66;66;66m[48;2;82;123;150m▀[38;2;107;181;219m[48;2;82;140;138m▀[38;2;151;198;92m▀[38;2;151;200;92m[48;2;127;133;123m▀[48;2;0;12;0m▀[38;2;112;154;91m[48;2;255;255;255m▀[38;2;107;181;219m[48;2;129;167;214m▀[48;2;0;4;0m▀[38;2;0;4;0m[49m▀  ▄[48;2;71;122;151m▀[48;2;110;181;222m▀▀[49m▄  [0m
  [38;2;0;4;0m[48;2;0;4;0m▀[38;2;137;123;188m[48;2;132;123;196m▀[48;2;88;83;131m▀[38;2;71;92;146m[48;2;0;4;0m▀[38;2;66;61;66m[48;2;74;123;162m▀[38;2;107;181;227m[48;2;113;184;222m▀[48;2;74;123;162m▀[38;2;137;178;177m[48;2;110;181;222m▀[38;2;247;255;255m▀[38;2;255;255;247m[48;2;255;255;255m▀▀[38;2;255;255;255m[48;2;74;115;186m▀[38;2;66;123;194m[48;2;0;4;0m▀[38;2;0;4;0m[49m▀ ▄[48;2;71;122;151m▀[38;2;107;181;227m[48;2;99;165;235m▀[48;2;66;61;66m▀[38;2;110;181;222m▀[48;2;99;165;235m▀[38;2;107;181;219m[48;2;74;123;162m▀[38;2;0;4;0m[48;2;0;4;0m▀[49m [0m
   [38;2;0;4;0m▀▀[38;2;8;4;0m▄[38;2;0;4;0m[48;2;44;63;81m▀[38;2;74;123;162m[48;2;53;65;77m▀[38;2;113;184;222m▀[38;2;110;181;222m[48;2;99;99;99m▀▀[38;2;74;123;162m[48;2;94;98;94m▀[48;2;74;123;162m▀[38;2;0;4;0m[48;2;44;63;76m▀[38;2;8;4;0m[49m▄[38;2;0;4;0m▄ [48;2;16;4;0m▀[38;2;107;181;227m[48;2;115;181;219m▀[38;2;66;61;66m[48;2;66;66;66m▀[38;2;88;130;179m[48;2;71;121;173m▀[48;2;74;119;178m▀[38;2;66;61;66m[48;2;66;66;66m▀[38;2;74;123;162m[48;2;74;123;162m▀[38;2;0;4;0m[48;2;0;4;0m▀[49m [0m
  [38;2;0;4;0m▄[48;2;90;123;82m▀[48;2;73;125;165m▀[38;2;79;122;162m[48;2;0;4;0m▀▀[38;2;90;127;154m▀[38;2;16;4;0m[49m▀[38;2;0;4;0m▀[38;2;66;67;66m[48;2;0;4;0m▀[38;2;74;123;162m[48;2;74;90;138m▀[48;2;74;112;170m▀[38;2;79;122;151m[48;2;79;122;162m▀[38;2;115;181;227m[48;2;44;63;81m▀[38;2;107;181;219m[48;2;0;4;0m▀[38;2;0;4;0m[48;2;107;181;219m▀[38;2;49;63;73m[48;2;107;181;227m▀[48;2;82;123;150m▀[38;2;71;121;173m[48;2;66;66;66m▀▀[38;2;66;66;66m[48;2;74;123;162m▀[38;2;74;119;178m▀[38;2;0;4;0m[48;2;0;4;0m▀[49m  [0m
 [38;2;0;4;0m▄[48;2;115;148;91m▀[38;2;90;123;82m[48;2;115;156;99m▀[48;2;77;105;69m▀[38;2;0;4;0m[48;2;115;148;91m▀[49m▄  [48;2;0;0;0m▀[38;2;74;86;146m[48;2;143;154;169m▀[38;2;74;123;186m[48;2;255;255;255m▀[38;2;74;90;138m[48;2;74;115;186m▀[38;2;79;122;162m[48;2;74;88;143m▀[38;2;8;4;0m[48;2;107;181;219m▀[38;2;0;4;0m[49m▄▀[38;2;57;66;73m[48;2;16;4;0m▀[38;2;107;181;227m[48;2;53;65;77m▀[38;2;66;66;66m[48;2;148;198;92m▀[38;2;74;123;162m[48;2;66;66;66m▀[48;2;74;94;58m▀[38;2;0;4;0m[48;2;0;0;16m▀[49m   [0m
 [38;2;0;4;0m▀[38;2;115;148;91m[48;2;0;4;0m▀[38;2;77;105;69m▀[38;2;0;4;8m[49m▀[38;2;0;4;0m▀▄▄[48;2;74;123;162m▀[38;2;71;77;85m[48;2;82;90;96m▀[38;2;214;231;254m[48;2;247;255;255m▀[38;2;255;255;255m[48;2;255;255;255m▀▀[38;2;74;88;143m[48;2;247;255;255m▀[38;2;107;181;219m[48;2;66;127;170m▀[38;2;0;4;0m[48;2;107;181;219m▀[48;2;66;66;66m▀[38;2;90;127;154m[48;2;79;122;162m▀[38;2;53;65;77m▀[38;2;148;198;92m[48;2;0;4;0m▀[48;2;148;198;92m▀[38;2;74;94;58m[48;2;156;198;100m▀[38;2;148;189;100m[48;2;52;69;39m▀[38;2;0;4;0m[48;2;0;4;0m▀[49m  [0m
     [38;2;0;4;0m▀[38;2;74;123;162m[48;2;0;4;0m▀[48;2;66;74;66m▀[48;2;82;101;74m▀[38;2;82;90;96m[48;2;0;4;0m▀[38;2;0;8;16m[49m▀[38;2;255;255;255m[48;2;0;4;0m▀▀[38;2;66;127;170m▀[38;2;126;170;198m[48;2;74;123;162m▀[38;2;107;181;219m[48;2;107;181;219m▀▀[38;2;44;63;81m[48;2;0;4;0m▀[38;2;8;4;0m[49m▀ [38;2;0;4;0m▀[38;2;0;4;8m▀▀   [0m
     [38;2;0;4;0m▀[38;2;115;148;91m[48;2;0;4;0m▀[38;2;82;101;74m▀[38;2;115;156;91m▀[38;2;0;4;0m[49m▀    ▀[38;2;66;66;66m[48;2;0;4;0m▀[48;2;148;198;92m▀[38;2;74;123;162m[48;2;78;101;54m▀[38;2;0;4;0m[48;2;156;198;100m▀[49m▄      [0m
                [38;2;0;4;0m▀[38;2;0;4;8m▀▀       [0m
