
       [38;2;0;0;0m▄▄▄                [0m
      [38;2;0;0;0m▀[38;2;192;168;48m[48;2;0;0;0m▀[48;2;192;168;48m▀[48;2;136;120;48m▀[38;2;0;0;0m▀[48;2;240;216;64m▀▀▀▀[49m▄▄ ▄▄▄     [0m
       [38;2;0;0;0m▄[48;2;240;216;64m▀[38;2;240;216;64m▀▀▀▀▀▀[48;2;136;120;48m▀[38;2;136;120;48m[48;2;240;216;64m▀[38;2;0;0;0m▀[38;2;240;216;64m[48;2;104;88;80m▀[48;2;136;112;96m▀[48;2;0;0;0m▀[38;2;0;0;0m[49m▀    [0m
  [38;2;0;0;0m▄[48;2;240;216;64m▀▀▀[48;2;64;64;64m▀[38;2;192;168;48m[48;2;240;216;64m▀▀▀[38;2;240;216;64m▀[48;2;136;120;48m▀[38;2;192;168;48m[48;2;248;248;248m▀[38;2;136;120;48m[48;2;0;0;0m▀[48;2;248;248;248m▀[38;2;240;216;64m[48;2;192;168;48m▀[48;2;240;216;64m▀[38;2;104;88;80m[48;2;64;64;64m▀[38;2;136;112;96m[48;2;0;0;0m▀[38;2;0;0;0m[49m▀      [0m
 [38;2;0;0;0m[48;2;0;0;0m▀[38;2;240;216;64m[48;2;240;216;64m▀[38;2;192;168;48m[48;2;192;168;48m▀[38;2;240;216;64m[48;2;240;216;64m▀[38;2;64;64;64m[48;2;64;64;64m▀[38;2;192;168;48m[48;2;240;216;64m▀▀▀[38;2;240;216;64m▀▀[38;2;192;168;48m▀▀▀[38;2;240;216;64m▀[48;2;136;120;48m▀[38;2;192;168;48m[48;2;192;168;48m▀▀[38;2;0;0;0m[48;2;240;216;64m▀[49m▄      [0m
  [38;2;0;0;0m▀[38;2;240;216;64m[48;2;0;0;0m▀[38;2;0;0;0m[49m▀▀[38;2;136;120;48m[48;2;0;0;0m▀[48;2;192;168;48m▀▀[38;2;240;216;64m▀▀[48;2;136;120;48m▀[38;2;136;120;48m[48;2;64;64;64m▀▀[38;2;64;64;64m[48;2;192;168;48m▀[38;2;192;168;48m▀▀[48;2;240;216;64m▀[38;2;240;216;64m▀▀[38;2;0;0;0m▀[48;2;192;168;48m▀[49m▄   [0m
       [38;2;0;0;0m▀▀[38;2;192;168;48m[48;2;0;0;0m▀▀[38;2;64;64;64m[48;2;192;168;48m▀[38;2;192;168;48m▀▀[48;2;240;216;64m▀▀[38;2;240;216;64m[48;2;64;64;64m▀[48;2;240;216;64m▀▀▀▀[48;2;64;64;64m▀[48;2;104;88;80m▀[38;2;0;0;0m[48;2;0;0;0m▀[49m  [0m
         [38;2;0;0;0m▄[48;2;64;64;64m▀[38;2;240;216;64m[48;2;104;88;80m▀[48;2;240;216;64m▀[48;2;104;88;80m▀[38;2;64;64;64m[48;2;64;64;64m▀[48;2;240;216;64m▀[38;2;240;216;64m[48;2;192;168;48m▀[48;2;240;216;64m▀▀[48;2;192;168;48m▀[48;2;64;64;64m▀[38;2;64;64;64m[48;2;136;112;96m▀[38;2;136;112;96m▀▀[38;2;0;0;0m[48;2;0;0;0m▀[49m [0m
        [38;2;0;0;0m[48;2;0;0;0m▀[38;2;64;64;64m[48;2;104;88;80m▀[38;2;104;88;80m▀[38;2;64;64;64m[48;2;64;64;64m▀[38;2;104;88;80m[48;2;136;112;96m▀[38;2;136;112;96m▀▀[38;2;64;64;64m▀[38;2;240;216;64m[48;2;64;64;64m▀[38;2;64;64;64m[48;2;104;88;80m▀[48;2;136;112;96m▀▀[38;2;136;112;96m▀▀▀[48;2;104;88;80m▀[38;2;0;0;0m[48;2;0;0;0m▀[49m [0m
        [38;2;0;0;0m▄[48;2;192;168;48m▀[38;2;104;88;80m▀[48;2;104;88;80m▀[38;2;64;64;64m▀[38;2;104;88;80m[48;2;0;0;0m▀[38;2;136;112;96m▀[38;2;104;88;80m[48;2;104;88;80m▀▀[38;2;64;64;64m▀[38;2;104;88;80m[48;2;0;0;0m▀[38;2;136;112;96m[48;2;104;88;80m▀▀▀[38;2;104;88;80m▀[38;2;0;0;0m[48;2;64;64;64m▀[49m▄ [0m
         [38;2;0;0;0m▀▀▀▀  ▀▀▀ ▀[48;2;0;0;0m▀[38;2;104;88;80m[48;2;240;216;64m▀▀[38;2;136;112;96m[48;2;0;0;0m▀[38;2;0;0;0m[49m▀ [0m
                     [38;2;0;0;0m▀▀   [0m
