
[38;2;0;0;0m                                                          
[38;2;0;0;0m                    [38;2;49;49;49m████[38;2;0;0;0m                                  
[38;2;0;0;0m                    [38;2;49;49;49m██[38;2;41;106;189m██[38;2;49;49;49m██[38;2;0;0;0m  [38;2;49;49;49m████[38;2;0;0;0m                          
[38;2;0;0;0m                  [38;2;49;49;49m████[38;2;41;106;189m████[38;2;49;49;49m██[38;2;41;106;189m██[38;2;49;49;49m██[38;2;0;0;0m                          
[38;2;0;0;0m                  [38;2;49;49;49m██[38;2;41;106;189m████████████[38;2;49;49;49m██[38;2;0;0;0m                        
[38;2;0;0;0m                    [38;2;49;49;49m██[38;2;41;106;189m██████████[38;2;49;49;49m██[38;2;0;0;0m        [38;2;49;49;49m██[38;2;0;0;0m              
[38;2;0;0;0m            [38;2;49;49;49m██[38;2;0;0;0m    [38;2;49;49;49m██[38;2;41;106;189m████████████[38;2;49;49;49m████[38;2;0;0;0m    [38;2;49;49;49m██[38;2;65;139;222m██[38;2;49;49;49m██[38;2;0;0;0m  [38;2;49;49;49m██████[38;2;0;0;0m    
[38;2;0;0;0m          [38;2;49;49;49m██[38;2;213;74;82m██[38;2;49;49;49m██[38;2;0;0;0m    [38;2;49;49;49m██[38;2;41;106;189m████████████[38;2;49;49;49m██[38;2;0;0;0m  [38;2;49;49;49m██[38;2;65;139;222m██████[38;2;49;49;49m██[38;2;65;139;222m████[38;2;49;49;49m██[38;2;0;0;0m    
[38;2;0;0;0m          [38;2;49;49;49m██[38;2;213;74;82m████[38;2;49;49;49m████[38;2;213;74;82m██[38;2;82;82;82m██[38;2;41;106;189m████████[38;2;82;82;82m██[38;2;65;139;222m██[38;2;49;49;49m██[38;2;65;139;222m██[38;2;41;106;189m██[38;2;65;139;222m██████████[38;2;49;49;49m██[38;2;0;0;0m    
[38;2;0;0;0m    [38;2;49;49;49m██████[38;2;213;74;82m████[38;2;82;82;82m██[38;2;213;74;82m██████[38;2;82;82;82m██[38;2;41;106;189m████████[38;2;82;82;82m██[38;2;65;139;222m████[38;2;41;106;189m██[38;2;65;139;222m████████[38;2;41;106;189m██[38;2;49;49;49m██[38;2;0;0;0m      
[38;2;0;0;0m    [38;2;49;49;49m██[38;2;213;74;82m██[38;2;82;82;82m██[38;2;213;74;82m██[38;2;82;82;82m██[38;2;213;74;82m██[38;2;82;82;82m██[38;2;213;74;82m██████[38;2;82;82;82m██[38;2;41;106;189m████[38;2;82;82;82m████[38;2;65;139;222m██[38;2;41;106;189m██[38;2;65;139;222m████████████[38;2;49;49;49m██[38;2;0;0;0m      
[38;2;0;0;0m    [38;2;49;49;49m██[38;2;213;74;82m██████[38;2;82;82;82m██[38;2;213;74;82m████████████[38;2;82;82;82m██████[38;2;65;139;222m████[38;2;41;106;189m██[38;2;65;139;222m████████[38;2;49;49;49m████[38;2;0;0;0m        
[38;2;0;0;0m  [38;2;49;49;49m████[38;2;213;74;82m██████████████████[38;2;82;82;82m████[38;2;65;139;222m██[38;2;82;82;82m██[38;2;65;139;222m██[38;2;41;106;189m██[38;2;65;139;222m██████[38;2;41;106;189m██[38;2;49;49;49m██[38;2;0;0;0m            
[38;2;0;0;0m  [38;2;49;49;49m██[38;2;213;74;82m██[38;2;82;82;82m██[38;2;213;74;82m██[38;2;180;49;57m██[38;2;213;74;82m██[38;2;255;255;255m██[38;2;213;74;82m████[38;2;180;49;57m██[38;2;213;74;82m██[38;2;82;82;82m██[38;2;65;139;222m██[38;2;41;106;189m██[38;2;213;74;82m██[38;2;82;82;82m██[38;2;41;106;189m██████[38;2;82;82;82m██[38;2;213;74;82m██[38;2;82;82;82m██[38;2;49;49;49m██[38;2;0;0;0m  [38;2;49;49;49m██[38;2;0;0;0m      
[38;2;0;0;0m  [38;2;49;49;49m██[38;2;180;49;57m██[38;2;213;74;82m████[38;2;255;255;255m██[38;2;189;164;65m██[38;2;213;213;230m██[38;2;213;74;82m████[38;2;82;82;82m██████[38;2;65;139;222m██[38;2;180;49;57m████[38;2;82;82;82m██[38;2;65;139;222m████[38;2;82;82;82m██[38;2;41;106;189m██[38;2;180;49;57m██[38;2;82;82;82m██[38;2;213;74;82m██[38;2;49;49;49m██[38;2;213;74;82m██[38;2;49;49;49m████[38;2;0;0;0m  
[38;2;0;0;0m    [38;2;49;49;49m██[38;2;213;74;82m████[38;2;82;82;82m██[38;2;180;49;57m██[38;2;213;74;82m████[38;2;180;49;57m██[38;2;82;82;82m██[38;2;189;164;65m██[38;2;41;106;189m██[38;2;65;139;222m████[38;2;82;82;82m██[38;2;65;139;222m██████[38;2;41;106;189m██[38;2;82;82;82m██[38;2;41;106;189m██[38;2;65;139;222m██[38;2;180;49;57m██[38;2;65;139;222m██[38;2;180;49;57m██[38;2;41;106;189m██[38;2;49;49;49m██[38;2;0;0;0m  
[38;2;0;0;0m      [38;2;49;49;49m████[38;2;213;74;82m████[38;2;82;82;82m██[38;2;49;49;49m████[38;2;189;164;65m████[38;2;82;82;82m██[38;2;65;139;222m████[38;2;82;82;82m██[38;2;41;106;189m██[38;2;65;139;222m██[38;2;180;49;57m██[38;2;65;139;222m██[38;2;82;82;82m██[38;2;41;106;189m██████████[38;2;49;49;49m██[38;2;0;0;0m    
[38;2;0;0;0m          [38;2;49;49;49m██████[38;2;0;0;0m    [38;2;49;49;49m██[38;2;82;82;82m██[38;2;65;139;222m████[38;2;180;49;57m██[38;2;213;74;82m██[38;2;82;82;82m██[38;2;65;139;222m██[38;2;180;49;57m██[38;2;213;74;82m██[38;2;65;139;222m██[38;2;82;82;82m██[38;2;41;106;189m████[38;2;49;49;49m████[38;2;0;0;0m      
[38;2;0;0;0m                  [38;2;49;49;49m████[38;2;65;139;222m████[38;2;41;106;189m██[38;2;49;49;49m██████[38;2;65;139;222m██[38;2;41;106;189m██[38;2;213;74;82m██[38;2;65;139;222m██[38;2;82;82;82m██[38;2;49;49;49m████[38;2;0;0;0m          
[38;2;0;0;0m                [38;2;49;49;49m██[38;2;65;139;222m████[38;2;180;49;57m██[38;2;213;74;82m██[38;2;49;49;49m██[38;2;0;0;0m    [38;2;49;49;49m██[38;2;65;139;222m████[38;2;41;106;189m██[38;2;213;74;82m██[38;2;49;49;49m██[38;2;0;0;0m              
[38;2;0;0;0m              [38;2;49;49;49m██[38;2;255;255;255m██[38;2;65;139;222m██████[38;2;49;49;49m██[38;2;0;0;0m        [38;2;49;49;49m██[38;2;65;139;222m████[38;2;213;74;82m██[38;2;49;49;49m██[38;2;0;0;0m              
[38;2;0;0;0m              [38;2;49;49;49m████[38;2;255;255;255m██[38;2;49;49;49m██[38;2;255;255;255m██[38;2;49;49;49m██[38;2;0;0;0m      [38;2;49;49;49m██[38;2;255;255;255m██[38;2;65;139;222m████[38;2;41;106;189m██[38;2;255;255;255m██[38;2;49;49;49m██[38;2;0;0;0m            
[38;2;0;0;0m                [38;2;49;49;49m████[38;2;0;0;0m  [38;2;49;49;49m██[38;2;0;0;0m        [38;2;49;49;49m██████[38;2;255;255;255m██[38;2;49;49;49m██████[38;2;0;0;0m            
[38;2;0;0;0m                                      [38;2;49;49;49m████[38;2;0;0;0m                
[38;2;0;0;0m                                                          [0m
