
[38;2;0;0;0m                                    
[38;2;0;0;0m            [38;2;49;49;49m██[38;2;0;0;0m  [38;2;49;49;49m██[38;2;0;0;0m                  
[38;2;0;0;0m          [38;2;49;49;49m██[38;2;164;213;255m██[38;2;49;49;49m██[38;2;164;213;255m██[38;2;49;49;49m██[38;2;0;0;0m                
[38;2;0;0;0m          [38;2;49;49;49m██[38;2;164;213;255m██████[38;2;49;49;49m██[38;2;0;0;0m                
[38;2;0;0;0m          [38;2;49;49;49m██[38;2;82;115;164m██[38;2;164;213;255m██[38;2;82;82;82m██[38;2;164;213;255m██[38;2;49;49;49m██[38;2;0;0;0m              
[38;2;0;0;0m        [38;2;49;49;49m██[38;2;164;213;255m██████████[38;2;123;180;222m██[38;2;49;49;49m██[38;2;0;0;0m            
[38;2;0;0;0m      [38;2;49;49;49m██[38;2;123;180;222m██[38;2;164;213;255m████████████[38;2;49;49;49m██[38;2;0;0;0m            
[38;2;0;0;0m      [38;2;49;49;49m██[38;2;164;213;255m████████[38;2;255;255;255m██[38;2;164;213;255m██████[38;2;49;49;49m██[38;2;0;0;0m          
[38;2;0;0;0m      [38;2;49;49;49m██[38;2;82;115;164m██[38;2;123;180;222m██[38;2;164;213;255m██[38;2;255;255;255m██[38;2;49;49;49m██[38;2;255;255;255m██[38;2;164;213;255m████[38;2;49;49;49m██[38;2;0;0;0m  [38;2;49;49;49m██[38;2;0;0;0m      
[38;2;0;0;0m    [38;2;49;49;49m██[38;2;205;172;65m██[38;2;246;246;41m████[38;2;139;139;115m██[38;2;255;255;255m██[38;2;49;49;49m██[38;2;255;255;255m██[38;2;164;213;255m██████[38;2;49;49;49m██[38;2;164;213;255m██[38;2;49;49;49m██[38;2;0;0;0m    
[38;2;0;0;0m  [38;2;49;49;49m██[38;2;246;246;41m██████████[38;2;139;139;115m██[38;2;255;255;255m██[38;2;164;213;255m██[38;2;123;180;222m██[38;2;82;82;82m████[38;2;164;213;255m██[38;2;123;180;222m██[38;2;49;49;49m██[38;2;0;0;0m    
[38;2;0;0;0m    [38;2;49;49;49m████[38;2;205;172;65m████[38;2;82;82;82m████[38;2;123;180;222m██[38;2;82;115;164m██[38;2;82;82;82m██[38;2;123;180;222m██[38;2;82;115;164m██[38;2;82;82;82m████[38;2;164;213;255m██[38;2;49;49;49m██[38;2;0;0;0m  
[38;2;0;0;0m        [38;2;49;49;49m████[38;2;82;115;164m██[38;2;123;180;222m████[38;2;82;115;164m██[38;2;123;180;222m██[38;2;82;115;164m██[38;2;164;213;255m████████[38;2;49;49;49m██[38;2;0;0;0m  
[38;2;0;0;0m          [38;2;49;49;49m██[38;2;123;180;222m██[38;2;82;82;82m██[38;2;123;180;222m██████[38;2;164;213;255m████████[38;2;82;131;246m██[38;2;49;49;49m██[38;2;0;0;0m  
[38;2;0;0;0m        [38;2;49;49;49m██[38;2;82;131;246m██[38;2;82;82;82m██[38;2;82;131;246m██[38;2;82;82;82m██[38;2;123;180;222m██[38;2;82;82;82m██[38;2;164;213;255m██████[38;2;82;115;164m██[38;2;49;49;49m██[38;2;0;0;0m    
[38;2;0;0;0m        [38;2;49;49;49m██[38;2;82;131;246m██████[38;2;82;82;82m██[38;2;82;131;246m████[38;2;82;82;82m██[38;2;49;49;49m██████[38;2;0;0;0m      
[38;2;0;0;0m          [38;2;49;49;49m██[38;2;82;131;246m██[38;2;82;82;82m██[38;2;82;131;246m████████████[38;2;49;49;49m██[38;2;0;0;0m      
[38;2;0;0;0m          [38;2;49;49;49m██[38;2;205;172;65m██[38;2;139;139;115m██[38;2;82;82;82m████[38;2;205;172;65m██[38;2;82;82;82m██[38;2;82;131;246m██[38;2;49;49;49m██[38;2;0;0;0m        
[38;2;0;0;0m            [38;2;49;49;49m██████[38;2;246;246;41m██████[38;2;49;49;49m██[38;2;0;0;0m          
[38;2;0;0;0m                  [38;2;49;49;49m██████[38;2;0;0;0m            
[38;2;0;0;0m                                    [0m
