
[38;2;0;0;0m                                                              
[38;2;0;0;0m                            ██████                            
[38;2;0;0;0m                          ██[38;2;222;90;94m████[38;2;0;0;0m██                            
[38;2;0;0;0m                        ██[38;2;222;90;94m████[38;2;66;66;66m██[38;2;189;189;181m██[38;2;0;0;0m██                          
[38;2;0;0;0m                      ██[38;2;222;90;94m██████[38;2;66;66;66m██[38;2;189;189;181m██[38;2;0;0;0m██                          
[38;2;0;0;0m                      ██[38;2;222;94;94m████[38;2;66;66;66m██[38;2;189;189;181m██[38;2;189;192;181m████[38;2;0;0;0m██                        
[38;2;0;0;0m                ██████  [38;2;0;16;16m██[38;2;74;42;42m██[38;2;66;66;66m████[38;2;189;192;181m████[38;2;0;0;0m██                        
[38;2;0;0;0m              ██[38;2;231;239;239m██[38;2;66;66;66m██[38;2;239;239;239m██[38;2;66;66;66m████[38;2;231;239;239m██[38;2;66;66;66m██[38;2;247;247;247m██[38;2;66;70;66m██[38;2;154;155;143m██[38;2;165;159;149m██[38;2;0;0;0m██                      
[38;2;0;0;0m              ██[38;2;231;239;239m████[38;2;66;66;66m██[38;2;152;152;152m██[38;2;66;66;66m██[38;2;231;239;239m██[38;2;66;66;66m██[38;2;247;247;247m██[38;2;198;198;182m██[38;2;66;70;66m██[38;2;165;159;149m██[38;2;0;0;0m██                      
[38;2;0;0;0m            ██[38;2;231;239;239m██████[38;2;66;66;66m████[38;2;230;238;238m████[38;2;233;233;230m██[38;2;255;255;255m██[38;2;189;189;181m████[38;2;60;60;58m██[38;2;8;8;8m██[38;2;0;0;0m                      
[38;2;0;0;0m            ██[38;2;231;239;239m██████████[38;2;230;238;238m██[38;2;255;255;255m██[38;2;189;189;181m████[38;2;66;66;66m██[38;2;189;189;181m██[38;2;60;60;58m██[38;2;165;165;157m██[38;2;0;0;0m██                    
[38;2;0;0;0m            ██[38;2;231;239;239m██████[38;2;230;238;238m██[38;2;255;255;255m████[38;2;189;189;181m██████[38;2;66;66;66m██[38;2;189;189;181m██[38;2;181;188;181m██[38;2;66;70;66m██[38;2;0;0;0m██                    
[38;2;0;0;0m          ██[38;2;231;239;239m████████[38;2;255;255;255m████[38;2;189;189;181m██████[38;2;66;66;66m████[38;2;189;189;181m██[38;2;66;70;66m██[38;2;239;247;239m██[38;2;0;0;0m██                    
[38;2;0;0;0m          ██[38;2;255;255;255m██████████[38;2;189;189;181m██████[38;2;66;66;58m██[38;2;247;231;151m██[38;2;66;66;66m██[38;2;189;189;181m██[38;2;74;70;66m██[38;2;231;239;239m██[38;2;189;189;181m██[38;2;0;0;0m██                  
[38;2;0;0;0m          ██[38;2;255;255;255m██████[38;2;189;189;181m████████[38;2;0;0;0m██[38;2;156;148;104m██[38;2;247;231;151m██[38;2;66;66;66m████[38;2;231;239;239m██[38;2;152;154;152m██[38;2;189;189;181m██[38;2;0;0;0m██                  
[38;2;0;0;0m            ██[38;2;255;255;255m██[38;2;189;192;181m████[38;2;189;189;181m██[38;2;66;66;66m████[38;2;165;148;93m██[38;2;154;148;125m██[38;2;66;66;58m██[38;2;181;188;181m██[38;2;66;70;66m██[38;2;231;239;239m██[38;2;165;156;149m████[38;2;189;189;181m██[38;2;0;0;0m██                
[38;2;0;0;0m            ██[38;2;255;255;255m██[38;2;189;192;181m████[38;2;66;66;66m██[38;2;189;189;181m██[38;2;66;66;66m████[38;2;66;66;58m██[38;2;198;189;158m██[38;2;66;70;66m██[38;2;239;247;239m██[38;2;165;156;149m██████[38;2;189;189;181m██[38;2;0;0;0m██                
[38;2;0;0;0m            ██[38;2;66;66;66m██[38;2;255;255;255m██[38;2;192;192;192m██[38;2;66;66;66m████[38;2;181;189;189m██[38;2;57;61;73m██[38;2;112;115;131m██[38;2;57;57;73m██[38;2;231;239;239m██[38;2;154;156;162m██[38;2;165;156;149m████████[38;2;181;173;165m██[38;2;0;0;0m██              
[38;2;0;0;0m              ██[38;2;66;66;66m██[38;2;255;255;255m██[38;2;66;66;66m██[38;2;189;189;181m██[38;2;57;61;73m██[38;2;98;104;112m██[38;2;57;57;73m██[38;2;222;231;246m██[38;2;115;115;123m████[38;2;165;156;149m████████[38;2;181;173;165m██[38;2;0;0;0m██              
[38;2;0;0;0m              ██[38;2;184;188;181m██[38;2;74;70;66m██[38;2;66;66;66m██[38;2;189;189;181m██[38;2;66;66;66m████[38;2;231;239;239m██[38;2;165;156;149m██[38;2;165;157;149m████[38;2;115;115;123m██[38;2;165;157;149m██[38;2;151;149;143m██[38;2;189;189;181m██[38;2;181;185;181m████[38;2;0;0;0m██████        
[38;2;0;0;0m        ██████[38;2;66;66;66m██[38;2;239;247;239m██[38;2;184;188;181m██[38;2;66;66;66m████[38;2;231;239;239m██████[38;2;165;156;149m██[38;2;165;157;149m██[38;2;115;115;123m██[38;2;165;157;149m████[38;2;74;70;66m██[38;2;189;189;181m██[38;2;239;247;239m██[38;2;123;123;123m██[38;2;115;121;126m██[38;2;58;60;63m██[38;2;231;239;239m██[38;2;0;0;0m██      
[38;2;0;0;0m    ████[38;2;189;192;181m████[38;2;189;189;181m██[38;2;66;66;66m██[38;2;255;255;255m████[38;2;230;238;238m████████[38;2;239;247;247m██[38;2;164;158;148m██[38;2;165;157;149m██[38;2;115;115;123m████[38;2;165;157;149m██[38;2;165;159;149m██[38;2;66;66;66m██[38;2;115;115;123m██[38;2;231;239;239m████[38;2;66;61;66m██[38;2;239;247;239m██[38;2;184;188;181m██[38;2;0;0;0m██    
[38;2;0;0;0m  ██[38;2;189;189;181m████[38;2;189;192;181m████[38;2;189;189;181m██[38;2;66;66;66m██[38;2;230;238;238m████[38;2;255;255;255m████████[38;2;239;247;247m████[38;2;165;157;149m██████[38;2;115;115;123m██[38;2;165;159;149m██[38;2;66;66;66m██[38;2;231;239;239m██[38;2;115;115;123m██[38;2;121;120;124m██[38;2;231;239;239m██[38;2;74;70;66m██[38;2;184;188;181m██[38;2;165;156;149m██[38;2;0;0;0m██  
[38;2;0;0;0m  ██[38;2;60;63;81m████[38;2;189;189;181m████[38;2;181;188;181m██[38;2;66;70;66m██[38;2;247;255;247m████[38;2;230;238;238m████████████[38;2;164;156;148m████[38;2;165;157;149m██[38;2;115;115;123m██[38;2;152;152;152m██[38;2;66;66;66m██[38;2;115;115;123m██[38;2;255;255;255m██[38;2;231;239;239m████[38;2;66;66;66m██[38;2;189;189;181m██[38;2;165;156;149m██[38;2;0;0;0m██  
[38;2;0;0;0m    ██[38;2;90;94;122m██[38;2;66;66;66m██[38;2;189;189;181m██[38;2;66;70;66m██[38;2;239;247;239m██[38;2;66;66;66m██[38;2;247;255;247m██[38;2;255;255;255m████████████[38;2;189;189;181m██[38;2;164;156;148m██[38;2;115;115;123m██[38;2;165;157;149m██[38;2;66;66;66m██[38;2;239;239;239m██[38;2;255;255;255m████[38;2;231;239;239m████[38;2;189;189;181m██[38;2;66;66;66m██[38;2;0;0;0m██    
[38;2;0;0;0m    ██[38;2;82;90;138m██[38;2;63;63;60m██[38;2;189;189;181m██[38;2;66;66;66m██[38;2;231;239;239m██[38;2;66;66;66m██[38;2;247;255;247m██[38;2;255;255;255m████[38;2;189;192;181m████[38;2;189;189;181m██[38;2;66;66;66m██[38;2;189;189;181m██[38;2;165;156;149m██[38;2;102;108;131m██[38;2;71;68;66m██[38;2;247;255;247m████[38;2;255;255;255m████[38;2;66;66;66m████[38;2;189;189;181m██[38;2;0;0;0m██      
[38;2;0;0;0m      ████[38;2;63;63;60m██[38;2;66;66;66m██[38;2;231;239;239m██[38;2;247;255;247m████[38;2;189;189;181m████[38;2;189;192;181m████[38;2;66;66;66m██[38;2;189;189;181m████[38;2;165;156;149m██[38;2;71;68;66m██[38;2;132;148;196m██[38;2;66;66;66m██[38;2;247;255;247m██[38;2;255;255;255m██[38;2;66;66;66m██[38;2;82;90;138m██[38;2;66;66;66m██[38;2;189;189;181m██[38;2;0;0;0m██      
[38;2;0;0;0m          ██[38;2;66;70;66m██[38;2;239;247;239m██[38;2;66;66;66m████[38;2;189;189;181m████[38;2;189;192;181m████████████[38;2;66;66;66m██[38;2;58;66;90m██[38;2;123;140;195m██[38;2;63;65;76m██[38;2;57;66;89m██[38;2;82;91;138m██[38;2;74;90;138m██[38;2;57;61;65m██[38;2;189;189;181m██[38;2;0;0;0m██      
[38;2;0;0;0m        ██[38;2;189;189;181m██[38;2;181;188;181m██[38;2;66;70;66m██[38;2;123;140;195m████[38;2;66;66;66m████[38;2;189;192;181m████████████[38;2;66;66;66m██[38;2;58;66;90m██[38;2;63;65;76m██[38;2;123;140;195m██[38;2;57;66;89m████[38;2;63;71;89m████[38;2;0;0;0m██        
[38;2;0;0;0m        ██[38;2;189;189;181m████[38;2;74;70;66m██[38;2;123;140;195m████[38;2;57;66;89m████[38;2;66;66;66m████[38;2;63;66;71m██[38;2;189;189;181m████[38;2;66;66;66m██[38;2;189;189;181m██[38;2;66;66;66m██[38;2;74;90;138m██[38;2;63;71;89m██[38;2;82;90;138m██[38;2;58;66;90m██[38;2;57;66;89m██[38;2;65;66;65m██[38;2;0;0;0m██        
[38;2;0;0;0m      ██[38;2;189;189;181m██████[38;2;151;149;143m██[38;2;63;63;66m██[38;2;93;101;130m██[38;2;123;140;195m██[38;2;57;66;89m██[38;2;58;66;90m████[38;2;63;66;71m████[38;2;66;66;66m████[38;2;189;189;181m██[38;2;66;66;66m██[38;2;57;61;65m██[38;2;63;71;89m██[38;2;82;90;138m████[38;2;65;66;65m████[38;2;189;189;181m██[38;2;0;0;0m██      
[38;2;0;0;0m      ██[38;2;165;159;149m████[38;2;165;156;149m████[38;2;165;159;149m██[38;2;66;66;66m██[38;2;82;90;138m████████[38;2;57;66;89m████[38;2;61;66;77m████[38;2;189;192;181m████[38;2;176;188;181m██[38;2;66;70;66m██[38;2;66;66;66m████[38;2;231;239;239m████[38;2;189;189;181m██[38;2;0;0;0m██      
[38;2;0;0;0m    ██[38;2;82;90;138m██[38;2;0;0;0m██[38;2;165;159;149m██[38;2;165;156;149m████[38;2;165;159;149m████[38;2;0;0;0m████████████████[38;2;189;192;181m████[38;2;231;247;239m████[38;2;231;239;239m████[38;2;190;189;182m████[38;2;189;189;181m██[38;2;0;0;0m██      
[38;2;0;0;0m    ████████████████                ██[38;2;189;189;181m██[38;2;162;167;167m██[38;2;239;247;247m██[38;2;231;247;239m██[38;2;176;188;181m██[38;2;66;66;66m████[38;2;189;189;181m██[38;2;0;0;0m██      
[38;2;0;0;0m                                      ██[38;2;8;8;8m██[38;2;239;247;247m██[38;2;231;247;239m██[38;2;66;70;66m██[38;2;123;140;195m████[38;2;0;0;0m██        
[38;2;0;0;0m                                          ████████████        
[38;2;0;0;0m                                                              [0m
