
[38;2;0;0;0m                                        
[38;2;0;0;0m                  ████                  
[38;2;0;0;0m              ████[38;2;156;156;148m██[38;2;0;0;0m██                  
[38;2;0;0;0m            ██[38;2;156;156;148m████[38;2;0;0;0m██                    
[38;2;0;0;0m            ██[38;2;156;156;148m██████[38;2;0;0;0m██                  
[38;2;0;0;0m          ██[38;2;156;156;148m██████[38;2;0;0;0m██                    
[38;2;0;0;0m      ████[38;2;156;156;148m██████████[38;2;0;0;0m██                  
[38;2;0;0;0m    ██[38;2;115;115;115m██[38;2;157;157;149m██[38;2;173;174;160m██[38;2;57;61;65m██[38;2;156;156;148m██████[38;2;66;66;66m██[38;2;0;0;0m████              
[38;2;0;0;0m    ██[38;2;157;157;149m██[38;2;115;115;115m██[38;2;115;118;112m██[38;2;231;231;207m██[38;2;66;66;66m██[38;2;156;156;148m██████[38;2;80;80;72m██[38;2;239;239;215m██[38;2;0;0;0m████          
[38;2;0;0;0m      ██[38;2;239;239;215m██████[38;2;239;247;215m██[38;2;66;70;66m██[38;2;156;156;148m████[38;2;157;157;149m██[38;2;115;115;115m██[38;2;239;239;215m██[38;2;115;115;115m██[38;2;0;0;0m████      
[38;2;0;0;0m    ██[38;2;239;239;215m████████[38;2;239;247;215m██[38;2;181;188;165m██[38;2;66;66;66m██[38;2;156;156;148m██[38;2;157;157;149m████[38;2;156;156;148m████[38;2;77;77;74m██[38;2;154;154;149m██[38;2;0;0;0m██    
[38;2;0;0;0m  ██[38;2;57;59;57m██[38;2;239;239;215m██████[38;2;118;120;115m██[38;2;66;66;66m██[38;2;239;239;215m██[38;2;66;66;66m██[38;2;148;154;137m██[38;2;157;157;149m██[38;2;115;115;115m██[38;2;66;66;66m████[38;2;156;156;148m██████[38;2;0;0;0m██  
[38;2;0;0;0m  ██[38;2;115;119;115m██[38;2;239;239;215m████[38;2;118;120;115m██[38;2;57;61;65m██[38;2;66;66;66m████[38;2;189;198;173m██[38;2;66;66;66m██[38;2;157;157;149m████[38;2;156;156;148m████████[38;2;0;0;0m██    
[38;2;0;0;0m  ██[38;2;66;66;66m██[38;2;189;189;165m██[38;2;239;239;215m██[38;2;57;82;81m██[38;2;231;103;95m██[38;2;156;82;76m██[38;2;66;66;66m██[38;2;189;189;165m██[38;2;66;66;66m██[38;2;156;156;148m████████[38;2;148;148;148m██[38;2;74;74;74m██[38;2;0;0;0m██    
[38;2;0;0;0m    ██[38;2;189;189;165m████[38;2;115;89;86m██[38;2;173;96;90m██[38;2;66;66;66m████[38;2;189;189;165m██[38;2;66;66;66m██[38;2;156;156;148m██[38;2;66;66;66m██[38;2;156;156;148m████[38;2;74;74;74m██[38;2;0;0;0m██      
[38;2;0;0;0m  ██[38;2;154;154;149m██[38;2;66;70;74m██[38;2;154;155;141m██[38;2;156;156;148m██[38;2;66;66;66m████[38;2;156;156;148m██[38;2;66;66;66m██[38;2;115;115;115m██[38;2;157;157;149m████[38;2;66;66;66m████[38;2;115;115;115m██[38;2;0;0;0m██      
[38;2;0;0;0m  ██[38;2;77;77;74m██[38;2;154;155;141m██[38;2;198;198;174m██[38;2;66;66;66m██[38;2;156;156;148m████[38;2;66;66;66m██[38;2;115;115;115m████████████[38;2;0;0;0m██        
[38;2;0;0;0m    ██[38;2;173;173;157m████[38;2;66;66;66m██[38;2;187;187;165m████[38;2;66;66;66m██[38;2;115;118;115m████[38;2;115;115;115m██████[38;2;0;0;0m██          
[38;2;0;0;0m      ████[38;2;126;126;116m██[38;2;66;66;66m████[38;2;126;126;116m██[38;2;115;118;115m████[38;2;115;115;115m██[38;2;66;66;66m██[38;2;0;0;0m██            
[38;2;0;0;0m          ██████[38;2;66;66;66m████[38;2;115;115;115m██[38;2;115;118;115m████[38;2;115;115;115m██[38;2;0;0;0m██          
[38;2;0;0;0m                ██[38;2;115;115;115m████[38;2;115;118;115m████[38;2;0;0;0m██            
[38;2;0;0;0m                  ████████              
[38;2;0;0;0m                                        [0m
