
   [38;2;49;49;49m▄▄▄                      [0m
   [38;2;49;49;49m[48;2;49;49;49m▀[38;2;246;230;41m[48;2;246;230;41m▀[38;2;205;156;90m[48;2;205;156;90m▀[38;2;49;49;49m[48;2;246;230;41m▀[49m▄    ▄▄[48;2;246;230;41m▀▀[48;2;49;49;49m▀[49m           [0m
 [38;2;49;49;49m[48;2;49;49;49m▀[48;2;115;164;90m▀[38;2;82;82;82m▀[38;2;205;156;90m[48;2;82;82;82m▀[38;2;246;230;41m[48;2;246;230;41m▀[48;2;156;98;164m▀[38;2;49;49;49m[48;2;230;164;238m▀▀[48;2;156;98;164m▀[49m▄[48;2;205;156;90m▀[38;2;246;230;41m[48;2;246;230;41m▀[38;2;205;156;90m▀[38;2;246;230;41m[48;2;205;156;90m▀[48;2;49;49;49m▀[38;2;49;49;49m[49m▀      ▄▄▄▄ [0m
 [38;2;49;49;49m[48;2;49;49;49m▀[38;2;115;164;90m[48;2;115;164;90m▀▀[38;2;82;82;82m▀[38;2;156;98;164m[48;2;82;82;82m▀[38;2;230;164;238m[48;2;230;164;238m▀▀[48;2;189;131;180m▀[38;2;189;131;180m▀[38;2;82;82;82m[48;2;82;82;82m▀[38;2;246;230;41m[48;2;205;156;90m▀[38;2;205;156;90m▀[38;2;246;230;41m[48;2;82;82;82m▀[38;2;49;49;49m[48;2;49;49;49m▀[49m  ▄▄▄[48;2;156;205;74m▀▀▀[38;2;115;164;90m▀[48;2;115;164;90m▀▀[38;2;49;49;49m[48;2;49;49;49m▀[49m [0m
  [38;2;49;49;49m[48;2;49;49;49m▀[38;2;82;82;82m[48;2;115;164;90m▀[48;2;82;82;82m▀[38;2;230;164;238m[48;2;230;164;238m▀▀[48;2;189;131;180m▀[38;2;189;131;180m▀▀[48;2;156;98;164m▀[38;2;82;82;82m▀▀[38;2;189;131;180m[48;2;189;131;180m▀[38;2;82;82;82m▀[38;2;49;49;49m[48;2;82;82;82m▀[48;2;156;205;74m▀[38;2;156;205;74m▀[48;2;230;74;41m▀▀▀▀▀[48;2;156;205;74m▀[38;2;115;164;90m[48;2;115;164;90m▀▀[38;2;49;49;49m[48;2;49;49;49m▀[49m [0m
  [38;2;49;49;49m▀[38;2;115;164;90m[48;2;49;49;49m▀[38;2;82;82;82m[48;2;82;82;82m▀[38;2;189;131;180m[48;2;189;131;180m▀[38;2;230;164;238m▀[38;2;189;131;180m▀[38;2;156;98;164m[48;2;82;82;82m▀[48;2;246;230;41m▀[38;2;246;230;41m[48;2;205;156;90m▀[38;2;205;156;90m[48;2;246;230;41m▀[38;2;82;82;82m[48;2;82;82;82m▀[38;2;189;131;180m[48;2;189;131;180m▀▀[38;2;82;82;82m[48;2;156;98;164m▀[38;2;156;205;74m[48;2;82;82;82m▀[38;2;230;74;41m[48;2;156;205;74m▀[48;2;230;74;41m▀[38;2;156;205;74m▀▀[38;2;230;74;41m▀[48;2;156;205;74m▀[38;2;82;82;82m▀[48;2;49;49;49m▀[38;2;49;49;49m[49m▀  [0m
   [38;2;49;49;49m▀[38;2;115;164;90m[48;2;49;49;49m▀[38;2;82;82;82m[48;2;82;82;82m▀[38;2;189;131;180m▀▀[38;2;82;82;82m[48;2;189;131;180m▀[38;2;156;98;164m[48;2;156;98;164m▀[38;2;246;230;41m[48;2;82;82;82m▀[38;2;205;156;90m▀[38;2;82;82;82m[48;2;189;131;180m▀[38;2;189;131;180m[48;2;82;82;82m▀[38;2;82;82;82m[48;2;230;74;41m▀▀[48;2;82;82;82m▀[38;2;156;205;74m[48;2;156;205;74m▀[48;2;230;74;41m▀▀▀[48;2;156;205;74m▀▀[38;2;115;164;90m[48;2;115;164;90m▀▀[38;2;49;49;49m[48;2;49;49;49m▀[49m  [0m
     [38;2;49;49;49m[48;2;49;49;49m▀[38;2;82;82;82m[48;2;230;74;41m▀[38;2;189;131;180m[48;2;82;82;82m▀[48;2;156;98;164m▀▀▀[38;2;156;98;164m[48;2;189;131;180m▀[38;2;82;82;82m▀[38;2;230;74;41m[48;2;82;82;82m▀▀[38;2;82;82;82m[48;2;230;74;41m▀[48;2;82;82;82m▀[48;2;189;131;180m▀[38;2;156;205;74m[48;2;82;82;82m▀[48;2;156;205;74m▀▀[48;2;115;164;90m▀[38;2;115;164;90m▀[38;2;82;82;82m▀[48;2;49;49;49m▀[38;2;49;49;49m[49m▀  [0m
      [38;2;49;49;49m▀[38;2;230;74;41m[48;2;49;49;49m▀[38;2;82;82;82m▀▀[38;2;189;131;180m[48;2;82;82;82m▀▀[38;2;82;82;82m▀[38;2;230;74;41m▀▀[38;2;82;82;82m[48;2;156;98;164m▀[38;2;156;98;164m[48;2;189;131;180m▀[38;2;82;82;82m[48;2;82;82;82m▀[48;2;115;164;90m▀[38;2;115;164;90m▀▀[48;2;49;49;49m▀▀[38;2;49;49;49m[49m▀    [0m
          [38;2;49;49;49m▀▀▀[38;2;156;98;164m[48;2;49;49;49m▀[38;2;82;82;82m▀[38;2;49;49;49m[49m▀[48;2;49;49;49m▀[38;2;82;82;82m▀[38;2;115;164;90m▀[38;2;49;49;49m[49m▀▀       [0m
                            [0m
