
             [38;2;0;0;0m▄[38;2;0;4;0m▄▄[38;2;0;0;0m▄    [0m
          [38;2;0;4;0m▄▄[38;2;0;0;0m[48;2;66;66;66m▀[38;2;198;189;190m[48;2;102;96;94m▀[38;2;121;111;110m[48;2;107;99;91m▀[38;2;181;165;165m[48;2;173;156;157m▀[38;2;173;156;157m[48;2;131;123;115m▀[38;2;0;0;0m▀[49m▄  [0m
     [38;2;0;0;0m▄▄ [38;2;8;8;8m▄[38;2;0;0;0m[48;2;181;165;165m▀[38;2;121;111;110m[48;2;131;123;115m▀[38;2;181;165;165m▀[38;2;173;156;149m▀[38;2;137;126;121m[48;2;173;156;157m▀[38;2;173;156;157m▀[38;2;107;99;91m▀[38;2;173;156;157m[48;2;107;103;91m▀▀[38;2;0;0;0m[48;2;0;0;0m▀[49m  [0m
    [38;2;0;12;32m▄[38;2;0;0;0m[48;2;82;57;42m▀[38;2;255;255;255m[48;2;0;12;32m▀[38;2;0;0;0m[48;2;82;57;42m▀[38;2;66;60;60m[48;2;173;156;157m▀[38;2;123;113;113m[48;2;0;4;0m▀[38;2;173;156;157m[48;2;0;0;0m▀[48;2;170;165;165m▀[48;2;173;156;157m▀▀[48;2;137;129;124m▀[38;2;131;123;115m[48;2;198;189;190m▀[38;2;173;156;157m[48;2;107;101;91m▀[38;2;129;121;113m[48;2;131;125;115m▀[38;2;0;0;0m[48;2;132;126;116m▀[49m▄ [0m
  [38;2;0;0;0m▄[48;2;255;132;55m▀[38;2;247;148;63m[48;2;255;140;47m▀[38;2;82;57;42m▀[38;2;247;148;63m[48;2;66;66;66m▀[38;2;82;57;42m[48;2;255;140;47m▀[38;2;58;55;52m▀[38;2;0;4;0m[48;2;66;66;66m▀[38;2;255;247;247m[48;2;0;4;16m▀[38;2;0;0;0m▀[38;2;107;99;91m[48;2;66;66;66m▀[38;2;173;156;157m▀[38;2;168;159;157m[48;2;173;156;157m▀[38;2;107;99;91m▀[38;2;131;125;115m[48;2;131;125;115m▀▀[38;2;132;126;116m[48;2;140;132;124m▀[38;2;0;0;0m[48;2;0;0;0m▀[49m [0m
 [38;2;0;0;0m▄[48;2;255;140;47m▀[38;2;170;88;37m▀[38;2;255;140;47m[48;2;165;89;66m▀[38;2;66;66;66m[48;2;82;47;37m▀[38;2;255;140;47m[48;2;214;119;70m▀[48;2;145;79;47m▀[48;2;255;140;47m▀[38;2;66;66;66m▀[38;2;247;148;63m[48;2;66;66;66m▀[38;2;82;52;32m[48;2;255;140;47m▀[38;2;66;66;66m▀[48;2;66;66;66m▀[38;2;173;156;157m▀[38;2;107;99;91m[48;2;107;99;91m▀[38;2;107;101;91m▀▀[38;2;93;88;83m[48;2;0;0;0m▀[38;2;0;0;0m[49m▀ [0m
 [38;2;0;0;0m[48;2;0;0;0m▀[38;2;255;140;47m[48;2;255;140;47m▀[38;2;205;115;69m[48;2;0;0;0m▀[38;2;0;4;8m[49m▀▀[38;2;8;0;0m▀[38;2;214;119;70m[48;2;0;0;0m▀[38;2;192;115;56m▀[38;2;66;66;74m[48;2;66;66;66m▀[38;2;255;140;47m[48;2;172;82;52m▀▀[48;2;255;140;47m▀▀[38;2;66;66;66m[48;2;69;48;37m▀[48;2;206;119;78m▀[38;2;107;99;91m[48;2;0;0;0m▀[38;2;0;0;0m[49m▀   [0m
  [38;2;0;0;0m▀      [48;2;0;0;0m▀[38;2;255;140;47m[48;2;239;132;55m▀▀[38;2;172;82;52m[48;2;0;0;0m▀[38;2;255;140;47m▀[38;2;0;12;16m[49m▀[38;2;206;119;78m[48;2;0;0;0m▀[38;2;0;0;0m[49m▀    [0m
         [38;2;0;0;0m▀[38;2;239;132;55m[48;2;0;0;0m▀[38;2;0;0;0m[49m▀         [0m
                     [0m
