
       [38;2;49;49;49m▄▄▄             [0m
     [38;2;49;49;49m▄[48;2;255;255;131m▀[38;2;197;172;98m[48;2;197;172;98m▀[38;2;255;255;131m[48;2;255;255;131m▀[38;2;197;172;98m[48;2;197;172;98m▀[38;2;49;49;49m[48;2;49;49;49m▀[49m            [0m
     [38;2;49;49;49m▀[38;2;255;255;131m[48;2;49;49;49m▀[38;2;197;172;98m[48;2;255;255;131m▀[48;2;197;172;98m▀[38;2;255;255;131m[48;2;255;255;131m▀[38;2;49;49;49m[48;2;57;74;139m▀[49m▄           [0m
   [38;2;49;49;49m▄▄[48;2;123;139;255m▀[48;2;82;98;189m▀[38;2;57;74;139m[48;2;57;74;139m▀[38;2;197;172;98m▀[38;2;57;74;139m[48;2;82;98;189m▀[38;2;82;98;189m▀▀[38;2;49;49;49m▀▀[49m▄        [0m
 [38;2;49;49;49m▄[48;2;180;49;57m▀[38;2;246;82;90m[48;2;255;255;255m▀[48;2;180;49;57m▀[38;2;82;98;189m[48;2;246;82;90m▀[48;2;213;156;0m▀[48;2;255;255;255m▀[48;2;255;205;41m▀[48;2;82;98;189m▀▀▀▀[48;2;255;205;41m▀[48;2;82;98;189m▀[38;2;49;49;49m[48;2;49;49;49m▀[49m       [0m
 [38;2;49;49;49m[48;2;49;49;49m▀[38;2;255;255;255m[48;2;189;189;189m▀[38;2;82;82;82m[48;2;82;82;82m▀[38;2;189;189;189m[48;2;255;255;255m▀[38;2;246;82;90m[48;2;246;82;90m▀[38;2;255;205;41m[48;2;57;74;139m▀[38;2;49;49;49m[48;2;255;255;255m▀[38;2;255;255;255m[48;2;213;156;0m▀[38;2;255;205;41m[48;2;82;98;189m▀[38;2;213;156;0m▀[38;2;82;98;189m▀▀▀[48;2;49;49;49m▀[38;2;49;49;49m[49m▀       [0m
 [38;2;49;49;49m▀[38;2;180;49;57m[48;2;49;49;49m▀[38;2;255;255;255m[48;2;180;49;57m▀[38;2;246;82;90m▀[38;2;180;49;57m[48;2;57;74;139m▀[38;2;57;74;139m[48;2;82;98;189m▀[38;2;82;98;189m▀[48;2;57;74;139m▀▀[38;2;57;74;139m[48;2;197;172;98m▀[38;2;197;172;98m▀[38;2;82;98;189m[48;2;82;98;189m▀[38;2;255;205;41m[48;2;49;49;49m▀[38;2;49;49;49m[49m▀ ▄[48;2;180;49;57m▀[48;2;246;82;90m▀[48;2;180;49;57m▀[48;2;246;82;90m▀[49m▄ [0m
   [38;2;49;49;49m▀▀▀[38;2;57;74;139m[48;2;49;49;49m▀[48;2;197;172;98m▀[38;2;197;172;98m▀[38;2;82;82;82m▀[38;2;197;172;98m[48;2;82;82;82m▀[38;2;57;74;139m[48;2;82;98;189m▀[38;2;82;98;189m[48;2;213;156;0m▀[38;2;49;49;49m[48;2;57;74;139m▀[49m▄▄[48;2;57;74;139m▀[38;2;82;98;189m[48;2;82;98;189m▀[48;2;57;74;139m▀[38;2;246;82;90m[48;2;180;49;57m▀[38;2;180;49;57m[48;2;49;49;49m▀[38;2;49;49;49m[49m▀ [0m
      [38;2;49;49;49m[48;2;49;49;49m▀[38;2;255;255;131m[48;2;197;172;98m▀[38;2;197;172;98m[48;2;255;255;131m▀[38;2;255;255;131m[48;2;49;49;49m▀[38;2;82;82;82m[48;2;197;172;98m▀[38;2;57;74;139m[48;2;57;74;139m▀[38;2;82;98;189m▀▀▀[38;2;57;74;139m[48;2;197;172;98m▀▀[38;2;197;172;98m[48;2;49;49;49m▀[38;2;49;49;49m[49m▀▀   [0m
       [38;2;49;49;49m▀▀ ▀[38;2;197;172;98m[48;2;49;49;49m▀▀▀▀[38;2;49;49;49m[49m▀▀      [0m
                       [0m
