
    [38;2;0;0;0m▄▄▄            [0m
  [38;2;0;0;0m▄[38;2;0;0;8m[48;2;222;181;94m▀[38;2;222;181;94m[48;2;111;90;51m▀[48;2;222;181;94m▀[38;2;0;0;0m[48;2;0;0;0m▀[49m    ▄▄▄  ▄  [0m
  [38;2;0;0;0m[48;2;0;0;0m▀[38;2;222;181;94m[48;2;118;98;70m▀[38;2;118;98;70m[48;2;66;57;58m▀[38;2;165;137;77m[48;2;82;69;42m▀[38;2;0;0;8m[48;2;247;206;111m▀[38;2;0;0;0m[48;2;0;0;0m▀[49m▄[48;2;165;137;74m▀[48;2;247;206;111m▀[38;2;239;214;119m[48;2;123;94;67m▀[48;2;200;174;102m▀[38;2;0;0;8m[48;2;90;66;42m▀[48;2;181;132;77m▀[38;2;0;0;0m[48;2;255;247;215m▀[38;2;255;247;215m▀[38;2;0;0;0m[48;2;0;0;0m▀[49m [0m
 [38;2;0;0;0m▄[48;2;115;90;67m▀[38;2;66;66;66m[48;2;222;181;94m▀[38;2;222;181;94m▀[38;2;231;206;119m[48;2;223;181;95m▀[38;2;223;181;95m▀[38;2;222;189;102m[48;2;222;189;102m▀[38;2;115;90;67m▀[38;2;222;181;94m[48;2;115;90;67m▀[38;2;115;90;67m▀[38;2;118;101;75m[48;2;222;181;94m▀[38;2;222;181;94m[48;2;66;61;66m▀[38;2;66;66;66m[48;2;189;132;61m▀[38;2;189;132;61m▀[38;2;226;197;130m[48;2;198;140;54m▀[38;2;255;255;207m[48;2;226;197;130m▀[38;2;0;0;0m[48;2;0;0;0m▀[49m [0m
 [38;2;0;0;0m[48;2;0;0;0m▀[38;2;255;255;255m▀[38;2;222;181;94m[48;2;222;181;94m▀▀▀[48;2;189;132;61m▀[48;2;115;90;67m▀[48;2;222;181;94m▀[38;2;179;141;77m[48;2;231;181;87m▀[38;2;231;181;87m[48;2;74;61;58m▀[38;2;74;66;66m[48;2;112;88;64m▀[38;2;112;88;64m[48;2;189;132;61m▀[38;2;189;132;69m[48;2;126;88;49m▀[48;2;0;0;8m▀[38;2;189;132;61m[48;2;0;0;0m▀[38;2;0;0;0m[49m▀  [0m
 [38;2;0;0;0m▀[38;2;222;181;94m[48;2;0;0;0m▀[48;2;206;157;78m▀[48;2;222;181;94m▀[38;2;184;156;104m[48;2;184;156;104m▀[38;2;255;255;239m[48;2;148;107;36m▀[38;2;8;0;0m[48;2;8;0;0m▀[38;2;239;189;95m[48;2;162;126;63m▀[38;2;115;91;67m[48;2;115;91;67m▀[38;2;231;206;119m[48;2;231;206;119m▀[38;2;118;88;62m[48;2;239;198;103m▀[38;2;178;143;82m[48;2;118;88;62m▀[38;2;189;132;61m[48;2;189;132;61m▀[38;2;0;0;0m[48;2;0;0;0m▀[49m    [0m
 [38;2;0;0;0m[48;2;0;0;0m▀[38;2;255;247;215m[48;2;255;247;215m▀[38;2;115;90;67m▀▀[38;2;189;132;61m▀▀[38;2;173;142;93m[48;2;214;199;142m▀[38;2;132;86;44m[48;2;255;255;191m▀[38;2;255;247;215m[48;2;255;247;215m▀[38;2;230;206;118m[48;2;230;206;118m▀[38;2;231;198;111m[48;2;66;53;58m▀[38;2;121;101;76m[48;2;121;101;76m▀[38;2;189;132;61m[48;2;189;132;61m▀▀[38;2;0;0;0m[48;2;0;0;0m▀[49m   [0m
  [38;2;0;0;0m▀[38;2;255;255;207m[48;2;0;0;0m▀[38;2;170;170;138m[48;2;85;85;69m▀[38;2;255;247;215m[48;2;230;206;118m▀▀[38;2;211;201;158m[48;2;255;255;207m▀[38;2;255;255;207m[48;2;123;94;59m▀[38;2;247;206;111m[48;2;170;140;77m▀[38;2;93;74;42m[48;2;16;8;8m▀[38;2;0;0;0m[49m▀▀[38;2;121;88;46m[48;2;0;0;0m▀[38;2;181;132;69m▀[38;2;0;0;0m[49m▀   [0m
    [38;2;0;0;0m▀[38;2;181;132;77m[48;2;0;0;8m▀[38;2;90;66;42m▀[38;2;74;61;58m[48;2;231;173;79m▀[38;2;179;136;72m[48;2;179;136;72m▀[38;2;0;0;0m[48;2;0;0;0m▀[49m         [0m
       [38;2;0;0;0m▀▀          [0m
