
          [38;2;0;0;0m▄▄▄▄▄▄▄▄          [0m
      [38;2;0;0;0m▄▄[48;2;255;255;255m▀[48;2;255;255;231m▀[38;2;255;255;231m▀[38;2;255;255;255m[48;2;255;238;183m▀[48;2;255;255;255m▀▀▀▀▀▀[38;2;0;0;0m▀▀[49m▄▄      [0m
    [38;2;0;0;0m▄[48;2;255;255;255m▀[38;2;255;255;255m▀▀▀[38;2;165;107;61m▀▀[38;2;255;255;255m▀▀▀▀▀▀▀▀▀▀▀[38;2;0;0;0m▀[49m▄    [0m
   [38;2;0;0;0m[48;2;0;0;0m▀[38;2;255;255;255m[48;2;255;255;255m▀▀▀▀▀▀▀▀▀▀▀[48;2;173;115;61m▀[48;2;228;208;190m▀[48;2;255;255;255m▀▀▀▀▀▀▀[38;2;0;0;0m[48;2;0;0;0m▀[49m   [0m
  [38;2;0;0;0m[48;2;0;0;0m▀[38;2;255;255;255m[48;2;255;255;255m▀[38;2;228;208;190m[48;2;173;115;61m▀[38;2;173;115;61m[48;2;228;208;190m▀[38;2;255;255;255m[48;2;255;255;255m▀[48;2;66;66;66m▀[48;2;255;255;255m▀▀▀▀▀▀▀[38;2;228;208;190m▀[38;2;173;115;61m▀[38;2;255;255;255m▀▀▀▀[38;2;165;111;61m[48;2;165;111;61m▀[38;2;255;255;255m[48;2;225;207;190m▀[48;2;255;255;255m▀▀[38;2;0;0;0m[48;2;0;0;0m▀[49m  [0m
 [38;2;0;0;0m[48;2;0;0;0m▀[38;2;255;255;255m[48;2;255;255;255m▀▀▀[38;2;255;255;231m[48;2;66;70;50m▀[38;2;66;70;50m[48;2;160;162;140m▀[38;2;181;173;85m[48;2;181;173;85m▀[38;2;66;66;66m[48;2;66;66;66m▀[38;2;255;255;255m[48;2;255;255;255m▀▀▀▀▀[48;2;66;66;66m▀[38;2;66;66;66m[48;2;181;173;85m▀▀[38;2;255;255;255m[48;2;66;66;66m▀[48;2;255;255;255m▀▀▀▀[38;2;255;238;183m▀[38;2;255;255;255m▀▀▀[38;2;0;0;0m[48;2;0;0;0m▀[49m [0m
 [38;2;0;0;0m[48;2;0;0;0m▀[38;2;247;255;247m[48;2;82;85;82m▀[38;2;255;255;255m[48;2;255;255;255m▀[48;2;66;66;66m▀[38;2;66;66;66m[48;2;181;176;85m▀[38;2;181;176;85m▀▀▀[38;2;66;66;66m[48;2;66;66;66m▀[38;2;255;255;255m[48;2;255;255;255m▀[38;2;255;255;231m[48;2;66;70;50m▀[38;2;66;70;50m[48;2;160;162;140m▀[38;2;66;66;66m[48;2;181;176;85m▀[38;2;181;176;85m▀▀▀[38;2;66;66;66m[48;2;66;66;66m▀[38;2;255;255;255m[48;2;255;255;255m▀▀▀[48;2;255;238;183m▀[48;2;255;255;255m▀▀▀▀[38;2;0;0;0m[48;2;0;0;0m▀[49m [0m
 [38;2;0;0;0m[48;2;0;0;0m▀[38;2;181;173;85m[48;2;181;173;85m▀[38;2;66;66;66m▀▀[38;2;181;176;85m[48;2;181;176;85m▀[48;2;66;66;66m▀▀[48;2;181;176;85m▀▀[38;2;66;66;66m▀[38;2;181;176;85m▀▀▀▀▀▀[38;2;66;66;66m[48;2;66;66;66m▀[38;2;255;255;255m[48;2;255;255;255m▀▀▀[38;2;225;207;190m▀[38;2;165;111;61m[48;2;165;111;61m▀[38;2;255;255;255m[48;2;255;255;255m▀[38;2;255;238;183m[48;2;255;238;183m▀[38;2;255;239;183m[48;2;255;239;183m▀[38;2;0;0;0m[48;2;0;0;0m▀[49m [0m
  [38;2;0;0;0m[48;2;0;0;0m▀[38;2;181;176;85m[48;2;66;66;66m▀[48;2;181;176;85m▀[38;2;66;66;66m[48;2;66;66;66m▀[38;2;123;140;67m[48;2;123;140;67m▀[38;2;239;239;175m[48;2;239;239;175m▀[38;2;66;66;66m[48;2;66;66;66m▀[38;2;181;176;85m[48;2;181;176;85m▀▀[38;2;160;158;108m[48;2;74;70;58m▀[38;2;74;70;58m[48;2;247;247;159m▀[38;2;66;70;66m[48;2;124;126;73m▀[38;2;181;183;80m[48;2;66;70;66m▀[38;2;181;176;85m[48;2;181;176;85m▀▀▀[38;2;66;66;66m▀[38;2;66;66;63m[48;2;181;173;77m▀[48;2;123;119;70m▀[38;2;255;239;183m[48;2;66;66;66m▀[48;2;255;239;183m▀▀▀[38;2;0;0;0m[48;2;0;0;0m▀[49m  [0m
  [38;2;0;0;0m[48;2;0;0;0m▀[38;2;123;115;51m[48;2;123;115;51m▀[38;2;66;66;66m[48;2;66;66;66m▀[38;2;228;211;185m[48;2;200;167;123m▀[38;2;173;123;61m[48;2;255;255;247m▀[38;2;165;107;61m[48;2;165;107;61m▀[38;2;239;239;175m[48;2;239;239;175m▀[38;2;66;66;66m▀▀[38;2;239;239;175m[48;2;165;107;61m▀▀[38;2;123;140;67m[48;2;239;239;175m▀[38;2;239;239;175m▀[38;2;66;66;63m[48;2;66;66;63m▀[38;2;181;173;77m[48;2;123;119;70m▀[38;2;181;173;85m[48;2;124;115;52m▀[38;2;124;115;52m▀[38;2;129;124;89m[48;2;66;66;50m▀[38;2;66;66;50m[48;2;255;239;167m▀[38;2;255;239;183m[48;2;255;239;183m▀▀▀[38;2;0;0;0m[48;2;0;0;0m▀[49m   [0m
   [38;2;0;0;0m▀[38;2;255;214;71m[48;2;0;0;0m▀[38;2;66;70;74m[48;2;255;231;95m▀[38;2;192;177;88m[48;2;66;70;74m▀[38;2;200;189;128m[48;2;200;189;128m▀[38;2;247;239;167m[48;2;107;90;51m▀[38;2;239;239;175m[48;2;195;189;134m▀[48;2;107;90;51m▀[38;2;255;255;239m[48;2;210;183;142m▀[38;2;165;111;45m▀[38;2;144;123;84m[48;2;214;189;118m▀[38;2;214;189;118m[48;2;74;57;50m▀[38;2;66;66;66m[48;2;255;214;71m▀▀[38;2;123;115;51m[48;2;66;66;66m▀[38;2;66;66;66m[48;2;123;115;51m▀[38;2;255;239;183m[48;2;66;66;66m▀[48;2;255;239;183m▀▀[48;2;0;0;0m▀[38;2;0;0;0m[49m▀    [0m
    [38;2;0;0;0m▀[38;2;255;214;71m[48;2;0;0;0m▀[48;2;255;214;71m▀[38;2;66;70;74m[48;2;255;231;95m▀[38;2;192;177;88m[48;2;66;70;74m▀[38;2;113;104;78m[48;2;66;61;58m▀[38;2;206;189;118m▀[38;2;192;177;88m[48;2;66;70;74m▀[38;2;66;70;74m[48;2;255;231;95m▀[38;2;66;61;58m[48;2;255;214;63m▀[38;2;255;214;63m[48;2;160;137;60m▀[38;2;255;214;71m[48;2;66;66;66m▀[38;2;66;66;66m[48;2;129;115;68m▀[38;2;115;111;67m[48;2;0;0;0m▀[38;2;77;74;45m▀[38;2;255;239;183m▀[38;2;0;0;0m[49m▀▀      [0m
    [38;2;0;0;0m[48;2;0;0;0m▀[38;2;255;214;71m[48;2;255;214;71m▀[48;2;66;66;66m▀[38;2;164;123;44m[48;2;255;214;71m▀[38;2;255;214;71m▀[48;2;66;66;66m▀[48;2;255;214;71m▀[38;2;164;123;44m▀[38;2;255;214;71m[48;2;164;123;44m▀[38;2;255;217;71m[48;2;255;217;71m▀▀[38;2;255;214;71m[48;2;255;214;71m▀[38;2;0;0;0m▀[49m▄          [0m
     [38;2;0;0;0m[48;2;0;0;0m▀[38;2;123;140;67m[48;2;123;140;67m▀[38;2;66;66;66m▀[48;2;66;66;66m▀[38;2;123;140;67m[48;2;123;140;67m▀[38;2;66;66;66m▀[38;2;66;74;66m[48;2;129;123;68m▀[38;2;255;222;71m[48;2;66;74;66m▀▀[38;2;66;74;66m[48;2;129;123;68m▀[38;2;63;69;44m[48;2;126;137;81m▀[38;2;0;0;8m[48;2;0;0;8m▀[49m           [0m
      [38;2;0;0;0m▀[38;2;123;140;67m[48;2;0;0;0m▀[38;2;0;0;0m[49m▀[38;2;123;140;67m[48;2;0;0;0m▀[48;2;123;140;67m▀[38;2;82;90;42m[48;2;0;0;0m▀[38;2;0;0;0m[49m▀▀[38;2;123;140;67m[48;2;0;0;0m▀▀▀[38;2;0;0;0m[49m▀          [0m
          [38;2;0;0;0m▀▀                [0m
