
[38;2;0;0;0m                                                        
[38;2;0;0;0m        [38;2;49;49;49m████████[38;2;0;0;0m  [38;2;49;49;49m████[38;2;0;0;0m                                  
[38;2;0;0;0m      [38;2;49;49;49m██[38;2;238;156;156m██[38;2;230;74;41m██[38;2;82;82;82m████[38;2;49;49;49m██[38;2;246;246;172m██[38;2;246;230;41m██[38;2;49;49;49m██[38;2;0;0;0m                                
[38;2;0;0;0m      [38;2;49;49;49m██[38;2;230;74;41m████[38;2;49;49;49m████[38;2;82;82;82m██[38;2;246;230;41m████[38;2;82;82;82m██[38;2;49;49;49m████████[38;2;0;0;0m                        
[38;2;0;0;0m        [38;2;49;49;49m████[38;2;0;0;0m    [38;2;49;49;49m██[38;2;82;82;82m██[38;2;197;172;90m██[38;2;82;82;82m██[38;2;246;230;41m████████[38;2;49;49;49m████[38;2;0;0;0m                    
[38;2;0;0;0m                [38;2;49;49;49m██[38;2;246;230;41m████████████████[38;2;82;82;82m██[38;2;49;49;49m██[38;2;0;0;0m      [38;2;49;49;49m████[38;2;0;0;0m        
[38;2;0;0;0m            [38;2;49;49;49m████[38;2;197;172;90m██[38;2;246;230;41m██████████████[38;2;82;82;82m██[38;2;246;246;172m██[38;2;246;230;41m██[38;2;49;49;49m██[38;2;0;0;0m  [38;2;49;49;49m██[38;2;238;156;156m██[38;2;230;74;41m██[38;2;49;49;49m██[38;2;0;0;0m      
[38;2;0;0;0m        [38;2;49;49;49m████[38;2;82;82;82m████[38;2;246;230;41m████████████████[38;2;82;82;82m██[38;2;246;230;41m████[38;2;82;82;82m██[38;2;49;49;49m████[38;2;230;74;41m████[38;2;82;82;82m██[38;2;49;49;49m██[38;2;0;0;0m    
[38;2;0;0;0m      [38;2;49;49;49m██[38;2;197;172;90m██[38;2;82;82;82m██[38;2;246;230;41m██[38;2;82;82;82m██[38;2;156;139;74m██[38;2;246;230;41m████[38;2;82;82;82m████[38;2;246;230;41m████████[38;2;82;82;82m████[38;2;246;230;41m██[38;2;49;49;49m██[38;2;0;0;0m  [38;2;49;49;49m██[38;2;82;82;82m████[38;2;49;49;49m██[38;2;0;0;0m    
[38;2;0;0;0m    [38;2;49;49;49m██[38;2;197;172;90m██[38;2;82;82;82m██[38;2;246;230;41m████[38;2;82;82;82m████[38;2;255;255;255m██[38;2;230;74;41m██[38;2;82;82;82m████[38;2;246;230;41m████████████[38;2;82;82;82m████[38;2;49;49;49m██[38;2;82;82;82m██████[38;2;49;49;49m██[38;2;0;0;0m    
[38;2;0;0;0m    [38;2;49;49;49m██[38;2;156;139;74m██[38;2;197;172;90m██[38;2;82;82;82m██[38;2;246;230;41m████[38;2;82;82;82m██[38;2;49;49;49m██[38;2;230;74;41m██[38;2;246;230;41m████████████[38;2;156;139;74m██[38;2;82;82;82m██████[38;2;246;230;41m██[38;2;82;82;82m████[38;2;49;49;49m██[38;2;0;0;0m      
[38;2;0;0;0m    [38;2;49;49;49m██[38;2;82;82;82m██[38;2;156;139;74m██[38;2;82;82;82m██[38;2;246;230;41m██████[38;2;82;82;82m██[38;2;197;172;90m██[38;2;246;230;41m████[38;2;49;49;49m██[38;2;230;74;41m██[38;2;255;255;255m██[38;2;82;82;82m████████[38;2;246;230;41m██████[38;2;49;49;49m██[38;2;0;0;0m        
[38;2;0;0;0m  [38;2;49;49;49m██[38;2;82;82;82m██████[38;2;197;172;90m██[38;2;82;82;82m██[38;2;246;230;41m██[38;2;82;82;82m██[38;2;255;255;255m██[38;2;82;82;82m████[38;2;197;172;90m██[38;2;82;82;82m████[38;2;230;74;41m██[38;2;82;82;82m████[38;2;156;139;74m██[38;2;246;230;41m██████[38;2;82;82;82m██[38;2;197;172;90m██[38;2;49;49;49m██[38;2;0;0;0m      
[38;2;0;0;0m  [38;2;49;49;49m████[38;2;82;82;82m████[38;2;197;172;90m████[38;2;49;49;49m██[38;2;82;82;82m████[38;2;189;189;189m██[38;2;255;255;255m██[38;2;82;82;82m████[38;2;246;230;41m████████████[38;2;156;139;74m██[38;2;246;230;41m██[38;2;82;82;82m██[38;2;197;172;90m██[38;2;246;230;41m██[38;2;49;49;49m██[38;2;0;0;0m    
[38;2;0;0;0m      [38;2;49;49;49m██[38;2;82;82;82m██[38;2;49;49;49m████[38;2;0;0;0m  [38;2;49;49;49m██[38;2;246;230;41m██[38;2;82;82;82m████[38;2;189;189;189m██[38;2;255;255;255m██[38;2;82;82;82m██[38;2;246;230;41m██████[38;2;156;139;74m██[38;2;246;230;41m██[38;2;82;82;82m████[38;2;197;172;90m██[38;2;246;230;41m██[38;2;49;49;49m██[38;2;0;0;0m      
[38;2;0;0;0m      [38;2;49;49;49m████[38;2;0;0;0m    [38;2;49;49;49m██[38;2;246;230;41m████[38;2;82;82;82m██████████[38;2;246;230;41m██[38;2;82;82;82m██[38;2;246;230;41m██[38;2;82;82;82m████[38;2;197;172;90m████[38;2;246;230;41m██████[38;2;49;49;49m██[38;2;0;0;0m    
[38;2;0;0;0m            [38;2;49;49;49m██[38;2;197;172;90m██[38;2;156;139;74m██[38;2;246;230;41m██[38;2;82;82;82m████[38;2;246;230;41m██[38;2;156;139;74m██[38;2;82;82;82m████[38;2;197;172;90m██[38;2;82;82;82m██[38;2;197;172;90m████[38;2;246;230;41m██████[38;2;82;82;82m██[38;2;49;49;49m██[38;2;0;0;0m      
[38;2;0;0;0m            [38;2;49;49;49m██[38;2;197;172;90m████[38;2;156;139;74m██[38;2;82;82;82m████[38;2;246;230;41m██[38;2;82;82;82m████████[38;2;246;230;41m████████[38;2;82;82;82m██[38;2;246;230;41m██[38;2;82;82;82m██[38;2;197;172;90m██[38;2;49;49;49m██[38;2;0;0;0m    
[38;2;0;0;0m              [38;2;49;49;49m██[38;2;82;82;82m██[38;2;197;172;90m██[38;2;49;49;49m██[38;2;82;82;82m██[38;2;197;172;90m██[38;2;246;230;41m██[38;2;82;82;82m██████[38;2;246;230;41m██[38;2;82;82;82m██[38;2;246;230;41m██[38;2;82;82;82m██████[38;2;197;172;90m██[38;2;246;230;41m██[38;2;82;82;82m██[38;2;49;49;49m██[38;2;0;0;0m  
[38;2;0;0;0m                [38;2;49;49;49m████[38;2;0;0;0m  [38;2;49;49;49m████[38;2;197;172;90m██████[38;2;82;82;82m████[38;2;197;172;90m██[38;2;49;49;49m████[38;2;197;172;90m████[38;2;246;230;41m██[38;2;115;115;115m██[38;2;49;49;49m████[38;2;0;0;0m  
[38;2;0;0;0m                          [38;2;49;49;49m██[38;2;246;230;41m██████████[38;2;49;49;49m██[38;2;0;0;0m  [38;2;49;49;49m██[38;2;246;230;41m██[38;2;82;82;82m██[38;2;115;115;115m██[38;2;49;49;49m██[38;2;0;0;0m    
[38;2;0;0;0m                          [38;2;49;49;49m██[38;2;246;230;41m██[38;2;82;82;82m██████[38;2;246;230;41m██[38;2;49;49;49m██[38;2;0;0;0m  [38;2;49;49;49m██[38;2;115;115;115m██[38;2;49;49;49m██████[38;2;0;0;0m    
[38;2;0;0;0m                          [38;2;49;49;49m██[38;2;82;82;82m██[38;2;255;255;255m██[38;2;49;49;49m██[38;2;255;255;255m██[38;2;82;82;82m██[38;2;49;49;49m██[38;2;0;0;0m    [38;2;49;49;49m████[38;2;0;0;0m        
[38;2;0;0;0m                            [38;2;49;49;49m██████████[38;2;0;0;0m                  
[38;2;0;0;0m                                                        [0m
