
                 [38;2;0;0;0m▄   [0m
        [38;2;0;0;0m▄▄▄▄▄   [48;2;0;16;32m▀[38;2;247;231;47m[48;2;239;239;63m▀[38;2;0;0;0m[48;2;0;0;0m▀[49m  [0m
    [38;2;0;0;0m▄▄[48;2;132;206;108m▀▀[38;2;132;206;108m▀▀▀[48;2;66;66;66m▀▀[38;2;0;0;0m▀[38;2;0;0;16m[49m▄[38;2;0;0;0m[48;2;0;0;16m▀[38;2;239;239;63m[48;2;99;156;107m▀[38;2;119;127;47m▀[38;2;0;0;0m[48;2;0;0;0m▀[49m  [0m
  [38;2;0;0;0m▄[48;2;132;206;108m▀[38;2;132;206;108m▀▀▀▀[48;2;49;82;89m▀[38;2;66;66;66m[48;2;107;137;83m▀[48;2;132;206;108m▀[38;2;132;206;108m▀[48;2;132;209;108m▀▀[38;2;247;231;63m[48;2;239;239;55m▀[38;2;82;77;32m[48;2;57;74;81m▀[38;2;66;66;66m[48;2;99;149;101m▀[38;2;99;156;107m[48;2;66;70;74m▀[38;2;0;0;0m[48;2;99;156;107m▀[48;2;0;0;0m▀[49m [0m
 [38;2;0;0;0m[48;2;0;0;0m▀[38;2;132;206;108m[48;2;132;214;116m▀▀[48;2;98;156;106m▀▀[48;2;162;200;87m▀[38;2;66;66;66m▀[38;2;222;247;70m[48;2;247;231;47m▀[38;2;164;192;76m[48;2;140;181;108m▀[38;2;132;206;108m[48;2;148;166;68m▀[48;2;239;247;55m▀[38;2;132;209;108m[48;2;239;239;55m▀[38;2;247;231;47m[48;2;57;74;81m▀[38;2;57;74;81m[48;2;99;149;93m▀[38;2;118;129;72m[48;2;115;189;107m▀[38;2;115;189;115m[48;2;115;181;107m▀[38;2;99;149;101m▀[38;2;99;156;107m[48;2;0;0;0m▀[38;2;0;0;0m[49m▀ [0m
  [38;2;0;4;8m[48;2;0;0;0m▀[38;2;88;144;80m[48;2;247;231;47m▀[38;2;247;231;47m▀[38;2;98;156;106m▀[38;2;162;200;87m[48;2;0;12;0m▀[38;2;255;255;255m[48;2;231;255;215m▀[38;2;176;198;88m[48;2;132;206;108m▀[38;2;247;231;47m▀[38;2;239;247;55m[48;2;99;149;101m▀[38;2;57;86;81m[48;2;115;189;115m▀[38;2;57;74;81m[48;2;115;181;107m▀[38;2;118;129;72m▀[38;2;66;70;66m[48;2;99;156;107m▀[38;2;115;189;107m[48;2;0;0;0m▀[38;2;115;181;107m[48;2;99;157;107m▀[38;2;99;157;107m▀[38;2;0;0;0m[48;2;0;0;0m▀[49m  [0m
 [38;2;0;0;0m[48;2;0;0;0m▀[38;2;247;231;47m[48;2;231;255;79m▀[48;2;154;171;55m▀[38;2;132;209;108m[48;2;132;206;108m▀[48;2;189;66;101m▀[38;2;154;174;143m[48;2;132;123;92m▀[48;2;170;167;144m▀[38;2;132;206;108m[48;2;99;156;107m▀[38;2;99;156;107m[48;2;0;0;0m▀[38;2;66;70;74m[48;2;8;0;8m▀[38;2;99;149;101m[48;2;52;69;44m▀[38;2;115;181;107m[48;2;104;165;109m▀[38;2;99;157;107m▀[38;2;0;0;0m[48;2;0;0;0m▀[49m▀[38;2;115;181;107m[48;2;0;0;0m▀[38;2;132;206;108m▀[38;2;0;0;0m[49m▀  [0m
  [38;2;0;4;8m▀▀[38;2;189;66;101m[48;2;0;0;0m▀▀[38;2;247;255;247m▀[38;2;132;123;92m▀[38;2;0;0;0m[49m▀ [38;2;8;0;8m▀[38;2;140;206;116m[48;2;0;0;0m▀[38;2;104;165;109m▀[38;2;0;0;0m[49m▀       [0m
                     [0m
