
         [38;2;49;49;49m▄▄            [0m
       [38;2;49;49;49m▄[48;2;246;246;172m▀[38;2;246;246;172m[48;2;82;82;82m▀[38;2;246;230;41m[48;2;238;189;16m▀[38;2;49;49;49m[48;2;49;49;49m▀[49m   ▄▄      [0m
       [38;2;49;49;49m[48;2;49;49;49m▀[38;2;246;246;172m[48;2;246;230;41m▀[38;2;82;82;82m[48;2;238;189;16m▀[38;2;238;189;16m▀[38;2;49;49;49m[48;2;49;49;49m▀[49m▄▄[48;2;246;246;172m▀[38;2;246;246;172m[48;2;82;82;82m▀[38;2;246;230;41m[48;2;238;189;16m▀[38;2;49;49;49m[48;2;49;49;49m▀[49m     [0m
       [38;2;49;49;49m[48;2;49;49;49m▀[38;2;246;230;41m[48;2;131;98;16m▀[38;2;131;98;16m[48;2;246;230;41m▀[48;2;246;246;172m▀[38;2;238;189;16m▀[48;2;238;189;16m▀[38;2;82;82;82m[48;2;82;82;82m▀[38;2;246;246;172m[48;2;246;246;172m▀[38;2;82;82;82m[48;2;238;189;16m▀[38;2;238;189;16m▀[38;2;49;49;49m[48;2;49;49;49m▀[49m     [0m
     [38;2;49;49;49m▄[48;2;131;98;16m▀[38;2;238;189;16m[48;2;255;255;255m▀[38;2;246;230;41m[48;2;238;189;16m▀[48;2;246;230;41m▀▀▀[38;2;82;82;82m▀[38;2;246;246;172m▀[38;2;246;230;41m▀▀[38;2;82;82;82m[48;2;238;189;16m▀[38;2;49;49;49m[48;2;49;49;49m▀[49m     [0m
  [38;2;49;49;49m▄[48;2;82;82;82m▀[48;2;238;189;16m▀[48;2;82;82;82m▀[38;2;246;230;41m[48;2;246;230;41m▀[48;2;172;139;65m▀[38;2;49;49;49m[48;2;246;230;41m▀[38;2;246;230;41m▀▀[48;2;49;49;49m▀[38;2;255;255;255m[48;2;255;255;255m▀[38;2;238;189;16m[48;2;238;189;16m▀[38;2;246;230;41m[48;2;246;230;41m▀▀▀[38;2;238;189;16m[48;2;238;189;16m▀[38;2;49;49;49m[48;2;49;49;49m▀[49m    [0m
 [38;2;49;49;49m[48;2;49;49;49m▀[38;2;238;189;16m[48;2;255;255;255m▀[38;2;82;82;82m[48;2;238;189;16m▀[38;2;238;189;16m[48;2;82;82;82m▀[38;2;82;82;82m[48;2;49;49;49m▀[48;2;238;189;16m▀[38;2;246;230;41m▀[38;2;172;139;65m[48;2;246;230;41m▀[38;2;238;189;16m▀[38;2;246;230;41m[48;2;172;139;65m▀[38;2;172;139;65m[48;2;246;230;41m▀[38;2;246;230;41m▀▀▀[48;2;82;82;82m▀[38;2;238;189;16m▀[38;2;131;98;16m▀[38;2;49;49;49m[48;2;238;189;16m▀[49m▄   [0m
  [38;2;49;49;49m▀[38;2;255;255;255m[48;2;49;49;49m▀[38;2;238;189;16m▀[38;2;49;49;49m[49m▀[38;2;82;82;82m[48;2;49;49;49m▀[38;2;238;189;16m[48;2;238;189;16m▀[38;2;82;82;82m[48;2;82;82;82m▀▀[38;2;246;230;41m▀[48;2;238;189;16m▀[38;2;82;82;82m▀▀▀[38;2;238;189;16m[48;2;82;82;82m▀[38;2;82;82;82m▀[48;2;246;230;41m▀[38;2;246;230;41m[48;2;82;82;82m▀▀[38;2;49;49;49m▀[49m▄ [0m
     [38;2;49;49;49m[48;2;49;49;49m▀[38;2;131;98;16m[48;2;238;189;16m▀[38;2;82;82;82m▀[38;2;238;189;16m[48;2;49;49;49m▀[38;2;82;82;82m▀[38;2;238;189;16m[48;2;238;189;16m▀▀[38;2;82;82;82m▀[48;2;131;98;16m▀[48;2;49;49;49m▀[38;2;131;98;16m▀[38;2;49;49;49m[49m▀[38;2;82;82;82m[48;2;49;49;49m▀[38;2;246;230;41m[48;2;238;189;16m▀[48;2;255;255;255m▀[48;2;238;189;16m▀[38;2;49;49;49m[48;2;49;49;49m▀[49m [0m
      [38;2;49;49;49m▀▀  ▀▀[48;2;49;49;49m▀[38;2;82;82;82m[48;2;238;189;16m▀[38;2;238;189;16m▀[38;2;49;49;49m[48;2;49;49;49m▀[49m ▀[38;2;255;255;255m[48;2;49;49;49m▀[38;2;238;189;16m▀[38;2;255;255;255m▀[38;2;49;49;49m[49m▀ [0m
             [38;2;49;49;49m▀▀        [0m
