
[38;2;0;0;0m                              
[38;2;0;0;0m          ██████              
[38;2;0;0;0m        ██[38;2;107;189;171m██[38;2;165;231;229m████[38;2;0;0;0m████          
[38;2;0;0;0m      ██[38;2;165;231;229m██████[38;2;115;148;147m██[38;2;165;231;229m██[38;2;107;189;171m██[38;2;0;0;0m██        
[38;2;0;0;0m    ██[38;2;165;231;229m████████[38;2;115;148;147m██[38;2;165;231;229m████[38;2;66;66;66m██[38;2;0;0;0m        
[38;2;0;0;0m    ██[38;2;165;231;229m████████[38;2;107;189;171m██[38;2;165;231;229m██████[38;2;0;0;0m██      
[38;2;0;0;0m  ██[38;2;165;231;229m██[38;2;110;154;153m██[38;2;165;231;229m██[38;2;115;148;147m██[38;2;165;231;229m████[38;2;107;189;171m██[38;2;165;231;229m████[38;2;0;0;0m██      
[38;2;0;0;0m  ██[38;2;165;231;229m██[38;2;115;148;147m██[38;2;165;231;229m██[38;2;115;148;147m██[38;2;165;231;229m██[38;2;115;148;147m██[38;2;165;231;229m██[38;2;107;189;171m██[38;2;110;154;153m██[38;2;0;0;0m██      
[38;2;0;0;0m  ██[38;2;115;148;147m██[38;2;165;231;229m██[38;2;115;148;147m██[38;2;165;231;229m██[38;2;115;148;147m██[38;2;165;231;229m████████[38;2;0;0;0m██      
[38;2;0;0;0m  ██[38;2;165;231;229m████[38;2;115;148;147m██[38;2;165;231;229m██[38;2;115;148;147m██[38;2;165;231;229m██████[38;2;110;170;158m██[38;2;0;0;0m██      
[38;2;0;0;0m  ██[38;2;115;148;147m██[38;2;165;231;229m████████████[38;2;115;148;147m██[38;2;110;170;158m██[38;2;0;0;0m██      
[38;2;0;0;0m    [38;2;0;12;0m██[38;2;239;255;239m██[38;2;16;189;16m██[38;2;115;195;153m██[38;2;127;185;139m████[38;2;107;156;147m██[38;2;165;231;229m██[38;2;107;189;171m██[38;2;0;0;0m██      
[38;2;0;0;0m    [38;2;0;12;0m██[38;2;80;93;80m██[38;2;16;189;16m██[38;2;165;198;221m██[38;2;247;214;255m██[38;2;8;156;24m██[38;2;165;231;229m██[38;2;126;181;174m██[38;2;0;0;0m██        
[38;2;0;0;0m  ██[38;2;189;184;146m██[38;2;156;165;196m██[38;2;165;231;229m████[38;2;16;165;16m████[38;2;110;154;153m██[38;2;0;0;0m██          
[38;2;0;0;0m  ██[38;2;255;222;47m██[38;2;156;165;196m██[38;2;115;148;147m████████[38;2;165;231;229m████[38;2;0;0;0m██████    
[38;2;0;0;0m    ██████[38;2;107;189;171m██[38;2;165;231;229m████[38;2;66;66;66m██[38;2;165;231;229m██████[38;2;247;181;103m██[38;2;0;0;0m██  
[38;2;0;0;0m          ██[38;2;115;148;147m██[38;2;165;231;229m████[38;2;66;66;66m██[38;2;165;231;229m██[38;2;16;198;16m██[38;2;247;181;103m██[38;2;0;0;0m██  
[38;2;0;0;0m          ██[38;2;165;231;229m██[38;2;110;154;153m██[38;2;107;189;171m██[38;2;165;231;229m██[38;2;0;0;0m██████    
[38;2;0;0;0m            ████[38;2;165;231;229m████[38;2;0;0;0m██        
[38;2;0;0;0m                ████          
[38;2;0;0;0m                              [0m
