
        [38;2;49;49;49m▄                     [0m
       [38;2;49;49;49m[48;2;49;49;49m▀[38;2;213;106;65m[48;2;213;106;65m▀[38;2;49;49;49m▀[49m▄[48;2;123;106;106m▀[49m▄    ▄      ▄     [0m
     [38;2;49;49;49m▄[48;2;213;106;65m▀[38;2;213;106;65m▀▀[48;2;49;49;49m▀[38;2;49;49;49m[48;2;123;106;106m▀[38;2;123;106;106m▀[38;2;49;49;49m[48;2;82;82;82m▀[48;2;205;115;41m▀▀[49m▄[48;2;82;82;82m▀[38;2;123;106;106m[48;2;123;106;106m▀[38;2;49;49;49m[48;2;49;49;49m▀[49m  ▄▄[48;2;213;106;65m▀[38;2;213;106;65m▀[38;2;49;49;49m[48;2;49;49;49m▀[49m    [0m
     [38;2;49;49;49m[48;2;49;49;49m▀[38;2;213;106;65m[48;2;213;106;65m▀▀▀[38;2;82;82;82m[48;2;164;90;49m▀[38;2;123;106;106m[48;2;82;82;82m▀[48;2;123;106;106m▀[38;2;205;115;41m[48;2;246;139;41m▀[38;2;246;139;41m[48;2;82;82;82m▀[38;2;82;82;82m[48;2;123;106;106m▀[38;2;123;106;106m▀▀[48;2;82;82;82m▀[38;2;49;49;49m[48;2;205;115;41m▀[49m▄[48;2;49;49;49m▀[38;2;213;106;65m[48;2;213;106;65m▀▀▀[48;2;49;49;49m▀[38;2;49;49;49m[49m▀    [0m
      [38;2;49;49;49m[48;2;49;49;49m▀[38;2;213;106;65m[48;2;255;197;41m▀[38;2;164;90;49m[48;2;164;90;49m▀[38;2;82;82;82m[48;2;255;255;255m▀[38;2;255;255;255m[48;2;246;139;41m▀[38;2;123;106;106m[48;2;213;106;65m▀▀[48;2;123;106;106m▀[48;2;49;49;49m▀[38;2;82;82;82m[48;2;255;255;255m▀[48;2;213;106;65m▀[38;2;246;139;41m[48;2;246;139;41m▀[48;2;205;115;41m▀[38;2;213;106;65m[48;2;82;82;82m▀[38;2;82;82;82m[48;2;213;106;65m▀[38;2;213;106;65m[48;2;255;197;41m▀[38;2;255;197;41m▀[38;2;213;106;65m[48;2;213;106;65m▀▀[38;2;49;49;49m[48;2;49;49;49m▀[49m    [0m
   [38;2;49;49;49m▄[48;2;123;106;106m▀[48;2;205;172;41m▀[38;2;205;115;41m[48;2;205;115;41m▀[38;2;255;197;41m[48;2;255;197;41m▀[38;2;205;115;41m▀[38;2;255;255;255m[48;2;246;139;41m▀[38;2;213;106;65m[48;2;164;90;49m▀[48;2;246;139;41m▀[38;2;123;106;106m▀[38;2;213;106;65m▀[38;2;246;139;41m[48;2;205;115;41m▀[48;2;164;90;49m▀[38;2;255;255;255m[48;2;255;255;255m▀[38;2;205;115;41m[48;2;123;106;106m▀[38;2;123;106;106m▀[38;2;255;197;41m[48;2;255;197;41m▀▀[48;2;123;106;106m▀[48;2;82;82;82m▀[38;2;213;106;65m[48;2;213;106;65m▀[38;2;49;49;49m[48;2;49;49;49m▀[49m     [0m
  [38;2;49;49;49m[48;2;49;49;49m▀[38;2;213;106;65m[48;2;123;106;106m▀▀▀[38;2;123;106;106m[48;2;213;106;65m▀[38;2;205;115;41m[48;2;82;82;82m▀[38;2;255;197;41m▀[48;2;255;197;41m▀[38;2;246;139;41m▀[38;2;164;90;49m[48;2;213;106;65m▀[48;2;255;197;41m▀▀▀[38;2;246;139;41m▀[38;2;255;197;41m▀▀[48;2;213;106;65m▀[48;2;82;82;82m▀[38;2;205;115;41m[48;2;205;115;41m▀[48;2;246;246;41m▀[38;2;246;246;41m[48;2;123;106;106m▀[38;2;49;49;49m▀[49m▄     [0m
 [38;2;49;49;49m[48;2;49;49;49m▀[38;2;123;106;106m[48;2;123;106;106m▀[38;2;189;189;189m[48;2;255;255;255m▀[38;2;255;255;255m▀[38;2;123;106;106m▀[48;2;82;82;82m▀[38;2;82;82;82m[48;2;205;172;41m▀[38;2;205;172;41m[48;2;123;106;106m▀[38;2;123;106;106m▀[48;2;246;246;41m▀[48;2;205;172;41m▀[48;2;123;106;106m▀[38;2;246;139;41m▀[38;2;255;197;41m▀▀▀[38;2;123;106;106m▀[48;2;205;172;41m▀[48;2;82;82;82m▀[38;2;82;82;82m[48;2;123;106;106m▀[38;2;213;106;65m▀▀[38;2;123;106;106m[48;2;213;106;65m▀[38;2;82;82;82m[48;2;123;106;106m▀[38;2;49;49;49m[48;2;49;49;49m▀[49m    [0m
 [38;2;49;49;49m▀[38;2;123;106;106m[48;2;49;49;49m▀[48;2;255;255;255m▀▀[48;2;49;49;49m▀[38;2;82;82;82m[48;2;82;82;82m▀[38;2;205;172;41m[48;2;123;106;106m▀[38;2;123;106;106m▀[38;2;246;246;41m[48;2;246;246;41m▀[38;2;205;172;41m[48;2;205;172;41m▀[38;2;246;246;41m▀[38;2;123;106;106m▀[38;2;246;246;41m▀▀[38;2;123;106;106m[48;2;246;246;41m▀[48;2;123;106;106m▀[38;2;205;172;41m[48;2;205;172;41m▀[38;2;82;82;82m[48;2;82;82;82m▀[38;2;123;106;106m[48;2;123;106;106m▀[48;2;255;255;255m▀▀[48;2;123;106;106m▀▀[38;2;213;106;65m[48;2;213;106;65m▀[38;2;49;49;49m[48;2;82;82;82m▀▀[48;2;49;49;49m▀[49m  [0m
   [38;2;49;49;49m▀▀ [48;2;49;49;49m▀[38;2;213;106;65m[48;2;123;106;106m▀[48;2;213;106;65m▀[38;2;123;106;106m▀[38;2;246;246;41m▀▀[38;2;123;106;106m▀[38;2;246;246;41m[48;2;205;172;41m▀[38;2;205;172;41m[48;2;246;246;41m▀[38;2;246;246;41m[48;2;123;106;106m▀[38;2;123;106;106m▀[48;2;213;106;65m▀[38;2;82;82;82m▀[38;2;255;255;255m[48;2;82;82;82m▀▀[38;2;189;189;189m[48;2;123;106;106m▀[38;2;123;106;106m▀[48;2;213;106;65m▀[38;2;213;106;65m[48;2;49;49;49m▀[38;2;82;82;82m[48;2;82;82;82m▀[48;2;49;49;49m▀▀[38;2;49;49;49m[49m▀ [0m
     [38;2;49;49;49m[48;2;49;49;49m▀[38;2;123;106;106m[48;2;255;255;255m▀[48;2;189;189;189m▀[48;2;255;255;255m▀[48;2;82;82;82m▀[38;2;82;82;82m[48;2;49;49;49m▀[38;2;49;49;49m[49m▀▀[38;2;213;106;65m[48;2;49;49;49m▀▀▀▀[48;2;213;106;65m▀[48;2;123;106;106m▀[38;2;82;82;82m[48;2;213;106;65m▀[38;2;189;189;189m[48;2;82;82;82m▀▀[38;2;82;82;82m[48;2;123;106;106m▀[38;2;49;49;49m[48;2;49;49;49m▀[49m ▀▀   [0m
      [38;2;49;49;49m▀▀▀▀       ▀[38;2;82;82;82m[48;2;49;49;49m▀[38;2;123;106;106m[48;2;123;106;106m▀▀▀[48;2;49;49;49m▀[38;2;49;49;49m[49m▀      [0m
                  [38;2;49;49;49m▀[38;2;255;255;255m[48;2;49;49;49m▀[38;2;189;189;189m▀[38;2;255;255;255m▀[38;2;49;49;49m[49m▀       [0m
                              [0m
