
      [38;2;49;49;49m▄▄                 [0m
    [38;2;49;49;49m▄[48;2;82;82;82m▀[38;2;115;115;115m[48;2;115;115;115m▀▀[38;2;49;49;49m[48;2;49;49;49m▀[49m ▄▄▄            [0m
    [38;2;49;49;49m[48;2;49;49;49m▀[38;2;115;115;115m[48;2;82;82;82m▀▀[48;2;49;49;49m▀[38;2;49;49;49m[48;2;115;115;115m▀▀[38;2;115;115;115m[48;2;222;156;65m▀▀▀[38;2;49;49;49m[48;2;49;49;49m▀[49m           [0m
  [38;2;49;49;49m▄[48;2;255;255;255m▀[38;2;82;82;82m[48;2;115;115;115m▀[38;2;115;115;115m[48;2;255;255;255m▀[48;2;115;115;115m▀▀[38;2;82;82;82m▀[38;2;222;156;65m[48;2;255;255;255m▀[38;2;255;255;255m▀[38;2;246;246;41m[48;2;246;246;41m▀[48;2;49;49;49m▀[38;2;49;49;49m[49m▀   ▄▄[48;2;115;115;115m▀▀▀▀[49m▄ [0m
 [38;2;49;49;49m[48;2;49;49;49m▀[38;2;255;255;255m▀[48;2;255;255;255m▀▀▀[38;2;115;115;115m▀[38;2;255;255;255m▀[38;2;189;189;189m▀[38;2;115;115;115m[48;2;189;189;189m▀[38;2;246;246;41m[48;2;115;115;115m▀[38;2;49;49;49m▀[49m▄  ▄[48;2;115;115;115m▀[38;2;115;115;115m▀▀[48;2;82;82;82m▀[48;2;49;49;49m▀[38;2;49;49;49m[49m▀▀  [0m
 [38;2;49;49;49m▀[38;2;255;255;255m[48;2;49;49;49m▀[38;2;189;189;189m[48;2;255;255;255m▀[38;2;255;255;255m▀▀[48;2;49;49;49m▀[38;2;49;49;49m▀[38;2;255;255;255m[48;2;246;246;41m▀[48;2;255;255;255m▀[38;2;189;189;189m[48;2;189;189;189m▀[38;2;115;115;115m[48;2;115;115;115m▀[38;2;49;49;49m[48;2;49;49;49m▀[49m [48;2;49;49;49m▀[38;2;115;115;115m[48;2;115;115;115m▀▀▀[48;2;82;82;82m▀[48;2;49;49;49m▀▀[38;2;49;49;49m[49m▀   [0m
 [38;2;49;49;49m[48;2;49;49;49m▀[38;2;246;246;41m[48;2;246;246;41m▀[38;2;82;82;82m[48;2;222;156;65m▀[38;2;189;189;189m[48;2;115;115;115m▀[38;2;255;255;255m▀[48;2;189;189;189m▀[38;2;246;246;41m▀[48;2;222;156;65m▀[38;2;222;156;65m[48;2;82;82;82m▀[38;2;82;82;82m▀[38;2;49;49;49m[48;2;255;255;255m▀[49m▄▄ [48;2;49;49;49m▀[38;2;115;115;115m[48;2;115;115;115m▀▀[48;2;49;49;49m▀▀[38;2;49;49;49m[49m▀    [0m
 [38;2;49;49;49m▀[38;2;222;156;65m[48;2;49;49;49m▀[38;2;246;246;41m[48;2;246;246;41m▀[38;2;115;115;115m▀[38;2;189;189;189m[48;2;115;115;115m▀[38;2;115;115;115m[48;2;189;189;189m▀[38;2;82;82;82m[48;2;255;255;255m▀▀[38;2;255;255;255m▀[48;2;189;189;189m▀[48;2;82;82;82m▀[48;2;222;156;65m▀[38;2;115;115;115m[48;2;246;246;41m▀[38;2;49;49;49m▀[38;2;115;115;115m[48;2;82;82;82m▀[48;2;49;49;49m▀[38;2;49;49;49m[49m▀       [0m
   [38;2;49;49;49m▀[38;2;222;156;65m[48;2;49;49;49m▀[38;2;82;82;82m▀[38;2;255;255;255m[48;2;82;82;82m▀[48;2;189;189;189m▀[48;2;255;255;255m▀▀▀[48;2;189;189;189m▀[38;2;115;115;115m[48;2;82;82;82m▀[38;2;246;246;41m[48;2;246;246;41m▀▀▀[38;2;49;49;49m[48;2;49;49;49m▀[49m        [0m
      [38;2;49;49;49m▀[38;2;255;255;255m[48;2;49;49;49m▀[38;2;49;49;49m[49m▀▀▀[38;2;115;115;115m[48;2;49;49;49m▀[38;2;189;189;189m[48;2;255;255;255m▀[38;2;222;156;65m[48;2;49;49;49m▀[38;2;246;246;41m▀[38;2;49;49;49m[49m▀         [0m
            [38;2;49;49;49m▀            [0m
