
          [38;2;49;49;49m▄              [0m
        [38;2;49;49;49m▄[48;2;189;148;57m▀[38;2;255;205;57m[48;2;255;205;57m▀[38;2;49;49;49m[48;2;49;49;49m▀[49m             [0m
     [38;2;49;49;49m▄[48;2;189;148;57m▀[48;2;65;65;65m▀[38;2;255;205;57m[48;2;189;148;57m▀[48;2;255;205;57m▀▀[38;2;189;148;57m▀[38;2;49;49;49m[48;2;49;49;49m▀[49m            [0m
     [38;2;49;49;49m[48;2;49;49;49m▀[38;2;189;148;57m[48;2;189;148;57m▀[48;2;82;82;82m▀[38;2;65;65;65m[48;2;65;65;65m▀[38;2;255;205;57m[48;2;255;205;57m▀[38;2;189;148;57m[48;2;65;65;65m▀[38;2;49;49;49m[48;2;82;82;82m▀[49m▄▄[48;2;255;205;57m▀[48;2;49;49;49m▀[49m         [0m
    [38;2;49;49;49m[48;2;49;49;49m▀[38;2;189;148;57m[48;2;189;148;57m▀[48;2;82;82;82m▀[38;2;65;65;65m[48;2;65;65;65m▀[38;2;189;148;57m[48;2;255;205;57m▀[38;2;255;205;57m[48;2;189;148;57m▀[38;2;65;65;65m[48;2;65;65;65m▀[38;2;82;82;82m[48;2;82;82;82m▀[38;2;65;65;65m[48;2;65;65;65m▀[38;2;189;148;57m[48;2;255;205;57m▀[38;2;255;205;57m▀[38;2;49;49;49m[48;2;82;82;82m▀[49m▄        [0m
    [38;2;49;49;49m[48;2;49;49;49m▀[38;2;189;148;57m[48;2;189;148;57m▀[38;2;82;82;82m[48;2;65;65;65m▀[38;2;65;65;65m[48;2;189;148;57m▀[38;2;255;205;57m[48;2;255;205;57m▀[38;2;65;65;65m[48;2;65;65;65m▀[38;2;74;156;230m[48;2;74;156;230m▀[38;2;82;82;82m[48;2;82;82;82m▀[48;2;74;156;230m▀[38;2;65;65;65m[48;2;255;205;57m▀[38;2;255;205;57m▀[38;2;82;82;82m[48;2;82;82;82m▀[38;2;49;49;49m▀[48;2;65;115;197m▀[48;2;74;156;230m▀[49m▄     [0m
    [38;2;49;49;49m▀[38;2;189;148;57m[48;2;49;49;49m▀[48;2;189;148;57m▀[38;2;255;205;57m[48;2;255;205;57m▀▀[38;2;65;65;65m[48;2;255;255;255m▀[38;2;65;115;197m[48;2;49;49;49m▀[48;2;255;255;255m▀[38;2;74;156;230m[48;2;255;205;57m▀[38;2;255;205;57m▀[38;2;82;82;82m[48;2;65;115;197m▀[38;2;65;115;197m[48;2;74;156;230m▀[38;2;74;156;230m▀[48;2;49;49;49m▀[38;2;49;49;49m[49m▀      [0m
  [38;2;49;49;49m▄[48;2;65;65;65m▀▀[38;2;65;65;65m▀[38;2;82;82;82m▀[38;2;255;205;57m[48;2;255;205;57m▀[38;2;189;148;57m▀[38;2;255;205;57m▀[48;2;189;148;57m▀[48;2;65;115;197m▀▀[38;2;65;115;197m[48;2;74;156;230m▀[38;2;74;156;230m[48;2;65;65;65m▀▀[38;2;65;65;65m[48;2;82;82;82m▀[38;2;49;49;49m[48;2;65;65;65m▀[49m▄      [0m
 [38;2;49;49;49m▀[38;2;65;115;197m[48;2;49;49;49m▀▀▀[38;2;49;49;49m[49m▀[48;2;49;49;49m▀[38;2;82;82;82m[48;2;189;189;189m▀[38;2;65;115;197m[48;2;65;115;197m▀[48;2;74;156;230m▀[48;2;255;255;255m▀[38;2;74;156;230m▀[38;2;65;65;65m[48;2;131;131;115m▀[48;2;82;82;82m▀[38;2;82;82;82m[48;2;65;65;65m▀[48;2;82;82;82m▀▀▀▀[38;2;49;49;49m▀▀[49m▄   [0m
     [38;2;49;49;49m[48;2;49;49;49m▀[38;2;189;189;189m[48;2;189;189;189m▀[48;2;65;115;197m▀[38;2;65;115;197m[48;2;74;156;230m▀[38;2;74;156;230m[48;2;65;115;197m▀[38;2;255;255;255m[48;2;255;255;255m▀[38;2;131;131;115m▀[38;2;82;82;82m[48;2;131;131;115m▀[48;2;82;82;82m▀[38;2;65;65;65m▀[48;2;65;65;65m▀[48;2;74;156;230m▀[38;2;82;82;82m[48;2;65;65;65m▀[48;2;82;82;82m▀▀▀[38;2;49;49;49m▀[49m▄  [0m
    [38;2;49;49;49m▀[38;2;189;148;57m[48;2;49;49;49m▀[38;2;65;65;65m[48;2;74;156;230m▀[38;2;74;156;230m▀▀[38;2;189;189;189m[48;2;255;255;255m▀[38;2;255;255;255m[48;2;131;131;115m▀[38;2;82;82;82m[48;2;255;255;255m▀[38;2;255;255;255m[48;2;131;131;115m▀[38;2;82;82;82m[48;2;82;82;82m▀▀[38;2;65;65;65m▀[38;2;74;156;230m[48;2;65;65;65m▀[48;2;74;156;230m▀[38;2;65;65;65m▀[38;2;82;82;82m▀[48;2;82;82;82m▀▀[38;2;49;49;49m[48;2;74;156;230m▀[49m▄ [0m
      [38;2;49;49;49m▀[38;2;65;115;197m[48;2;49;49;49m▀[38;2;74;156;230m▀[38;2;82;82;82m▀[48;2;82;82;82m▀▀▀▀▀▀[48;2;49;49;49m▀[38;2;49;49;49m[49m▀[38;2;74;156;230m[48;2;49;49;49m▀▀[48;2;74;156;230m▀▀▀[38;2;49;49;49m[48;2;49;49;49m▀[49m [0m
          [38;2;49;49;49m▀▀[38;2;255;205;57m[48;2;49;49;49m▀[38;2;189;148;57m▀[38;2;255;205;57m▀[38;2;49;49;49m[49m▀    ▀▀▀▀ [0m
                         [0m
