
       [38;2;49;49;49m▄▄ ▄▄               [0m
   [38;2;49;49;49m▄[48;2;246;246;41m▀[49m▄[48;2;246;246;41m▀[38;2;246;246;41m▀[38;2;49;49;49m[48;2;82;82;82m▀[48;2;255;90;82m▀[38;2;255;90;82m[48;2;180;65;65m▀[38;2;49;49;49m[48;2;82;82;82m▀[48;2;156;197;197m▀[49m▄[48;2;197;238;246m▀▀[49m▄[48;2;197;238;246m▀▀[49m▄       [0m
  [38;2;49;49;49m[48;2;49;49;49m▀[38;2;246;246;41m[48;2;205;148;49m▀[38;2;205;148;49m[48;2;246;246;41m▀[38;2;246;246;41m▀[48;2;205;148;49m▀[38;2;205;148;49m[48;2;246;246;41m▀[38;2;82;82;82m▀▀▀[38;2;246;246;41m[48;2;205;148;49m▀[38;2;82;82;82m[48;2;82;82;82m▀[38;2;197;238;246m[48;2;156;197;197m▀[48;2;197;238;246m▀[48;2;156;197;197m▀[38;2;156;197;197m▀[38;2;197;238;246m▀[48;2;197;238;246m▀▀[38;2;49;49;49m[48;2;82;82;82m▀[48;2;197;238;246m▀[49m▄    [0m
  [38;2;49;49;49m▄[48;2;255;255;255m▀[38;2;246;246;41m[48;2;246;246;41m▀[48;2;205;148;49m▀▀▀[38;2;205;148;49m[48;2;197;205;213m▀[48;2;180;65;65m▀[48;2;255;90;82m▀[38;2;180;65;65m▀[38;2;82;82;82m[48;2;180;65;65m▀[38;2;156;197;197m[48;2;82;82;82m▀▀[38;2;82;82;82m[48;2;197;205;213m▀[48;2;82;82;82m▀[38;2;156;197;197m▀[38;2;82;82;82m[48;2;197;205;213m▀[48;2;82;82;82m▀[38;2;197;238;246m[48;2;156;197;197m▀[48;2;197;238;246m▀[38;2;49;49;49m▀[49m▄[48;2;197;238;246m▀[49m▄ [0m
 [38;2;49;49;49m[48;2;49;49;49m▀[38;2;255;255;255m[48;2;197;205;213m▀[38;2;197;205;213m▀[48;2;205;148;49m▀[48;2;197;205;213m▀[38;2;123;123;131m▀[38;2;180;65;65m[48;2;82;82;82m▀[38;2;255;255;255m[48;2;255;90;82m▀[38;2;180;65;65m▀▀[38;2;255;90;82m[48;2;180;65;65m▀▀[48;2;255;90;82m▀[38;2;82;82;82m▀[38;2;139;156;164m[48;2;82;82;82m▀[38;2;123;123;131m[48;2;139;156;164m▀[38;2;197;205;213m▀[38;2;139;156;164m[48;2;123;123;131m▀[38;2;82;82;82m[48;2;139;156;164m▀[48;2;197;205;213m▀[48;2;82;82;82m▀[38;2;197;238;246m[48;2;156;197;197m▀[38;2;156;197;197m[48;2;49;49;49m▀▀[38;2;49;49;49m[49m▀ [0m
  [38;2;49;49;49m[48;2;49;49;49m▀[38;2;197;205;213m[48;2;197;205;213m▀[38;2;205;148;49m[48;2;82;82;82m▀[48;2;205;148;49m▀[38;2;197;205;213m[48;2;197;205;213m▀▀[38;2;123;123;131m[48;2;123;123;131m▀[38;2;255;90;82m[48;2;255;90;82m▀▀[38;2;82;82;82m[48;2;82;82;82m▀[48;2;197;123;74m▀[48;2;82;82;82m▀[48;2;156;98;65m▀[38;2;139;156;164m▀[38;2;156;98;65m[48;2;197;123;74m▀▀▀[38;2;82;82;82m▀[48;2;82;82;82m▀[38;2;156;197;197m[48;2;49;49;49m▀▀[38;2;49;49;49m[49m▀   [0m
  [38;2;49;49;49m[48;2;49;49;49m▀[38;2;82;82;82m[48;2;197;123;74m▀[38;2;156;98;65m[48;2;156;98;65m▀[38;2;82;82;82m[48;2;205;148;49m▀[38;2;197;205;213m[48;2;197;205;213m▀[38;2;123;123;131m[48;2;82;82;82m▀[38;2;180;65;65m▀[38;2;255;90;82m[48;2;255;90;82m▀[38;2;82;82;82m[48;2;82;82;82m▀[38;2;197;123;74m[48;2;197;123;74m▀▀[38;2;156;98;65m▀[38;2;82;82;82m[48;2;82;82;82m▀[38;2;197;123;74m[48;2;197;123;74m▀▀▀[48;2;156;98;65m▀[48;2;197;123;74m▀▀[38;2;49;49;49m[48;2;49;49;49m▀[49m     [0m
   [38;2;49;49;49m[48;2;49;49;49m▀[38;2;156;98;65m[48;2;197;123;74m▀[38;2;238;213;98m[48;2;156;98;65m▀[38;2;82;82;82m[48;2;139;156;164m▀[38;2;238;213;98m[48;2;205;148;49m▀[38;2;156;98;65m[48;2;197;205;213m▀[38;2;82;82;82m[48;2;82;82;82m▀[38;2;197;123;74m[48;2;197;123;74m▀▀▀▀[38;2;82;82;82m▀[38;2;156;98;65m[48;2;82;82;82m▀[38;2;197;123;74m[48;2;156;98;65m▀[38;2;156;98;65m[48;2;49;49;49m▀[38;2;82;82;82m▀[38;2;197;123;74m▀[48;2;197;123;74m▀▀[38;2;49;49;49m[48;2;156;98;65m▀[49m▄   [0m
   [38;2;49;49;49m▄[48;2;82;82;82m▀[38;2;123;123;131m▀[38;2;197;205;213m[48;2;197;205;213m▀[48;2;49;49;49m▀[48;2;197;205;213m▀[48;2;49;49;49m▀[38;2;82;82;82m▀[38;2;197;123;74m[48;2;197;123;74m▀▀▀▀[38;2;82;82;82m[48;2;49;49;49m▀[38;2;49;49;49m[49m▀  ▄[48;2;156;98;65m▀[38;2;82;82;82m▀▀[38;2;49;49;49m▀[49m▄  [0m
  [38;2;49;49;49m▄[48;2;156;98;65m▀[38;2;156;98;65m▀[38;2;82;82;82m▀▀[38;2;49;49;49m[48;2;49;49;49m▀[49m▀ ▀[38;2;197;123;74m[48;2;49;49;49m▀[38;2;82;82;82m[48;2;82;82;82m▀[38;2;197;123;74m▀[38;2;82;82;82m[48;2;49;49;49m▀[38;2;49;49;49m[49m▀   ▀[38;2;139;156;164m[48;2;49;49;49m▀[38;2;197;205;213m▀[38;2;139;156;164m▀[38;2;49;49;49m[49m▀   [0m
  [38;2;49;49;49m▀[38;2;197;205;213m[48;2;49;49;49m▀[38;2;139;156;164m▀[38;2;197;205;213m▀[38;2;49;49;49m[49m▀   [48;2;49;49;49m▀[38;2;82;82;82m[48;2;156;98;65m▀▀[48;2;197;123;74m▀[38;2;49;49;49m[48;2;82;82;82m▀[49m▄           [0m
         [38;2;49;49;49m[48;2;49;49;49m▀[38;2;197;123;74m[48;2;197;205;213m▀[38;2;156;98;65m[48;2;139;156;164m▀[48;2;197;205;213m▀[48;2;139;156;164m▀[38;2;197;123;74m[48;2;49;49;49m▀[38;2;49;49;49m[49m▀           [0m
          [38;2;49;49;49m▀▀▀▀             [0m
