
[38;2;0;0;0m                                    
[38;2;0;0;0m        ████    ████                
[38;2;0;0;0m      ██[38;2;140;140;156m██[38;2;148;148;164m██[38;2;0;0;0m██[38;2;8;4;8m██[38;2;165;165;181m██[38;2;0;0;0m██                
[38;2;0;0;0m    ██[38;2;140;140;156m████[38;2;99;99;109m██[38;2;148;148;164m██[38;2;86;84;94m██[38;2;165;165;181m██[38;2;99;90;107m██[38;2;0;0;0m██  ██████      
[38;2;0;0;0m    ██[38;2;148;147;154m████[38;2;99;90;107m██[38;2;165;167;184m██[38;2;165;165;181m████[38;2;132;126;145m██[38;2;165;165;181m██[38;2;0;4;8m██[38;2;110;117;129m██[38;2;165;165;181m████[38;2;0;0;0m██    
[38;2;0;0;0m  ██[38;2;198;206;198m████[38;2;99;87;109m██[38;2;132;129;145m██[38;2;99;90;107m██[38;2;165;165;181m██████[38;2;99;88;110m██[38;2;165;173;189m████[38;2;165;165;181m██████[38;2;0;0;0m██  
[38;2;0;0;0m  ████[38;2;99;70;123m██[38;2;177;150;189m██[38;2;165;165;181m██████████[38;2;99;90;107m██[38;2;165;165;181m████████[38;2;170;171;170m██[38;2;0;4;0m██[38;2;0;0;0m  
[38;2;0;0;0m    ██[38;2;255;231;255m██[38;2;177;150;189m██[38;2;165;165;181m██████████████[38;2;99;90;107m██[38;2;195;195;206m██[38;2;255;255;255m████[38;2;0;4;0m██[38;2;0;0;0m  
[38;2;0;0;0m      [38;2;0;8;0m██[38;2;181;140;213m██[38;2;165;165;181m████[38;2;170;170;170m██[38;2;255;255;255m██[38;2;198;107;246m██[38;2;154;107;189m██[38;2;165;165;181m████[38;2;86;82;94m██[38;2;0;0;0m████    
[38;2;0;0;0m    ██[38;2;121;96;142m██[38;2;181;140;213m██[38;2;123;123;147m██[38;2;165;165;181m██[38;2;170;170;170m██[38;2;0;0;0m██[38;2;110;107;131m██[38;2;198;107;246m██[38;2;165;165;181m████[38;2;173;165;189m██[38;2;0;0;0m██      
[38;2;0;0;0m      ██[38;2;165;165;181m██████████[38;2;198;140;238m██[38;2;165;132;192m██[38;2;165;165;181m██[38;2;99;88;110m██[38;2;99;90;107m██[38;2;0;0;0m██      
[38;2;0;0;0m        ████[38;2;165;165;181m██████[38;2;165;132;192m██[38;2;99;115;99m██[38;2;132;126;145m██[38;2;165;165;181m██[38;2;0;0;0m██        
[38;2;0;0;0m            ██[38;2;123;126;147m████[38;2;91;89;104m████[38;2;0;0;0m████          
[38;2;0;0;0m          ██[38;2;123;123;147m██[38;2;123;126;147m████[38;2;132;132;156m██[38;2;8;4;0m██[38;2;0;0;0m              
[38;2;0;0;0m            ██[38;2;165;165;181m██[38;2;123;123;147m██[38;2;173;170;173m██[38;2;255;255;255m██[38;2;0;0;0m██            
[38;2;0;0;0m          ██[38;2;165;165;181m██████[38;2;90;85;90m██[38;2;8;0;8m██[38;2;0;0;0m██            
[38;2;0;0;0m          ██[38;2;123;123;147m██[38;2;170;170;170m████[38;2;173;173;189m██[38;2;0;0;0m██              
[38;2;0;0;0m            ████[38;2;255;255;255m██[38;2;115;115;126m██[38;2;0;0;0m██              
[38;2;0;0;0m                ████                
[38;2;0;0;0m                                    [0m
