
[38;2;0;0;0m                                                                                  
[38;2;0;0;0m                        [38;2;0;4;0m██[38;2;0;0;0m                                                        
[38;2;0;0;0m                      [38;2;0;4;0m██[38;2;198;198;190m██[38;2;0;4;0m██[38;2;0;0;0m                                                      
[38;2;0;0;0m                    [38;2;0;4;0m██[38;2;198;198;190m████[38;2;0;4;0m██[38;2;0;0;0m                                                      
[38;2;0;0;0m                    [38;2;0;4;0m██[38;2;198;198;190m██[38;2;198;198;182m██[38;2;0;4;0m██[38;2;0;0;0m    [38;2;0;4;0m████████████[38;2;0;0;0m                                      
[38;2;0;0;0m                  [38;2;0;4;0m██[38;2;198;198;190m████[38;2;198;198;182m██[38;2;132;133;121m██[38;2;0;4;0m████[38;2;132;100;95m████████████[38;2;0;4;0m████[38;2;0;0;0m                                  
[38;2;0;0;0m              [38;2;0;4;0m██[38;2;0;0;0m  [38;2;99;94;91m██[38;2;201;198;190m████[38;2;198;198;190m██[38;2;132;134;108m██[38;2;198;198;190m██████[38;2;82;79;69m██[38;2;74;70;66m██[38;2;118;110;105m██[38;2;132;101;97m████████[38;2;0;4;0m██[38;2;0;0;0m                                
[38;2;0;0;0m            [38;2;0;4;0m██[38;2;198;198;190m██[38;2;0;0;0m██[38;2;198;189;182m██[38;2;201;198;190m████[38;2;198;198;190m████[38;2;132;134;108m██[38;2;198;198;190m██████[38;2;206;189;182m██[38;2;74;70;66m██[38;2;132;101;97m████████[38;2;127;101;95m██[38;2;0;4;0m██[38;2;0;0;0m                              
[38;2;0;0;0m            [38;2;0;4;0m██[38;2;198;198;190m██[38;2;66;66;58m██[38;2;198;198;182m██[38;2;198;198;190m██[38;2;132;134;108m████[38;2;198;198;190m██[38;2;201;198;190m████████████[38;2;66;66;66m██[38;2;110;75;81m██[38;2;90;78;74m██[38;2;140;90;92m██[38;2;132;100;96m████[38;2;0;4;0m██[38;2;0;0;0m                            
[38;2;0;0;0m          [38;2;0;4;0m██[38;2;198;198;190m████[38;2;132;132;120m██[38;2;198;198;182m██[38;2;132;134;108m██[38;2;198;198;190m██████[38;2;201;198;190m████████████[38;2;66;66;66m██[38;2;198;94;110m██[38;2;189;103;109m██[38;2;90;78;74m██[38;2;99;74;75m██[38;2;132;100;96m██[38;2;0;4;0m██[38;2;0;0;0m                            
[38;2;0;0;0m          [38;2;0;4;0m██[38;2;201;197;189m████[38;2;201;198;190m████████████[38;2;198;198;190m██████[38;2;66;66;66m██████[38;2;156;160;156m██[38;2;66;66;66m██[38;2;99;74;75m██[38;2;132;100;96m██[38;2;132;101;97m████[38;2;132;100;95m██[38;2;0;4;0m██[38;2;0;0;0m                          
[38;2;0;0;0m        [38;2;0;4;0m██[38;2;198;198;190m██[38;2;201;197;189m██[38;2;148;148;140m██[38;2;201;198;190m████████████[38;2;66;66;66m████████[38;2;156;160;156m██[38;2;247;255;247m████[38;2;66;66;66m██[38;2;132;100;96m████[38;2;132;101;97m████[38;2;132;100;95m████[38;2;0;4;0m██[38;2;0;0;0m                        
[38;2;0;0;0m        [38;2;0;8;0m██[38;2;206;206;198m██[38;2;148;148;140m██[38;2;201;197;189m██[38;2;198;198;190m██████[38;2;77;69;69m██[38;2;66;66;66m████[38;2;99;78;83m████[38;2;66;66;66m██[38;2;255;255;255m██[38;2;164;131;128m████[38;2;151;121;121m██[38;2;79;60;61m██[38;2;132;101;97m████████[38;2;66;66;66m██[38;2;132;99;96m██[38;2;123;99;99m██[38;2;0;4;0m██[38;2;0;0;0m                      
[38;2;0;0;0m        [38;2;0;8;0m██[38;2;137;140;132m██[38;2;201;197;189m████[38;2;198;198;190m██[38;2;0;4;0m██[38;2;77;69;69m████[38;2;94;76;74m████[38;2;66;55;58m██[38;2;0;8;8m██[38;2;255;255;255m████[38;2;164;131;128m██[38;2;255;255;255m██[38;2;222;181;182m██[38;2;79;60;61m██[38;2;132;101;97m████████[38;2;132;99;96m██[38;2;66;66;66m██[38;2;82;67;66m██[38;2;0;4;0m██[38;2;0;0;0m      [38;2;0;4;0m██[38;2;0;0;0m              
[38;2;0;0;0m      [38;2;0;4;0m██[38;2;137;135;127m██[38;2;206;198;190m██[38;2;198;198;190m██[38;2;66;66;66m██[38;2;0;4;0m██[38;2;0;0;0m  [38;2;0;4;0m██[38;2;173;173;173m██[38;2;66;70;66m████[38;2;148;148;140m██[38;2;255;255;255m████[38;2;164;131;128m██[38;2;170;115;117m████[38;2;82;79;69m██[38;2;132;101;97m██[38;2;132;99;96m██[38;2;66;66;66m██[38;2;132;101;97m████████████[38;2;0;4;0m████[38;2;0;0;0m██[38;2;148;148;140m██[38;2;0;4;0m██[38;2;0;0;0m            
[38;2;0;0;0m      [38;2;0;4;0m██[38;2;206;198;190m██[38;2;0;8;0m██[38;2;66;66;66m██[38;2;198;198;190m██[38;2;0;4;0m██[38;2;0;0;0m  [38;2;0;4;0m██[38;2;173;173;173m██[38;2;160;162;160m██[38;2;255;255;255m████[38;2;148;148;140m██[38;2;164;131;128m████[38;2;110;58;59m██[38;2;231;173;175m██[38;2;82;79;69m██[38;2;132;101;97m██[38;2;132;99;96m██[38;2;66;66;66m██[38;2;132;101;97m████████████[38;2;132;100;95m████[38;2;74;74;70m██[38;2;148;148;140m██[38;2;0;4;0m██[38;2;0;0;0m            
[38;2;0;0;0m        [38;2;0;4;0m██[38;2;0;0;0m  [38;2;0;4;0m██[38;2;198;198;190m████[38;2;0;4;0m██[38;2;222;152;166m██[38;2;255;255;255m██████████[38;2;66;66;66m████[38;2;222;181;182m██[38;2;90;63;66m██[38;2;132;100;96m████[38;2;132;101;97m████[38;2;66;66;66m██[38;2;132;99;96m██[38;2;132;101;97m████████[38;2;132;99;96m██[38;2;66;66;66m██[38;2;148;152;140m████[38;2;99;100;93m██[38;2;0;4;0m████[38;2;0;0;0m        
[38;2;0;0;0m      [38;2;0;4;0m██[38;2;0;0;0m  [38;2;0;4;0m██[38;2;198;198;190m████[38;2;66;69;63m████[38;2;222;152;166m████[38;2;255;255;255m████[38;2;66;66;66m████[38;2;94;76;74m████[38;2;90;63;66m██[38;2;156;122;124m██[38;2;99;74;75m██[38;2;132;100;96m██[38;2;132;101;97m████[38;2;66;66;66m██[38;2;132;99;96m██[38;2;132;101;97m████████[38;2;66;66;66m████[38;2;148;152;140m████[38;2;148;148;140m██[38;2;99;100;93m██[38;2;198;198;190m██[38;2;0;4;0m██[38;2;0;0;0m      
[38;2;0;0;0m    [38;2;0;4;0m██[38;2;198;198;190m██[38;2;0;4;0m██[38;2;198;198;190m██[38;2;198;189;182m██[38;2;74;66;66m██[38;2;94;76;74m██[38;2;66;66;66m██[38;2;247;140;167m████[38;2;66;66;66m████[38;2;66;70;66m██[38;2;96;69;69m██[38;2;140;90;92m██[38;2;90;78;74m██[38;2;198;94;110m████[38;2;99;74;75m██[38;2;132;100;96m██[38;2;132;99;96m██[38;2;66;66;66m██[38;2;198;94;110m██[38;2;93;75;75m██[38;2;132;99;96m████[38;2;66;61;66m████[38;2;198;198;190m██[38;2;93;99;96m██[38;2;148;152;140m████[38;2;148;148;140m██[38;2;94;96;94m██[38;2;198;198;190m██[38;2;0;4;0m██[38;2;0;0;0m      
[38;2;0;0;0m    [38;2;0;4;0m██[38;2;198;198;190m████[38;2;99;101;95m██[38;2;115;107;105m██[38;2;74;66;66m██[38;2;94;76;74m████[38;2;66;66;66m████[38;2;94;76;74m██[38;2;66;66;66m██[38;2;156;66;76m██[38;2;66;70;66m██[38;2;90;78;74m██[38;2;189;103;109m██[38;2;198;94;110m██[38;2;93;75;75m██[38;2;132;100;96m██[38;2;99;74;75m██[38;2;132;99;96m██[38;2;66;66;66m██[38;2;198;94;110m██[38;2;93;75;75m██[38;2;132;99;96m██[38;2;66;66;66m██[38;2;110;104;107m██[38;2;198;189;190m██[38;2;198;198;190m████[38;2;148;152;140m████[38;2;148;148;140m██[38;2;94;96;94m██[38;2;198;198;190m██[38;2;66;69;63m██[38;2;0;4;0m██[38;2;0;0;0m    
[38;2;0;0;0m    [38;2;0;4;0m██[38;2;198;198;190m██[38;2;94;96;94m████[38;2;140;148;140m██[38;2;82;74;74m██[38;2;94;72;74m██████[38;2;0;4;0m██[38;2;78;43;46m██[38;2;156;70;84m██[38;2;156;70;76m██[38;2;96;73;69m██[38;2;198;97;107m████[38;2;198;94;110m██[38;2;66;66;66m██[38;2;93;75;75m██[38;2;198;94;110m██[38;2;99;74;75m██[38;2;132;100;96m██[38;2;66;66;66m██[38;2;132;99;96m██[38;2;118;110;107m██[38;2;74;66;66m██[38;2;198;198;190m██[38;2;93;99;96m██[38;2;198;198;190m████[38;2;201;197;189m██[38;2;148;148;140m████[38;2;93;93;91m██[38;2;66;66;66m██[38;2;148;148;140m██[38;2;0;4;0m██[38;2;0;0;0m    
[38;2;0;0;0m  [38;2;0;4;0m██[38;2;198;198;190m██[38;2;99;101;95m██[38;2;148;148;140m████[38;2;101;99;96m████[38;2;94;72;74m██[38;2;0;4;0m████[38;2;0;0;0m  [38;2;0;16;8m██[38;2;156;70;84m██[38;2;66;74;66m██[38;2;96;73;69m██[38;2;198;97;107m████[38;2;66;66;66m██[38;2;110;75;81m██[38;2;198;94;110m████[38;2;99;74;75m██[38;2;132;100;96m██[38;2;132;99;96m██[38;2;66;66;66m██[38;2;74;66;66m██[38;2;206;198;190m██[38;2;198;198;190m████[38;2;93;99;96m██[38;2;198;198;190m██[38;2;201;197;189m████[38;2;148;148;140m██[38;2;66;66;66m██[38;2;148;148;140m████[38;2;0;4;0m██[38;2;0;0;0m    
[38;2;0;0;0m  [38;2;0;4;0m██[38;2;94;96;94m██[38;2;148;148;140m████[38;2;94;96;94m██[38;2;148;148;140m████[38;2;0;4;0m██[38;2;0;0;0m    [38;2;0;4;0m██[38;2;94;76;74m██[38;2;66;66;66m██[38;2;96;75;75m██[38;2;159;64;76m██[38;2;156;66;76m██[38;2;66;70;66m██[38;2;96;71;72m██[38;2;206;90;102m██[38;2;198;103;110m██[38;2;66;70;69m██[38;2;132;101;97m████[38;2;132;100;96m████[38;2;74;66;66m██[38;2;206;198;190m██[38;2;198;198;190m██████[38;2;93;99;96m████[38;2;198;198;190m██[38;2;201;197;189m██[38;2;148;148;140m██[38;2;148;152;140m████[38;2;0;4;0m██[38;2;0;0;0m    
[38;2;0;0;0m  [38;2;0;4;0m██[38;2;94;96;94m██[38;2;148;148;140m██[38;2;94;96;94m██[38;2;148;148;140m██[38;2;0;4;0m████[38;2;0;0;0m    [38;2;0;4;0m██[38;2;156;66;76m██[38;2;94;76;74m██[38;2;66;66;66m██[38;2;96;75;75m██[38;2;159;64;76m██[38;2;66;70;66m██[38;2;96;69;69m██[38;2;96;71;72m██[38;2;151;80;87m██[38;2;66;70;69m██[38;2;132;86;89m██[38;2;132;101;97m████[38;2;99;74;75m██[38;2;132;100;96m██[38;2;118;110;107m██[38;2;74;66;66m██[38;2;66;66;66m██[38;2;198;198;190m████████[38;2;93;99;96m██[38;2;201;197;189m████[38;2;148;152;140m████[38;2;148;148;140m██[38;2;0;4;0m██[38;2;0;0;0m  
[38;2;0;0;0m  [38;2;0;4;0m██[38;2;148;148;140m██[38;2;0;4;0m██████[38;2;0;0;0m        [38;2;0;4;0m██[38;2;156;66;76m██[38;2;96;75;74m████[38;2;66;66;66m██[38;2;94;76;74m██[38;2;94;72;74m████[38;2;96;75;74m████[38;2;82;70;66m██[38;2;123;103;99m██[38;2;132;100;96m██[38;2;99;74;75m██[38;2;198;94;110m██[38;2;93;75;75m██[38;2;132;100;96m████[38;2;123;103;99m██[38;2;82;70;66m██[38;2;0;4;0m██[38;2;198;198;190m██████[38;2;93;99;96m██[38;2;198;198;190m██[38;2;201;197;189m██[38;2;148;148;140m████[38;2;0;4;0m██[38;2;0;0;0m  
[38;2;0;0;0m    [38;2;0;4;0m██[38;2;0;0;0m                [38;2;0;4;0m██[38;2;96;75;74m████[38;2;94;76;74m██[38;2;66;66;66m██[38;2;0;4;0m██[38;2;94;72;74m██[38;2;96;75;74m████[38;2;82;70;66m██[38;2;0;4;0m██[38;2;132;100;96m██[38;2;99;74;75m██[38;2;198;94;110m████[38;2;99;74;75m██[38;2;132;100;96m██[38;2;82;70;66m██[38;2;0;4;0m██[38;2;0;0;0m  [38;2;0;4;0m████[38;2;198;198;190m████[38;2;93;99;96m██[38;2;201;197;189m██[38;2;148;148;140m████[38;2;0;4;0m██[38;2;0;0;0m  
[38;2;0;0;0m                    [38;2;0;4;0m██[38;2;94;72;74m██[38;2;99;82;83m██[38;2;66;57;55m██[38;2;0;4;0m████[38;2;0;0;0m  [38;2;0;4;0m████████[38;2;0;0;0m  [38;2;0;4;0m██[38;2;66;65;66m██[38;2;57;66;65m██[38;2;189;94;109m██[38;2;94;76;74m████[38;2;94;72;74m██[38;2;0;4;0m██[38;2;0;0;0m      [38;2;0;4;0m██████[38;2;99;101;95m██[38;2;198;198;190m██[38;2;148;148;140m██[38;2;0;4;0m██[38;2;0;0;0m  
[38;2;0;0;0m                      [38;2;0;4;0m██[38;2;0;8;0m████[38;2;0;0;0m                  [38;2;0;4;0m██[38;2;101;75;80m████[38;2;66;66;66m████[38;2;0;4;0m██[38;2;0;0;0m              [38;2;0;4;0m████[38;2;148;148;140m██[38;2;0;4;0m██[38;2;0;0;0m  
[38;2;0;0;0m                                                [38;2;0;4;0m████[38;2;94;72;74m██████[38;2;0;4;0m██[38;2;0;0;0m                [38;2;0;4;0m██[38;2;0;0;0m    
[38;2;0;0;0m                                                    [38;2;0;4;0m██████[38;2;0;0;0m                        
[38;2;0;0;0m                                                                                  [0m
