
[38;2;0;0;0m                                                                  
[38;2;0;0;0m              ██                          ██                      
[38;2;0;0;0m            ██[38;2;222;37;22m██[38;2;0;0;0m██                ██    ██[38;2;222;37;22m██[38;2;0;0;0m██                    
[38;2;0;0;0m            ██[38;2;222;37;22m████[38;2;0;0;0m██  ██████    ██[38;2;222;37;22m██[38;2;0;0;0m████[38;2;181;28;21m██[38;2;222;37;22m████[38;2;0;0;0m██████              
[38;2;0;0;0m          ██[38;2;222;37;22m██████[38;2;231;37;23m██[38;2;8;0;0m██[38;2;222;38;22m████[38;2;239;41;23m██[38;2;8;0;0m██[38;2;0;24;24m██[38;2;181;33;21m██[38;2;222;38;22m████[38;2;66;66;66m██████[38;2;181;28;21m██[38;2;178;28;18m████[38;2;112;71;22m██[38;2;41;0;1m██[38;2;0;0;0m            
[38;2;0;0;0m          ██[38;2;222;37;22m██[38;2;178;27;18m██[38;2;222;37;22m██[38;2;231;37;23m██[38;2;157;25;15m██[38;2;222;38;22m████[38;2;162;27;15m████[38;2;60;27;23m██[38;2;181;33;21m██[38;2;222;38;22m████[38;2;181;28;21m██████[38;2;66;66;66m██[38;2;178;28;18m████[38;2;255;214;63m████[38;2;0;0;0m██          
[38;2;0;0;0m          ██[38;2;222;37;22m██[38;2;178;28;18m████[38;2;222;37;22m████[38;2;66;66;66m██[38;2;181;28;21m██[38;2;123;53;35m████[38;2;66;66;66m████[38;2;231;24;15m██[38;2;176;36;29m██[38;2;173;28;21m████[38;2;255;217;66m████[38;2;66;66;66m██[38;2;255;214;63m██[38;2;255;217;66m████[38;2;247;206;55m██[38;2;0;0;0m██        
[38;2;0;0;0m          ██[38;2;222;37;22m██[38;2;178;28;18m████[38;2;178;27;18m██[38;2;222;37;22m██[38;2;181;28;21m██[38;2;66;66;66m██[38;2;167;109;42m██[38;2;255;222;55m██[38;2;255;222;63m██[38;2;192;170;64m██[38;2;66;61;58m██[38;2;176;36;29m██[38;2;222;157;54m██[38;2;247;222;71m██[38;2;255;217;66m████[38;2;255;214;63m██[38;2;66;66;66m██[38;2;255;217;66m████[38;2;165;137;37m██[38;2;0;0;0m██        
[38;2;0;0;0m        ██[38;2;115;66;11m██[38;2;177;103;33m██[38;2;132;66;12m████[38;2;178;28;18m████[38;2;152;94;48m██[38;2;74;49;58m██[38;2;255;220;66m████[38;2;255;247;167m██[38;2;255;220;66m██[38;2;255;214;63m██[38;2;66;66;66m██[38;2;255;214;63m████████[38;2;160;135;52m██[38;2;66;57;50m██[38;2;255;214;55m██[38;2;160;135;52m██[38;2;255;214;63m████[38;2;0;0;0m██      
[38;2;0;0;0m      ██[38;2;255;214;63m██[38;2;239;140;55m██[38;2;115;66;11m██[38;2;255;214;63m██[38;2;132;66;12m██[38;2;178;28;18m████[38;2;74;49;58m██[38;2;231;140;39m██[38;2;255;220;66m██[38;2;255;247;167m██████[38;2;255;214;63m████[38;2;66;66;66m██[38;2;255;214;63m████[38;2;156;123;20m██[38;2;255;214;55m████[38;2;66;57;50m██[38;2;255;214;55m██[38;2;255;214;63m██[38;2;247;247;239m██[38;2;0;0;0m██      
[38;2;0;0;0m      ██[38;2;255;214;63m██[38;2;247;206;55m██[38;2;120;107;51m██[38;2;255;214;63m██[38;2;214;171;57m██[38;2;66;66;66m████[38;2;214;171;57m██[38;2;255;214;63m██████[38;2;255;247;167m██[38;2;255;220;66m██[38;2;255;214;63m██[38;2;156;123;20m██[38;2;66;66;66m██[38;2;255;214;63m██[38;2;162;123;26m██[38;2;255;214;71m██[38;2;239;160;119m██[38;2;247;255;231m██[38;2;74;45;58m██[38;2;255;181;47m██[38;2;247;247;239m██[38;2;222;37;22m██[38;2;239;41;23m██[38;2;8;0;0m██[38;2;0;0;0m    
[38;2;0;0;0m    ██[38;2;255;214;63m████[38;2;57;57;49m████[38;2;214;171;57m██[38;2;255;214;63m██[38;2;214;173;54m████[38;2;214;171;57m██████[38;2;255;214;63m██[38;2;255;220;66m████[38;2;156;123;20m██[38;2;255;214;63m████[38;2;66;66;66m██[38;2;208;169;48m██[38;2;255;214;71m██[38;2;247;255;231m██[38;2;231;66;7m██[38;2;164;113;52m██[38;2;74;45;58m██[38;2;247;247;239m██[38;2;222;37;22m██[38;2;162;27;15m████[38;2;0;0;0m██  
[38;2;0;0;0m  ██[38;2;181;28;21m██[38;2;255;214;63m██[38;2;66;66;66m██████[38;2;8;132;184m██[38;2;255;231;151m██[38;2;214;173;54m████[38;2;66;66;66m██████[38;2;156;123;20m██[38;2;255;222;55m██[38;2;140;121;46m██[38;2;206;156;6m██[38;2;222;189;81m██[38;2;247;247;239m██[38;2;66;66;66m██[38;2;214;171;57m██[38;2;255;214;63m██[38;2;231;255;247m██[38;2;198;33;22m██[38;2;181;28;21m████[38;2;123;49;35m████[38;2;181;28;21m██[38;2;0;0;0m██    
[38;2;0;0;0m  ██[38;2;181;28;21m██[38;2;255;214;63m██[38;2;66;66;66m████[38;2;8;165;224m██[38;2;255;231;151m██[38;2;8;132;184m██[38;2;214;173;54m██[38;2;66;66;66m████[38;2;8;165;224m██[38;2;66;66;66m████[38;2;82;70;42m██[38;2;197;171;51m██[38;2;222;189;81m██[38;2;255;255;231m██[38;2;247;247;239m██[38;2;66;66;66m██[38;2;214;171;57m██[38;2;255;214;63m██[38;2;220;181;172m██[38;2;198;33;22m██[38;2;181;28;21m██[38;2;66;66;66m██[38;2;178;148;112m██[38;2;206;198;150m██[38;2;0;0;0m██      
[38;2;0;0;0m    ██[38;2;255;214;63m██[38;2;66;66;66m████[38;2;8;165;224m██[38;2;222;255;254m██[38;2;8;90;120m██[38;2;66;66;66m████[38;2;8;165;224m██[38;2;247;247;239m██[38;2;8;165;224m██[38;2;66;66;66m████[38;2;214;173;54m██[38;2;255;214;63m██[38;2;247;247;239m██[38;2;222;37;22m████[38;2;74;49;58m██[38;2;231;140;39m██[38;2;214;173;54m██[38;2;187;184;181m██[38;2;66;66;66m██[38;2;214;173;54m██████[38;2;0;0;0m██      
[38;2;0;0;0m    ██[38;2;255;214;63m██[38;2;66;66;66m██████[38;2;79;145;165m██[38;2;8;90;120m██[38;2;66;66;66m████[38;2;8;165;224m██[38;2;247;247;239m██[38;2;8;165;224m██[38;2;66;66;66m████[38;2;214;173;54m██[38;2;255;214;63m██[38;2;247;247;239m██[38;2;222;37;22m██[38;2;178;27;18m██[38;2;152;94;48m██[38;2;74;49;58m██[38;2;214;173;54m████[38;2;66;66;66m██[38;2;214;173;54m████[38;2;0;0;0m██        
[38;2;0;0;0m      ██[38;2;255;214;63m██[38;2;66;66;66m██████████████[38;2;8;165;224m██[38;2;66;66;66m████[38;2;66;61;58m██[38;2;214;173;46m██[38;2;231;198;63m██[38;2;187;187;184m██[38;2;148;24;12m████[38;2;66;61;50m██[38;2;214;165;30m██[38;2;214;173;70m██[38;2;71;60;45m██[38;2;66;66;66m████[38;2;0;0;0m██          
[38;2;0;0;0m      ██[38;2;255;214;63m████[38;2;66;66;66m██████[38;2;255;214;63m██[38;2;66;66;66m██████████[38;2;214;173;46m██[38;2;165;136;50m██[38;2;231;198;63m██[38;2;187;187;184m██[38;2;156;181;180m██[38;2;151;76;68m██[38;2;165;130;37m████[38;2;0;4;32m██[38;2;71;60;45m██[38;2;66;66;66m██[38;2;0;0;0m██            
[38;2;0;0;0m        ██[38;2;239;198;55m████[38;2;255;214;63m████████[38;2;66;66;66m██████[38;2;214;173;54m██[38;2;214;173;57m████[38;2;145;117;36m██[38;2;214;173;54m██[38;2;66;66;66m██████[38;2;0;0;0m██  ████              
[38;2;0;0;0m          ██[38;2;159;132;37m██[38;2;214;171;57m████████[38;2;214;173;54m████████[38;2;214;173;57m████[38;2;214;173;54m██[38;2;8;4;0m██[38;2;66;66;66m████[38;2;0;0;0m██                      
[38;2;0;0;0m            ██[38;2;66;66;66m████[38;2;214;173;62m████████[38;2;214;173;54m████[38;2;154;126;47m██[38;2;77;63;40m██[38;2;0;0;0m██  ████                        
[38;2;0;0;0m            ██[38;2;66;66;66m████[38;2;71;60;37m██[38;2;0;4;24m████[38;2;71;60;37m██[38;2;66;66;66m████[38;2;77;63;40m██[38;2;0;0;32m██[38;2;0;0;0m                                
[38;2;0;0;0m              ██████  ██[38;2;66;66;66m██████[38;2;0;0;0m██                                  
[38;2;0;0;0m                        ██████                                    
[38;2;0;0;0m                                                                  [0m
