
[38;2;0;0;0m                                                        
[38;2;0;0;0m                    ████                                
[38;2;0;0;0m                  [38;2;0;8;8m██[38;2;189;148;117m████[38;2;0;8;8m██[38;2;0;0;0m                              
[38;2;0;0;0m                ██[38;2;63;55;44m██[38;2;189;148;117m████[38;2;63;55;44m██[38;2;0;0;0m██                            
[38;2;0;0;0m              ██[38;2;189;148;117m██[38;2;66;66;66m██[38;2;189;148;117m██[38;2;189;148;109m██[38;2;66;66;66m██[38;2;189;148;117m██[38;2;0;0;0m██                          
[38;2;0;0;0m              ██[38;2;189;148;117m██[38;2;66;66;66m██[38;2;189;148;117m██[38;2;148;121;95m██[38;2;189;148;109m██[38;2;189;148;117m██[38;2;0;0;0m██                          
[38;2;0;0;0m                ██[38;2;66;66;66m██[38;2;189;148;117m██[38;2;66;66;66m██[38;2;189;148;117m██[38;2;0;0;0m██              ██████        
[38;2;0;0;0m              ██[38;2;189;148;117m████████████[38;2;0;0;0m██        ████[38;2;189;148;117m██████[38;2;0;0;0m████    
[38;2;0;0;0m            ██[38;2;189;148;117m████[38;2;148;121;95m██[38;2;66;66;66m██[38;2;189;156;128m████[38;2;189;148;117m████[38;2;0;0;0m██    ██[38;2;189;148;117m████████[38;2;247;247;175m████[38;2;247;239;151m██[38;2;0;0;0m██  
[38;2;0;0;0m    ████    ██[38;2;189;148;117m██[38;2;66;66;66m████[38;2;189;148;109m██[38;2;255;255;247m██[38;2;156;107;68m██[38;2;189;148;117m████[38;2;0;0;0m██    [38;2;189;148;117m██████[38;2;247;247;175m████████[38;2;165;159;101m██[38;2;0;0;0m██  
[38;2;0;0;0m  ██[38;2;255;255;255m████[38;2;0;0;0m██    [38;2;0;4;8m██[38;2;63;55;47m██[38;2;189;148;117m██[38;2;255;255;255m██[38;2;0;0;0m██[38;2;255;255;255m██[38;2;189;148;109m██[38;2;148;121;95m██[38;2;0;0;0m██  ██[38;2;189;148;117m████[38;2;247;247;175m██████[38;2;156;154;108m██[38;2;66;61;50m██[38;2;0;0;0m██    
[38;2;0;0;0m  ██[38;2;255;255;255m████[38;2;0;0;0m██    [38;2;0;4;8m██[38;2;189;156;125m██[38;2;189;148;117m██[38;2;255;255;255m██[38;2;85;85;85m██[38;2;255;255;255m██[38;2;189;148;109m██[38;2;66;66;66m██[38;2;0;0;0m████[38;2;189;148;117m████[38;2;247;247;175m████[38;2;165;148;69m████[38;2;247;247;167m████[38;2;0;0;0m██    
[38;2;0;0;0m    ██[38;2;255;255;255m████[38;2;0;0;0m████[38;2;247;217;55m████[38;2;164;148;68m████[38;2;255;255;255m██[38;2;156;127;76m██[38;2;156;115;84m██[38;2;66;66;66m██[38;2;189;148;117m██████[38;2;247;247;175m██████████[38;2;255;255;175m████[38;2;0;0;0m██    
[38;2;0;0;0m      ██[38;2;85;85;85m██[38;2;247;214;55m████[38;2;247;217;55m████[38;2;247;214;55m████[38;2;156;127;76m████[38;2;156;115;84m████[38;2;189;148;117m██[38;2;247;247;175m████████████[38;2;165;148;69m██[38;2;135;131;87m██[38;2;16;8;0m██[38;2;0;0;0m      
[38;2;0;0;0m      ██[38;2;247;214;55m██████[38;2;165;148;55m████[38;2;255;255;255m████[38;2;255;255;239m██[38;2;57;99;33m██[38;2;66;74;58m██[38;2;231;255;151m██[38;2;247;247;175m██████████[38;2;165;148;69m██[38;2;135;131;87m██[38;2;255;255;175m██[38;2;247;247;175m██[38;2;0;0;0m██      
[38;2;0;0;0m        ██[38;2;247;214;55m██[38;2;164;148;68m██[38;2;247;222;79m██[38;2;0;0;8m██[38;2;0;0;0m██[38;2;255;255;255m██[38;2;255;255;239m██[38;2;156;177;136m██[38;2;176;195;120m██[38;2;66;74;58m██[38;2;66;66;66m████[38;2;247;247;175m████████[38;2;255;255;175m██[38;2;16;8;0m██[38;2;0;0;0m██        
[38;2;0;0;0m          ██████    ████[38;2;154;165;106m██[38;2;156;222;76m████[38;2;156;239;76m██[38;2;148;211;76m██[38;2;66;69;61m████[38;2;0;0;0m██████            
[38;2;0;0;0m                    ██[38;2;231;247;159m██[38;2;77;82;53m██[38;2;66;66;66m██[38;2;156;222;76m██[38;2;148;211;76m██[38;2;132;156;76m██[38;2;132;137;89m██[38;2;198;206;118m██[38;2;0;0;0m██                
[38;2;0;0;0m                    ██[38;2;82;80;53m██[38;2;247;239;159m██[38;2;255;255;167m██[38;2;74;70;58m██[38;2;66;66;66m████[38;2;80;71;45m██[38;2;0;0;32m██[38;2;0;0;0m                  
[38;2;0;0;0m                  ██[38;2;165;148;69m██[38;2;165;159;106m██[38;2;0;0;0m██[38;2;195;193;131m████[38;2;206;198;126m██[38;2;66;66;66m██[38;2;80;71;45m██[38;2;239;214;71m██[38;2;0;0;0m██                
[38;2;0;0;0m                    ████  ████[38;2;82;71;37m██[38;2;247;214;63m██[38;2;247;214;55m████[38;2;0;0;0m██                
[38;2;0;0;0m                              [38;2;0;0;24m██[38;2;247;214;63m██[38;2;0;0;0m██[38;2;247;214;55m██[38;2;0;0;0m██                
[38;2;0;0;0m                                ██  ██                  
[38;2;0;0;0m                                                        [0m
