
                          [38;2;0;0;0m▄▄    [0m
                       [38;2;0;0;0m[48;2;0;0;0m▀[48;2;192;136;48m▀[48;2;120;80;48m▀[38;2;192;136;48m[48;2;192;136;48m▀▀[38;2;0;0;0m[48;2;0;0;0m▀[49m▄▄ [0m
            [38;2;0;0;0m▄▄  ▄▄[48;2;192;176;104m▀[48;2;0;0;0m▀[49m  ▄[48;2;160;104;48m▀[38;2;192;136;48m[48;2;192;136;48m▀[38;2;120;80;48m[48;2;120;80;48m▀[38;2;192;136;48m[48;2;192;136;48m▀[38;2;120;80;48m[48;2;120;80;48m▀[38;2;192;136;48m[48;2;192;136;48m▀▀[38;2;0;0;0m[48;2;0;0;0m▀[49m [0m
      [38;2;0;0;0m▄▄[48;2;240;104;64m▀[48;2;0;0;0m▀[49m  [48;2;0;0;0m▀[38;2;192;176;104m[48;2;192;176;104m▀[38;2;0;0;0m▀▀[38;2;192;176;104m▀[38;2;64;64;64m▀[38;2;192;176;104m[48;2;152;136;64m▀[38;2;64;64;64m[48;2;248;232;152m▀[38;2;0;0;0m[48;2;64;64;64m▀[49m▄[48;2;64;64;64m▀[38;2;160;104;48m[48;2;160;104;48m▀[38;2;120;80;48m[48;2;120;80;48m▀[38;2;160;104;48m[48;2;160;104;48m▀[38;2;120;80;48m[48;2;120;80;48m▀[38;2;192;136;48m[48;2;160;104;48m▀[48;2;120;80;48m▀[38;2;0;0;0m[48;2;0;0;0m▀[49m  [0m
     [38;2;0;0;0m[48;2;0;0;0m▀[38;2;240;104;64m[48;2;240;104;64m▀[38;2;0;0;0m[48;2;184;80;64m▀[38;2;240;104;64m[48;2;136;48;48m▀[38;2;184;80;64m[48;2;184;80;64m▀[38;2;0;0;0m[48;2;64;64;64m▀[48;2;160;104;48m▀[38;2;192;176;104m▀[38;2;120;80;48m▀▀[38;2;192;176;104m[48;2;152;136;64m▀[38;2;152;136;64m[48;2;248;232;152m▀[38;2;192;176;104m[48;2;152;136;64m▀[38;2;152;136;64m[48;2;248;232;152m▀[38;2;248;232;152m▀▀[48;2;192;176;104m▀[48;2;0;0;0m▀[38;2;64;64;64m[48;2;64;64;64m▀[38;2;160;104;48m▀[38;2;120;80;48m[48;2;120;80;48m▀[38;2;160;104;48m[48;2;160;104;48m▀[48;2;0;0;0m▀[38;2;0;0;0m[49m▀   [0m
    [38;2;0;0;0m▄[48;2;240;104;64m▀[38;2;136;48;48m[48;2;136;48;48m▀[38;2;184;80;64m[48;2;184;80;64m▀[38;2;136;48;48m▀[38;2;184;80;64m▀[48;2;64;64;64m▀[38;2;64;64;64m[48;2;192;136;48m▀▀[38;2;160;104;48m[48;2;64;64;64m▀▀[38;2;64;64;64m[48;2;192;136;48m▀[38;2;248;232;152m▀[48;2;120;80;48m▀[48;2;192;176;104m▀[48;2;248;232;152m▀▀▀[48;2;160;104;48m▀[38;2;160;104;48m[48;2;192;136;48m▀▀[38;2;64;64;64m[48;2;160;104;48m▀[38;2;0;0;0m▀[49m▄    [0m
    [38;2;0;0;0m▀[38;2;240;104;64m[48;2;0;0;0m▀[38;2;184;80;64m[48;2;184;80;64m▀[38;2;136;48;48m▀[38;2;184;80;64m▀[38;2;64;64;64m[48;2;192;192;192m▀[38;2;192;136;48m[48;2;192;136;48m▀[48;2;160;104;48m▀[48;2;0;0;0m▀▀▀[48;2;160;104;48m▀[48;2;192;136;48m▀▀[38;2;120;80;48m▀▀[38;2;64;64;64m▀[38;2;248;232;152m[48;2;64;64;64m▀[48;2;192;136;48m▀[38;2;160;104;48m▀[38;2;192;136;48m▀[48;2;120;80;48m▀[38;2;160;104;48m[48;2;192;136;48m▀[48;2;160;104;48m▀[38;2;0;0;0m[48;2;0;0;0m▀[49m   [0m
    [38;2;0;0;0m▄[48;2;232;168;160m▀[38;2;64;64;64m[48;2;208;128;128m▀[38;2;184;80;64m[48;2;64;64;64m▀[38;2;0;0;0m[48;2;248;248;248m▀[38;2;248;248;248m[48;2;160;104;48m▀[38;2;160;104;48m▀[38;2;0;0;0m[48;2;0;0;0m▀[49m  ▄[48;2;160;104;48m▀[38;2;192;136;48m[48;2;192;136;48m▀[48;2;120;80;48m▀[48;2;192;136;48m▀[48;2;120;80;48m▀[38;2;160;104;48m[48;2;160;104;48m▀▀[38;2;64;64;64m[48;2;64;64;64m▀[38;2;192;136;48m[48;2;192;136;48m▀▀[38;2;120;80;48m[48;2;120;80;48m▀[38;2;192;136;48m[48;2;192;136;48m▀[38;2;120;80;48m[48;2;120;80;48m▀[38;2;160;104;48m[48;2;160;104;48m▀[38;2;0;0;0m[48;2;0;0;0m▀[49m  [0m
   [38;2;0;0;0m▄[48;2;232;168;160m▀[38;2;232;168;160m▀[48;2;64;64;64m▀[38;2;64;64;64m[48;2;208;128;128m▀[38;2;208;128;128m[48;2;0;0;0m▀[38;2;160;104;48m▀[38;2;0;0;0m[49m▀   ▀▀[38;2;120;80;48m[48;2;0;0;0m▀[48;2;160;104;48m▀[38;2;192;136;48m[48;2;120;80;48m▀[38;2;120;80;48m▀[48;2;160;104;48m▀[38;2;64;64;64m[48;2;64;64;64m▀[38;2;192;136;48m[48;2;192;136;48m▀▀[38;2;120;80;48m[48;2;120;80;48m▀[38;2;192;136;48m[48;2;192;136;48m▀[48;2;120;80;48m▀[38;2;120;80;48m[48;2;192;176;104m▀[38;2;160;104;48m[48;2;0;0;0m▀[38;2;0;0;0m[49m▀  [0m
  [38;2;0;0;0m[48;2;0;0;0m▀[38;2;232;168;160m[48;2;232;168;160m▀▀[38;2;64;64;64m[48;2;0;0;0m▀[38;2;208;128;128m▀[38;2;0;0;0m[49m▀       ▄[48;2;232;168;160m▀[38;2;64;64;64m[48;2;208;128;128m▀[48;2;0;0;0m▀[38;2;160;104;48m▀[48;2;64;64;64m▀[38;2;64;64;64m[48;2;248;232;152m▀[38;2;248;232;152m▀[38;2;192;176;104m[48;2;64;64;64m▀[38;2;64;64;64m[48;2;248;232;152m▀[38;2;248;232;152m[48;2;64;64;64m▀[38;2;64;64;64m[48;2;192;176;104m▀[38;2;192;176;104m[48;2;0;0;0m▀[38;2;0;0;0m[49m▀   [0m
 [38;2;0;0;0m[48;2;0;0;0m▀[38;2;232;168;160m▀[38;2;0;0;0m[49m▀▀          ▀[38;2;208;128;128m[48;2;0;0;0m▀[38;2;0;0;0m▀[49m  [48;2;0;0;0m▀[38;2;248;232;152m[48;2;192;176;104m▀[38;2;192;176;104m[48;2;64;64;64m▀[38;2;64;64;64m[48;2;0;0;0m▀[38;2;248;232;152m▀[38;2;0;0;0m[49m▀▀     [0m
                     [38;2;0;0;0m▀▀         [0m
