
     [38;2;0;0;0m▄▄  ▄▄        [0m
     [38;2;0;0;0m[48;2;0;0;0m▀[38;2;148;181;244m[48;2;148;181;244m▀[38;2;0;0;0m▀▀[38;2;148;181;244m▀[38;2;0;0;0m[48;2;0;0;0m▀[49m        [0m
     [38;2;0;0;0m[48;2;0;0;0m▀[38;2;107;156;227m[48;2;93;122;171m▀[38;2;148;181;244m[48;2;140;181;252m▀[38;2;66;66;66m[48;2;57;63;79m▀[38;2;148;181;244m[48;2;156;181;236m▀[38;2;0;0;0m[48;2;0;0;0m▀[49m        [0m
      [38;2;0;4;8m[48;2;0;0;0m▀[38;2;140;181;252m[48;2;181;181;157m▀[38;2;57;63;79m[48;2;173;181;165m▀[38;2;8;4;0m[48;2;8;4;0m▀[38;2;0;0;0m[49m▄    ▄   [0m
   [38;2;0;0;0m▄[48;2;222;200;126m▀▀[38;2;181;181;157m[48;2;222;198;126m▀▀[38;2;118;122;110m▀[38;2;173;181;165m[48;2;156;132;84m▀[38;2;222;198;126m[48;2;222;198;126m▀[38;2;0;0;0m▀[48;2;148;132;87m▀[38;2;0;0;8m[49m▄[38;2;0;0;0m[48;2;148;181;244m▀[38;2;148;181;244m▀[38;2;0;0;0m[48;2;0;0;0m▀[49m  [0m
  [38;2;0;0;0m[48;2;0;0;0m▀[38;2;189;165;93m[48;2;198;173;102m▀[38;2;222;200;126m[48;2;189;165;93m▀[48;2;222;198;126m▀[38;2;189;165;93m[48;2;214;198;142m▀[48;2;66;66;74m▀[38;2;222;198;126m[48;2;66;66;66m▀[48;2;222;198;126m▀[38;2;156;132;84m[48;2;156;132;84m▀[38;2;222;198;126m[48;2;222;198;126m▀[48;2;222;200;126m▀[38;2;74;66;47m▀[38;2;148;181;244m[48;2;99;148;219m▀[38;2;0;0;0m[48;2;0;0;0m▀[49m   [0m
 [38;2;0;0;0m[48;2;0;0;0m▀[38;2;198;173;102m[48;2;222;200;126m▀▀[38;2;189;165;93m[48;2;222;198;126m▀[38;2;222;198;126m▀[38;2;66;66;74m[48;2;66;66;66m▀[38;2;165;154;119m[48;2;255;255;255m▀[38;2;66;66;66m[48;2;156;160;156m▀[48;2;66;66;66m▀[38;2;222;198;126m[48;2;231;198;119m▀[38;2;156;132;84m[48;2;152;132;88m▀[38;2;222;200;126m[48;2;222;198;126m▀▀[38;2;99;148;219m[48;2;46;55;67m▀[48;2;90;140;202m▀[38;2;0;0;0m[48;2;0;0;0m▀[49m  [0m
 [38;2;0;0;0m▀[38;2;222;200;126m[48;2;0;0;0m▀[48;2;222;198;126m▀[38;2;222;198;126m▀[38;2;189;165;93m[48;2;189;165;104m▀[38;2;255;255;255m[48;2;255;255;255m▀[38;2;66;66;66m[48;2;0;0;0m▀[38;2;247;255;247m[48;2;247;255;247m▀[38;2;66;66;66m[48;2;66;66;66m▀[38;2;74;66;58m▀[38;2;152;132;88m[48;2;154;132;85m▀[38;2;222;198;126m[48;2;189;165;93m▀[38;2;189;165;93m[48;2;148;132;84m▀[38;2;46;55;67m[48;2;66;66;66m▀[38;2;24;12;0m[48;2;107;156;227m▀[38;2;0;0;0m[49m▄  [0m
 [38;2;0;0;0m▄[48;2;255;140;143m▀[38;2;222;198;126m▀[38;2;156;132;81m[48;2;225;148;124m▀[38;2;222;198;126m[48;2;231;198;135m▀[38;2;85;85;85m[48;2;66;66;66m▀[38;2;255;255;255m▀[38;2;156;160;156m▀[38;2;66;66;66m▀[38;2;198;165;94m[48;2;156;132;84m▀[38;2;154;132;85m[48;2;132;173;236m▀[38;2;66;66;66m[48;2;140;181;252m▀[48;2;57;61;73m▀[38;2;107;156;227m[48;2;49;60;79m▀[48;2;132;173;236m▀[38;2;0;0;0m[48;2;107;156;227m▀[49m▄ [0m
 [38;2;0;0;0m▀[38;2;74;61;66m[48;2;0;0;0m▀[38;2;195;114;117m[48;2;189;165;93m▀[38;2;220;99;113m[48;2;255;156;143m▀▀[38;2;222;198;126m[48;2;198;140;102m▀[38;2;66;66;66m▀[48;2;170;148;90m▀[38;2;156;132;84m▀[38;2;132;173;236m[48;2;55;60;81m▀[48;2;148;181;244m▀[38;2;112;141;192m▀[38;2;140;181;252m[48;2;74;133;202m▀[38;2;132;173;236m[48;2;0;0;0m▀[38;2;8;4;0m[49m▀[38;2;0;0;0m▀  [0m
   [38;2;0;0;0m▀[38;2;8;16;0m▀[38;2;173;109;95m[48;2;0;0;0m▀[38;2;198;140;102m▀[38;2;66;66;66m▀[38;2;0;0;0m[49m▀▀[38;2;8;0;0m▀▀[38;2;148;181;244m[48;2;0;0;0m▀▀[38;2;0;0;0m[49m▀    [0m
                   [0m
