
[38;2;0;0;0m                                                                  
[38;2;0;0;0m                    [38;2;49;49;49m██[38;2;0;0;0m                                            
[38;2;0;0;0m                  [38;2;49;49;49m██[38;2;246;98;98m██[38;2;49;49;49m██[38;2;0;0;0m  [38;2;49;49;49m██[38;2;0;0;0m                                      
[38;2;0;0;0m                  [38;2;49;49;49m██[38;2;246;98;98m██[38;2;189;41;65m██[38;2;49;49;49m██[38;2;246;98;98m██[38;2;49;49;49m██[38;2;0;0;0m              [38;2;49;49;49m██[38;2;0;0;0m                    
[38;2;0;0;0m                  [38;2;49;49;49m██[38;2;246;98;98m████[38;2;82;82;82m██[38;2;246;98;98m██[38;2;49;49;49m██[38;2;0;0;0m        [38;2;49;49;49m██[38;2;0;0;0m  [38;2;49;49;49m██[38;2;246;98;98m██[38;2;49;49;49m██[38;2;0;0;0m                  
[38;2;0;0;0m              [38;2;49;49;49m████[38;2;189;41;65m██[38;2;246;98;98m████[38;2;189;41;65m██[38;2;246;98;98m██[38;2;49;49;49m██[38;2;0;0;0m      [38;2;49;49;49m██[38;2;246;98;98m██[38;2;49;49;49m██[38;2;189;41;65m██[38;2;246;98;98m██[38;2;49;49;49m██[38;2;0;0;0m                  
[38;2;0;0;0m              [38;2;49;49;49m██[38;2;246;98;98m██[38;2;189;41;65m████[38;2;246;98;98m██████[38;2;82;82;82m██[38;2;49;49;49m██[38;2;0;0;0m    [38;2;49;49;49m██[38;2;246;98;98m██[38;2;82;82;82m██[38;2;246;98;98m████[38;2;49;49;49m██[38;2;0;0;0m                  
[38;2;0;0;0m              [38;2;49;49;49m██[38;2;246;98;98m████[38;2;189;41;65m██[38;2;246;98;98m████[38;2;82;82;82m██[38;2;74;180;213m████[38;2;49;49;49m████[38;2;189;41;65m██[38;2;246;98;98m██[38;2;189;41;65m██[38;2;246;98;98m████[38;2;49;49;49m████[38;2;0;0;0m                
[38;2;0;0;0m                [38;2;49;49;49m██[38;2;246;98;98m██████[38;2;82;82;82m██[38;2;74;180;213m████████[38;2;82;82;82m████[38;2;246;98;98m██████[38;2;189;41;65m████[38;2;49;49;49m██[38;2;0;0;0m                
[38;2;0;0;0m                [38;2;49;49;49m██[38;2;82;82;82m██[38;2;246;98;98m██[38;2;82;82;82m██[38;2;74;180;213m████[38;2;82;82;82m██[38;2;74;180;213m██████[38;2;82;82;82m██[38;2;74;180;213m████[38;2;189;41;65m██████[38;2;49;49;49m██[38;2;0;0;0m                
[38;2;0;0;0m                [38;2;49;49;49m██[38;2;74;180;213m██[38;2;82;82;82m██[38;2;74;123;156m██[38;2;123;205;246m██[38;2;82;82;82m██[38;2;255;255;255m██[38;2;82;82;82m██[38;2;74;180;213m██████[38;2;74;123;156m██[38;2;74;180;213m████[38;2;189;41;65m██[38;2;49;49;49m██[38;2;0;0;0m                  
[38;2;0;0;0m              [38;2;49;49;49m██[38;2;74;180;213m████[38;2;74;123;156m██[38;2;123;205;246m██[38;2;74;180;213m██[38;2;189;41;65m██[38;2;255;255;255m██[38;2;82;82;82m██[38;2;205;180;98m██[38;2;74;180;213m██████[38;2;74;123;156m██[38;2;82;82;82m████[38;2;49;49;49m██[38;2;0;0;0m                  
[38;2;0;0;0m            [38;2;49;49;49m██[38;2;123;205;246m██[38;2;74;123;156m████[38;2;123;205;246m████[38;2;49;49;49m██[38;2;246;98;98m██[38;2;74;180;213m██[38;2;246;230;106m████[38;2;205;180;98m██[38;2;74;180;213m██[38;2;74;123;156m████[38;2;123;205;246m██[38;2;74;123;156m██[38;2;82;82;82m██[38;2;49;49;49m██[38;2;0;0;0m    [38;2;49;49;49m██[38;2;0;0;0m  [38;2;49;49;49m██[38;2;0;0;0m      
[38;2;0;0;0m            [38;2;49;49;49m██[38;2;123;205;246m████████[38;2;74;180;213m████[38;2;255;255;255m██[38;2;205;180;98m██[38;2;246;230;106m████[38;2;205;180;98m██[38;2;74;180;213m██[38;2;74;123;156m██[38;2;123;205;246m██[38;2;74;123;156m██[38;2;74;180;213m██████[38;2;49;49;49m████[38;2;189;41;65m██[38;2;49;49;49m██[38;2;189;41;65m██[38;2;49;49;49m██[38;2;0;0;0m    
[38;2;0;0;0m        [38;2;49;49;49m████[38;2;74;123;156m██[38;2;82;82;82m██[38;2;123;205;246m██[38;2;82;82;82m██[38;2;74;180;213m██[38;2;255;255;255m██[38;2;74;180;213m██[38;2;205;180;98m██[38;2;246;230;106m██████[38;2;74;180;213m████[38;2;82;82;82m████[38;2;74;180;213m██[38;2;74;123;156m████[38;2;74;180;213m██[38;2;74;123;156m██[38;2;82;82;82m██[38;2;189;41;65m██████[38;2;49;49;49m████[38;2;0;0;0m  
[38;2;0;0;0m    [38;2;49;49;49m████[38;2;74;123;156m██████[38;2;82;82;82m██[38;2;74;180;213m██[38;2;246;230;106m████[38;2;205;180;98m██[38;2;246;230;106m████████[38;2;82;82;82m██[38;2;74;180;213m████████[38;2;82;82;82m██[38;2;123;205;246m████[38;2;74;123;156m██[38;2;74;180;213m██[38;2;82;82;82m██[38;2;189;41;65m████[38;2;82;82;82m██[38;2;74;123;156m██[38;2;49;49;49m██[38;2;0;0;0m  
[38;2;0;0;0m  [38;2;49;49;49m██[38;2;189;189;180m██[38;2;82;82;82m██[38;2;74;123;156m████████[38;2;82;82;82m██[38;2;49;49;49m██[38;2;246;230;106m████████[38;2;82;82;82m████[38;2;74;180;213m████████[38;2;82;82;82m██[38;2;74;123;156m██████[38;2;74;180;213m████[38;2;82;82;82m██████[38;2;74;123;156m████[38;2;49;49;49m██[38;2;0;0;0m  
[38;2;0;0;0m    [38;2;49;49;49m██[38;2;189;189;180m██[38;2;82;82;82m██[38;2;74;123;156m████[38;2;49;49;49m████[38;2;0;0;0m  [38;2;49;49;49m████[38;2;82;82;82m██[38;2;74;180;213m██████████[38;2;74;123;156m██[38;2;74;180;213m██[38;2;82;82;82m██[38;2;123;205;246m████[38;2;74;123;156m██[38;2;74;180;213m██[38;2;82;82;82m██[38;2;74;123;156m████████[38;2;49;49;49m██[38;2;0;0;0m    
[38;2;0;0;0m      [38;2;49;49;49m████████[38;2;0;0;0m        [38;2;49;49;49m██[38;2;74;123;156m██[38;2;82;82;82m██[38;2;74;123;156m██[38;2;74;180;213m██[38;2;74;123;156m████[38;2;74;180;213m██[38;2;82;82;82m██[38;2;255;255;255m██[38;2;74;123;156m████[38;2;74;180;213m██[38;2;82;82;82m████[38;2;74;123;156m████████[38;2;49;49;49m██[38;2;0;0;0m    
[38;2;0;0;0m                    [38;2;49;49;49m██[38;2;74;123;156m████[38;2;82;82;82m██[38;2;74;180;213m██████████[38;2;82;82;82m████[38;2;255;255;255m██[38;2;82;82;82m██[38;2;255;255;255m██[38;2;82;82;82m██[38;2;74;180;213m██[38;2;82;82;82m██[38;2;74;123;156m████[38;2;49;49;49m██[38;2;0;0;0m      
[38;2;0;0;0m                    [38;2;49;49;49m██[38;2;74;123;156m████[38;2;82;82;82m██[38;2;74;180;213m████████[38;2;74;123;156m██[38;2;246;230;106m██[38;2;82;82;82m████[38;2;74;180;213m██[38;2;82;82;82m██[38;2;74;180;213m████[38;2;82;82;82m██[38;2;49;49;49m████[38;2;0;0;0m        
[38;2;0;0;0m                      [38;2;49;49;49m██[38;2;74;123;156m████[38;2;82;82;82m██[38;2;205;180;98m██[38;2;74;180;213m██[38;2;74;123;156m██[38;2;246;230;106m████[38;2;74;123;156m██[38;2;74;180;213m██████████[38;2;49;49;49m██[38;2;0;0;0m            
[38;2;0;0;0m                    [38;2;49;49;49m██[38;2;189;189;180m██[38;2;74;123;156m██████[38;2;82;82;82m██[38;2;205;180;98m██[38;2;246;230;106m████[38;2;74;123;156m██[38;2;74;180;213m██[38;2;82;82;82m██[38;2;74;180;213m██████[38;2;49;49;49m██[38;2;0;0;0m              
[38;2;0;0;0m                    [38;2;49;49;49m██[38;2;82;82;82m██[38;2;189;189;180m██[38;2;49;49;49m██[38;2;189;189;180m██[38;2;49;49;49m████[38;2;205;180;98m██[38;2;74;123;156m██[38;2;74;180;213m██[38;2;82;82;82m██[38;2;74;180;213m██[38;2;82;82;82m██████[38;2;74;180;213m██[38;2;49;49;49m██[38;2;0;0;0m            
[38;2;0;0;0m                      [38;2;49;49;49m████[38;2;0;0;0m  [38;2;49;49;49m██[38;2;0;0;0m    [38;2;49;49;49m████████[38;2;82;82;82m██[38;2;74;180;213m████████[38;2;255;255;255m██[38;2;49;49;49m██[38;2;0;0;0m          
[38;2;0;0;0m                                          [38;2;49;49;49m████[38;2;255;255;255m██[38;2;82;82;82m██[38;2;255;255;255m██[38;2;82;82;82m██[38;2;49;49;49m██[38;2;0;0;0m          
[38;2;0;0;0m                                              [38;2;49;49;49m████████[38;2;0;0;0m            
[38;2;0;0;0m                                                                  [0m
