
   [38;2;49;49;49m▄▄            [0m
  [38;2;49;49;49m▀[38;2;255;255;255m[48;2;49;49;49m▀[48;2;255;255;255m▀[38;2;49;49;49m▀[49m▄[48;2;230;197;8m▀[48;2;255;255;255m▀▀[48;2;230;197;8m▀[49m▄     [0m
  [38;2;49;49;49m▀[38;2;255;255;255m[48;2;49;49;49m▀[38;2;213;213;213m[48;2;82;82;82m▀[38;2;115;115;115m[48;2;197;197;197m▀[38;2;230;197;8m[48;2;255;255;255m▀[38;2;255;238;74m[48;2;230;197;8m▀▀▀▀[38;2;230;197;8m[48;2;164;123;24m▀[38;2;49;49;49m[48;2;213;213;213m▀[48;2;255;255;255m▀▀[49m▄ [0m
    [38;2;49;49;49m[48;2;49;49;49m▀[38;2;255;255;255m[48;2;222;115;189m▀[38;2;82;82;82m[48;2;255;255;255m▀[38;2;255;255;255m▀[48;2;82;82;82m▀[48;2;255;255;255m▀▀[48;2;115;115;115m▀[48;2;213;213;213m▀[48;2;255;255;255m▀[38;2;49;49;49m▀[49m▄ [0m
   [38;2;49;49;49m▄ ▀[38;2;255;255;255m[48;2;49;49;49m▀[38;2;197;197;197m[48;2;164;123;24m▀[38;2;213;213;213m[48;2;230;197;8m▀[38;2;222;115;189m[48;2;164;164;164m▀[38;2;255;255;255m[48;2;82;82;82m▀[38;2;213;213;213m[48;2;49;49;49m▀[38;2;49;49;49m[49m▀▀▀  [0m
  [38;2;49;49;49m▀[38;2;255;238;74m[48;2;49;49;49m▀[38;2;49;49;49m[48;2;82;82;82m▀[48;2;230;74;82m▀[38;2;255;255;255m[48;2;197;41;49m▀[38;2;164;123;24m[48;2;164;123;24m▀[48;2;255;255;255m▀[38;2;49;115;8m[48;2;197;41;49m▀[38;2;82;82;82m[48;2;106;180;57m▀[38;2;255;238;74m[48;2;49;49;49m▀[38;2;49;49;49m[49m▀    [0m
 [38;2;49;49;49m▄[48;2;230;74;82m▀[38;2;82;82;82m▀[38;2;197;41;49m▀[38;2;230;74;82m[48;2;197;41;49m▀[48;2;255;238;74m▀[38;2;230;197;8m▀[38;2;197;41;49m▀[38;2;230;74;82m[48;2;197;41;49m▀[38;2;197;41;49m[48;2;230;74;82m▀[38;2;82;82;82m▀[38;2;49;49;49m▀[49m▄   [0m
 [38;2;49;49;49m▀[38;2;197;41;49m[48;2;49;49;49m▀[38;2;230;74;82m▀[38;2;197;41;49m▀[38;2;230;74;82m[48;2;197;41;49m▀[48;2;230;74;82m▀▀▀[48;2;197;41;49m▀[38;2;197;41;49m[48;2;82;82;82m▀[38;2;230;74;82m[48;2;49;49;49m▀[38;2;197;41;49m▀[38;2;49;49;49m[49m▀   [0m
     [38;2;49;49;49m▀[38;2;106;180;57m[48;2;49;49;49m▀▀[38;2;49;115;8m[48;2;106;180;57m▀[38;2;106;180;57m[48;2;49;49;49m▀[38;2;49;49;49m[49m▀      [0m
        [38;2;49;49;49m▀▀       [0m
