
[38;2;0;0;0m                                            
[38;2;0;0;0m                              ██            
[38;2;0;0;0m                            [38;2;255;247;175m██[38;2;173;165;117m██[38;2;0;0;0m            
[38;2;0;0;0m                            [38;2;255;247;183m██[38;2;189;164;80m██[38;2;0;0;0m██          
[38;2;0;0;0m                      ████[38;2;255;247;183m████████[38;2;0;0;0m██        
[38;2;0;0;0m      ██              ██[38;2;255;247;183m██████████[38;2;189;165;85m██[38;2;0;0;0m        
[38;2;0;0;0m    [38;2;206;107;70m████[38;2;0;0;0m            ██[38;2;255;247;183m██[38;2;66;66;66m██[38;2;255;140;87m██[38;2;66;66;66m██[38;2;255;247;183m██[38;2;189;164;80m██[38;2;255;247;183m██[38;2;0;0;0m██      
[38;2;0;0;0m    [38;2;209;107;68m████[38;2;0;0;0m    ██      [38;2;255;222;159m██[38;2;74;61;58m██[38;2;255;140;87m████[38;2;255;247;183m████████[38;2;0;0;0m██      
[38;2;0;0;0m  ██[38;2;209;107;68m████[38;2;0;12;16m██[38;2;0;0;0m  [38;2;255;247;183m████[38;2;0;0;0m  ██[38;2;255;140;87m██[38;2;66;66;66m████[38;2;195;168;125m██[38;2;255;247;183m████████[38;2;173;165;106m██[38;2;8;0;0m██[38;2;0;0;0m██  
[38;2;0;0;0m  ██[38;2;209;107;68m████[38;2;69;45;34m██[38;2;0;0;0m██[38;2;255;247;183m████[38;2;0;0;0m  ██[38;2;66;66;66m████[38;2;255;140;87m██[38;2;74;61;58m██[38;2;255;247;183m████████[38;2;173;165;106m██[38;2;255;247;159m██[38;2;0;0;0m██  
[38;2;0;0;0m    [38;2;206;107;70m██[38;2;66;66;66m██[38;2;255;247;183m████████[38;2;82;77;56m██[38;2;255;140;87m██[38;2;52;96;111m████[38;2;255;140;87m██[38;2;66;66;66m██[38;2;255;247;183m████████████[38;2;0;0;0m    
[38;2;0;0;0m    ██[38;2;255;247;183m██████[38;2;247;222;111m████[38;2;255;140;87m██[38;2;66;66;66m██[38;2;49;94;113m████[38;2;74;61;58m██[38;2;255;247;183m██████████[38;2;255;255;175m██[38;2;206;173;70m██[38;2;0;0;0m    
[38;2;0;0;0m    [38;2;8;0;0m██[38;2;255;173;103m██[38;2;255;247;183m██[38;2;255;255;159m██[38;2;208;108;67m██[38;2;255;140;87m██[38;2;255;137;90m██[38;2;255;140;87m██[38;2;66;66;66m████[38;2;255;247;183m████████████[38;2;247;222;111m████[38;2;0;0;0m    
[38;2;0;0;0m    [38;2;255;173;103m██[38;2;173;115;69m██[38;2;247;222;111m██[38;2;241;208;124m██[38;2;255;140;87m████[38;2;255;137;90m██[38;2;255;140;87m██[38;2;255;247;183m██[38;2;66;66;66m██[38;2;255;247;183m██████████[38;2;247;222;111m████[38;2;0;0;0m██    
[38;2;0;0;0m    [38;2;0;16;16m██[38;2;255;140;95m██[38;2;255;140;87m██[38;2;255;132;87m██[38;2;66;66;66m████[38;2;197;114;80m██[38;2;66;66;66m██[38;2;255;247;183m████[38;2;255;247;167m██[38;2;66;66;66m██[38;2;247;222;111m██[38;2;255;247;183m████[38;2;230;214;122m██[38;2;247;222;111m████[38;2;0;0;0m██  
[38;2;0;0;0m    [38;2;255;140;87m████[38;2;255;137;90m██[38;2;66;66;66m██[38;2;255;247;239m██[38;2;90;78;74m██[38;2;209;107;68m██[38;2;66;66;66m██[38;2;255;247;183m████[38;2;255;247;175m██[38;2;66;66;66m██[38;2;247;222;111m████████[38;2;189;165;85m██[38;2;0;0;0m██    
[38;2;0;0;0m    [38;2;0;4;8m██[38;2;247;140;95m██[38;2;255;132;87m██[38;2;255;140;87m██[38;2;206;107;70m████[38;2;74;57;66m██[38;2;247;222;111m████[38;2;255;247;183m██[38;2;74;61;58m██[38;2;255;137;90m██[38;2;66;66;66m██[38;2;247;222;111m██████[38;2;0;0;0m        
[38;2;0;0;0m    [38;2;0;4;8m██[38;2;82;49;37m██[38;2;211;111;75m██[38;2;208;108;67m██[38;2;206;107;70m██[38;2;66;66;66m██[38;2;255;206;103m██[38;2;247;222;111m████[38;2;255;247;183m██[38;2;195;168;125m██[38;2;255;137;90m██[38;2;66;66;66m██[38;2;247;222;111m██[38;2;0;0;0m████        
[38;2;0;0;0m    [38;2;255;247;183m████████[38;2;247;222;111m████████████[38;2;66;66;66m██[38;2;255;140;87m██[38;2;206;107;70m██[38;2;0;0;0m██            
[38;2;0;0;0m    ██[38;2;255;247;183m████████[38;2;247;222;111m██████[38;2;189;165;85m██[38;2;0;0;0m██[38;2;206;107;70m██[38;2;209;107;68m██[38;2;206;107;70m██[38;2;0;0;0m██            
[38;2;0;0;0m      ██[38;2;66;66;66m██[38;2;247;222;119m██[38;2;247;222;111m████[38;2;66;66;66m██[38;2;69;45;34m██[38;2;0;0;0m██  [38;2;255;140;87m██[38;2;127;70;47m██[38;2;0;0;0m██              
[38;2;0;0;0m      ██[38;2;206;107;70m██[38;2;82;74;50m██[38;2;66;66;66m████[38;2;206;107;70m██[38;2;206;111;70m██[38;2;0;0;0m    ████                
[38;2;0;0;0m              ██████                        
[38;2;0;0;0m                                            [0m
