
               [38;2;49;49;49m▄▄   [0m
             [38;2;49;49;49m▄[48;2;82;82;82m▀[38;2;82;82;82m▀[38;2;49;49;49m▀▀[48;2;49;49;49m▀[49m [0m
    [38;2;49;49;49m▄[48;2;197;82;57m▀[48;2;230;131;90m▀▀[48;2;197;82;57m▀[49m▄ [48;2;49;49;49m▀[49m▄[48;2;82;82;82m▀[38;2;255;255;255m▀[38;2;82;82;82m[48;2;255;255;255m▀▀[48;2;49;49;49m▀[38;2;49;49;49m[49m▀ [0m
 [38;2;49;49;49m▄▄[48;2;82;82;82m▀[38;2;230;131;90m▀[48;2;230;131;90m▀[48;2;197;82;57m▀[38;2;197;82;57m[48;2;255;255;255m▀[38;2;230;131;90m[48;2;82;82;82m▀[48;2;230;131;90m▀[38;2;49;49;49m[48;2;197;82;57m▀[38;2;82;82;82m[48;2;98;115;139m▀[48;2;164;189;205m▀[48;2;82;82;82m▀▀[38;2;49;49;49m▀▀[49m▄  [0m
  [38;2;49;49;49m▀[48;2;49;49;49m▀[38;2;82;82;82m[48;2;230;131;90m▀▀[38;2;197;82;57m▀[38;2;49;49;49m[48;2;82;82;82m▀[38;2;82;82;82m[48;2;197;82;57m▀[38;2;255;213;57m[48;2;230;131;90m▀[38;2;197;82;57m▀[38;2;164;189;205m[48;2;98;115;139m▀[48;2;82;82;82m▀[38;2;82;82;82m[48;2;49;49;49m▀[38;2;49;49;49m[49m▀▀▀   [0m
   [38;2;49;49;49m▀[38;2;230;131;90m[48;2;49;49;49m▀[48;2;230;131;90m▀▀▀▀[48;2;98;115;139m▀[38;2;98;115;139m[48;2;164;189;205m▀[38;2;164;189;205m▀▀[38;2;82;82;82m[48;2;255;255;255m▀[38;2;49;49;49m▀[49m▄    [0m
    [38;2;49;49;49m▀[38;2;197;82;57m[48;2;49;49;49m▀[38;2;164;189;205m[48;2;98;115;139m▀[38;2;230;131;90m[48;2;164;189;205m▀▀[38;2;98;115;139m▀[38;2;131;148;164m[48;2;98;115;139m▀[38;2;164;189;205m▀[38;2;255;255;255m[48;2;49;49;49m▀▀[38;2;49;49;49m[49m▀     [0m
      [38;2;49;49;49m▀▀[48;2;49;49;49m▀[38;2;82;82;82m▀[38;2;49;49;49m[49m▀▀        [0m
                    [0m
