
           [38;2;49;49;49m▄▄              [0m
       [38;2;49;49;49m▄▄[48;2;246;148;41m▀[48;2;205;106;74m▀[38;2;246;148;41m▀[38;2;205;106;74m[48;2;82;82;82m▀[38;2;49;49;49m[48;2;49;49;49m▀[49m             [0m
    [38;2;49;49;49m▄[48;2;255;230;156m▀[48;2;246;148;41m▀[38;2;246;148;41m▀▀[38;2;205;106;74m▀[48;2;82;82;82m▀[38;2;82;82;82m[48;2;205;106;74m▀[38;2;205;106;74m[48;2;49;49;49m▀[38;2;49;49;49m[49m▀             [0m
   [38;2;49;49;49m[48;2;49;49;49m▀[38;2;255;230;156m[48;2;255;230;156m▀[48;2;246;148;41m▀[38;2;246;148;41m▀[48;2;213;189;139m▀[48;2;255;230;156m▀[48;2;246;148;41m▀▀[38;2;82;82;82m[48;2;82;82;82m▀[38;2;49;49;49m[48;2;246;213;57m▀▀[49m▄            [0m
 [38;2;49;49;49m▄[48;2;246;148;41m▀[38;2;246;148;41m▀▀▀▀[38;2;255;230;156m[48;2;49;49;49m▀[38;2;131;131;115m[48;2;255;255;255m▀[38;2;246;148;41m[48;2;246;148;41m▀[48;2;205;106;74m▀[38;2;205;106;74m▀[38;2;82;82;82m[48;2;82;82;82m▀[38;2;246;213;57m[48;2;246;213;57m▀▀[38;2;49;49;49m[48;2;49;49;49m▀[49m    ▄▄[48;2;213;189;139m▀[48;2;49;49;49m▀[49m   [0m
 [38;2;49;49;49m▀[38;2;82;82;82m[48;2;49;49;49m▀[48;2;213;189;139m▀[38;2;246;148;41m[48;2;255;230;156m▀[38;2;213;189;139m▀[38;2;255;230;156m▀[38;2;49;49;49m▀[38;2;213;189;139m▀[38;2;49;49;49m[48;2;205;106;74m▀▀[38;2;205;106;74m[48;2;82;82;82m▀[38;2;82;82;82m[48;2;246;213;57m▀[38;2;246;213;57m▀[48;2;49;49;49m▀[38;2;49;49;49m[49m▀  ▄[48;2;213;189;139m▀[38;2;213;189;139m▀[48;2;82;82;82m▀[38;2;49;49;49m▀[49m▄▄  [0m
 [38;2;49;49;49m[48;2;49;49;49m▀[38;2;213;189;139m[48;2;213;189;139m▀[38;2;82;82;82m[48;2;82;82;82m▀[48;2;246;213;57m▀[38;2;213;189;139m[48;2;82;82;82m▀[38;2;255;230;156m▀[48;2;213;189;139m▀[38;2;205;106;74m[48;2;205;106;74m▀[48;2;82;82;82m▀[38;2;82;82;82m[48;2;189;164;65m▀[38;2;189;164;65m[48;2;82;82;82m▀▀[38;2;82;82;82m[48;2;246;148;41m▀[38;2;49;49;49m[48;2;205;106;74m▀[49m▄ ▄[48;2;205;106;74m▀[38;2;213;189;139m[48;2;82;82;82m▀[38;2;82;82;82m[48;2;255;230;156m▀[38;2;255;230;156m▀▀[48;2;49;49;49m▀▀[38;2;49;49;49m[49m▀ [0m
  [38;2;49;49;49m▀▀[38;2;246;213;57m[48;2;49;49;49m▀[48;2;246;213;57m▀[38;2;82;82;82m[48;2;82;82;82m▀[38;2;213;189;139m[48;2;213;189;139m▀[38;2;82;82;82m[48;2;82;82;82m▀[38;2;189;164;65m[48;2;246;213;57m▀[38;2;82;82;82m[48;2;82;82;82m▀[38;2;255;230;156m▀[48;2;255;230;156m▀[38;2;246;148;41m▀[48;2;57;123;205m▀[38;2;49;49;49m[48;2;189;164;65m▀[49m▄[48;2;205;106;74m▀[38;2;205;106;74m[48;2;82;82;82m▀[38;2;82;82;82m[48;2;246;148;41m▀[38;2;255;230;156m▀▀[38;2;49;49;49m[48;2;49;49;49m▀[49m    [0m
     [38;2;49;49;49m[48;2;49;49;49m▀[38;2;189;164;65m[48;2;189;164;65m▀[38;2;82;82;82m[48;2;82;82;82m▀[38;2;213;189;139m[48;2;255;230;156m▀[38;2;82;82;82m▀[38;2;246;213;57m[48;2;82;82;82m▀[38;2;82;82;82m[48;2;189;164;65m▀▀[38;2;57;123;205m▀[38;2;74;180;255m[48;2;57;123;205m▀[38;2;57;123;205m▀[38;2;189;164;65m[48;2;189;164;65m▀[38;2;82;82;82m[48;2;82;82;82m▀[38;2;205;106;74m[48;2;205;106;74m▀[38;2;246;148;41m▀[48;2;49;49;49m▀[38;2;49;49;49m[49m▀     [0m
      [38;2;49;49;49m[48;2;49;49;49m▀[38;2;82;82;82m[48;2;205;106;74m▀[38;2;205;106;74m[48;2;82;82;82m▀[38;2;255;230;156m[48;2;205;106;74m▀▀[38;2;82;82;82m[48;2;172;82;65m▀[48;2;246;148;41m▀[38;2;189;164;65m[48;2;82;82;82m▀▀[48;2;49;49;49m▀[38;2;82;82;82m▀[38;2;205;106;74m▀[38;2;49;49;49m[49m▀▀       [0m
       [38;2;49;49;49m▀▀▀▀▀[38;2;82;82;82m[48;2;49;49;49m▀[38;2;246;148;41m▀▀[38;2;49;49;49m[49m▀           [0m
                           [0m
