
[38;2;0;0;0m                                                      
[38;2;0;0;0m                      ██[38;2;8;0;0m██[38;2;0;0;0m                            
[38;2;0;0;0m                ████[38;2;94;146;94m██[38;2;66;70;66m██[38;2;132;214;116m██████[38;2;0;0;0m██                      
[38;2;0;0;0m                [38;2;82;148;106m████[38;2;66;70;66m██[38;2;123;222;123m██[38;2;132;214;116m████[38;2;0;0;0m██                        
[38;2;0;0;0m            ██[38;2;82;148;106m██[38;2;66;66;66m██[38;2;132;214;116m██[38;2;129;214;115m████[38;2;0;0;0m                              
[38;2;0;0;0m          ██[38;2;78;152;106m████[38;2;132;214;116m██[38;2;129;214;115m██[38;2;132;214;116m██[38;2;0;0;0m██                              
[38;2;0;0;0m        [38;2;93;159;91m██[38;2;90;137;98m██[38;2;132;214;116m████████[38;2;0;0;0m██                                
[38;2;0;0;0m    ████[38;2;140;239;132m██[38;2;156;255;148m██[38;2;132;214;116m██[38;2;104;93;93m██████[38;2;82;148;106m██[38;2;0;0;0m██          ████                
[38;2;0;0;0m  ██[38;2;57;78;57m██[38;2;152;166;148m██[38;2;156;255;148m████[38;2;214;82;102m██████[38;2;206;96;112m██[38;2;93;121;99m██[38;2;0;0;0m██  ████[38;2;255;127;143m████[38;2;198;239;134m████[38;2;0;0;0m██    ██        
[38;2;0;0;0m  ██[38;2;132;70;84m██[38;2;107;206;115m██[38;2;129;214;115m██[38;2;132;214;116m██[38;2;214;82;102m████[38;2;66;66;66m██[38;2;74;61;66m██[38;2;0;0;0m██  ██[38;2;239;78;127m██[38;2;231;129;132m██[38;2;198;239;134m██[38;2;195;239;131m██[38;2;198;239;134m████[38;2;0;12;8m██[38;2;0;0;0m  ██[38;2;255;127;143m██[38;2;0;0;0m        
[38;2;0;0;0m    [38;2;148;143;89m██[38;2;214;214;134m██[38;2;82;148;106m██[38;2;93;124;99m██[38;2;198;74;102m██[38;2;66;78;74m██[38;2;66;66;66m██[38;2;173;82;95m██[38;2;0;0;0m██  ██[38;2;220;132;124m██[38;2;198;239;134m██[38;2;195;239;131m████[38;2;239;165;143m████[38;2;255;127;143m██[38;2;222;181;142m██[38;2;255;127;143m██[38;2;198;239;134m██[38;2;0;12;8m██[38;2;255;127;143m██[38;2;0;0;0m██  
[38;2;0;0;0m    [38;2;16;0;0m██[38;2;214;214;134m██[38;2;198;239;134m████[38;2;110;77;83m██[38;2;198;74;102m██[38;2;214;82;102m██[38;2;255;123;143m██[38;2;0;0;0m    [38;2;214;82;102m██[38;2;231;78;119m██[38;2;198;239;134m██[38;2;195;239;131m████[38;2;239;165;143m██[38;2;66;66;66m██[38;2;255;127;143m██[38;2;222;181;142m██[38;2;255;127;143m██[38;2;198;239;134m██[38;2;85;50;53m██[38;2;198;239;134m██[38;2;0;0;0m██  
[38;2;0;0;0m        ██[38;2;0;0;8m██[38;2;16;0;24m██[38;2;79;80;63m██[38;2;140;173;68m████[38;2;0;0;0m    [38;2;214;82;102m██[38;2;140;173;68m██[38;2;211;80;102m██[38;2;220;132;124m██[38;2;0;0;0m████    [38;2;0;12;8m██[38;2;66;66;66m██[38;2;255;127;143m██[38;2;0;4;8m██[38;2;0;0;0m██    
[38;2;0;0;0m              ██[38;2;132;166;79m██[38;2;140;177;68m██[38;2;0;0;8m████[38;2;214;82;102m████[38;2;0;0;0m████          [38;2;132;214;116m██[38;2;0;0;0m██        
[38;2;0;0;0m                [38;2;198;247;118m██[38;2;198;239;134m██[38;2;198;231;134m██[38;2;66;77;50m██[38;2;0;0;0m████            ████          
[38;2;0;0;0m        [38;2;255;255;255m██[38;2;132;165;84m██[38;2;0;0;0m████[38;2;198;239;134m██[38;2;66;66;66m████[38;2;198;239;134m██[38;2;0;0;0m██        ████[38;2;165;231;125m████[38;2;0;0;0m            
[38;2;0;0;0m        [38;2;66;66;66m██[38;2;255;255;255m██[38;2;140;165;84m██[38;2;70;82;50m██[38;2;66;66;66m██[38;2;192;196;160m██[38;2;192;193;173m██[38;2;66;70;58m██[38;2;198;239;134m██[38;2;0;0;0m████████[38;2;127;218;115m██[38;2;198;239;134m████[38;2;0;0;0m██            
[38;2;0;0;0m            [38;2;80;152;109m████[38;2;198;239;134m██[38;2;66;66;66m████[38;2;198;239;134m██[38;2;123;222;115m██[38;2;126;214;113m████[38;2;57;74;73m██[38;2;127;218;115m██[38;2;165;231;125m████[38;2;0;0;0m                
[38;2;0;0;0m            [38;2;60;107;79m██[38;2;80;152;109m██[38;2;198;239;134m██████[38;2;66;66;66m██[38;2;123;222;115m██[38;2;126;214;113m██[38;2;82;148;106m██[38;2;57;74;73m██[38;2;127;218;115m██[38;2;0;0;0m████                
[38;2;0;0;0m            [38;2;0;0;8m██[38;2;132;173;76m██[38;2;140;173;68m██[38;2;69;85;42m██[38;2;140;173;68m████[38;2;189;247;141m██[38;2;198;239;134m████[38;2;0;4;0m██[38;2;0;0;0m██                    
[38;2;0;0;0m              ██[38;2;66;66;66m██[38;2;0;0;0m██████[38;2;66;66;66m██[38;2;140;173;68m████[38;2;0;0;0m                        
[38;2;0;0;0m              ██[38;2;82;148;106m██[38;2;0;0;0m██    [38;2;198;255;142m██[38;2;132;166;79m████[38;2;0;0;0m                        
[38;2;0;0;0m                ██    ██[38;2;198;255;142m██[38;2;198;247;118m██[38;2;0;4;0m██[38;2;0;0;0m                        
[38;2;0;0;0m                        ████                          
[38;2;0;0;0m                                                      [0m
