
       [38;2;49;49;49m▄▄▄  ▄▄▄▄         [0m
     [38;2;49;49;49m▄[48;2;180;156;205m▀[38;2;230;197;238m[48;2;131;123;139m▀▀[48;2;230;197;238m▀[38;2;49;49;49m▀▀[38;2;230;197;238m▀▀▀▀[38;2;49;49;49m▀[48;2;180;156;205m▀[49m▄      [0m
    [38;2;49;49;49m▄[48;2;82;82;82m▀[38;2;230;197;238m[48;2;131;123;139m▀[38;2;131;123;139m[48;2;230;197;238m▀[38;2;230;197;238m▀▀▀▀[48;2;131;123;139m▀[38;2;82;82;82m[48;2;230;197;238m▀▀[48;2;180;156;205m▀[38;2;230;197;238m[48;2;131;123;139m▀[38;2;131;123;139m[48;2;230;197;238m▀[38;2;180;156;205m[48;2;131;123;139m▀[38;2;49;49;49m[48;2;49;49;49m▀[49m     [0m
 [38;2;49;49;49m▄[48;2;139;65;57m▀▀[38;2;139;65;57m▀[38;2;230;197;238m[48;2;82;82;82m▀[38;2;180;156;205m[48;2;230;197;238m▀[38;2;230;197;238m▀▀▀[38;2;180;156;205m▀▀[38;2;230;197;238m▀▀[38;2;131;123;139m▀[48;2;180;156;205m▀[38;2;180;156;205m▀[48;2;230;197;238m▀[38;2;230;197;238m▀[48;2;82;82;82m▀[38;2;49;49;49m▀[49m▄▄  [0m
 [38;2;49;49;49m▀[38;2;82;82;82m[48;2;49;49;49m▀[38;2;139;65;57m▀[38;2;82;82;82m[48;2;213;82;65m▀[38;2;222;222;222m[48;2;49;49;49m▀[38;2;82;82;82m[48;2;82;82;82m▀[38;2;230;197;238m[48;2;230;197;238m▀▀[48;2;82;82;82m▀[38;2;82;82;82m▀▀[38;2;230;197;238m▀[48;2;230;197;238m▀▀▀▀▀▀[48;2;180;156;205m▀[38;2;82;82;82m[48;2;213;82;65m▀[38;2;213;82;65m▀[48;2;139;65;57m▀[38;2;49;49;49m[48;2;49;49;49m▀[49m [0m
   [38;2;49;49;49m▄[48;2;230;197;238m▀[38;2;222;222;222m[48;2;213;82;65m▀[38;2;82;82;82m[48;2;82;82;82m▀▀[48;2;213;82;65m▀[48;2;82;82;82m▀[38;2;164;164;172m[48;2;255;255;255m▀[38;2;255;255;255m[48;2;49;49;49m▀[38;2;164;164;172m[48;2;255;255;255m▀[38;2;82;82;82m[48;2;82;82;82m▀[38;2;230;197;238m▀▀[38;2;82;82;82m▀[48;2;139;65;57m▀[48;2;213;82;65m▀[38;2;230;197;238m[48;2;139;65;57m▀[38;2;82;82;82m[48;2;49;49;49m▀[38;2;49;49;49m[49m▀▀  [0m
   [38;2;49;49;49m▀[38;2;230;197;238m[48;2;49;49;49m▀[48;2;230;197;238m▀[38;2;82;82;82m▀▀▀[38;2;213;82;65m[48;2;82;82;82m▀[38;2;164;164;172m[48;2;213;82;65m▀[38;2;255;255;255m[48;2;82;82;82m▀[38;2;164;164;172m▀[38;2;82;82;82m▀[48;2;213;82;65m▀▀[38;2;139;65;57m[48;2;139;65;57m▀[38;2;213;82;65m[48;2;213;82;65m▀[38;2;238;139;131m▀▀[38;2;213;82;65m[48;2;238;139;131m▀[38;2;49;49;49m▀[49m▄  [0m
    [38;2;49;49;49m▀[38;2;82;82;82m[48;2;49;49;49m▀[38;2;180;156;205m[48;2;180;156;205m▀[48;2;131;123;139m▀[38;2;230;197;238m▀[48;2;230;197;238m▀[38;2;82;82;82m▀[38;2;213;82;65m[48;2;82;82;82m▀▀[38;2;82;82;82m[48;2;230;197;238m▀▀[38;2;213;82;65m[48;2;82;82;82m▀▀[38;2;82;82;82m[48;2;180;156;205m▀▀[38;2;213;82;65m[48;2;49;49;49m▀▀[38;2;82;82;82m▀[38;2;49;49;49m[49m▀  [0m
      [38;2;49;49;49m▀[38;2;180;156;205m[48;2;49;49;49m▀▀[38;2;131;123;139m[48;2;180;156;205m▀[38;2;230;197;238m▀▀[48;2;49;49;49m▀▀[38;2;180;156;205m[48;2;180;156;205m▀▀[48;2;49;49;49m▀▀[38;2;49;49;49m[49m▀      [0m
         [38;2;49;49;49m▀▀▀  ▀▀         [0m
