
[38;2;0;0;0m                                          
[38;2;0;0;0m                    ██                    
[38;2;0;0;0m                ██[38;2;0;0;8m██[38;2;165;170;173m██[38;2;0;0;0m████                
[38;2;0;0;0m                ██[38;2;247;255;255m██[38;2;165;170;173m██[38;2;255;255;255m██[38;2;0;0;0m██                
[38;2;0;0;0m              ██[38;2;69;80;85m██[38;2;172;197;196m██[38;2;255;255;255m██[38;2;137;154;169m██[38;2;0;0;0m██                
[38;2;0;0;0m            ██[38;2;206;239;254m████[38;2;255;255;255m████[38;2;206;231;254m████[38;2;0;0;0m██              
[38;2;0;0;0m          ██[38;2;148;198;252m██[38;2;156;214;252m██[38;2;255;255;255m██[38;2;156;214;252m██████[38;2;255;255;255m██[38;2;156;214;252m██[38;2;0;0;0m██            
[38;2;0;0;0m          ██[38;2;99;132;168m██[38;2;156;214;252m██████[38;2;123;165;251m██[38;2;156;214;252m██████[38;2;0;0;0m██            
[38;2;0;0;0m    ████  [38;2;24;0;0m██[38;2;115;103;119m██[38;2;156;217;252m████[38;2;160;136;172m██[38;2;140;206;252m██[38;2;156;217;252m████[38;2;140;189;252m██[38;2;0;0;0m██            
[38;2;0;0;0m  ██[38;2;255;255;255m██[38;2;156;214;252m██[38;2;0;0;0m██[38;2;24;0;0m██[38;2;206;206;238m██[38;2;156;217;252m████[38;2;181;66;93m██[38;2;140;206;252m██[38;2;156;217;252m████[38;2;140;189;252m██[38;2;0;0;0m██            
[38;2;0;0;0m  ██[38;2;255;255;255m██[38;2;156;217;252m████[38;2;206;239;254m██[38;2;69;80;85m██[38;2;131;131;179m██[38;2;156;214;252m██████[38;2;181;197;221m██[38;2;123;140;187m██[38;2;0;0;0m██              
[38;2;0;0;0m    ██[38;2;255;255;255m████[38;2;0;0;0m██[38;2;206;239;254m██[38;2;156;214;252m██[38;2;131;131;179m██████[38;2;123;140;187m██[38;2;239;255;255m██[38;2;66;66;66m██[38;2;0;0;0m████          
[38;2;0;0;0m      ██████[38;2;255;255;255m██[38;2;176;184;197m██[38;2;239;247;255m██[38;2;162;200;252m██[38;2;255;255;255m██[38;2;206;239;254m████[38;2;0;0;0m██[38;2;156;214;252m██[38;2;189;231;253m██[38;2;0;0;0m██████    
[38;2;0;0;0m            ██[38;2;49;57;81m██[38;2;239;247;255m██[38;2;115;173;251m██[38;2;255;255;255m██[38;2;137;161;177m██[38;2;0;4;24m██[38;2;0;0;0m  ██[38;2;189;231;253m████[38;2;206;239;254m████[38;2;0;0;0m██  
[38;2;0;0;0m          ██[38;2;255;255;255m██[38;2;148;198;252m██[38;2;66;66;66m██[38;2;55;63;81m████[38;2;93;121;168m██[38;2;0;0;0m██    ██[38;2;255;255;255m██████[38;2;0;0;0m██  
[38;2;0;0;0m        ██[38;2;255;255;255m████[38;2;148;198;252m████[38;2;16;8;0m██[38;2;132;173;244m██[38;2;140;181;252m████[38;2;0;0;0m██    ██████    
[38;2;0;0;0m        ██[38;2;189;231;253m████[38;2;123;165;251m██[38;2;0;0;0m██  ██[38;2;156;217;252m████[38;2;255;255;255m██[38;2;0;0;0m██            
[38;2;0;0;0m        ██[38;2;189;231;253m██[38;2;0;0;0m████    ██[38;2;156;217;252m████[38;2;255;255;255m████[38;2;0;0;0m██          
[38;2;0;0;0m          ██          ██[38;2;156;214;252m██[38;2;189;231;253m████[38;2;0;0;0m██          
[38;2;0;0;0m                        ████[38;2;189;231;253m██[38;2;0;0;0m██          
[38;2;0;0;0m                            ██            
[38;2;0;0;0m                                          [0m
