
     [38;2;49;49;49m▄▄▄            [0m
    [38;2;49;49;49m[48;2;49;49;49m▀[38;2;74;139;156m[48;2;246;246;82m▀[38;2;246;246;82m▀[38;2;49;106;123m[48;2;82;180;205m▀[38;2;49;49;49m[48;2;74;139;156m▀[49m▄▄[48;2;246;246;82m▀[48;2;82;180;205m▀[48;2;49;106;123m▀[49m▄     [0m
   [38;2;49;49;49m▄[48;2;82;82;82m▀[38;2;246;246;82m[48;2;246;246;82m▀[38;2;49;49;49m[48;2;49;49;49m▀[38;2;82;180;205m[48;2;82;180;205m▀[38;2;74;139;156m[48;2;74;139;156m▀[38;2;82;82;82m[48;2;82;82;82m▀[38;2;246;246;82m[48;2;246;246;82m▀[48;2;49;49;49m▀[48;2;246;246;82m▀[38;2;82;180;205m[48;2;82;180;205m▀[38;2;49;49;49m[48;2;82;82;82m▀[49m▄▄   [0m
  [38;2;49;49;49m[48;2;49;49;49m▀[38;2;82;180;205m[48;2;82;180;205m▀[38;2;74;139;156m[48;2;255;255;255m▀[38;2;82;180;205m▀[38;2;246;246;82m[48;2;74;139;156m▀[38;2;57;90;172m[48;2;57;90;172m▀[48;2;74;139;156m▀[38;2;82;82;82m[48;2;82;180;205m▀[38;2;246;246;82m[48;2;246;246;82m▀[38;2;49;49;49m▀[38;2;246;246;82m▀[38;2;82;180;205m[48;2;82;180;205m▀[38;2;82;82;82m[48;2;82;82;82m▀[38;2;255;255;255m[48;2;255;255;255m▀▀[38;2;49;49;49m▀[49m▄ [0m
   [38;2;49;49;49m[48;2;49;49;49m▀[38;2;255;255;255m[48;2;82;82;82m▀[48;2;82;180;205m▀[38;2;189;189;172m▀[38;2;255;255;255m[48;2;255;255;255m▀▀[38;2;82;180;205m[48;2;82;180;205m▀[38;2;164;213;148m▀[38;2;246;246;82m▀[38;2;164;213;148m▀[38;2;82;180;205m▀[48;2;74;139;156m▀[38;2;82;82;82m[48;2;82;82;82m▀[38;2;255;255;255m[48;2;255;255;255m▀[48;2;131;131;115m▀[38;2;49;49;49m[48;2;49;49;49m▀[49m [0m
    [38;2;49;49;49m▀[38;2;82;82;82m[48;2;49;49;49m▀▀[38;2;82;180;205m[48;2;82;82;82m▀▀▀▀▀[38;2;82;82;82m[48;2;189;189;172m▀[48;2;82;82;82m▀[48;2;189;189;172m▀[38;2;189;189;172m▀[38;2;131;131;115m▀[38;2;49;49;49m[48;2;49;49;49m▀[49m  [0m
    [38;2;49;49;49m▄[48;2;82;180;205m▀[38;2;82;180;205m[48;2;82;82;82m▀[38;2;82;82;82m[48;2;74;139;156m▀[38;2;189;189;172m[48;2;82;82;82m▀[48;2;189;189;172m▀▀[48;2;82;82;82m▀[38;2;82;82;82m▀[38;2;74;139;156m[48;2;82;180;205m▀[38;2;82;82;82m[48;2;82;82;82m▀[38;2;189;189;172m[48;2;49;49;49m▀[38;2;49;49;49m[49m▀   [0m
 [38;2;49;49;49m▄[48;2;255;255;255m▀[48;2;189;189;172m▀[38;2;189;189;172m▀[38;2;131;131;115m[48;2;82;82;82m▀[38;2;82;82;82m[48;2;49;106;123m▀▀[38;2;74;139;156m[48;2;49;49;49m▀[38;2;255;255;255m[48;2;74;139;156m▀▀[38;2;74;139;156m▀[38;2;82;82;82m[48;2;49;106;123m▀[38;2;74;139;156m[48;2;82;82;82m▀[38;2;82;180;205m[48;2;82;180;205m▀[38;2;82;82;82m[48;2;82;82;82m▀[38;2;49;49;49m[48;2;74;139;156m▀[49m▄  [0m
  [38;2;49;49;49m▀▀[38;2;255;255;255m[48;2;49;49;49m▀[38;2;49;49;49m▀[49m▀▀ ▀▀▀[38;2;74;139;156m[48;2;49;49;49m▀[38;2;82;82;82m[48;2;82;82;82m▀[38;2;255;255;255m[48;2;255;255;255m▀[38;2;82;82;82m[48;2;189;189;172m▀[38;2;74;139;156m[48;2;49;49;49m▀[38;2;49;49;49m[49m▀  [0m
            [38;2;49;49;49m▀[38;2;255;255;255m[48;2;49;49;49m▀[38;2;131;131;115m▀[38;2;255;255;255m▀▀[38;2;49;49;49m[49m▀  [0m
                    [0m
