
    [38;2;0;0;0m▄▄▄      ▄▄▄        [0m
   [38;2;0;4;8m[48;2;0;4;8m▀[38;2;121;171;171m[48;2;181;255;253m▀[38;2;255;255;255m[48;2;112;178;224m▀[48;2;255;255;255m▀[38;2;0;0;0m▀[49m▄▄▄▄[48;2;255;255;255m▀[38;2;239;255;255m[48;2;107;181;227m▀[38;2;195;230;246m[48;2;195;230;246m▀[38;2;181;247;253m[48;2;181;247;253m▀[38;2;0;0;0m[48;2;0;0;0m▀[49m       [0m
   [38;2;0;0;0m▀[38;2;107;181;219m[48;2;0;0;0m▀[38;2;222;247;254m[48;2;57;94;121m▀[38;2;57;94;121m[48;2;222;247;254m▀[48;2;255;255;255m▀[38;2;255;255;255m▀▀▀[38;2;57;82;105m[48;2;239;255;255m▀[38;2;148;168;180m[48;2;57;82;105m▀[38;2;181;247;253m[48;2;181;247;253m▀[38;2;110;181;224m▀[38;2;115;181;227m[48;2;57;90;113m▀[38;2;0;0;0m[48;2;0;0;0m▀[49m       [0m
   [38;2;0;0;0m▄[48;2;255;255;255m▀[38;2;255;247;255m[48;2;66;61;74m▀[38;2;66;61;74m[48;2;160;154;164m▀[38;2;132;82;180m[48;2;173;140;205m▀[38;2;255;255;255m[48;2;132;82;180m▀[48;2;255;255;255m▀▀▀▀[38;2;57;94;121m▀▀▀[38;2;255;255;255m▀[38;2;0;0;0m[48;2;0;0;0m▀[49m      [0m
  [38;2;0;0;0m▄[48;2;159;148;170m▀[38;2;239;222;255m[48;2;80;74;85m▀[38;2;90;90;98m[48;2;247;239;255m▀[38;2;168;164;176m[48;2;90;90;98m▀[38;2;164;137;199m[48;2;164;137;199m▀[38;2;123;78;171m[48;2;247;255;255m▀[38;2;255;255;255m[48;2;255;255;255m▀[48;2;66;66;66m▀[38;2;66;66;66m[48;2;159;132;191m▀▀[48;2;66;66;66m▀[38;2;255;255;255m▀[48;2;255;255;255m▀▀▀[38;2;8;8;8m[48;2;173;173;173m▀[38;2;0;0;0m[49m▄    [0m
  [38;2;0;0;0m[48;2;0;0;0m▀[38;2;255;239;71m[48;2;255;239;71m▀[38;2;0;4;0m[48;2;0;4;0m▀[38;2;255;255;255m[48;2;255;255;255m▀▀▀[48;2;66;66;66m▀[38;2;60;57;66m[48;2;60;57;66m▀[38;2;165;140;197m[48;2;8;16;0m▀[38;2;160;146;100m[48;2;66;61;90m▀[38;2;66;61;90m[48;2;255;231;111m▀[38;2;159;132;191m[48;2;159;132;191m▀[38;2;66;66;66m[48;2;66;66;66m▀[38;2;255;255;255m[48;2;255;255;255m▀[48;2;200;195;190m▀[38;2;201;198;190m[48;2;201;198;190m▀▀[38;2;198;198;190m[48;2;0;0;0m▀[38;2;0;0;0m[49m▀   [0m
  [38;2;0;0;0m▀[38;2;159;148;170m[48;2;0;0;0m▀[38;2;80;74;85m[48;2;239;222;255m▀[38;2;255;255;255m[48;2;255;255;255m▀▀▀[38;2;66;66;66m▀[38;2;165;154;101m[48;2;82;77;66m▀[38;2;0;0;32m[48;2;247;231;135m▀[38;2;156;173;220m[48;2;255;239;71m▀[38;2;255;239;71m[48;2;156;173;220m▀[38;2;159;148;162m[48;2;66;66;74m▀[38;2;66;66;74m[48;2;206;189;206m▀[38;2;198;198;190m[48;2;198;198;190m▀[48;2;66;66;66m▀[38;2;35;55;67m[48;2;90;156;202m▀[38;2;8;4;0m[48;2;8;4;0m▀[49m     [0m
    [38;2;0;0;0m[48;2;0;0;0m▀[38;2;192;192;192m[48;2;66;66;66m▀[38;2;255;255;255m[48;2;192;192;192m▀[48;2;200;195;190m▀[38;2;200;195;190m▀[38;2;198;198;190m[48;2;198;198;190m▀[38;2;66;66;66m▀▀▀[38;2;198;198;190m[48;2;66;66;66m▀[38;2;66;66;66m▀[38;2;198;198;190m[48;2;198;198;190m▀[38;2;66;66;63m[48;2;0;0;0m▀[38;2;0;0;0m[49m▀      [0m
     [38;2;0;4;0m[48;2;0;4;0m▀[38;2;69;69;63m[48;2;206;198;190m▀[38;2;198;198;190m[48;2;66;66;63m▀[48;2;0;0;0m▀[38;2;66;66;66m[48;2;132;82;180m▀▀[38;2;198;181;206m[48;2;66;57;74m▀[38;2;66;57;74m[48;2;132;119;140m▀[38;2;132;82;180m[48;2;71;71;66m▀[38;2;71;71;66m▀[38;2;255;255;255m[48;2;255;255;255m▀[38;2;0;0;0m▀[49m▄  ▄▄  [0m
     [38;2;0;0;0m[48;2;0;0;0m▀[38;2;198;198;190m[48;2;198;198;190m▀[38;2;0;0;0m[48;2;0;0;0m▀[49m ▀▀[38;2;61;90;109m[48;2;8;0;0m▀[38;2;115;181;219m[48;2;61;90;109m▀[38;2;140;170;185m[48;2;57;99;129m▀[38;2;57;99;129m[48;2;181;206;213m▀[38;2;66;66;66m[48;2;66;66;66m▀[38;2;255;255;255m[48;2;255;255;255m▀[38;2;0;0;0m[48;2;66;66;66m▀[49m▄[38;2;0;0;8m[48;2;222;86;94m▀[38;2;222;86;94m[48;2;148;57;65m▀[38;2;222;90;94m[48;2;148;60;63m▀[38;2;0;0;0m[48;2;0;0;0m▀[49m [0m
  [38;2;0;0;0m▄▄[48;2;198;198;190m▀[38;2;198;198;190m[48;2;74;123;162m▀▀[48;2;198;198;190m▀[38;2;0;0;0m[48;2;0;0;0m▀[49m ▄[48;2;255;255;255m▀[38;2;255;255;255m▀[38;2;192;192;192m▀[48;2;66;66;66m▀[38;2;66;66;66m[48;2;255;255;255m▀[38;2;255;255;255m▀▀[38;2;66;66;66m[48;2;66;66;66m▀[38;2;159;66;76m[48;2;159;66;76m▀▀[38;2;156;66;76m[48;2;0;0;0m▀[38;2;0;0;0m[49m▀ [0m
 [38;2;0;0;0m▀[38;2;198;198;190m[48;2;0;0;0m▀[48;2;198;198;190m▀[48;2;82;156;202m▀[38;2;66;127;170m[48;2;189;198;197m▀[38;2;107;151;179m[48;2;66;127;170m▀[38;2;74;124;162m[48;2;82;156;202m▀▀[38;2;0;16;16m[48;2;74;41;42m▀[38;2;222;90;94m[48;2;222;90;94m▀[38;2;156;66;76m[48;2;222;88;89m▀▀[38;2;99;66;67m[48;2;99;66;67m▀[48;2;255;255;255m▀[38;2;255;255;255m▀▀[38;2;111;181;223m[48;2;111;181;223m▀[48;2;140;231;252m▀[38;2;77;49;53m[48;2;77;49;53m▀[38;2;154;82;90m[48;2;0;16;16m▀[38;2;0;0;0m[49m▀  [0m
 [38;2;0;0;0m▀[38;2;198;198;190m[48;2;0;0;0m▀[48;2;198;198;190m▀[38;2;82;156;202m▀[38;2;189;198;197m[48;2;66;127;170m▀[38;2;66;127;170m[48;2;107;151;179m▀[38;2;82;156;202m[48;2;82;156;202m▀[38;2;66;66;66m[48;2;66;66;66m▀[38;2;181;74;77m[48;2;255;255;255m▀[48;2;181;74;77m▀[38;2;214;78;86m[48;2;165;72;79m▀[38;2;66;61;66m▀[38;2;255;255;255m[48;2;66;66;66m▀[48;2;255;255;255m▀[38;2;140;228;252m[48;2;140;228;252m▀▀[38;2;255;255;255m[48;2;255;255;255m▀[38;2;112;178;224m[48;2;112;178;224m▀[38;2;140;231;252m[48;2;140;231;252m▀[38;2;0;0;0m▀[49m▄  [0m
   [38;2;0;0;0m▀▀[38;2;82;156;202m[48;2;0;0;0m▀▀[38;2;90;156;202m[48;2;8;4;0m▀[38;2;35;55;67m▀[38;2;255;255;255m[48;2;255;255;255m▀▀▀[38;2;66;66;66m▀[38;2;255;255;255m[48;2;66;66;66m▀[48;2;255;255;255m▀▀[48;2;112;178;224m▀[38;2;111;181;223m[48;2;140;231;252m▀[38;2;140;231;252m▀▀[48;2;0;0;0m▀[38;2;0;0;0m[49m▀  [0m
         [38;2;0;4;0m[48;2;0;4;0m▀[38;2;255;255;255m[48;2;170;171;170m▀[38;2;99;99;91m[48;2;99;99;91m▀[38;2;255;255;247m[48;2;203;203;195m▀[38;2;104;101;99m[48;2;198;189;182m▀[38;2;57;57;57m[48;2;104;101;99m▀[38;2;66;66;63m[48;2;198;198;190m▀[48;2;0;0;0m▀[38;2;140;231;252m▀▀[38;2;0;0;0m[49m▀    [0m
          [38;2;0;0;0m▀[38;2;198;198;190m[48;2;0;0;0m▀[38;2;99;99;95m▀[38;2;198;198;190m▀[38;2;0;0;0m[49m▀▀        [0m
                        [0m
