
[38;2;0;0;0m                                                                              
[38;2;0;0;0m              ██                                                              
[38;2;0;0;0m            ████                                                              
[38;2;0;0;0m            ██[38;2;165;165;157m██[38;2;0;0;0m██                                                            
[38;2;0;0;0m          ██[38;2;255;255;247m██[38;2;170;170;165m██[38;2;0;0;0m██                              ████                          
[38;2;0;0;0m          ██[38;2;170;170;165m████[38;2;255;255;247m██[38;2;0;0;0m██                      ██████[38;2;255;255;255m██[38;2;0;0;0m██                          
[38;2;0;0;0m    ████  [38;2;0;0;8m██[38;2;222;231;254m██[38;2;165;165;157m████[38;2;0;0;0m██                  ████[38;2;255;255;255m██[38;2;164;166;156m██[38;2;255;255;247m██[38;2;170;170;165m██[38;2;0;0;0m██                          
[38;2;0;0;0m  ██[38;2;189;206;205m████[38;2;0;0;0m██[38;2;148;154;172m████[38;2;165;165;157m████[38;2;189;206;205m██[38;2;0;0;0m██              ██[38;2;165;165;157m████[38;2;255;255;255m██[38;2;164;166;156m██[38;2;170;170;165m██[38;2;0;0;0m██                            
[38;2;0;0;0m  ██[38;2;66;66;85m██[38;2;66;66;66m██[38;2;181;198;213m██[38;2;82;90;218m██[38;2;189;206;205m██[38;2;189;205;205m██[38;2;255;255;255m████[38;2;0;0;0m██          ██[38;2;8;8;8m██[38;2;173;173;173m██[38;2;200;210;206m██[38;2;154;164;156m██[38;2;165;165;157m████[38;2;255;255;255m██[38;2;0;0;0m██                            
[38;2;0;0;0m  ██[38;2;132;132;169m██[38;2;143;154;164m██[38;2;66;66;66m██[38;2;189;206;205m██[38;2;82;90;218m██[38;2;255;255;255m██████[38;2;0;0;0m██  ████████[38;2;255;255;255m██████[38;2;247;255;255m██[38;2;200;210;206m██[38;2;165;165;157m██[38;2;255;255;255m██[38;2;0;0;0m██                              
[38;2;0;0;0m    ██[38;2;132;154;156m██[38;2;66;66;74m██[38;2;181;198;221m██[38;2;115;123;159m██[38;2;255;255;255m██████[38;2;123;132;203m██[38;2;0;0;0m██[38;2;255;255;255m████[38;2;82;90;218m██[38;2;255;255;255m████████████[38;2;165;165;157m██[38;2;0;0;0m██          ████████████          
[38;2;0;0;0m    ██[38;2;66;66;74m██[38;2;165;198;197m██[38;2;49;49;97m██[38;2;181;198;221m██[38;2;82;90;218m██[38;2;255;255;255m██[38;2;123;132;203m██[38;2;255;255;255m██████[38;2;82;90;218m██[38;2;255;255;255m████████████[38;2;82;90;218m██[38;2;0;0;0m██        ████[38;2;255;255;255m████████████[38;2;0;0;0m████      
[38;2;0;0;0m      ██[38;2;66;66;66m██[38;2;165;206;181m██[38;2;66;66;66m██[38;2;115;120;166m██[38;2;247;255;255m██[38;2;123;132;203m██[38;2;255;255;255m██████[38;2;123;132;203m██[38;2;255;255;255m██████[38;2;118;126;216m██[38;2;82;94;210m██[38;2;115;117;167m██[38;2;173;173;253m██[38;2;69;85;77m██[38;2;0;0;0m██  ████[38;2;255;255;255m████[38;2;66;66;66m██[38;2;66;66;74m████████[38;2;66;66;66m██[38;2;255;255;255m████[38;2;0;0;0m██    
[38;2;0;0;0m        ██[38;2;66;66;66m██[38;2;165;206;181m██[38;2;49;53;121m██[38;2;115;120;166m██[38;2;255;255;255m██████[38;2;123;132;203m██[38;2;255;255;255m████[38;2;123;132;203m████[38;2;189;189;229m████[38;2;57;61;81m████[38;2;206;255;230m██[38;2;69;85;77m██[38;2;0;0;0m██[38;2;255;255;255m████[38;2;85;85;85m██[38;2;66;66;66m██[38;2;255;255;255m████[38;2;192;192;195m████[38;2;255;255;255m████[38;2;66;66;66m██[38;2;85;85;85m██[38;2;255;255;255m██[38;2;0;0;0m██  
[38;2;0;0;0m        ██[38;2;66;66;66m████[38;2;173;195;210m██[38;2;131;134;198m██[38;2;255;255;255m██[38;2;82;90;218m██[38;2;255;255;255m████[38;2;231;255;247m██[38;2;123;132;203m██[38;2;189;189;229m████[38;2;206;255;230m████████[38;2;66;66;66m██[38;2;189;189;229m██[38;2;66;66;74m██[38;2;255;255;255m██[38;2;66;66;82m██[38;2;192;192;197m██[38;2;189;189;229m██[38;2;255;255;255m██[38;2;189;192;229m████[38;2;189;189;229m██[38;2;255;255;255m██[38;2;189;192;229m████[38;2;189;189;229m██[38;2;66;66;66m██[38;2;0;0;0m██  
[38;2;0;0;0m      ██[38;2;165;206;181m████[38;2;66;66;66m██[38;2;173;195;210m██[38;2;214;255;222m██[38;2;255;255;255m████████[38;2;123;132;203m██[38;2;231;255;247m██[38;2;206;255;230m████████[38;2;66;66;66m████[38;2;189;189;229m████[38;2;192;192;195m██[38;2;66;66;74m██[38;2;255;255;255m██[38;2;192;192;197m██[38;2;255;255;255m████[38;2;189;192;229m████[38;2;255;255;255m██[38;2;189;189;229m██[38;2;189;192;229m████[38;2;189;189;229m████[38;2;0;0;0m██  
[38;2;0;0;0m        ████[38;2;165;206;181m██[38;2;104;120;125m██[38;2;57;57;97m██[38;2;255;255;255m██████[38;2;123;140;203m██[38;2;214;255;246m████[38;2;66;66;66m██████[38;2;206;255;230m██████[38;2;66;66;66m████[38;2;189;189;229m██[38;2;66;66;66m██[38;2;247;247;255m██[38;2;201;201;213m██[38;2;255;255;255m██[38;2;189;189;229m██[38;2;189;192;229m████████[38;2;255;255;255m██████[38;2;0;0;0m██    
[38;2;0;0;0m            ██[38;2;57;57;97m██[38;2;198;247;182m██[38;2;255;255;255m██████[38;2;211;217;238m██[38;2;74;66;82m██[38;2;167;192;191m██[38;2;82;90;218m████[38;2;66;66;66m██[38;2;206;255;230m██[38;2;66;66;66m████[38;2;206;255;230m████[38;2;66;66;66m████[38;2;156;156;172m██[38;2;201;201;213m██[38;2;189;189;229m████[38;2;189;192;229m████████[38;2;189;189;229m████[38;2;0;0;0m██      
[38;2;0;0;0m            ██[38;2;189;189;229m██[38;2;66;66;66m██[38;2;192;192;197m██[38;2;255;255;255m██[38;2;247;255;255m██[38;2;49;49;105m██[38;2;82;90;218m████████[38;2;66;66;66m████[38;2;255;255;255m██[38;2;189;189;229m██[38;2;66;66;66m████[38;2;189;189;229m██[38;2;66;66;66m██[38;2;247;247;255m██[38;2;165;165;165m██[38;2;189;189;229m██[38;2;255;255;255m██████[38;2;214;214;238m████[38;2;0;0;0m████        
[38;2;0;0;0m            ██[38;2;189;189;229m████[38;2;66;66;82m██[38;2;192;192;197m██[38;2;181;186;205m██[38;2;115;118;155m██[38;2;206;255;150m████[38;2;66;66;66m████[38;2;255;255;255m████████[38;2;189;189;229m██[38;2;66;66;66m██[38;2;189;189;229m██[38;2;66;66;66m██[38;2;165;165;165m██[38;2;206;206;210m██[38;2;255;255;255m██[38;2;189;189;229m████[38;2;255;255;255m██[38;2;214;214;238m██[38;2;0;0;0m██            
[38;2;0;0;0m            ██[38;2;255;255;255m██████[38;2;66;66;66m██████[38;2;57;61;73m████[38;2;255;255;255m████████████[38;2;66;66;66m██[38;2;189;189;229m██[38;2;66;66;66m██[38;2;165;165;157m██[38;2;189;189;229m██[38;2;164;164;156m██[38;2;255;255;255m██[38;2;189;189;229m████[38;2;0;0;0m████              
[38;2;0;0;0m              ██[38;2;255;255;255m██████████[38;2;148;154;164m██[38;2;239;247;255m██[38;2;255;255;255m██████████[38;2;66;66;66m██[38;2;189;189;229m████[38;2;66;66;66m██[38;2;165;165;157m██[38;2;164;164;156m██[38;2;189;189;229m██[38;2;255;255;255m██[38;2;189;189;229m██[38;2;0;0;0m██                  
[38;2;0;0;0m              ██[38;2;189;189;229m██[38;2;255;255;255m██████████[38;2;123;132;203m██[38;2;255;255;255m████████[38;2;66;66;82m██[38;2;192;192;197m██[38;2;198;198;222m██[38;2;66;70;66m██[38;2;164;164;156m████[38;2;170;171;173m██[38;2;255;255;255m██[38;2;0;0;0m████                    
[38;2;0;0;0m                ██[38;2;189;189;229m██[38;2;255;255;255m████████[38;2;123;132;203m██[38;2;255;255;255m████[38;2;66;66;66m████[38;2;255;255;255m██[38;2;192;192;197m██[38;2;66;70;66m██[38;2;154;155;170m██[38;2;164;164;156m██[38;2;189;189;229m██[38;2;170;171;173m██[38;2;0;4;8m██[38;2;0;0;0m                        
[38;2;0;0;0m                  ████[38;2;189;189;229m████[38;2;192;192;195m██[38;2;66;66;74m██[38;2;66;66;66m████[38;2;255;255;255m████[38;2;189;189;229m████[38;2;66;66;66m██[38;2;165;165;157m██[38;2;135;135;153m██[38;2;198;198;230m██[38;2;0;0;0m██                          
[38;2;0;0;0m                      ██[38;2;63;63;76m██[38;2;66;66;74m██[38;2;255;255;255m██████[38;2;189;189;229m██████[38;2;66;66;66m██[38;2;165;165;157m████[38;2;198;198;230m██[38;2;8;8;0m██[38;2;0;0;0m                            
[38;2;0;0;0m                      ██[38;2;66;66;85m██[38;2;189;189;229m██[38;2;66;66;66m██[38;2;189;189;229m████████[38;2;74;71;77m██[38;2;140;139;153m██[38;2;164;164;156m██[38;2;189;189;229m██[38;2;165;165;157m██[38;2;0;0;0m██                            
[38;2;0;0;0m                      ██[38;2;132;132;169m██[38;2;66;66;66m██[38;2;189;189;229m██[38;2;66;66;66m████[38;2;189;189;229m██[38;2;0;0;0m██[38;2;8;4;0m██[38;2;206;206;230m██[38;2;189;189;229m████[38;2;0;0;0m██                              
[38;2;0;0;0m                      ██[38;2;132;132;180m████[38;2;0;0;0m████████    ██[38;2;189;189;229m████[38;2;0;0;0m██                              
[38;2;0;0;0m                    ██[38;2;132;132;180m██[38;2;0;0;0m████              ██[38;2;189;189;229m████[38;2;0;0;0m██                            
[38;2;0;0;0m                    ████                    ██[38;2;189;189;229m██[38;2;0;0;0m██                            
[38;2;0;0;0m                                              ██[38;2;189;189;229m██[38;2;0;0;0m██                          
[38;2;0;0;0m                                                ████                          
[38;2;0;0;0m                                                                              [0m
