
        [38;2;49;49;49m▄▄                [0m
      [38;2;49;49;49m▄[48;2;164;172;139m▀[38;2;222;230;205m[48;2;222;230;205m▀[38;2;49;49;49m[48;2;82;82;82m▀[49m▄[48;2;222;230;205m▀[48;2;49;49;49m▀[49m             [0m
  [38;2;49;49;49m[48;2;49;49;49m▀[48;2;222;230;205m▀[49m▄▄[48;2;222;230;205m▀[38;2;222;230;205m▀▀[38;2;131;139;106m▀[38;2;222;230;205m▀[38;2;49;49;49m[48;2;82;82;82m▀[49m▄▄            [0m
  [38;2;49;49;49m▀[38;2;164;172;139m[48;2;49;49;49m▀[38;2;222;230;205m[48;2;222;230;205m▀[38;2;131;139;106m▀▀[38;2;222;230;205m▀▀▀▀▀▀[48;2;164;172;139m▀[38;2;49;49;49m▀▀[49m▄  ▄▄     [0m
 [38;2;49;49;49m[48;2;49;49;49m▀[48;2;222;230;205m▀[38;2;82;82;82m▀[38;2;131;139;106m▀[38;2;222;230;205m▀▀▀[48;2;131;139;106m▀[48;2;82;82;82m▀[38;2;82;82;82m[48;2;222;230;205m▀[48;2;82;82;82m▀[38;2;164;172;139m[48;2;164;172;139m▀▀[38;2;82;82;82m▀[38;2;49;49;49m▀[49m▄  [48;2;49;49;49m▀[38;2;222;230;205m[48;2;222;230;205m▀[38;2;49;49;49m[48;2;49;49;49m▀[49m ▄  [0m
  [38;2;49;49;49m[48;2;49;49;49m▀[38;2;222;230;205m[48;2;164;172;139m▀[38;2;131;139;106m[48;2;65;65;65m▀[38;2;222;230;205m[48;2;222;230;205m▀▀▀[48;2;74;115;123m▀▀[38;2;82;82;82m[48;2;222;230;205m▀[38;2;164;172;139m▀[38;2;222;230;205m▀[38;2;82;82;82m[48;2;82;82;82m▀[38;2;164;172;139m[48;2;49;49;49m▀[38;2;49;49;49m[49m▀  ▄[48;2;222;230;205m▀[38;2;222;230;205m▀▀[38;2;49;49;49m[48;2;82;82;82m▀[38;2;164;172;139m[48;2;164;172;139m▀[38;2;49;49;49m[48;2;49;49;49m▀[49m [0m
   [38;2;49;49;49m[48;2;49;49;49m▀[38;2;164;172;139m[48;2;82;82;82m▀[38;2;65;65;65m▀[38;2;222;230;205m[48;2;65;65;65m▀[38;2;49;49;49m[48;2;255;255;255m▀[38;2;213;49;49m▀[38;2;255;255;255m[48;2;65;65;65m▀[38;2;65;65;65m▀[38;2;222;230;205m[48;2;222;230;205m▀▀[38;2;49;49;49m▀[49m▄ ▄▄[48;2;164;172;139m▀[38;2;222;230;205m[48;2;222;230;205m▀▀[48;2;164;172;139m▀[38;2;164;172;139m▀[38;2;49;49;49m[48;2;49;49;49m▀[49m  [0m
  [38;2;49;49;49m▀[38;2;74;115;123m[48;2;49;49;49m▀[38;2;82;82;82m[48;2;65;65;65m▀▀[48;2;82;82;82m▀[38;2;65;65;65m▀▀[38;2;82;82;82m▀[38;2;65;65;65m[48;2;65;65;65m▀[38;2;222;230;205m[48;2;164;172;139m▀[48;2;222;230;205m▀▀[38;2;82;82;82m▀[38;2;49;49;49m[48;2;82;82;82m▀[38;2;222;230;205m▀[48;2;222;230;205m▀▀[38;2;82;82;82m[48;2;164;172;139m▀[38;2;164;172;139m[48;2;82;82;82m▀[48;2;49;49;49m▀[38;2;49;49;49m[49m▀   [0m
    [38;2;49;49;49m[48;2;49;49;49m▀[38;2;131;139;106m[48;2;131;139;106m▀[38;2;65;65;65m▀[48;2;65;65;65m▀[38;2;164;172;139m[48;2;164;172;139m▀[38;2;65;65;65m[48;2;131;139;106m▀[38;2;222;230;205m[48;2;222;230;205m▀[38;2;82;82;82m[48;2;82;82;82m▀[38;2;222;230;205m[48;2;222;230;205m▀▀▀[48;2;164;172;139m▀[48;2;82;82;82m▀[38;2;82;82;82m[48;2;222;230;205m▀[38;2;222;230;205m▀▀[38;2;49;49;49m[48;2;164;172;139m▀[49m▄    [0m
    [38;2;49;49;49m▀[38;2;131;139;106m[48;2;49;49;49m▀▀[38;2;49;49;49m[49m▀[38;2;131;139;106m[48;2;49;49;49m▀[38;2;222;230;205m[48;2;222;230;205m▀▀[38;2;82;82;82m▀[38;2;131;139;106m[48;2;82;82;82m▀[38;2;222;230;205m▀[38;2;82;82;82m[48;2;222;230;205m▀[48;2;164;172;139m▀[38;2;222;230;205m[48;2;49;49;49m▀[38;2;164;172;139m▀[38;2;222;230;205m[48;2;222;230;205m▀▀[48;2;164;172;139m▀[38;2;49;49;49m[48;2;49;49;49m▀[49m    [0m
       [38;2;49;49;49m[48;2;49;49;49m▀[38;2;164;172;139m[48;2;164;172;139m▀▀[38;2;222;230;205m[48;2;82;82;82m▀[48;2;222;230;205m▀▀▀[38;2;164;172;139m[48;2;49;49;49m▀[38;2;49;49;49m[49m▀  [48;2;49;49;49m▀[38;2;164;172;139m[48;2;164;172;139m▀▀▀[38;2;49;49;49m[48;2;49;49;49m▀[49m   [0m
     [38;2;49;49;49m▄[48;2;164;172;139m▀[38;2;164;172;139m▀▀▀[38;2;131;139;106m[48;2;49;49;49m▀[38;2;82;82;82m▀[38;2;222;230;205m[48;2;222;230;205m▀▀[38;2;49;49;49m▀[49m▄ [48;2;49;49;49m▀[38;2;164;172;139m▀[38;2;82;82;82m[48;2;82;82;82m▀▀[38;2;164;172;139m[48;2;49;49;49m▀[38;2;49;49;49m[49m▀   [0m
     [38;2;49;49;49m▀[38;2;82;82;82m[48;2;49;49;49m▀▀[38;2;164;172;139m▀[38;2;49;49;49m[49m▀▄[48;2;222;230;205m▀[38;2;222;230;205m▀▀[48;2;131;139;106m▀[38;2;49;49;49m[48;2;49;49;49m▀[49m  ▀▀▀     [0m
          [38;2;49;49;49m▀[38;2;82;82;82m[48;2;49;49;49m▀▀[38;2;222;230;205m▀[38;2;49;49;49m[49m▀           [0m
                          [0m
