
       [38;2;49;49;49m▄▄▄               [0m
    [38;2;49;49;49m▄[48;2;106;106;197m▀▀[38;2;106;106;197m[48;2;82;82;82m▀▀[38;2;82;82;82m[48;2;123;139;213m▀[38;2;49;49;49m▀▀▀[49m▄▄▄         [0m
   [38;2;49;49;49m[48;2;49;49;49m▀[38;2;106;106;197m[48;2;106;106;197m▀[48;2;82;82;82m▀[38;2;82;82;82m[48;2;123;139;213m▀[38;2;123;139;213m▀▀▀▀[48;2;82;82;82m▀[38;2;49;49;49m[48;2;180;189;255m▀[38;2;180;189;255m▀▀[38;2;123;139;213m▀[38;2;49;49;49m[48;2;49;49;49m▀[49m ▄▄▄    [0m
   [38;2;49;49;49m▄[48;2;123;139;213m▀[38;2;123;139;213m▀▀▀▀[48;2;49;49;49m▀[38;2;82;82;82m[48;2;82;82;82m▀[38;2;123;139;213m[48;2;123;139;213m▀▀[38;2;148;156;222m▀[38;2;180;189;255m[48;2;180;189;255m▀[48;2;82;82;82m▀[38;2;49;49;49m[48;2;106;106;197m▀▀[38;2;123;139;213m[48;2;123;139;213m▀[48;2;49;49;49m▀[38;2;49;49;49m[49m▀    [0m
  [38;2;49;49;49m▄[48;2;123;139;213m▀[38;2;123;139;213m▀▀▀[48;2;49;49;49m▀[38;2;49;49;49m[48;2;82;82;82m▀[38;2;246;246;41m[48;2;49;49;49m▀[38;2;82;82;82m[48;2;82;82;82m▀[48;2;106;106;197m▀[38;2;123;139;213m[48;2;82;82;82m▀▀[38;2;82;82;82m[48;2;106;106;197m▀[38;2;106;106;197m▀▀▀[38;2;49;49;49m[48;2;49;49;49m▀[49m      [0m
  [38;2;49;49;49m[48;2;49;49;49m▀[38;2;123;139;213m[48;2;123;139;213m▀▀▀[38;2;49;49;49m▀[38;2;123;139;213m▀[38;2;82;82;82m▀▀[38;2;106;106;197m[48;2;255;255;255m▀[48;2;189;98;98m▀[48;2;123;139;213m▀[38;2;82;82;82m▀[48;2;82;82;82m▀[38;2;106;106;197m▀[48;2;106;106;197m▀[38;2;49;49;49m[48;2;49;49;49m▀[49m  ▄▄[48;2;106;106;197m▀[48;2;49;49;49m▀[49m [0m
   [38;2;49;49;49m▀[38;2;82;82;82m[48;2;49;49;49m▀[38;2;189;98;98m[48;2;82;82;82m▀▀[48;2;189;98;98m▀▀▀[48;2;82;82;82m▀[48;2;246;106;74m▀[38;2;246;106;74m▀[38;2;123;139;213m▀[48;2;82;82;82m▀[48;2;106;106;197m▀[38;2;82;82;82m[48;2;123;139;213m▀▀[38;2;49;49;49m[48;2;82;82;82m▀[48;2;106;106;197m▀[38;2;82;82;82m▀[38;2;106;106;197m▀[48;2;49;49;49m▀[38;2;49;49;49m[49m▀ [0m
 [38;2;49;49;49m▄[48;2;106;106;197m▀▀[38;2;106;106;197m[48;2;49;49;49m▀[38;2;255;255;255m[48;2;255;255;255m▀[38;2;180;189;255m[48;2;82;82;82m▀[38;2;49;49;49m[48;2;49;49;49m▀[49m▀[38;2;82;82;82m[48;2;49;49;49m▀[38;2;246;106;74m[48;2;246;106;74m▀[48;2;189;98;98m▀[48;2;246;106;74m▀▀[38;2;123;139;213m▀[38;2;82;82;82m[48;2;82;82;82m▀[38;2;123;139;213m[48;2;255;255;255m▀[48;2;123;139;213m▀▀[38;2;82;82;82m▀▀[38;2;106;106;197m[48;2;49;49;49m▀[38;2;49;49;49m[49m▀  [0m
 [38;2;49;49;49m▀▀▀ ▀▀▄[48;2;106;106;197m▀[38;2;82;82;82m▀[38;2;246;106;74m[48;2;82;82;82m▀[38;2;148;156;222m[48;2;148;156;222m▀[38;2;189;98;98m▀▀[38;2;82;82;82m[48;2;82;82;82m▀[38;2;255;255;255m[48;2;255;255;255m▀[48;2;82;82;82m▀[38;2;106;106;197m▀[38;2;123;139;213m▀▀[48;2;49;49;49m▀▀[38;2;49;49;49m[49m▀  [0m
      [38;2;49;49;49m▀[38;2;180;189;255m[48;2;49;49;49m▀[38;2;255;255;255m▀[38;2;180;189;255m▀[38;2;106;106;197m▀[38;2;49;49;49m[49m▀▀[38;2;148;156;222m[48;2;49;49;49m▀[38;2;82;82;82m▀[48;2;106;106;197m▀[38;2;106;106;197m▀▀[48;2;82;82;82m▀[38;2;148;156;222m[48;2;49;49;49m▀[38;2;49;49;49m[49m▀    [0m
              [38;2;49;49;49m▀[38;2;255;255;255m[48;2;49;49;49m▀[38;2;82;82;82m▀[38;2;255;255;255m▀[38;2;49;49;49m[49m▀      [0m
                         [0m
