
                   [38;2;0;0;0m▄                   [0m
                  [38;2;0;0;0m[48;2;0;0;0m▀[38;2;74;86;146m[48;2;77;88;141m▀[38;2;0;0;0m[48;2;0;0;0m▀[49m ▄                [0m
                 [38;2;0;0;0m[48;2;0;0;0m▀[38;2;66;66;66m[48;2;77;88;141m▀[38;2;77;88;141m[48;2;77;89;144m▀▀[38;2;0;0;0m▀[38;2;74;86;146m▀[38;2;0;0;0m[48;2;0;0;0m▀[49m      ▄ ▄[48;2;115;148;227m▀[38;2;16;8;0m[49m▄    [0m
                 [38;2;0;0;0m▀[38;2;77;88;141m[48;2;0;0;0m▀[38;2;77;89;144m[48;2;96;93;112m▀[48;2;57;61;73m▀[48;2;66;66;74m▀▀[38;2;0;0;0m[48;2;82;74;50m▀[38;2;0;0;16m[49m▄[38;2;0;0;0m▄   [48;2;0;0;0m▀[38;2;115;148;227m[48;2;115;148;227m▀[38;2;0;0;0m[48;2;112;148;227m▀[38;2;115;148;227m▀▀[38;2;49;55;76m▀[38;2;0;0;0m[48;2;115;148;227m▀[48;2;0;0;0m▀[49m  [0m
                [38;2;0;0;0m▄[38;2;8;8;0m▄[38;2;0;0;0m[48;2;206;181;182m▀[38;2;57;61;73m[48;2;156;137;128m▀[38;2;173;156;189m[48;2;247;222;111m▀[38;2;156;140;100m▀[38;2;247;214;127m▀[38;2;247;222;119m[48;2;247;222;127m▀[48;2;156;140;140m▀[38;2;247;222;111m[48;2;157;137;130m▀[38;2;0;0;0m[48;2;181;163;176m▀[48;2;222;198;150m▀[38;2;0;4;8m[49m▄[38;2;0;0;0m[48;2;115;148;227m▀[38;2;115;148;227m▀[38;2;112;148;227m▀▀▀▀[38;2;0;0;0m[48;2;0;0;0m▀[49m   [0m
         [38;2;0;0;0m▄  ▄[48;2;189;156;69m▀[38;2;0;4;16m[49m▄[38;2;0;0;0m[48;2;189;167;120m▀[38;2;247;222;111m[48;2;74;74;74m▀[38;2;140;123;121m[48;2;189;165;173m▀[48;2;148;132;137m▀[38;2;247;222;111m[48;2;247;222;111m▀▀[48;2;151;133;132m▀▀[38;2;156;140;140m[48;2;181;163;176m▀[38;2;186;167;136m▀[38;2;181;163;176m[48;2;156;137;128m▀[38;2;157;137;130m[48;2;247;222;111m▀[38;2;148;133;103m▀[38;2;222;198;150m▀[38;2;66;66;66m[48;2;247;214;127m▀[38;2;115;148;227m[48;2;66;66;74m▀[38;2;66;66;66m[48;2;115;148;227m▀[38;2;115;148;227m[48;2;66;66;66m▀[48;2;77;88;141m▀[38;2;0;0;0m[48;2;0;0;0m▀[49m    [0m
       [38;2;0;0;0m▄[48;2;189;156;69m▀[38;2;189;156;69m[48;2;192;159;69m▀[38;2;0;0;0m▀[38;2;0;8;24m[49m▄[38;2;0;0;0m[48;2;198;165;78m▀[38;2;189;156;69m[48;2;66;66;66m▀[38;2;63;55;34m[48;2;247;222;111m▀[38;2;74;74;74m▀[38;2;247;214;143m▀[38;2;66;66;66m[48;2;66;66;74m▀[38;2;189;165;173m[48;2;187;165;125m▀[38;2;156;137;128m[48;2;181;165;176m▀[48;2;66;66;66m▀[38;2;189;165;165m▀[38;2;74;70;66m[48;2;247;222;111m▀[38;2;181;163;176m[48;2;66;66;66m▀[38;2;157;137;130m[48;2;181;165;176m▀[38;2;247;222;111m[48;2;151;133;132m▀▀[38;2;156;137;128m[48;2;181;165;176m▀▀[38;2;156;140;100m[48;2;66;66;66m▀[38;2;66;66;74m[48;2;148;156;204m▀[38;2;115;148;227m[48;2;66;74;90m▀▀[38;2;77;88;141m[48;2;74;86;146m▀[48;2;0;0;0m▀[38;2;0;0;0m[49m▀   [0m
      [38;2;0;0;0m▄[48;2;192;158;67m▀[38;2;189;156;69m▀[38;2;192;159;69m[48;2;66;66;66m▀[38;2;66;66;66m[48;2;78;88;142m▀[38;2;66;60;42m[48;2;82;74;42m▀[48;2;197;195;152m▀[38;2;247;222;111m[48;2;247;222;111m▀▀▀▀[38;2;247;214;151m▀[38;2;66;66;74m▀[38;2;66;66;66m▀▀[38;2;247;222;111m▀▀[38;2;66;66;66m[48;2;66;66;66m▀[38;2;181;165;176m[48;2;247;222;111m▀[38;2;189;165;165m[48;2;66;66;66m▀[38;2;74;70;66m[48;2;247;222;111m▀[38;2;181;165;176m[48;2;66;66;66m▀[48;2;181;165;176m▀[38;2;148;156;204m[48;2;74;78;106m▀[38;2;66;66;66m[48;2;247;222;111m▀[38;2;247;222;111m▀[38;2;66;74;90m▀[38;2;0;0;0m[48;2;0;0;0m▀[49m     [0m
   [38;2;0;0;0m▄[48;2;189;156;69m▀[48;2;192;158;67m▀[38;2;189;156;69m▀[38;2;192;158;67m[48;2;189;156;69m▀▀[38;2;66;66;66m[48;2;0;0;0m▀[38;2;78;88;142m[48;2;66;66;66m▀[38;2;255;255;207m[48;2;74;115;186m▀[38;2;197;195;152m[48;2;247;222;111m▀[38;2;74;115;186m▀[38;2;247;222;111m▀▀[48;2;74;115;186m▀[48;2;247;222;111m▀[48;2;66;74;90m▀[48;2;57;61;81m▀▀[48;2;231;206;127m▀[48;2;115;104;86m▀[48;2;231;222;143m▀[38;2;66;66;66m[48;2;49;66;89m▀[38;2;247;222;111m[48;2;247;222;111m▀▀[38;2;66;66;66m▀[48;2;66;66;66m▀[38;2;74;78;106m[48;2;78;88;142m▀[38;2;247;222;111m[48;2;66;66;66m▀[48;2;247;222;111m▀▀[38;2;0;0;0m[48;2;247;222;119m▀[38;2;0;0;16m[49m▄    [0m
  [38;2;0;0;0m[48;2;0;0;0m▀[38;2;189;156;69m[48;2;192;158;67m▀▀[38;2;192;158;67m▀▀[38;2;189;156;69m[48;2;189;156;69m▀[38;2;0;0;0m[48;2;0;0;0m▀[49m [48;2;0;0;0m▀[38;2;74;115;186m[48;2;88;77;56m▀[38;2;247;222;111m[48;2;247;222;119m▀[38;2;74;115;186m[48;2;247;222;111m▀[38;2;247;222;111m▀[48;2;66;90;146m▀[48;2;247;214;103m▀[38;2;66;74;90m[48;2;49;61;81m▀[48;2;239;255;255m▀[38;2;239;255;255m[48;2;0;0;0m▀[38;2;148;158;168m[48;2;74;115;186m▀[38;2;57;53;65m[48;2;74;66;66m▀[38;2;173;155;106m[48;2;165;140;125m▀[38;2;49;66;89m[48;2;41;49;65m▀[38;2;110;118;107m[48;2;90;123;194m▀[38;2;66;66;66m[48;2;66;66;66m▀[38;2;247;222;111m[48;2;247;222;111m▀▀[38;2;66;66;66m▀[48;2;66;66;66m▀▀[38;2;247;222;111m[48;2;247;214;103m▀▀[38;2;247;222;119m[48;2;192;158;67m▀[38;2;82;74;50m▀[38;2;0;0;0m[48;2;189;156;69m▀[49m▄  [0m
 [38;2;0;0;0m▀[38;2;189;156;69m[48;2;0;0;0m▀[38;2;192;158;67m[48;2;58;52;52m▀[48;2;173;148;109m▀[48;2;58;52;52m▀[48;2;173;148;109m▀[38;2;189;156;69m[48;2;0;0;0m▀[38;2;0;0;0m[49m▀ ▄[38;2;8;4;24m[48;2;66;74;90m▀[38;2;88;77;56m▀[38;2;247;222;111m[48;2;115;93;73m▀▀[38;2;247;214;103m[48;2;115;94;75m▀[38;2;126;131;132m[48;2;156;137;128m▀[38;2;49;61;81m[48;2;156;136;128m▀[38;2;112;126;139m[48;2;66;66;66m▀[38;2;0;0;0m[48;2;110;93;83m▀[38;2;74;115;186m▀[38;2;104;91;86m[48;2;156;140;132m▀[38;2;74;66;66m[48;2;0;0;0m▀[38;2;65;86;129m▀[38;2;16;12;0m[49m▀[38;2;66;66;66m[48;2;0;0;0m▀[38;2;247;222;111m[48;2;189;156;69m▀[48;2;247;222;111m▀▀▀[38;2;66;66;66m[48;2;192;159;67m▀[38;2;66;61;58m[48;2;66;66;66m▀[38;2;187;163;88m[48;2;192;159;69m▀[38;2;192;158;67m▀▀[38;2;189;156;69m[48;2;189;156;69m▀▀[38;2;0;0;0m[48;2;0;0;0m▀[49m [0m
   [38;2;0;4;24m▀[38;2;115;100;81m[48;2;0;0;0m▀▀[38;2;0;4;24m[49m▀[38;2;0;0;0m▄[48;2;247;222;111m▀▀[38;2;247;222;111m▀[48;2;66;66;66m▀[38;2;66;74;90m[48;2;0;0;0m▀[38;2;0;0;0m[49m▀▀[38;2;156;137;128m[48;2;0;0;8m▀[48;2;82;71;45m▀[38;2;156;136;128m[48;2;80;71;50m▀▀[38;2;165;140;125m[48;2;0;0;0m▀[38;2;0;0;0m[49m▀▀  ▄[48;2;189;156;69m▀[38;2;189;156;69m▀[38;2;192;159;67m[48;2;192;159;69m▀▀[48;2;189;156;69m▀▀[38;2;66;66;66m▀[38;2;192;159;69m[48;2;0;0;0m▀▀[38;2;66;66;66m[48;2;74;86;146m▀[38;2;189;156;69m▀[38;2;0;0;0m[48;2;0;0;0m▀[49m  [0m
      [38;2;0;0;0m[48;2;0;0;0m▀[38;2;247;222;111m[48;2;247;222;111m▀[48;2;0;0;0m▀[48;2;247;222;111m▀[48;2;0;0;0m▀[38;2;0;0;0m[49m▀  ▄[38;2;0;0;8m[48;2;247;222;111m▀[38;2;247;214;119m▀[38;2;239;214;119m▀[38;2;0;0;16m[48;2;0;0;0m▀[49m      [38;2;0;4;16m▀[38;2;63;55;34m[48;2;0;0;0m▀[38;2;192;159;69m[48;2;77;88;141m▀[38;2;66;66;66m▀[38;2;189;156;69m[48;2;0;0;0m▀[38;2;0;0;0m[49m▀▀  ▀▀   [0m
       [38;2;0;0;0m▀ ▀    [48;2;0;0;0m▀[38;2;247;222;111m[48;2;247;222;111m▀[48;2;0;0;0m▀[48;2;247;222;111m▀[38;2;0;0;0m[48;2;0;0;0m▀[49m        ▀▀          [0m
               [38;2;0;0;0m▀ ▀                     [0m
