
               [38;2;0;0;0m▄▄▄▄                         [0m
             [38;2;0;0;0m▄[48;2;231;173;159m▀[38;2;239;165;159m[48;2;247;140;167m▀▀[38;2;231;189;167m[48;2;225;187;158m▀[38;2;154;126;111m▀[38;2;0;0;0m[48;2;154;126;111m▀[49m▄                       [0m
       [38;2;0;0;0m▄    [48;2;0;0;0m▀[38;2;231;173;159m[48;2;222;189;158m▀▀[38;2;247;140;167m[48;2;225;187;158m▀[38;2;222;185;158m▀[38;2;225;187;158m[48;2;129;206;161m▀▀[38;2;231;189;167m[48;2;222;189;166m▀[38;2;0;0;0m[48;2;0;4;8m▀[49m     ▄▄▄▄              [0m
 [38;2;0;0;0m▄▄   [48;2;0;0;0m▀[38;2;198;198;190m[48;2;198;198;190m▀[38;2;0;0;0m[48;2;0;0;0m▀[49m   ▀[38;2;156;137;128m[48;2;0;0;0m▀[38;2;222;189;158m[48;2;156;140;132m▀[38;2;225;187;158m[48;2;222;189;158m▀▀[38;2;129;206;161m[48;2;214;198;150m▀[48;2;57;70;65m▀[38;2;74;66;61m[48;2;112;152;91m▀▀[38;2;0;0;0m[48;2;115;148;91m▀[48;2;78;104;74m▀[49m▄▄[48;2;156;137;128m▀[38;2;156;140;132m[48;2;222;189;158m▀[38;2;222;189;158m[48;2;222;185;158m▀▀[48;2;222;189;158m▀[38;2;0;0;0m▀[49m▄            [0m
 [38;2;0;0;0m▀[38;2;143;143;127m[48;2;0;0;0m▀[38;2;0;0;0m[48;2;159;105;117m▀[38;2;0;4;0m[49m▄[38;2;0;0;0m[48;2;222;189;158m▀[38;2;66;66;66m[48;2;156;137;128m▀[38;2;198;198;190m[48;2;214;189;174m▀[38;2;0;0;0m[48;2;156;135;128m▀[49m▄    [48;2;0;0;0m▀[38;2;66;66;66m[48;2;255;255;255m▀▀[38;2;57;70;65m[48;2;112;152;91m▀[38;2;135;134;107m▀[38;2;112;152;91m[48;2;78;104;74m▀[38;2;77;107;74m▀[38;2;78;104;74m[48;2;112;151;91m▀▀[38;2;115;148;99m[48;2;111;152;91m▀[38;2;57;74;49m[48;2;66;66;66m▀[38;2;222;189;158m[48;2;231;173;159m▀▀[38;2;247;140;167m[48;2;247;140;167m▀[38;2;222;185;158m▀[38;2;222;189;158m[48;2;222;189;158m▀[38;2;129;206;161m[48;2;129;206;161m▀[38;2;132;206;164m[48;2;143;170;143m▀[38;2;0;0;0m[48;2;0;0;0m▀[49m           [0m
   [38;2;0;4;0m[48;2;0;4;8m▀[38;2;239;156;175m[48;2;222;189;166m▀[38;2;222;189;158m[48;2;222;189;158m▀[48;2;129;206;161m▀[38;2;156;135;128m▀[38;2;214;189;174m[48;2;222;189;158m▀[38;2;222;189;158m[48;2;222;189;166m▀[38;2;0;0;0m[48;2;74;66;61m▀[49m▄[48;2;78;107;74m▀[48;2;96;129;85m▀[38;2;255;255;255m[48;2;255;255;255m▀[48;2;0;0;8m▀[38;2;112;151;91m[48;2;115;154;97m▀[38;2;112;152;91m[48;2;255;255;255m▀[38;2;77;107;74m▀[38;2;78;104;74m[48;2;112;151;91m▀[38;2;115;148;91m▀[38;2;112;151;91m▀▀[38;2;111;152;91m▀▀[38;2;66;66;66m[48;2;111;152;91m▀[38;2;231;173;159m[48;2;66;66;66m▀[38;2;247;140;167m[48;2;222;189;158m▀[38;2;222;185;158m▀[38;2;222;189;158m[48;2;222;189;166m▀[48;2;148;127;113m▀[38;2;143;170;143m[48;2;0;0;0m▀[38;2;0;0;0m[49m▀           [0m
 [38;2;0;0;0m▄[48;2;198;198;190m▀[38;2;74;66;61m▀[38;2;148;127;113m▀[38;2;222;189;158m[48;2;154;133;119m▀[38;2;129;206;161m[48;2;231;198;175m▀[48;2;159;137;127m▀[38;2;222;189;158m▀[38;2;148;127;113m[48;2;0;0;0m▀[38;2;0;4;8m[49m▀ [38;2;0;0;0m[48;2;0;0;0m▀[38;2;96;129;85m[48;2;112;151;91m▀[38;2;255;255;255m▀[38;2;115;154;97m[48;2;120;140;110m▀[38;2;58;77;52m[48;2;57;82;41m▀[38;2;66;66;66m[48;2;66;66;66m▀▀[38;2;255;255;255m▀[38;2;112;151;91m[48;2;111;152;91m▀[48;2;112;151;91m▀[48;2;255;255;255m▀[38;2;255;255;255m▀▀[38;2;111;152;91m▀[48;2;112;151;91m▀[38;2;66;66;66m▀▀[38;2;74;66;61m[48;2;0;0;0m▀[38;2;0;4;8m[49m▀             [0m
  [38;2;0;0;0m▀▀▀[38;2;0;4;8m▀[38;2;154;133;119m[48;2;0;0;0m▀[38;2;159;137;127m[48;2;159;137;127m▀[38;2;0;0;0m[48;2;0;0;0m▀[49m  [48;2;0;0;0m▀[38;2;78;107;74m[48;2;115;148;91m▀[38;2;112;151;91m[48;2;112;152;91m▀▀[38;2;120;140;110m[48;2;74;111;74m▀[38;2;247;255;247m[48;2;123;137;102m▀[38;2;66;66;66m[48;2;255;255;255m▀▀[48;2;112;151;91m▀[38;2;111;152;91m▀[38;2;112;151;91m▀[38;2;255;255;255m[48;2;255;255;255m▀[38;2;0;0;0m▀[38;2;255;255;255m▀▀[38;2;112;151;91m[48;2;112;151;91m▀▀▀[38;2;115;148;91m[48;2;115;148;91m▀[38;2;0;0;0m▀▀[49m▄           [0m
     [38;2;0;0;0m[48;2;0;0;0m▀[38;2;156;140;132m[48;2;239;156;159m▀[38;2;159;137;127m[48;2;222;189;158m▀[38;2;0;0;0m[48;2;0;0;0m▀[49m ▄[48;2;112;152;91m▀[38;2;115;148;91m▀[38;2;112;152;91m[48;2;79;107;74m▀[38;2;77;107;74m[48;2;222;189;158m▀[38;2;222;189;158m▀[38;2;74;111;74m▀[38;2;96;129;85m▀[48;2;79;107;74m▀[38;2;112;151;91m[48;2;112;152;91m▀▀[48;2;112;151;91m▀▀[38;2;255;255;255m[48;2;112;152;91m▀▀[38;2;112;151;91m[48;2;112;151;91m▀▀[48;2;111;152;91m▀▀[38;2;78;104;74m[48;2;126;107;97m▀[48;2;66;82;66m▀[38;2;0;0;0m[48;2;222;189;158m▀[49m▄           [0m
    [38;2;0;0;0m[48;2;0;0;0m▀[38;2;239;156;159m[48;2;247;140;167m▀▀[38;2;0;0;0m[48;2;0;0;0m▀[49m ▄[48;2;115;156;91m▀[38;2;112;152;91m[48;2;123;137;102m▀[38;2;77;107;74m[48;2;74;111;74m▀[38;2;222;189;158m[48;2;222;185;158m▀▀▀[38;2;156;137;128m▀[38;2;222;189;158m[48;2;222;189;158m▀▀[38;2;77;107;74m[48;2;77;107;74m▀[38;2;112;152;91m[48;2;112;152;91m▀[38;2;112;151;91m▀▀[38;2;112;152;91m[48;2;79;107;74m▀[38;2;77;107;74m[48;2;222;189;158m▀[38;2;112;151;91m[48;2;78;104;74m▀[48;2;115;148;91m▀[38;2;111;152;91m[48;2;66;66;66m▀[38;2;66;66;66m[48;2;156;136;128m▀[38;2;66;82;66m[48;2;247;148;167m▀[38;2;247;156;159m▀[38;2;222;189;158m[48;2;222;189;158m▀▀[38;2;0;0;0m[48;2;0;0;0m▀[49m          [0m
    [38;2;0;0;0m▀[38;2;222;185;158m[48;2;0;0;0m▀[48;2;222;189;158m▀[38;2;222;189;158m[48;2;156;137;129m▀[38;2;0;0;0m▀[38;2;77;104;61m[48;2;57;70;65m▀[38;2;115;156;91m[48;2;90;93;85m▀[38;2;74;111;74m[48;2;159;162;156m▀[38;2;222;189;158m[48;2;222;173;150m▀[38;2;222;185;158m[48;2;247;140;167m▀[38;2;247;140;167m▀▀[38;2;222;185;158m▀[38;2;222;189;158m[48;2;222;189;158m▀[38;2;79;107;74m▀[38;2;112;152;91m[48;2;74;111;74m▀[48;2;123;137;102m▀[48;2;112;152;91m▀[38;2;77;107;74m[48;2;77;107;74m▀[38;2;222;189;158m[48;2;222;189;158m▀▀[38;2;78;104;74m▀[38;2;115;148;91m[48;2;57;94;73m▀[38;2;66;66;66m[48;2;74;107;74m▀[38;2;156;136;128m[48;2;57;68;68m▀[38;2;156;148;132m[48;2;156;136;128m▀[38;2;217;148;155m▀[38;2;222;189;158m[48;2;66;70;66m▀[38;2;66;66;66m[48;2;140;140;124m▀[38;2;198;198;190m[48;2;137;132;127m▀[38;2;0;0;0m[48;2;0;0;0m▀[49m         [0m
      [38;2;0;0;0m▀[38;2;156;137;129m[48;2;0;0;0m▀▀[38;2;57;70;65m▀[38;2;156;140;124m[48;2;66;66;66m▀[38;2;96;151;163m[48;2;115;154;153m▀▀[38;2;222;185;158m[48;2;156;137;129m▀[38;2;247;140;167m▀[48;2;222;189;158m▀[38;2;222;185;158m▀[38;2;156;137;128m▀[38;2;222;189;158m▀▀[38;2;74;111;74m[48;2;79;107;74m▀[38;2;112;152;91m[48;2;115;148;91m▀[48;2;78;104;74m▀[38;2;79;107;74m[48;2;222;189;158m▀[38;2;222;189;158m▀[48;2;156;137;128m▀[38;2;57;94;73m[48;2;57;94;73m▀[38;2;74;107;74m[48;2;85;107;85m▀[38;2;66;88;71m[48;2;49;94;65m▀[38;2;66;66;66m[48;2;156;137;129m▀▀[38;2;91;93;85m[48;2;57;82;65m▀[38;2;66;70;66m[48;2;90;101;85m▀[38;2;206;198;190m[48;2;66;66;66m▀[38;2;69;66;63m[48;2;222;189;158m▀[38;2;0;0;0m[48;2;148;127;113m▀[38;2;0;4;8m[49m▄[38;2;0;0;0m▄▄[48;2;78;107;74m▀▀▀[49m▄ [0m
          [38;2;0;0;0m[48;2;0;0;0m▀[38;2;66;66;66m[48;2;66;66;66m▀[38;2;115;154;153m▀[38;2;156;137;129m▀[48;2;156;136;128m▀[38;2;156;137;128m▀▀[48;2;156;137;129m▀[38;2;222;189;158m▀▀[38;2;79;107;74m▀[38;2;78;104;74m[48;2;82;107;74m▀[48;2;94;160;162m▀[38;2;156;137;128m[48;2;96;159;165m▀[48;2;159;137;130m▀[48;2;156;137;129m▀▀[38;2;49;94;65m[48;2;156;136;128m▀[38;2;156;132;124m▀[38;2;156;137;129m[48;2;66;66;66m▀▀[38;2;156;140;124m▀[38;2;57;82;65m▀[38;2;222;189;158m[48;2;156;135;128m▀[48;2;214;189;174m▀[38;2;222;189;166m[48;2;222;189;166m▀[38;2;74;66;61m[48;2;74;63;55m▀[38;2;78;107;74m[48;2;78;107;74m▀▀[48;2;0;0;0m▀[38;2;0;0;0m[49m▀▀  [0m
           [38;2;0;0;0m▀[38;2;66;66;66m[48;2;0;0;0m▀▀▀▀▀[38;2;156;137;129m▀[48;2;66;66;66m▀▀▀[38;2;94;160;162m[48;2;126;148;147m▀▀[38;2;96;159;165m▀▀[38;2;156;137;129m[48;2;156;136;128m▀▀[38;2;156;136;128m[48;2;74;70;66m▀[38;2;66;66;66m[48;2;140;134;128m▀[38;2;222;189;158m[48;2;222;189;158m▀▀[38;2;214;181;158m▀[38;2;165;143;127m▀[38;2;214;189;174m[48;2;0;0;0m▀[38;2;156;135;128m▀[38;2;0;0;0m[49m▀▀▀▀     [0m
                  [38;2;0;0;0m▀[38;2;156;136;128m[48;2;0;0;0m▀▀[38;2;66;66;66m[48;2;159;137;127m▀▀▀▀[38;2;156;136;128m[48;2;0;0;0m▀[38;2;66;66;66m[48;2;198;198;190m▀[38;2;206;198;190m▀[48;2;0;0;0m▀[38;2;156;137;128m▀[38;2;222;189;158m▀▀[38;2;0;0;0m[49m▀           [0m
                     [38;2;0;0;0m▀▀▀▀ ▀▀                [0m
