
      [38;2;0;4;0m▄▄▄▄         [0m
    [38;2;0;4;0m[48;2;170;239;210m▀[38;2;173;239;213m▀[48;2;86;179;122m▀[38;2;170;239;210m[48;2;170;239;210m▀[38;2;173;239;213m▀[38;2;181;255;221m[48;2;131;206;163m▀[38;2;123;177;150m[48;2;173;239;205m▀[38;2;0;4;0m[48;2;173;239;213m▀[48;2;132;206;164m▀[49m      [0m
  [38;2;0;4;0m▄[48;2;132;206;164m▀[38;2;173;239;205m[48;2;90;173;122m▀[38;2;90;173;122m[48;2;131;206;163m▀[38;2;170;239;213m[48;2;170;239;213m▀[38;2;173;239;213m[48;2;173;239;213m▀[38;2;86;179;122m▀[38;2;173;239;213m[48;2;127;206;163m▀[38;2;127;206;163m▀[38;2;129;206;161m[48;2;129;206;161m▀▀[38;2;132;206;164m[48;2;132;206;164m▀[38;2;0;4;0m[48;2;0;4;0m▀[49m    [0m
  [38;2;0;4;0m[48;2;0;4;0m▀[38;2;129;206;161m[48;2;123;206;155m▀[48;2;129;206;161m▀▀[38;2;90;140;122m[48;2;90;140;122m▀[38;2;129;206;161m[48;2;129;206;161m▀[48;2;132;206;164m▀[48;2;66;66;58m▀▀[38;2;90;140;122m[48;2;255;255;255m▀▀[38;2;87;176;122m[48;2;66;66;66m▀[48;2;88;176;120m▀[49m    [0m
   [38;2;0;4;0m[48;2;0;4;0m▀[38;2;87;176;122m[48;2;87;176;122m▀▀[38;2;90;176;122m[48;2;90;176;122m▀[38;2;90;156;122m[48;2;90;156;122m▀[38;2;255;255;255m[48;2;198;94;110m▀[48;2;255;255;255m▀[38;2;132;132;108m[48;2;132;132;108m▀[38;2;255;255;255m[48;2;255;255;255m▀[38;2;57;78;65m[48;2;247;255;255m▀[38;2;87;176;122m[48;2;87;176;122m▀▀[49m    [0m
    [38;2;0;4;0m▀[38;2;88;166;120m[48;2;0;4;0m▀[38;2;66;66;74m[48;2;86;144;122m▀[38;2;173;222;229m[48;2;57;74;65m▀[38;2;195;178;181m[48;2;198;222;230m▀[38;2;189;214;221m[48;2;66;66;66m▀▀[38;2;115;148;139m[48;2;86;154;122m▀[38;2;82;137;111m[48;2;90;173;122m▀[38;2;90;173;122m[48;2;0;4;0m▀[38;2;0;4;0m[49m▀    [0m
     [38;2;0;4;0m[48;2;0;4;0m▀[38;2;53;70;61m[48;2;145;112;105m▀[38;2;66;66;66m[48;2;156;99;100m▀[38;2;189;214;221m[48;2;173;231;213m▀[38;2;66;66;66m[48;2;90;173;122m▀[38;2;86;144;122m▀[38;2;0;4;0m[49m▀▀      [0m
  [38;2;0;4;0m▄[38;2;90;173;122m▄[38;2;0;4;0m[48;2;90;173;122m▀[38;2;90;173;122m[48;2;0;4;0m▀[38;2;181;82;101m[48;2;0;8;8m▀[38;2;156;99;100m[48;2;198;94;110m▀[38;2;111;158;135m[48;2;247;255;247m▀[38;2;0;4;0m[48;2;0;4;0m▀[38;2;90;173;122m[49m▀[38;2;0;4;0m[48;2;132;206;164m▀[38;2;173;239;213m[49m▄[38;2;0;4;0m▄     [0m
 [38;2;0;4;0m▀[38;2;90;173;122m▀▀[38;2;0;4;0m[48;2;0;4;0m▀[38;2;222;239;238m[49m▄[38;2;255;255;255m[48;2;200;204;203m▀[38;2;129;120;118m[48;2;66;70;66m▀[38;2;255;255;255m[48;2;255;255;255m▀[38;2;0;4;0m▀[38;2;189;211;224m[49m▄[38;2;0;4;0m[48;2;8;8;0m▀[38;2;173;239;213m[49m▀[48;2;106;158;134m▀[38;2;0;4;0m[48;2;156;247;204m▀[38;2;170;239;210m[49m▄[38;2;173;239;213m▄  [0m
    [38;2;0;4;0m[48;2;255;255;255m▀[38;2;222;239;238m▀[38;2;90;103;98m[48;2;66;66;66m▀[38;2;192;193;192m[48;2;189;214;221m▀[38;2;255;255;255m[48;2;255;255;255m▀▀[48;2;96;96;96m▀[38;2;206;214;222m[48;2;255;255;255m▀[38;2;0;4;0m[48;2;247;255;255m▀[38;2;57;70;65m[48;2;189;214;224m▀▀[38;2;170;239;210m[48;2;189;214;221m▀[38;2;86;125;110m▀[38;2;0;4;0m[49m▀ [0m
   [38;2;0;4;0m[48;2;0;4;0m▀[38;2;255;255;255m[48;2;255;255;255m▀[38;2;66;66;66m[48;2;66;66;66m▀[48;2;88;144;120m▀[38;2;189;214;224m[48;2;63;71;74m▀[38;2;66;66;66m[48;2;189;206;221m▀[38;2;255;255;255m[48;2;255;255;255m▀▀[48;2;96;96;96m▀[48;2;255;255;255m▀[38;2;96;96;96m▀▀[38;2;189;214;221m▀[38;2;189;214;224m[48;2;0;4;0m▀[38;2;0;4;0m[49m▀ [0m
    [38;2;255;255;255m▀▀[38;2;0;4;0m▀[38;2;0;0;0m▀▀[38;2;255;255;255m[48;2;0;0;0m▀▀[48;2;0;4;0m▀[38;2;96;96;96m[48;2;0;8;0m▀[38;2;255;255;255m[49m▀[38;2;0;4;0m▀▀   [0m
                   [0m
