
           [38;2;123;102;179m▄▄ [38;2;123;101;179m▄          [0m
       [38;2;123;101;179m▄▄[38;2;123;100;179m▄ [38;2;123;102;179m▀▀  [38;2;123;101;179m▄▄  [38;2;123;102;179m▄▄    [0m
    [38;2;123;101;179m▄[48;2;156;123;212m▀▀[38;2;156;125;212m[48;2;156;132;212m▀[48;2;0;4;0m▀[38;2;156;123;212m[48;2;0;0;0m▀[38;2;123;100;179m▀[38;2;123;101;179m[48;2;0;4;0m▀[48;2;156;132;212m▀[38;2;156;123;212m[49m▄[38;2;123;101;179m[48;2;156;123;212m▀[38;2;156;125;212m[48;2;156;126;212m▀▀[38;2;123;101;179m[48;2;156;125;212m▀[49m▄[38;2;123;102;179m▀▀    [0m
   [38;2;0;0;0m▄[38;2;123;101;179m[48;2;173;156;197m▀[38;2;156;123;212m[48;2;0;0;0m▀[38;2;0;0;0m[48;2;66;66;66m▀[38;2;0;4;0m▀[38;2;52;47;71m▀[38;2;66;66;66m▀▀[38;2;52;47;71m▀[38;2;0;4;0m▀[38;2;0;0;0m▀[38;2;156;123;212m[48;2;0;0;0m▀[38;2;156;126;212m[48;2;156;123;212m▀▀[38;2;156;125;212m[48;2;123;101;179m▀[38;2;123;101;179m[49m▀      [0m
  [38;2;0;0;0m[48;2;0;0;0m▀[38;2;173;156;197m[48;2;255;255;255m▀[38;2;0;0;0m[48;2;123;123;118m▀[38;2;66;66;66m[48;2;66;65;66m▀▀[48;2;66;66;66m▀▀▀▀▀▀▀▀[38;2;0;0;0m[48;2;0;4;0m▀[38;2;156;123;212m[48;2;156;132;212m▀[38;2;123;101;179m[48;2;156;125;212m▀[49m▄[48;2;156;126;212m▀▀[49m▄   [0m
 [38;2;123;99;179m▄[38;2;0;0;0m[48;2;0;0;0m▀[38;2;255;255;255m[48;2;255;255;247m▀[38;2;189;189;186m[48;2;66;66;66m▀[38;2;198;82;54m[48;2;131;101;89m▀[38;2;66;65;66m[48;2;90;61;50m▀[38;2;66;66;66m[48;2;198;82;54m▀[48;2;66;66;66m▀▀▀[48;2;189;189;181m▀[48;2;255;255;255m▀[38;2;189;189;181m▀[38;2;66;66;66m[48;2;132;74;60m▀[38;2;52;47;71m[48;2;66;66;66m▀[38;2;0;4;0m[48;2;0;0;0m▀[38;2;156;125;212m[48;2;156;126;212m▀▀[38;2;156;126;212m[48;2;156;123;212m▀[48;2;123;100;179m▀[38;2;123;101;179m[49m▀ ▄ [0m
 [38;2;123;99;179m[48;2;123;100;179m▀[38;2;0;0;0m[48;2;156;123;212m▀[38;2;192;192;187m[48;2;0;0;8m▀[38;2;66;66;66m[48;2;255;247;255m▀[38;2;214;181;166m[48;2;66;66;66m▀[38;2;90;61;50m▀[38;2;198;82;54m[48;2;132;74;60m▀[38;2;66;66;66m[48;2;255;255;255m▀[38;2;255;255;255m[48;2;0;0;0m▀[48;2;255;255;255m▀▀▀[48;2;214;181;166m▀[38;2;132;74;60m[48;2;153;93;79m▀[38;2;66;66;66m[48;2;52;47;71m▀[38;2;0;0;0m[48;2;0;4;0m▀[38;2;156;126;212m[48;2;156;126;212m▀▀[38;2;123;100;179m[48;2;123;100;179m▀[49m [38;2;123;101;179m[48;2;123;101;179m▀▀[49m  [0m
  [38;2;123;100;179m▀[38;2;127;123;131m▀[38;2;0;0;8m[48;2;0;0;0m▀[38;2;66;66;66m[48;2;63;55;60m▀▀[38;2;132;74;60m[48;2;90;61;42m▀[38;2;255;255;255m[48;2;139;96;95m▀[38;2;0;0;0m[48;2;255;255;255m▀[38;2;255;255;255m▀[48;2;255;247;255m▀[48;2;66;61;66m▀[38;2;153;93;79m[48;2;66;66;66m▀[38;2;123;49;35m▀[38;2;0;4;0m[48;2;0;0;0m▀[38;2;156;132;212m[48;2;156;123;212m▀[38;2;156;126;212m[48;2;156;126;212m▀▀[38;2;156;123;212m[48;2;156;123;212m▀[38;2;123;100;179m[48;2;123;100;179m▀[49m    [0m
   [38;2;140;111;196m[48;2;123;100;179m▀[48;2;156;123;212m▀[38;2;8;12;8m▀[38;2;173;140;165m[48;2;0;0;0m▀[38;2;189;132;149m[48;2;0;0;8m▀[48;2;247;181;239m▀[38;2;66;66;66m[48;2;247;181;207m▀[48;2;165;121;138m▀[38;2;66;61;66m[48;2;255;255;255m▀[38;2;160;154;160m[48;2;0;4;0m▀[38;2;66;66;66m[48;2;8;4;8m▀[38;2;0;0;0m[48;2;165;127;221m▀[38;2;156;123;212m[48;2;123;100;179m▀[48;2;156;123;212m▀[38;2;156;126;212m▀[48;2;123;100;179m▀[38;2;123;100;179m[49m▀     [0m
    [38;2;123;100;179m▀[38;2;156;123;212m[48;2;123;100;179m▀[48;2;156;123;212m▀[38;2;165;121;162m▀[38;2;0;0;8m[48;2;123;100;179m▀[38;2;0;0;0m▀[48;2;156;123;212m▀[38;2;170;171;170m[48;2;0;0;0m▀[38;2;0;4;0m[48;2;123;99;179m▀[38;2;165;127;221m[48;2;123;101;179m▀[38;2;113;86;150m[49m▀ [38;2;123;100;179m▀▀       [0m
      [38;2;123;100;179m▀▀  ▀[38;2;123;99;179m▀   [38;2;123;101;179m[48;2;123;101;179m▀▀[49m        [0m
                         [0m
