
        [38;2;49;49;49m▄▄▄▄            [0m
      [38;2;49;49;49m▄[48;2;213;180;213m▀[38;2;213;180;213m[48;2;49;49;49m▀[48;2;213;180;213m▀▀[38;2;82;82;82m▀[38;2;49;49;49m[48;2;139;98;189m▀[48;2;172;131;205m▀▀▀[49m▄▄▄▄    [0m
      [38;2;49;49;49m▀[38;2;139;115;123m[48;2;49;49;49m▀[48;2;82;82;82m▀▀[38;2;213;180;213m[48;2;139;115;123m▀▀▀[38;2;139;98;189m[48;2;82;82;82m▀[48;2;172;131;205m▀▀[48;2;139;98;189m▀[38;2;172;131;205m▀[48;2;172;131;205m▀▀[38;2;49;49;49m▀[49m▄  [0m
    [38;2;49;49;49m▄[48;2;172;131;205m▀[48;2;82;82;82m▀[38;2;139;98;189m[48;2;172;131;205m▀[38;2;172;131;205m▀▀[38;2;82;82;82m▀[48;2;82;82;82m▀▀▀▀▀[38;2;172;131;205m[48;2;172;131;205m▀[38;2;139;98;189m[48;2;139;98;189m▀[38;2;172;131;205m▀▀[48;2;49;49;49m▀[38;2;49;49;49m▀[49m  [0m
   [38;2;49;49;49m[48;2;49;49;49m▀[38;2;230;82;82m[48;2;230;82;82m▀[38;2;82;82;82m[48;2;172;131;205m▀[38;2;172;131;205m[48;2;82;82;82m▀▀▀[38;2;82;82;82m[48;2;172;131;205m▀▀[38;2;172;131;205m▀[48;2;230;82;82m▀[48;2;139;98;189m▀[38;2;82;82;82m▀[48;2;82;82;82m▀[48;2;49;49;49m▀[38;2;49;49;49m[49m▀▀▀    [0m
    [38;2;49;49;49m▀[38;2;255;255;255m[48;2;49;49;49m▀[38;2;172;131;205m[48;2;255;255;255m▀[48;2;189;189;180m▀[48;2;255;255;255m▀[48;2;255;123;98m▀[38;2;255;156;148m[48;2;230;82;82m▀[38;2;230;82;82m[48;2;255;123;98m▀[38;2;255;123;98m[48;2;82;82;82m▀[38;2;139;98;189m▀[38;2;82;82;82m[48;2;213;180;213m▀[38;2;49;49;49m[48;2;49;49;49m▀[49m▄  ▄    [0m
  [38;2;49;49;49m▄[48;2;213;180;213m▀[48;2;115;82;164m▀[38;2;115;82;164m▀[38;2;82;82;82m▀[48;2;49;49;49m▀[48;2;139;98;189m▀[48;2;115;82;164m▀[48;2;172;131;205m▀[48;2;115;82;164m▀[38;2;172;131;205m[48;2;172;131;205m▀[38;2;213;180;213m▀[38;2;82;82;82m[48;2;213;180;213m▀[38;2;139;98;189m[48;2;49;49;49m▀▀[38;2;49;49;49m[48;2;115;82;164m▀[48;2;82;82;82m▀[38;2;172;131;205m[48;2;172;131;205m▀[38;2;49;49;49m[48;2;49;49;49m▀[49m   [0m
 [38;2;49;49;49m[48;2;49;49;49m▀[38;2;213;180;213m▀[38;2;115;82;164m▀[38;2;49;49;49m[49m▀▀▀ ▀▀[38;2;115;82;164m[48;2;49;49;49m▀[38;2;172;131;205m[48;2;82;82;82m▀[38;2;139;98;189m▀[38;2;172;131;205m▀[38;2;82;82;82m[48;2;49;49;49m▀[38;2;49;49;49m[49m▀ ▀[38;2;139;98;189m[48;2;49;49;49m▀[48;2;139;98;189m▀[38;2;172;131;205m[48;2;172;131;205m▀[38;2;49;49;49m[48;2;49;49;49m▀[49m  [0m
       [38;2;49;49;49m▄[48;2;139;98;189m▀▀[38;2;139;98;189m▀[38;2;82;82;82m[48;2;49;49;49m▀[38;2;139;98;189m[48;2;139;98;189m▀▀[38;2;82;82;82m[48;2;82;82;82m▀[38;2;49;49;49m[48;2;172;131;205m▀▀[49m▄▀[38;2;139;98;189m[48;2;49;49;49m▀[38;2;115;82;164m[48;2;115;82;164m▀[48;2;213;180;213m▀[38;2;49;49;49m[48;2;49;49;49m▀[49m [0m
      [38;2;49;49;49m▀[38;2;139;98;189m[48;2;49;49;49m▀[48;2;82;82;82m▀[38;2;115;82;164m▀[38;2;49;49;49m[48;2;115;82;164m▀[49m▄▀[38;2;115;82;164m[48;2;49;49;49m▀▀[38;2;82;82;82m[48;2;82;82;82m▀[38;2;172;131;205m[48;2;172;131;205m▀▀[38;2;49;49;49m▀[49m▄▀[38;2;213;180;213m[48;2;49;49;49m▀[38;2;49;49;49m▀[49m [0m
       [38;2;49;49;49m▀[38;2;213;180;213m[48;2;49;49;49m▀[38;2;139;115;123m▀[38;2;115;82;164m▀[38;2;49;49;49m[49m▀   ▀▀[38;2;172;131;205m[48;2;49;49;49m▀[38;2;82;82;82m[48;2;139;98;189m▀[38;2;49;49;49m▀[49m▄   [0m
                [38;2;49;49;49m▄[48;2;139;98;189m▀[38;2;139;98;189m[48;2;213;180;213m▀▀[38;2;49;49;49m[48;2;139;98;189m▀[49m▄  [0m
                 [38;2;49;49;49m▀▀▀▀   [0m
