
[38;2;0;0;0m                                              
[38;2;0;0;0m      ██                                      
[38;2;0;0;0m      ██[38;2;132;119;180m██[38;2;0;0;0m██                                  
[38;2;0;0;0m        [38;2;132;119;180m████[38;2;0;0;0m██          ██                ██  
[38;2;0;0;0m        [38;2;132;119;180m██[38;2;135;122;185m██████[38;2;0;0;0m      [38;2;134;121;182m████[38;2;0;0;0m  ██      ██[38;2;156;148;220m██[38;2;134;121;182m██[38;2;0;0;0m██  
[38;2;0;0;0m        ██[38;2;135;122;185m██████[38;2;0;0;0m██████[38;2;156;148;220m██[38;2;134;121;182m██[38;2;0;0;0m██[38;2;132;119;180m██[38;2;0;0;0m    ██[38;2;148;132;204m██[38;2;134;121;182m████[38;2;0;0;0m    
[38;2;0;0;0m        ██[38;2;135;122;185m██████[38;2;156;148;220m████████[38;2;134;121;182m██[38;2;134;118;182m██[38;2;132;119;180m██[38;2;0;0;0m██[38;2;156;148;220m██████[38;2;132;119;180m██[38;2;0;0;0m██    
[38;2;0;0;0m          ██[38;2;159;148;218m██████████████[38;2;135;122;185m██[38;2;107;93;139m██[38;2;159;148;218m████[38;2;156;148;220m██[38;2;135;122;185m██[38;2;107;90;139m██[38;2;0;0;0m██    
[38;2;0;0;0m          ██[38;2;159;148;218m██████████[38;2;156;148;220m██[38;2;134;121;182m████[38;2;135;122;185m██[38;2;156;148;220m████[38;2;135;122;185m██[38;2;140;123;188m██[38;2;0;0;0m██      
[38;2;0;0;0m        ██[38;2;156;148;220m██[38;2;159;148;218m██████████[38;2;134;121;182m██[38;2;156;148;220m████[38;2;135;122;185m██[38;2;134;121;182m████[38;2;135;122;185m██[38;2;140;123;188m██[38;2;0;0;0m        
[38;2;0;0;0m      ██[38;2;96;89;120m██[38;2;159;148;218m████████████[38;2;134;121;182m██████[38;2;135;122;185m████████[38;2;107;93;139m██[38;2;107;90;139m██[38;2;0;0;0m██    
[38;2;0;0;0m    [38;2;8;8;0m██[38;2;107;96;136m██[38;2;247;156;183m██[38;2;148;140;204m██[38;2;159;148;218m██████[38;2;156;148;220m██[38;2;134;119;182m██[38;2;140;110;134m██[38;2;82;99;122m██[38;2;135;122;185m████████[38;2;107;90;139m████[38;2;0;0;0m██      
[38;2;0;0;0m    [38;2;107;92;139m██[38;2;66;66;66m██[38;2;255;181;199m██[38;2;0;24;32m██[38;2;156;148;220m████[38;2;134;121;182m██[38;2;132;123;180m██[38;2;85;93;101m██[38;2;222;133;170m██[38;2;255;181;199m██[38;2;135;122;185m████████[38;2;66;66;66m██[38;2;107;92;139m██[38;2;0;0;0m████    
[38;2;0;0;0m  ██[38;2;113;101;137m██[38;2;60;55;68m██[38;2;140;119;188m██[38;2;135;122;185m██████[38;2;90;94;106m██[38;2;222;140;190m██[38;2;255;181;199m████[38;2;135;121;183m██[38;2;134;119;182m██[38;2;90;90;106m██[38;2;135;122;185m██████[38;2;137;121;185m██[38;2;107;90;139m██[38;2;0;0;0m██    
[38;2;0;0;0m    [38;2;8;8;0m██[38;2;60;55;68m██[38;2;90;90;106m██[38;2;135;122;185m██████[38;2;134;119;182m██[38;2;148;96;132m██[38;2;255;181;199m██[38;2;135;121;183m████[38;2;90;94;106m██[38;2;104;100;133m██[38;2;135;122;185m██████[38;2;137;121;185m██[38;2;0;0;0m██      
[38;2;0;0;0m        [38;2;101;86;133m██[38;2;247;247;255m██[38;2;90;94;106m██████████[38;2;82;86;114m██[38;2;255;247;255m██[38;2;101;90;128m██[38;2;135;122;185m██[38;2;66;66;66m██[38;2;137;121;185m██[38;2;135;122;185m████[38;2;0;0;0m██      
[38;2;0;0;0m        [38;2;132;119;180m██[38;2;104;90;139m██[38;2;255;255;255m██[38;2;185;177;201m██[38;2;255;255;255m██[38;2;185;177;201m██[38;2;255;255;255m██████[38;2;134;118;182m██[38;2;135;122;185m██[38;2;66;66;66m██[38;2;137;121;185m██[38;2;135;122;185m██[38;2;134;118;182m██[38;2;132;119;180m██[38;2;0;0;0m██    
[38;2;0;0;0m          ██[38;2;107;90;139m████[38;2;255;255;255m██[38;2;181;173;197m██[38;2;247;247;255m██[38;2;107;90;139m██[38;2;134;118;182m██[38;2;135;122;185m████[38;2;134;118;182m████[38;2;66;66;66m██[38;2;140;127;188m██[38;2;0;0;0m        
[38;2;0;0;0m          ██[38;2;134;118;182m████[38;2;107;90;139m████[38;2;99;86;139m██[38;2;134;118;182m████[38;2;135;122;185m████[38;2;134;118;182m██[38;2;107;90;139m██[38;2;107;92;139m██[38;2;52;50;63m██[38;2;0;0;0m██      
[38;2;0;0;0m            [38;2;107;100;133m██[38;2;90;90;106m██[38;2;134;119;182m██[38;2;135;122;185m██████████[38;2;134;118;182m██[38;2;107;93;139m██████[38;2;66;66;66m██[38;2;107;90;139m████[38;2;0;0;0m    
[38;2;0;0;0m            [38;2;107;90;139m████[38;2;88;93;104m██[38;2;66;66;66m██[38;2;132;119;180m██████[38;2;107;93;139m████████[38;2;66;66;66m██[38;2;107;90;139m██[38;2;0;0;0m████    
[38;2;0;0;0m              ████      ██[38;2;101;86;133m██[38;2;107;93;139m██████[38;2;0;0;0m██          
[38;2;0;0;0m                          [38;2;148;127;196m██[38;2;107;93;139m██████[38;2;0;0;0m            
[38;2;0;0;0m                              ██              
[38;2;0;0;0m                                              [0m
