
    [38;2;0;0;0m▄▄                    [0m
 [38;2;0;0;0m▄[48;2;0;0;0m▀[48;2;184;176;136m▀[38;2;64;64;64m▀[38;2;184;176;136m[48;2;64;64;64m▀[38;2;0;0;0m[48;2;184;176;136m▀[49m▄         ▄[48;2;184;176;136m▀[48;2;64;64;64m▀[48;2;184;176;136m▀[48;2;64;64;64m▀[49m▄   [0m
 [38;2;0;0;0m[48;2;0;0;0m▀[38;2;184;176;136m[48;2;184;176;136m▀[38;2;64;64;64m[48;2;64;64;64m▀[38;2;184;176;136m[48;2;184;176;136m▀[38;2;64;64;64m[48;2;64;64;64m▀[38;2;184;176;136m[48;2;0;0;0m▀[38;2;0;0;0m[49m▀   ▄▄ ▄▄ [48;2;0;0;0m▀[38;2;184;176;136m[48;2;64;64;64m▀[38;2;64;64;64m▀[38;2;184;176;136m[48;2;184;176;136m▀[38;2;64;64;64m[48;2;64;64;64m▀[38;2;184;176;136m[48;2;184;176;136m▀[38;2;0;0;0m[48;2;0;0;0m▀[49m  [0m
  [38;2;0;0;0m▀[38;2;64;64;64m[48;2;0;0;0m▀[48;2;144;136;104m▀[38;2;144;136;104m▀▀[38;2;0;0;0m[48;2;0;0;0m▀[49m▄[48;2;184;176;136m▀[48;2;144;136;104m▀[38;2;144;136;104m[48;2;112;104;72m▀▀[38;2;112;104;72m[48;2;184;176;136m▀[38;2;184;176;136m▀▀[38;2;0;0;0m▀[49m▄▀[38;2;184;176;136m[48;2;0;0;0m▀[38;2;64;64;64m[48;2;184;176;136m▀▀▀[38;2;184;176;136m▀[38;2;0;0;0m[48;2;0;0;0m▀[49m [0m
   [38;2;0;0;0m[48;2;0;0;0m▀[38;2;112;104;72m[48;2;144;136;104m▀[38;2;144;136;104m[48;2;112;104;72m▀[48;2;144;136;104m▀[48;2;64;64;64m▀[38;2;64;64;64m[48;2;248;248;248m▀[38;2;184;176;136m[48;2;112;104;72m▀[48;2;184;176;136m▀▀[48;2;144;136;104m▀[48;2;184;176;136m▀▀[38;2;144;136;104m▀[38;2;184;176;136m[48;2;144;136;104m▀[38;2;0;0;0m[48;2;184;176;136m▀[49m▄[48;2;0;0;0m▀[38;2;184;176;136m[48;2;112;104;72m▀[48;2;184;176;136m▀[38;2;144;136;104m[48;2;144;136;104m▀[38;2;184;176;136m[48;2;0;0;0m▀[38;2;0;0;0m[49m▀ [0m
    [38;2;0;0;0m[48;2;0;0;0m▀[38;2;112;104;72m[48;2;64;64;64m▀[38;2;144;136;104m[48;2;144;136;104m▀[38;2;64;64;64m[48;2;0;0;0m▀[38;2;248;248;248m[48;2;64;64;64m▀[38;2;0;0;0m[48;2;144;136;104m▀[38;2;184;176;136m▀[38;2;112;104;72m[48;2;112;104;72m▀[38;2;184;176;136m[48;2;184;176;136m▀[48;2;144;136;104m▀[38;2;144;136;104m[48;2;0;0;0m▀[38;2;64;64;64m[48;2;248;248;248m▀[38;2;144;136;104m[48;2;184;176;136m▀[38;2;112;104;72m[48;2;112;104;72m▀[38;2;64;64;64m[48;2;144;136;104m▀[38;2;144;136;104m▀[38;2;112;104;72m▀[38;2;184;176;136m[48;2;112;104;72m▀[48;2;0;0;0m▀[38;2;0;0;0m[49m▀  [0m
     [38;2;0;0;0m▀▀ ▀[38;2;144;136;104m[48;2;0;0;0m▀[48;2;144;136;104m▀▀▀[38;2;0;0;0m▀[38;2;64;64;64m▀[38;2;248;248;248m▀[38;2;144;136;104m▀[48;2;0;0;0m▀[38;2;0;0;0m[49m▀▀[38;2;144;136;104m[48;2;0;0;0m▀▀[38;2;0;0;0m[49m▀   [0m
          [38;2;0;0;0m▀▀[38;2;112;104;72m[48;2;0;0;0m▀[38;2;144;136;104m▀▀[38;2;0;0;0m[49m▀▀         [0m
                          [0m
