
[38;2;0;0;0m                                          
[38;2;0;0;0m                      [38;2;49;49;49m████████[38;2;0;0;0m            
[38;2;0;0;0m                  [38;2;49;49;49m████[38;2;106;156;180m██████[38;2;49;49;49m██[38;2;0;0;0m            
[38;2;0;0;0m                [38;2;49;49;49m██[38;2;106;156;180m██████████[38;2;49;49;49m██[38;2;0;0;0m            
[38;2;0;0;0m          [38;2;49;49;49m██████[38;2;106;156;180m██████████[38;2;49;49;49m██[38;2;0;0;0m              
[38;2;0;0;0m        [38;2;49;49;49m██[38;2;82;123;148m██[38;2;82;82;82m██[38;2;106;156;180m████████████[38;2;49;49;49m████████[38;2;0;0;0m        
[38;2;0;0;0m      [38;2;49;49;49m██[38;2;82;123;148m██[38;2;82;82;82m██[38;2;106;156;180m██████████[38;2;82;82;82m████[38;2;106;205;255m██[38;2;106;156;180m████[38;2;49;49;49m██[38;2;0;0;0m        
[38;2;0;0;0m      [38;2;49;49;49m██[38;2;82;123;148m██[38;2;82;82;82m██[38;2;106;156;180m████████[38;2;82;82;82m████[38;2;106;205;255m██████[38;2;106;156;180m██[38;2;49;49;49m██[38;2;0;0;0m        
[38;2;0;0;0m        [38;2;49;49;49m██[38;2;106;156;180m██████████[38;2;82;82;82m██[38;2;106;156;180m████[38;2;106;205;255m████[38;2;49;49;49m██[38;2;0;0;0m          
[38;2;0;0;0m        [38;2;49;49;49m██[38;2;106;156;180m████████[38;2;49;49;49m██[38;2;82;82;82m██[38;2;106;156;180m████[38;2;106;205;255m██[38;2;82;82;82m██[38;2;49;49;49m██[38;2;0;0;0m          
[38;2;0;0;0m      [38;2;49;49;49m██[38;2;106;156;180m████████[38;2;49;49;49m██[38;2;255;255;255m██[38;2;82;82;82m████████[38;2;106;156;180m████[38;2;49;49;49m██[38;2;0;0;0m        
[38;2;0;0;0m    [38;2;49;49;49m██[38;2;82;82;82m██[38;2;106;156;180m██████[38;2;82;82;82m██[38;2;49;49;49m████[38;2;255;255;255m██[38;2;106;156;180m██████████[38;2;49;49;49m██[38;2;0;0;0m        
[38;2;0;0;0m  [38;2;49;49;49m██[38;2;82;123;148m██[38;2;82;82;82m██████[38;2;106;156;180m████[38;2;255;255;255m████[38;2;106;156;180m████████████[38;2;106;205;255m██[38;2;49;49;49m██████[38;2;0;0;0m  
[38;2;0;0;0m  [38;2;49;49;49m██[38;2;82;123;148m██[38;2;82;82;82m██[38;2;246;106;74m████[38;2;82;82;82m████████[38;2;106;156;180m██[38;2;82;123;148m████[38;2;106;156;180m██████[38;2;106;205;255m██[38;2;49;49;49m██[38;2;82;123;148m██[38;2;49;49;49m██[38;2;0;0;0m  
[38;2;0;0;0m    [38;2;49;49;49m████[38;2;82;82;82m██[38;2;246;106;74m████████[38;2;255;255;255m██[38;2;82;82;82m██[38;2;106;156;180m████████████[38;2;82;82;82m██[38;2;82;123;148m██[38;2;49;49;49m██[38;2;0;0;0m  
[38;2;0;0;0m        [38;2;49;49;49m██[38;2;82;82;82m██[38;2;246;106;74m██████[38;2;189;98;98m██[38;2;82;82;82m██[38;2;106;156;180m████[38;2;82;82;82m██[38;2;106;156;180m██[38;2;82;123;148m██[38;2;106;156;180m██[38;2;82;82;82m██[38;2;49;49;49m██[38;2;0;0;0m    
[38;2;0;0;0m        [38;2;49;49;49m██[38;2;82;123;148m██[38;2;82;82;82m████[38;2;189;98;98m██████[38;2;82;82;82m████[38;2;106;156;180m██████[38;2;49;49;49m████[38;2;0;0;0m      
[38;2;0;0;0m          [38;2;49;49;49m██[38;2;82;123;148m████[38;2;49;49;49m██████[38;2;82;123;148m██[38;2;106;156;180m████████[38;2;49;49;49m██[38;2;0;0;0m        
[38;2;0;0;0m            [38;2;49;49;49m██████[38;2;0;0;0m    [38;2;49;49;49m██[38;2;106;156;180m██[38;2;82;123;148m██[38;2;106;156;180m██[38;2;49;49;49m██[38;2;0;0;0m          
[38;2;0;0;0m                        [38;2;49;49;49m██████[38;2;0;0;0m            
[38;2;0;0;0m                                          [0m
