
                 [38;2;0;0;0m▄                      [0m
               [38;2;0;0;0m▄[48;2;255;165;151m▀[38;2;255;165;151m▀[38;2;0;0;0m[48;2;0;0;0m▀[49m                     [0m
              [38;2;0;0;0m▄[48;2;255;165;151m▀[38;2;255;165;151m▀[38;2;181;73;45m[48;2;181;73;45m▀[38;2;255;99;63m[48;2;255;99;63m▀[38;2;0;0;0m[48;2;0;0;0m▀[49m    ▄▄              [0m
              [38;2;0;0;0m[48;2;0;0;0m▀[38;2;255;165;151m[48;2;198;70;46m▀[38;2;198;70;46m[48;2;217;102;81m▀[38;2;255;99;66m[48;2;255;99;66m▀▀[38;2;0;0;0m[48;2;0;0;0m▀[49m   [48;2;0;0;0m▀[38;2;255;99;63m[48;2;255;99;63m▀[38;2;170;69;47m[48;2;255;103;71m▀[38;2;0;0;0m[48;2;0;0;0m▀[49m             [0m
             [38;2;0;0;0m[48;2;0;0;0m▀[38;2;255;99;63m[48;2;255;99;63m▀[38;2;181;73;45m[48;2;181;73;45m▀[38;2;255;99;63m[48;2;255;99;63m▀[38;2;255;99;66m[48;2;255;99;66m▀▀[38;2;0;0;0m[48;2;0;0;0m▀[49m   [48;2;0;0;0m▀[38;2;255;103;71m[48;2;170;69;47m▀[38;2;181;74;45m[48;2;181;74;45m▀[38;2;0;0;0m[48;2;0;0;0m▀[49m             [0m
             [38;2;0;0;0m[48;2;0;0;0m▀[38;2;181;74;45m[48;2;181;74;45m▀[38;2;255;99;66m[48;2;255;99;66m▀▀▀▀[38;2;0;0;0m[48;2;66;66;66m▀[49m▄ [48;2;0;0;0m▀[38;2;181;74;48m[48;2;181;74;48m▀▀[38;2;181;74;45m[48;2;181;74;45m▀[38;2;0;0;0m▀[49m▄            [0m
         [38;2;0;0;0m▄[48;2;181;74;45m▀[49m▄[48;2;66;66;66m▀[38;2;255;99;63m[48;2;255;99;63m▀[38;2;181;73;45m▀[38;2;255;99;63m[48;2;181;73;45m▀[48;2;255;99;63m▀[38;2;247;107;87m[48;2;57;74;81m▀[38;2;57;74;81m[48;2;120;85;83m▀[38;2;104;107;139m[48;2;104;107;139m▀▀[38;2;0;8;8m[48;2;143;91;97m▀[38;2;143;91;97m[48;2;71;49;53m▀[38;2;66;66;66m[48;2;247;90;55m▀[38;2;187;82;59m[48;2;66;66;66m▀[38;2;181;74;48m[48;2;181;74;48m▀▀[38;2;0;0;0m[48;2;0;0;0m▀[49m            [0m
         [38;2;0;0;0m[48;2;0;0;0m▀[38;2;181;74;45m[48;2;181;74;45m▀[38;2;57;66;81m[48;2;57;66;81m▀[38;2;120;113;83m[48;2;247;206;87m▀[38;2;85;80;69m[48;2;85;80;69m▀[38;2;255;99;63m[48;2;255;99;63m▀[38;2;181;73;45m[48;2;181;73;45m▀[38;2;255;99;63m[48;2;255;99;63m▀[38;2;66;66;66m[48;2;66;66;66m▀[38;2;71;79;119m[48;2;74;86;146m▀[38;2;66;74;130m[48;2;80;85;136m▀[38;2;107;107;147m[48;2;66;74;130m▀[38;2;66;75;125m[48;2;66;75;125m▀[38;2;66;66;66m[48;2;66;66;66m▀[38;2;255;99;63m[48;2;255;99;63m▀[38;2;66;66;66m[48;2;66;66;66m▀[38;2;181;74;48m[48;2;181;74;48m▀▀[38;2;0;0;0m[48;2;0;0;0m▀[49m            [0m
        [38;2;0;0;0m[48;2;0;0;0m▀[38;2;181;74;48m[48;2;181;74;48m▀▀[38;2;57;66;81m[48;2;57;66;81m▀[38;2;247;206;87m[48;2;120;113;83m▀[38;2;82;82;66m[48;2;255;148;71m▀[38;2;255;148;71m[48;2;82;82;66m▀[38;2;192;88;64m[48;2;255;99;63m▀[48;2;66;66;66m▀[38;2;44;49;70m[48;2;79;91;141m▀[38;2;79;91;141m[48;2;8;8;0m▀[38;2;90;70;138m[48;2;200;149;88m▀[38;2;255;189;63m[48;2;255;189;63m▀[38;2;66;66;66m[48;2;66;66;66m▀[38;2;255;99;63m[48;2;255;99;63m▀[38;2;255;99;66m[48;2;255;99;66m▀▀[38;2;66;66;66m[48;2;66;66;66m▀[38;2;181;74;48m[48;2;181;74;48m▀[38;2;85;52;48m[48;2;85;52;48m▀[38;2;0;16;24m[48;2;170;87;71m▀[38;2;0;0;0m[49m▄          [0m
     [38;2;0;0;0m▄▄  [48;2;0;0;0m▀[38;2;181;74;45m[48;2;181;74;45m▀[38;2;181;74;48m[48;2;181;74;48m▀[38;2;66;66;66m[48;2;66;66;66m▀[38;2;91;90;93m[48;2;206;107;70m▀[48;2;91;90;93m▀[38;2;206;107;70m[48;2;206;107;70m▀[38;2;66;66;66m[48;2;66;66;66m▀[38;2;255;206;71m[48;2;74;86;146m▀▀▀[38;2;74;86;146m▀[38;2;66;66;66m[48;2;66;66;66m▀[38;2;247;90;55m[48;2;187;82;59m▀[48;2;187;80;56m▀[38;2;187;80;56m[48;2;66;61;58m▀[38;2;76;79;90m[48;2;76;79;90m▀[38;2;181;74;45m▀[38;2;66;66;66m[48;2;181;74;48m▀[38;2;181;74;48m▀[38;2;0;0;0m[48;2;0;0;0m▀[49m          [0m
    [38;2;0;0;0m[48;2;0;0;0m▀[38;2;181;73;45m[48;2;255;99;63m▀[38;2;255;99;63m[48;2;181;73;45m▀[38;2;0;0;0m[48;2;255;99;63m▀[49m▄ ▀[38;2;69;45;34m[48;2;0;12;16m▀[38;2;206;111;70m[48;2;206;111;70m▀[38;2;206;107;70m[48;2;74;74;66m▀[38;2;74;74;66m▀[38;2;206;107;70m[48;2;66;66;66m▀[48;2;206;107;70m▀[38;2;74;74;66m[48;2;74;74;66m▀[38;2;255;99;63m[48;2;255;99;63m▀[38;2;74;78;90m▀[48;2;74;78;90m▀[38;2;104;107;141m[48;2;104;107;141m▀[38;2;66;66;66m▀[38;2;173;70;37m[48;2;57;78;121m▀[38;2;96;75;93m▀[38;2;86;94;142m[48;2;86;94;142m▀[38;2;66;66;66m▀[38;2;181;74;48m[48;2;66;66;66m▀[48;2;181;74;48m▀[38;2;85;52;48m[48;2;85;52;48m▀[38;2;0;16;24m[48;2;170;87;71m▀[38;2;0;0;0m[49m▄ ▄[48;2;181;74;45m▀[49m▄    [0m
    [38;2;0;0;0m▀[38;2;255;99;63m[48;2;0;0;0m▀[38;2;170;66;42m[48;2;255;99;63m▀[38;2;255;99;63m▀[48;2;66;74;122m▀[38;2;0;0;0m[48;2;107;107;139m▀[49m▄▄[48;2;255;99;63m▀[38;2;57;74;81m[48;2;247;107;87m▀[38;2;120;85;83m[48;2;57;74;81m▀[38;2;66;66;66m[48;2;66;66;66m▀[38;2;206;107;70m▀[38;2;66;66;66m[48;2;104;107;141m▀▀[38;2;247;107;87m[48;2;57;74;81m▀[38;2;57;74;81m[48;2;120;85;83m▀[38;2;104;107;139m[48;2;104;107;139m▀▀[38;2;66;74;122m▀[38;2;104;107;139m[48;2;66;74;122m▀[38;2;78;88;142m[48;2;107;107;139m▀[38;2;107;107;139m[48;2;78;88;142m▀[38;2;66;66;66m[48;2;66;66;66m▀[48;2;255;99;63m▀[38;2;255;99;63m[48;2;181;73;45m▀[38;2;181;73;45m[48;2;255;99;63m▀[38;2;66;66;66m[48;2;66;66;66m▀[38;2;0;0;0m▀[38;2;181;74;48m[48;2;181;74;48m▀▀[38;2;0;0;0m[48;2;0;0;0m▀[49m    [0m
   [38;2;0;0;0m▄ ▀[38;2;255;99;63m[48;2;0;0;0m▀[38;2;66;74;122m[48;2;104;107;139m▀[38;2;104;107;139m▀[38;2;66;75;125m[48;2;66;75;125m▀[48;2;66;66;66m▀[38;2;74;61;58m[48;2;247;173;151m▀[38;2;189;136;120m[48;2;74;61;58m▀[38;2;184;76;48m[48;2;219;92;59m▀[38;2;255;107;71m[48;2;184;76;48m▀[38;2;255;94;63m[48;2;192;83;61m▀[38;2;66;61;58m[48;2;255;94;63m▀[38;2;104;107;141m[48;2;66;66;66m▀[48;2;104;107;141m▀[38;2;104;107;139m[48;2;104;107;139m▀[48;2;66;74;122m▀[38;2;101;105;144m[48;2;79;83;108m▀[48;2;57;61;73m▀[38;2;71;79;119m[48;2;66;66;66m▀[48;2;74;86;146m▀[38;2;80;84;109m[48;2;60;64;71m▀[38;2;60;64;71m[48;2;99;103;147m▀[38;2;255;99;63m[48;2;255;99;63m▀[48;2;181;73;45m▀[48;2;255;99;63m▀[48;2;66;66;66m▀[38;2;66;75;125m[48;2;66;75;125m▀▀[38;2;85;53;61m[48;2;85;53;61m▀[38;2;170;90;82m[48;2;0;16;40m▀[38;2;0;0;0m[49m▀    [0m
  [38;2;0;0;0m[48;2;0;0;0m▀[38;2;255;99;63m[48;2;255;99;63m▀[38;2;0;0;0m[48;2;170;66;42m▀[49m▄[48;2;107;107;139m▀[38;2;104;107;139m[48;2;104;107;139m▀[38;2;66;74;122m[48;2;66;74;122m▀[38;2;66;66;66m[48;2;66;66;66m▀[38;2;140;140;128m▀[38;2;143;138;129m[48;2;143;138;129m▀[48;2;79;88;141m▀[38;2;66;66;66m[48;2;66;66;66m▀[38;2;206;107;70m[48;2;206;107;70m▀[38;2;208;107;67m[48;2;208;107;67m▀[38;2;181;74;45m▀[38;2;66;66;66m[48;2;74;86;146m▀[38;2;71;79;119m▀[38;2;66;74;122m[48;2;78;88;142m▀[38;2;78;88;142m▀[38;2;66;66;66m[48;2;66;66;66m▀[48;2;198;198;190m▀[38;2;198;198;190m▀[38;2;66;66;66m▀[48;2;66;66;66m▀[38;2;104;107;141m[48;2;104;107;141m▀[38;2;66;66;66m[48;2;66;66;66m▀[38;2;255;99;63m[48;2;255;99;63m▀[48;2;74;82;114m▀[38;2;74;82;114m▀[38;2;66;66;66m[48;2;66;66;66m▀[38;2;66;75;125m[48;2;66;75;125m▀[48;2;66;66;66m▀[48;2;66;75;125m▀[38;2;0;0;0m[48;2;66;74;126m▀[49m▄[48;2;181;74;45m▀[49m▄ [0m
 [38;2;0;0;0m▄[48;2;255;99;63m▀[38;2;255;99;66m[48;2;255;99;66m▀▀[38;2;76;79;90m[48;2;181;74;45m▀[48;2;76;79;90m▀[38;2;66;70;82m[48;2;255;99;63m▀[48;2;66;70;82m▀[38;2;66;75;125m[48;2;66;75;125m▀▀[38;2;66;66;66m[48;2;0;0;0m▀[38;2;0;0;0m[49m▀[38;2;82;90;130m[48;2;0;0;0m▀[38;2;55;60;87m▀[38;2;206;107;70m[48;2;69;68;87m▀[38;2;69;68;87m▀[38;2;66;74;122m[48;2;66;74;122m▀[38;2;78;88;142m▀[38;2;77;88;141m[48;2;77;88;141m▀[48;2;0;0;0m▀[38;2;74;86;146m▀[38;2;0;0;0m[49m▀[38;2;189;189;197m[48;2;0;0;0m▀[38;2;63;63;66m[48;2;126;126;131m▀[38;2;104;107;139m[48;2;104;107;139m▀▀▀[38;2;66;74;122m[48;2;66;74;122m▀[38;2;78;88;142m[48;2;66;66;66m▀[48;2;78;88;142m▀[38;2;66;74;90m[48;2;66;74;90m▀[48;2;255;99;63m▀[38;2;255;99;63m▀[38;2;66;66;66m[48;2;66;66;66m▀[38;2;49;70;113m[48;2;181;74;45m▀[38;2;181;74;45m[48;2;93;71;90m▀[48;2;181;74;45m▀[38;2;0;0;0m[48;2;0;0;0m▀[49m [0m
 [38;2;0;0;0m▀[38;2;255;99;63m[48;2;0;0;0m▀▀▀[38;2;170;70;47m[48;2;0;4;0m▀[48;2;255;103;71m▀[38;2;255;99;63m[48;2;255;99;63m▀[38;2;66;66;66m▀[38;2;66;74;125m[48;2;0;0;0m▀▀[38;2;0;0;0m[49m▀   ▀▀▀▀▀   ▀[38;2;107;107;139m[48;2;0;0;0m▀[38;2;104;107;139m[48;2;104;107;139m▀▀[38;2;66;74;122m[48;2;66;74;122m▀[38;2;255;99;63m[48;2;255;99;63m▀[38;2;181;74;48m[48;2;181;74;48m▀[38;2;66;66;66m▀[38;2;181;73;45m[48;2;255;99;63m▀[38;2;255;99;63m▀▀[38;2;66;66;66m▀[38;2;181;78;53m[48;2;90;45;34m▀[48;2;0;12;16m▀[38;2;0;0;0m[49m▀▀ [0m
      [38;2;0;0;0m▀▀▀                ▀▀[38;2;255;99;63m[48;2;0;0;0m▀▀▀[38;2;0;0;0m[49m▀▀[38;2;255;99;63m[48;2;0;0;0m▀▀▀[38;2;0;0;0m[49m▀    [0m
                                        [0m
