
             [38;2;49;49;49m▄▄▄                [0m
      [38;2;49;49;49m▄▄▄ ▄[48;2;82;82;82m▀▀[38;2;82;82;82m▀[48;2;49;49;49m▀[38;2;49;49;49m[49m▀   [48;2;49;49;49m▀[48;2;82;82;82m▀▀[49m▄         [0m
    [38;2;49;49;49m▄[48;2;189;164;65m▀[38;2;189;164;65m[48;2;255;255;255m▀[38;2;255;222;49m[48;2;82;82;82m▀[38;2;49;49;49m[48;2;139;139;123m▀[48;2;189;189;180m▀[38;2;82;82;82m▀[48;2;82;82;82m▀[48;2;255;222;49m▀[48;2;82;82;82m▀[38;2;49;49;49m▀[49m▄    ▀[38;2;82;82;82m[48;2;49;49;49m▀[48;2;82;82;82m▀[38;2;49;49;49m▀▀▀[49m▄▄▄   [0m
  [38;2;49;49;49m▄[48;2;255;222;49m▀[48;2;82;82;82m▀[38;2;255;255;255m[48;2;255;255;255m▀[38;2;255;222;49m[48;2;255;222;49m▀[38;2;49;49;49m[48;2;189;164;65m▀[38;2;189;189;180m[48;2;82;82;82m▀[38;2;82;82;82m[48;2;189;164;65m▀[48;2;255;222;49m▀[38;2;255;222;49m▀[48;2;189;164;65m▀[38;2;82;82;82m[48;2;82;82;82m▀[48;2;255;222;49m▀[48;2;82;82;82m▀[38;2;49;49;49m[48;2;49;49;49m▀[49m ▄▄[48;2;82;82;82m▀[38;2;82;82;82m▀▀▀[48;2;213;82;74m▀▀[48;2;82;82;82m▀[48;2;49;49;49m▀▀[38;2;49;49;49m[49m▀  [0m
 [38;2;49;49;49m[48;2;49;49;49m▀[38;2;255;222;49m[48;2;189;164;65m▀[48;2;255;222;49m▀[38;2;82;82;82m[48;2;82;82;82m▀[38;2;255;222;49m[48;2;189;164;65m▀[48;2;255;222;49m▀▀[48;2;189;164;65m▀▀▀[38;2;189;164;65m▀[38;2;82;82;82m[48;2;82;82;82m▀[38;2;255;222;49m[48;2;255;222;49m▀▀▀[38;2;82;82;82m▀[38;2;49;49;49m▀[38;2;82;82;82m[48;2;82;82;82m▀▀▀[38;2;49;49;49m[48;2;49;49;49m▀[38;2;213;82;74m[48;2;213;82;74m▀[38;2;82;82;82m▀[38;2;49;49;49m[48;2;82;82;82m▀[38;2;213;82;74m[48;2;49;49;49m▀[38;2;246;123;106m▀[38;2;49;49;49m[49m▀▄[48;2;139;139;123m▀[48;2;49;49;49m▀[49m [0m
  [38;2;49;49;49m[48;2;49;49;49m▀[38;2;189;164;65m[48;2;189;164;65m▀[38;2;82;82;82m▀[48;2;82;82;82m▀[38;2;255;222;49m[48;2;255;222;49m▀[38;2;189;164;65m[48;2;164;131;65m▀[48;2;82;82;82m▀[48;2;49;49;49m▀[38;2;82;82;82m[48;2;213;82;74m▀[48;2;82;82;82m▀[38;2;255;222;49m[48;2;255;222;49m▀▀[48;2;189;164;65m▀▀▀[38;2;255;255;255m▀[48;2;82;82;82m▀[38;2;49;49;49m[48;2;49;49;49m▀[38;2;213;82;74m[48;2;213;82;74m▀[38;2;82;82;82m▀[38;2;49;49;49m[48;2;82;82;82m▀[38;2;246;123;106m[48;2;49;49;49m▀[38;2;82;82;82m[48;2;189;189;180m▀[48;2;82;82;82m▀[48;2;139;139;123m▀[38;2;49;49;49m▀[38;2;139;139;123m[48;2;82;82;82m▀[48;2;139;139;123m▀[38;2;49;49;49m[48;2;49;49;49m▀[49m [0m
   [38;2;49;49;49m[48;2;49;49;49m▀[38;2;189;164;65m[48;2;189;164;65m▀[38;2;82;82;82m[48;2;82;82;82m▀▀▀[48;2;189;164;65m▀[38;2;213;82;74m▀[38;2;172;82;74m[48;2;82;82;82m▀[38;2;82;82;82m[48;2;255;222;49m▀[38;2;255;222;49m▀[38;2;189;164;65m[48;2;189;164;65m▀[38;2;82;82;82m[48;2;82;82;82m▀[48;2;164;131;65m▀[48;2;82;82;82m▀[48;2;164;131;65m▀[48;2;82;82;82m▀[48;2;189;189;180m▀[38;2;49;49;49m▀[38;2;246;123;106m[48;2;49;49;49m▀[38;2;82;82;82m[48;2;189;189;180m▀▀[38;2;139;139;123m[48;2;82;82;82m▀[38;2;189;189;180m[48;2;189;189;180m▀[38;2;82;82;82m[48;2;82;82;82m▀[38;2;139;139;123m▀[48;2;139;139;123m▀[38;2;49;49;49m[48;2;49;49;49m▀[49m  [0m
    [38;2;49;49;49m▀[38;2;189;164;65m[48;2;49;49;49m▀[38;2;49;49;49m[49m▀[38;2;189;164;65m[48;2;49;49;49m▀[48;2;82;82;82m▀[38;2;82;82;82m▀[48;2;255;222;49m▀[38;2;255;222;49m[48;2;189;164;65m▀[38;2;189;164;65m[48;2;82;82;82m▀[38;2;82;82;82m[48;2;255;222;49m▀[38;2;189;164;65m[48;2;189;164;65m▀[48;2;82;82;82m▀[38;2;82;82;82m[48;2;189;164;65m▀[38;2;164;131;65m▀[38;2;82;82;82m[48;2;82;82;82m▀[38;2;189;189;180m▀[48;2;189;189;180m▀[38;2;139;139;123m▀[38;2;82;82;82m[48;2;82;82;82m▀[38;2;189;189;180m▀[38;2;82;82;82m[48;2;189;189;180m▀[48;2;82;82;82m▀[38;2;189;189;180m[48;2;189;189;180m▀[38;2;82;82;82m▀[38;2;49;49;49m[48;2;49;49;49m▀[49m   [0m
       [38;2;49;49;49m▀[38;2;164;131;65m[48;2;49;49;49m▀[48;2;82;82;82m▀[38;2;82;82;82m▀[48;2;172;82;74m▀[38;2;213;82;74m[48;2;82;82;82m▀▀[38;2;82;82;82m[48;2;255;222;49m▀[38;2;189;164;65m[48;2;189;164;65m▀[48;2;82;82;82m▀[38;2;82;82;82m▀[48;2;189;189;180m▀▀[38;2;139;139;123m[48;2;82;82;82m▀[38;2;189;189;180m▀[38;2;82;82;82m[48;2;189;189;180m▀[38;2;189;189;180m▀▀[38;2;82;82;82m▀[38;2;139;139;123m[48;2;82;82;82m▀[48;2;189;164;65m▀[38;2;189;189;180m[48;2;139;139;123m▀[38;2;49;49;49m[48;2;49;49;49m▀[49m  [0m
       [38;2;49;49;49m[48;2;49;49;49m▀[38;2;139;139;123m[48;2;139;139;123m▀▀[38;2;82;82;82m▀▀[38;2;172;82;74m[48;2;49;49;49m▀[48;2;82;82;82m▀[38;2;82;82;82m▀[48;2;139;139;123m▀[48;2;189;189;180m▀[38;2;189;189;180m▀▀▀[38;2;82;82;82m▀[38;2;189;189;180m[48;2;82;82;82m▀[48;2;139;139;123m▀[38;2;139;139;123m[48;2;255;222;49m▀[48;2;189;164;65m▀[38;2;189;189;180m[48;2;139;139;123m▀[38;2;82;82;82m[48;2;49;49;49m▀[38;2;255;222;49m▀[38;2;82;82;82m▀[38;2;49;49;49m[49m▀  [0m
      [38;2;49;49;49m[48;2;49;49;49m▀[38;2;189;164;65m[48;2;82;82;82m▀[38;2;164;131;65m[48;2;189;164;65m▀[38;2;139;139;123m[48;2;164;131;65m▀[38;2;164;131;65m[48;2;189;164;65m▀[38;2;49;49;49m[48;2;49;49;49m▀[49m ▀▀[38;2;189;189;180m[48;2;49;49;49m▀[48;2;139;139;123m▀[38;2;139;139;123m[48;2;189;164;65m▀[48;2;255;222;49m▀[48;2;189;164;65m▀[38;2;189;189;180m[48;2;139;139;123m▀[38;2;82;82;82m[48;2;82;82;82m▀[38;2;189;164;65m[48;2;255;222;49m▀[38;2;255;222;49m[48;2;189;164;65m▀[38;2;189;164;65m[48;2;49;49;49m▀[38;2;255;222;49m▀[38;2;49;49;49m[49m▀     [0m
       [38;2;49;49;49m▀▀▀▀    ▀[38;2;255;222;49m[48;2;49;49;49m▀[38;2;189;164;65m[48;2;255;222;49m▀[38;2;255;222;49m[48;2;189;164;65m▀[38;2;189;164;65m[48;2;255;222;49m▀[38;2;255;222;49m[48;2;49;49;49m▀[38;2;49;49;49m[49m▀▀▀        [0m
                 [38;2;49;49;49m▀▀▀            [0m
