
     [38;2;0;4;0m▄                                [0m
    [38;2;0;4;0m[48;2;0;4;0m▀[38;2;165;189;189m[48;2;165;189;189m▀[38;2;0;4;0m▀[49m▄               ▄▄▄         ▄  [0m
    [38;2;0;4;0m[48;2;0;4;0m▀[38;2;77;123;165m[48;2;71;137;164m▀[38;2;165;189;189m[48;2;165;189;189m▀[38;2;0;4;0m▀[49m▄         ▄▄[48;2;222;247;230m▀▀▀[38;2;222;247;230m[48;2;231;255;255m▀[48;2;157;174;173m▀[38;2;0;4;0m[48;2;0;4;0m▀[49m       ▄[48;2;66;165;170m▀[38;2;66;165;170m▀[38;2;0;4;0m[48;2;0;4;0m▀[49m [0m
    [38;2;0;4;0m▀[38;2;71;137;164m[48;2;0;4;0m▀[48;2;71;144;167m▀[38;2;165;189;189m[48;2;165;189;189m▀[38;2;0;4;0m[48;2;0;4;0m▀[49m        [48;2;0;4;16m▀[38;2;222;247;230m[48;2;214;247;246m▀[48;2;74;123;162m▀▀[38;2;74;123;162m[48;2;71;142;170m▀[48;2;165;189;189m▀[38;2;157;174;173m▀[38;2;8;12;8m[48;2;0;4;0m▀[49m      [38;2;0;4;0m▄[48;2;66;165;170m▀[38;2;66;165;170m[48;2;69;165;173m▀▀[48;2;66;165;170m▀[38;2;0;4;0m[48;2;0;4;0m▀[49m [0m
     [38;2;0;4;0m▀[38;2;71;144;167m[48;2;0;4;0m▀[38;2;165;189;189m[48;2;156;189;196m▀[38;2;0;4;0m▀[38;2;8;4;0m[49m▄▄[38;2;0;4;0m[48;2;222;247;230m▀▀▀[49m▄[38;2;0;0;0m▄[38;2;0;4;0m[48;2;74;80;77m▀[38;2;214;247;246m[48;2;222;247;230m▀[38;2;107;125;131m[48;2;74;137;167m▀[38;2;69;162;173m[48;2;71;142;170m▀▀[38;2;71;142;170m[48;2;165;189;189m▀[38;2;165;189;189m▀[38;2;0;4;0m[48;2;0;4;0m▀[49m      [48;2;0;4;0m▀[38;2;66;165;170m[48;2;70;164;174m▀▀[38;2;69;165;173m▀▀[38;2;66;165;170m[48;2;103;125;119m▀[38;2;0;4;0m[48;2;0;4;0m▀[49m [0m
      [38;2;0;4;0m▄[38;2;0;4;8m[48;2;173;239;213m▀[38;2;104;127;133m[48;2;74;123;162m▀[38;2;115;198;219m[48;2;107;198;219m▀[38;2;44;69;73m▀[38;2;222;247;230m[48;2;66;61;74m▀[38;2;66;66;66m[48;2;107;198;219m▀[38;2;222;247;230m[48;2;57;66;73m▀[48;2;189;255;253m▀[38;2;74;80;77m[48;2;66;66;66m▀[38;2;222;239;230m[48;2;222;247;230m▀[38;2;74;137;167m[48;2;165;189;189m▀▀[38;2;165;189;189m▀[48;2;0;4;0m▀▀[38;2;0;4;0m[49m▀       [48;2;0;4;0m▀[38;2;74;123;122m[48;2;222;247;230m▀[38;2;70;164;174m[48;2;74;123;122m▀▀[38;2;74;123;122m[48;2;222;247;230m▀[38;2;206;247;238m[48;2;0;4;0m▀[38;2;0;4;0m[49m▀ [0m
     [38;2;0;4;0m[48;2;0;4;0m▀[38;2;107;198;219m[48;2;66;165;170m▀[38;2;74;123;162m[48;2;71;126;149m▀[38;2;173;239;213m[48;2;74;156;186m▀[38;2;173;236;210m[48;2;118;192;198m▀[38;2;107;198;219m[48;2;165;239;221m▀[38;2;86;129;146m[48;2;94;146;154m▀[38;2;107;198;219m[48;2;148;231;228m▀[38;2;145;192;193m[48;2;123;214;219m▀[38;2;57;66;73m▀[38;2;222;247;230m[48;2;66;66;66m▀[48;2;222;247;238m▀[38;2;66;66;66m[48;2;0;4;0m▀[49m▀[38;2;0;4;0m▀         ▄[48;2;222;247;230m▀[38;2;222;247;230m[48;2;222;247;233m▀▀[48;2;222;247;230m▀[48;2;0;4;0m▀[38;2;0;4;0m[49m▀  [0m
      [38;2;0;4;0m[48;2;0;4;0m▀[38;2;66;66;74m[48;2;170;187;181m▀[38;2;71;126;149m[48;2;66;66;66m▀[38;2;71;146;175m▀▀[38;2;41;61;81m[48;2;184;195;192m▀[38;2;94;146;154m[48;2;74;74;66m▀[38;2;101;165;168m[48;2;66;66;66m▀[38;2;57;66;65m[48;2;88;159;168m▀[38;2;66;66;66m[48;2;66;66;66m▀[38;2;170;187;181m[48;2;165;189;189m▀[38;2;165;189;189m▀[38;2;0;4;0m[48;2;0;4;0m▀[49m          [48;2;0;4;0m▀[38;2;222;247;230m[48;2;222;247;230m▀[38;2;222;247;233m▀▀[38;2;222;247;230m[48;2;0;4;0m▀[38;2;0;4;0m[49m▀   [0m
     [38;2;0;4;0m[48;2;8;0;0m▀[38;2;99;156;163m[48;2;85;159;167m▀[38;2;66;66;66m[48;2;66;66;66m▀[38;2;222;247;238m[48;2;222;247;238m▀[38;2;222;247;230m[48;2;222;247;230m▀[48;2;82;82;66m▀[38;2;74;74;66m[48;2;74;123;162m▀[38;2;239;255;255m[48;2;69;162;173m▀[38;2;66;66;66m[48;2;66;66;74m▀[38;2;99;206;219m[48;2;99;198;227m▀[38;2;66;66;66m[48;2;107;198;219m▀[38;2;165;189;189m[48;2;66;66;66m▀[48;2;165;189;189m▀[38;2;0;4;0m[48;2;0;4;0m▀[49m        ▄[48;2;165;189;189m▀[38;2;222;247;230m[48;2;154;173;165m▀[48;2;231;255;247m▀[48;2;0;4;0m▀[38;2;0;4;0m[49m▀     [0m
   [38;2;0;0;0m▄[38;2;0;4;0m[48;2;74;156;178m▀[38;2;85;159;167m[48;2;66;165;170m▀[38;2;46;80;84m[48;2;0;4;0m▀[38;2;170;187;181m[48;2;156;189;196m▀[38;2;222;247;238m[48;2;104;127;133m▀[38;2;222;247;230m[48;2;222;247;233m▀▀[38;2;74;123;162m[48;2;222;247;230m▀▀[38;2;82;132;150m[48;2;165;189;189m▀[38;2;66;66;74m[48;2;66;66;66m▀[38;2;107;198;219m[48;2;107;198;219m▀[38;2;66;66;66m▀[38;2;0;4;0m[48;2;0;4;0m▀[49m ▄▄[38;2;0;8;0m▄[38;2;0;4;0m[48;2;99;165;171m▀[48;2;74;123;122m▀[48;2;222;247;230m▀[38;2;0;8;0m[49m▄[38;2;0;4;0m[48;2;154;173;165m▀[38;2;165;189;189m[48;2;0;4;0m▀▀[38;2;0;8;0m[49m▀▀       [0m
 [38;2;0;4;0m▄[48;2;66;109;122m▀[38;2;74;156;178m[48;2;60;97;124m▀[38;2;49;104;119m[48;2;74;123;122m▀[38;2;0;4;0m[48;2;0;4;0m▀[49m [38;2;0;4;8m▀[38;2;156;189;196m[48;2;0;4;0m▀[38;2;222;247;233m▀▀[38;2;222;247;230m[48;2;165;189;189m▀[38;2;164;193;188m▀[38;2;165;189;189m▀[48;2;66;66;66m▀[38;2;66;66;66m▀[38;2;107;198;219m[48;2;132;198;204m▀[48;2;107;198;219m▀[38;2;0;4;0m▀[38;2;206;247;238m[48;2;57;66;65m▀[38;2;103;125;119m[48;2;206;247;238m▀[38;2;66;113;114m[48;2;222;247;233m▀▀[38;2;222;247;230m[48;2;222;247;230m▀▀[38;2;231;255;247m▀[38;2;0;8;0m[48;2;0;4;0m▀[49m           [0m
 [38;2;0;4;0m[48;2;0;4;0m▀[38;2;66;109;122m[48;2;74;121;122m▀[38;2;74;123;122m▀[48;2;0;4;0m▀[38;2;0;4;0m[49m▀     ▀▀[38;2;165;189;189m[48;2;0;4;0m▀[48;2;165;189;189m▀[38;2;132;198;204m[48;2;170;187;181m▀[38;2;66;66;66m[48;2;66;66;66m▀[38;2;107;198;219m[48;2;107;206;219m▀[38;2;74;123;122m[48;2;80;115;117m▀[38;2;131;156;151m[48;2;96;158;165m▀[38;2;57;66;65m▀[38;2;222;247;233m[48;2;60;66;63m▀[48;2;165;189;189m▀[38;2;74;123;122m[48;2;103;125;119m▀[38;2;222;247;230m[48;2;206;247;238m▀[48;2;222;247;230m▀[38;2;0;4;0m[48;2;165;189;189m▀[49m▄          [0m
 [38;2;0;4;0m▀[38;2;74;121;122m[48;2;0;4;0m▀[38;2;0;4;0m[49m▀        ▄[48;2;165;189;189m▀[38;2;165;189;189m▀[38;2;66;66;66m[48;2;66;66;66m▀[38;2;222;247;238m[48;2;222;247;230m▀[38;2;66;70;66m▀[38;2;93;161;168m[48;2;74;82;77m▀[38;2;96;158;165m[48;2;93;161;163m▀▀[38;2;60;66;63m[48;2;0;4;0m▀[38;2;8;4;0m[49m▀[38;2;0;4;0m▀[38;2;103;125;119m[48;2;0;4;0m▀[38;2;165;189;189m[48;2;66;123;122m▀[48;2;154;195;194m▀[38;2;0;4;0m[48;2;0;4;0m▀[49m          [0m
           [38;2;0;4;0m▄[48;2;74;121;122m▀[38;2;93;112;112m[48;2;80;115;117m▀[38;2;57;74;73m[48;2;66;70;66m▀[38;2;222;247;230m[48;2;66;123;122m▀[48;2;214;247;238m▀[48;2;0;4;0m▀[38;2;0;0;0m[49m▀[38;2;0;4;0m▀[38;2;93;161;163m[48;2;0;4;0m▀[38;2;0;4;0m▀[49m  [48;2;0;4;0m▀[38;2;110;159;158m[48;2;93;161;163m▀[38;2;66;123;122m▀[38;2;0;4;0m[48;2;0;4;0m▀[49m          [0m
           [38;2;0;4;0m▀[38;2;74;121;122m[48;2;0;4;0m▀[38;2;66;70;66m▀[38;2;93;161;168m[48;2;74;121;122m▀[38;2;115;164;161m[48;2;99;156;163m▀[38;2;66;123;122m[48;2;0;4;0m▀[38;2;0;4;0m[49m▀       ▀▀           [0m
              [38;2;0;4;0m▀▀                      [0m
