
[38;2;0;0;0m                                                        
[38;2;0;0;0m                                      [38;2;49;49;49m██████[38;2;0;0;0m            
[38;2;0;0;0m                                    [38;2;49;49;49m██[38;2;255;255;255m██[38;2;156;172;180m██[38;2;255;255;255m██[38;2;49;49;49m██[38;2;0;0;0m          
[38;2;0;0;0m                                    [38;2;49;49;49m██[38;2;156;172;180m██[38;2;255;255;255m██████[38;2;49;49;49m██[38;2;0;0;0m        
[38;2;0;0;0m          [38;2;49;49;49m████[38;2;0;0;0m                      [38;2;49;49;49m██[38;2;255;255;255m████████[38;2;49;49;49m██[38;2;0;0;0m        
[38;2;0;0;0m        [38;2;49;49;49m██[38;2;82;82;82m██[38;2;255;255;255m██[38;2;49;49;49m██[38;2;0;0;0m                      [38;2;49;49;49m██[38;2;255;255;255m████████[38;2;49;49;49m██[38;2;0;0;0m      
[38;2;0;0;0m        [38;2;49;49;49m██[38;2;238;115;156m██[38;2;255;255;255m██[38;2;49;49;49m██[38;2;0;0;0m              [38;2;49;49;49m████[38;2;0;0;0m      [38;2;49;49;49m████[38;2;255;255;255m██[38;2;115;131;139m██[38;2;49;49;49m██[38;2;0;0;0m      
[38;2;0;0;0m        [38;2;49;49;49m██[38;2;238;115;156m██[38;2;156;172;180m████[38;2;49;49;49m██[38;2;0;0;0m        [38;2;49;49;49m████[38;2;255;255;255m████[38;2;49;49;49m██[38;2;0;0;0m        [38;2;49;49;49m████[38;2;115;131;139m██[38;2;49;49;49m██[38;2;0;0;0m    
[38;2;0;0;0m      [38;2;49;49;49m██[38;2;156;172;180m██[38;2;238;115;156m██[38;2;115;131;139m██[38;2;156;172;180m████[38;2;49;49;49m████████[38;2;156;172;180m██[38;2;255;255;255m██[38;2;115;131;139m██[38;2;255;255;255m██[38;2;49;49;49m██[38;2;0;0;0m  [38;2;49;49;49m██████[38;2;0;0;0m    [38;2;49;49;49m██[38;2;156;172;180m██[38;2;49;49;49m██[38;2;0;0;0m  
[38;2;0;0;0m      [38;2;49;49;49m██[38;2;156;172;180m██[38;2;115;131;139m██[38;2;156;172;180m██████████████[38;2;115;131;139m████[38;2;238;115;156m██[38;2;156;172;180m██[38;2;49;49;49m████[38;2;115;131;139m██████[38;2;49;49;49m████[38;2;82;82;82m██[38;2;156;172;180m██[38;2;49;49;49m██[38;2;0;0;0m  
[38;2;0;0;0m      [38;2;49;49;49m██[38;2;238;115;156m██[38;2;156;172;180m██████████████[38;2;82;82;82m██[38;2;238;115;156m██████[38;2;115;131;139m██[38;2;82;82;82m██[38;2;156;172;180m██[38;2;115;131;139m██[38;2;82;82;82m██████[38;2;115;131;139m██[38;2;156;172;180m██[38;2;82;82;82m██[38;2;49;49;49m██[38;2;0;0;0m  
[38;2;0;0;0m      [38;2;49;49;49m██[38;2;255;213;49m██[38;2;156;172;180m████████[38;2;115;131;139m████[38;2;156;172;180m██[38;2;82;82;82m██[38;2;238;115;156m██████[38;2;82;82;82m██████[38;2;156;172;180m████████[38;2;115;131;139m██[38;2;82;82;82m██[38;2;49;49;49m██[38;2;0;0;0m    
[38;2;0;0;0m  [38;2;49;49;49m██████[38;2;189;164;65m██[38;2;197;205;213m████[38;2;156;172;180m██[38;2;115;131;139m██[38;2;238;115;156m████[38;2;82;82;82m██[38;2;115;131;139m██[38;2;82;82;82m██[38;2;238;115;156m██[38;2;115;131;139m██[38;2;82;82;82m██[38;2;115;131;139m████[38;2;82;82;82m██████[38;2;49;49;49m██████[38;2;0;0;0m      
[38;2;0;0;0m        [38;2;49;49;49m██[38;2;115;131;139m██[38;2;255;255;255m████[38;2;238;115;156m██[38;2;0;0;0m██[38;2;255;213;49m██[38;2;238;115;156m██[38;2;115;131;139m██████[38;2;49;49;49m██[38;2;156;172;180m██[38;2;82;82;82m██████[38;2;156;172;180m██[38;2;49;49;49m██[38;2;0;0;0m            
[38;2;0;0;0m      [38;2;49;49;49m████[38;2;255;255;255m████████[38;2;49;106;255m██[38;2;255;213;49m██[38;2;115;131;139m██████[38;2;49;49;49m██[38;2;0;0;0m  [38;2;49;49;49m██[38;2;156;172;180m██████[38;2;49;49;49m██[38;2;0;0;0m              
[38;2;0;0;0m    [38;2;49;49;49m██[38;2;0;0;0m    [38;2;49;49;49m██[38;2;156;172;180m██[38;2;255;255;255m████[38;2;156;172;180m██[38;2;115;131;139m████[38;2;82;82;82m██[38;2;49;49;49m██[38;2;0;0;0m      [38;2;49;49;49m██[38;2;82;82;82m██[38;2;49;49;49m██[38;2;0;0;0m                
[38;2;0;0;0m            [38;2;49;49;49m████████[38;2;82;82;82m████[38;2;115;131;139m██[38;2;49;49;49m██[38;2;0;0;0m    [38;2;49;49;49m██[38;2;82;82;82m██[38;2;115;131;139m██[38;2;49;49;49m██[38;2;0;0;0m                
[38;2;0;0;0m                    [38;2;49;49;49m██[38;2;115;131;139m██[38;2;156;172;180m██[38;2;115;131;139m██[38;2;49;49;49m████[38;2;115;131;139m████[38;2;49;49;49m██[38;2;0;0;0m                  
[38;2;0;0;0m                    [38;2;49;49;49m██[38;2;156;172;180m██████[38;2;115;131;139m██[38;2;82;82;82m██[38;2;49;49;49m████[38;2;0;0;0m                    
[38;2;0;0;0m                  [38;2;49;49;49m██[38;2;115;131;139m██[38;2;82;82;82m██[38;2;156;172;180m██[38;2;82;82;82m██[38;2;115;131;139m██[38;2;49;49;49m██[38;2;0;0;0m                        
[38;2;0;0;0m                  [38;2;49;49;49m██[38;2;115;131;139m██[38;2;82;82;82m██[38;2;156;172;180m████[38;2;82;82;82m██[38;2;49;49;49m██[38;2;0;0;0m                        
[38;2;0;0;0m                    [38;2;49;49;49m████[38;2;255;255;255m██[38;2;49;49;49m████[38;2;0;0;0m                          
[38;2;0;0;0m                      [38;2;49;49;49m████[38;2;0;0;0m                              
[38;2;0;0;0m                                                        [0m
