
[38;2;0;0;0m                                                    
[38;2;0;0;0m                    [38;2;49;49;49m██[38;2;0;0;0m                              
[38;2;0;0;0m                  [38;2;49;49;49m██[38;2;222;164;213m██[38;2;49;49;49m██[38;2;0;0;0m        [38;2;49;49;49m████[38;2;0;0;0m                
[38;2;0;0;0m      [38;2;49;49;49m████████[38;2;0;0;0m    [38;2;49;49;49m██[38;2;222;164;213m██[38;2;49;49;49m██[38;2;0;0;0m      [38;2;49;49;49m██[38;2;222;164;213m██[38;2;49;49;49m██[38;2;0;0;0m                
[38;2;0;0;0m    [38;2;49;49;49m██[38;2;131;82;123m██[38;2;189;106;172m████[38;2;131;82;123m██[38;2;49;49;49m██[38;2;0;0;0m  [38;2;49;49;49m██[38;2;222;164;213m████[38;2;49;49;49m██[38;2;0;0;0m  [38;2;49;49;49m██[38;2;222;164;213m████[38;2;49;49;49m██[38;2;0;0;0m                
[38;2;0;0;0m  [38;2;49;49;49m██[38;2;189;106;172m████████████[38;2;49;49;49m██[38;2;131;82;123m██[38;2;222;164;213m████[38;2;49;49;49m██[38;2;0;0;0m  [38;2;49;49;49m██[38;2;222;164;213m████[38;2;49;49;49m██[38;2;0;0;0m                
[38;2;0;0;0m    [38;2;49;49;49m████[38;2;189;106;172m████████[38;2;82;82;82m████[38;2;222;164;213m██[38;2;82;82;82m████[38;2;49;49;49m██[38;2;222;164;213m████[38;2;189;106;172m██[38;2;49;49;49m██[38;2;0;0;0m    [38;2;49;49;49m██████[38;2;0;0;0m      
[38;2;0;0;0m        [38;2;49;49;49m██[38;2;189;106;172m████[38;2;82;82;82m██[38;2;189;106;172m██[38;2;222;164;213m██████████████[38;2;49;49;49m██[38;2;0;0;0m    [38;2;49;49;49m██[38;2;222;164;213m██████[38;2;49;49;49m██[38;2;0;0;0m    
[38;2;0;0;0m        [38;2;49;49;49m██[38;2;189;106;172m████[38;2;82;82;82m██[38;2;222;164;213m████████[38;2;189;106;172m██[38;2;255;255;255m██[38;2;189;106;172m██[38;2;222;164;213m██[38;2;49;49;49m██[38;2;0;0;0m  [38;2;49;49;49m██[38;2;222;164;213m██████████[38;2;49;49;49m██[38;2;0;0;0m  
[38;2;0;0;0m      [38;2;49;49;49m██[38;2;189;106;172m████[38;2;82;82;82m██[38;2;189;106;172m██[38;2;222;164;213m██████[38;2;255;255;255m██[38;2;49;49;49m██[38;2;255;255;255m████[38;2;222;164;213m████[38;2;82;82;82m████[38;2;222;164;213m██████████[38;2;49;49;49m██[38;2;0;0;0m  
[38;2;0;0;0m        [38;2;49;49;49m██[38;2;82;82;82m████[38;2;255;255;255m██[38;2;131;82;123m████[38;2;222;164;213m████████[38;2;131;82;123m██[38;2;222;164;213m██[38;2;189;106;172m██[38;2;82;82;82m████[38;2;222;164;213m██[38;2;189;106;172m██[38;2;222;164;213m██████[38;2;49;49;49m██[38;2;0;0;0m  
[38;2;0;0;0m        [38;2;49;49;49m██[38;2;57;98;189m████[38;2;82;82;82m██[38;2;246;123;98m██[38;2;172;82;65m██[38;2;131;82;123m████████[38;2;189;106;172m████[38;2;82;82;82m██████[38;2;189;106;172m████[38;2;131;82;123m██[38;2;222;164;213m██[38;2;189;106;172m██[38;2;49;49;49m██[38;2;0;0;0m  
[38;2;0;0;0m      [38;2;49;49;49m██[38;2;189;106;172m██[38;2;57;98;189m████[38;2;82;82;82m██[38;2;246;123;98m██[38;2;172;82;65m██[38;2;246;123;98m████[38;2;255;255;255m██[38;2;131;82;123m██[38;2;189;106;172m██[38;2;82;82;82m████[38;2;205;139;197m██[38;2;189;106;172m██[38;2;82;82;82m██[38;2;189;106;172m██[38;2;82;82;82m██[38;2;222;164;213m██[38;2;49;49;49m██[38;2;0;0;0m    
[38;2;0;0;0m        [38;2;49;49;49m████[38;2;57;98;189m██[38;2;82;82;82m██[38;2;246;123;98m██[38;2;213;106;82m██[38;2;246;123;98m████[38;2;82;82;82m██████[38;2;189;106;172m██[38;2;205;139;197m██████[38;2;82;82;82m████[38;2;49;49;49m████[38;2;0;0;0m      
[38;2;0;0;0m            [38;2;49;49;49m██[38;2;57;98;189m██[38;2;82;82;82m██[38;2;246;123;98m████[38;2;82;82;82m██[38;2;205;139;197m████████[38;2;82;82;82m██████[38;2;90;131;246m████[38;2;49;49;49m██[38;2;0;0;0m        
[38;2;0;0;0m              [38;2;49;49;49m██[38;2;57;98;189m██[38;2;82;82;82m████[38;2;205;139;197m████████[38;2;82;82;82m██[38;2;90;131;246m██████[38;2;57;98;189m██[38;2;222;164;213m████[38;2;49;49;49m██[38;2;0;0;0m      
[38;2;0;0;0m              [38;2;49;49;49m██[38;2;82;82;82m██[38;2;189;106;172m████[38;2;131;82;123m██[38;2;205;139;197m████[38;2;131;82;123m██[38;2;82;82;82m██████[38;2;90;131;246m████[38;2;49;49;49m██████[38;2;0;0;0m      
[38;2;0;0;0m            [38;2;49;49;49m██[38;2;189;106;172m██[38;2;131;82;123m██[38;2;189;106;172m██[38;2;131;82;123m██[38;2;49;49;49m████[38;2;82;82;82m██[38;2;189;106;172m██[38;2;131;82;123m██[38;2;205;139;197m██[38;2;82;82;82m██[38;2;49;49;49m████[38;2;0;0;0m            
[38;2;0;0;0m              [38;2;49;49;49m████████[38;2;0;0;0m  [38;2;49;49;49m██[38;2;131;82;123m██[38;2;82;82;82m██[38;2;205;139;197m██████[38;2;49;49;49m██[38;2;0;0;0m              
[38;2;0;0;0m                      [38;2;49;49;49m██[38;2;131;82;123m██[38;2;82;82;82m██[38;2;205;139;197m██[38;2;131;82;123m██[38;2;205;139;197m██[38;2;49;49;49m████[38;2;0;0;0m              
[38;2;0;0;0m                  [38;2;49;49;49m████[38;2;131;82;123m██████[38;2;49;49;49m████████[38;2;0;0;0m                
[38;2;0;0;0m              [38;2;49;49;49m████[38;2;131;82;123m████[38;2;82;82;82m██[38;2;131;82;123m██[38;2;49;49;49m██[38;2;0;0;0m                        
[38;2;0;0;0m            [38;2;49;49;49m██[38;2;189;106;172m████[38;2;131;82;123m██████[38;2;82;82;82m██[38;2;49;49;49m██[38;2;0;0;0m                        
[38;2;0;0;0m              [38;2;49;49;49m████[38;2;131;82;123m████[38;2;49;49;49m████[38;2;0;0;0m                          
[38;2;0;0;0m                  [38;2;49;49;49m████[38;2;0;0;0m                              
[38;2;0;0;0m                                                    [0m
