
[38;2;0;0;0m                                                  
[38;2;0;0;0m            [38;2;49;49;49m██████[38;2;0;0;0m                                
[38;2;0;0;0m          [38;2;49;49;49m██[38;2;98;98;98m██████[38;2;49;49;49m██[38;2;0;0;0m  [38;2;49;49;49m██████[38;2;0;0;0m            [38;2;49;49;49m████[38;2;0;0;0m      
[38;2;0;0;0m          [38;2;49;49;49m██[38;2;98;98;98m████[38;2;82;82;82m████[38;2;49;49;49m██[38;2;123;123;123m████[38;2;82;82;82m██[38;2;49;49;49m████[38;2;0;0;0m      [38;2;49;49;49m██[38;2;49;123;74m████[38;2;49;49;49m██[38;2;0;0;0m    
[38;2;0;0;0m        [38;2;49;49;49m██[38;2;98;98;98m████[38;2;82;82;82m████[38;2;123;123;123m████[38;2;82;82;82m██[38;2;123;123;123m████[38;2;82;82;82m██[38;2;123;123;123m██[38;2;49;49;49m██[38;2;0;0;0m  [38;2;49;49;49m██[38;2;49;123;74m████[38;2;41;90;49m██[38;2;49;49;49m██[38;2;0;0;0m    
[38;2;0;0;0m      [38;2;49;49;49m██[38;2;98;98;98m████[38;2;82;82;82m████[38;2;123;123;123m██████[38;2;82;82;82m██[38;2;49;49;49m██████[38;2;123;123;123m██[38;2;49;49;49m██[38;2;0;0;0m  [38;2;49;49;49m██[38;2;41;90;49m██[38;2;49;123;74m██████[38;2;49;49;49m██[38;2;0;0;0m  
[38;2;0;0;0m      [38;2;49;49;49m██[38;2;98;98;98m██[38;2;82;82;82m██[38;2;123;123;123m████[38;2;82;82;82m██[38;2;123;123;123m██[38;2;82;82;82m██[38;2;49;49;49m██[38;2;0;0;0m      [38;2;49;49;49m██████[38;2;49;123;74m██████[38;2;41;90;49m██[38;2;49;49;49m██[38;2;0;0;0m    
[38;2;0;0;0m      [38;2;49;49;49m██[38;2;123;123;123m██[38;2;98;98;98m██[38;2;123;123;123m██[38;2;98;98;98m██[38;2;82;82;82m████[38;2;180;115;49m██[38;2;49;49;49m████[38;2;0;0;0m  [38;2;49;49;49m██[38;2;65;156;90m██████[38;2;82;82;82m████[38;2;49;123;74m██[38;2;49;49;49m██[38;2;0;0;0m      
[38;2;0;0;0m      [38;2;49;49;49m██[38;2;98;98;98m██████[38;2;255;255;255m████[38;2;180;115;49m██[38;2;82;82;82m██[38;2;180;115;49m████[38;2;49;49;49m██[38;2;65;156;90m████████████[38;2;49;49;49m██[38;2;0;0;0m        
[38;2;0;0;0m    [38;2;49;49;49m██[38;2;180;115;49m████[38;2;255;255;255m████[38;2;123;123;123m██[38;2;82;82;82m████[38;2;139;90;57m██[38;2;180;115;49m████[38;2;82;82;82m██[38;2;49;123;74m██[38;2;65;156;90m████[38;2;41;90;49m██[38;2;65;156;90m██[38;2;41;90;49m██[38;2;65;156;90m██[38;2;49;49;49m██[38;2;0;0;0m      
[38;2;0;0;0m    [38;2;49;49;49m██[38;2;180;115;49m██[38;2;255;255;255m████[38;2;49;49;49m██[38;2;255;255;255m██[38;2;82;82;82m████[38;2;255;255;255m██[38;2;82;82;82m████[38;2;65;156;90m████[38;2;41;90;49m████[38;2;180;115;49m██[38;2;41;90;49m██[38;2;180;115;49m████[38;2;49;49;49m██[38;2;0;0;0m      
[38;2;0;0;0m  [38;2;49;49;49m██[38;2;98;98;98m████[38;2;255;255;255m██[38;2;123;123;123m██[38;2;197;57;16m██[38;2;255;255;255m██[38;2;82;82;82m██[38;2;205;205;205m██[38;2;139;90;57m██[38;2;41;90;49m██[38;2;65;156;90m████[38;2;41;90;49m██[38;2;180;115;49m██████[38;2;139;90;57m██████[38;2;180;115;49m██[38;2;49;49;49m██[38;2;0;0;0m    
[38;2;0;0;0m  [38;2;49;49;49m██[38;2;98;98;98m██[38;2;205;205;205m██[38;2;255;255;255m████[38;2;82;82;82m████[38;2;205;205;205m██[38;2;139;90;57m██[38;2;180;115;49m██[38;2;139;90;57m██[38;2;65;156;90m██████[38;2;41;90;49m██[38;2;180;115;49m██[38;2;139;90;57m████[38;2;205;180;148m████[38;2;139;90;57m██[38;2;49;49;49m██[38;2;0;0;0m    
[38;2;0;0;0m    [38;2;49;49;49m██[38;2;205;205;205m██████████████[38;2;41;90;49m██[38;2;65;156;90m██████[38;2;41;90;49m██[38;2;139;90;57m████[38;2;205;180;148m██████████[38;2;49;49;49m██[38;2;0;0;0m    
[38;2;0;0;0m      [38;2;49;49;49m████[38;2;205;205;205m██[38;2;41;90;49m██[38;2;205;205;205m██[38;2;41;90;49m████[38;2;65;156;90m██████[38;2;41;90;49m████[38;2;205;180;148m██████████[38;2;139;90;57m██[38;2;205;180;148m██[38;2;49;49;49m██[38;2;0;0;0m    
[38;2;0;0;0m        [38;2;49;49;49m██[38;2;49;123;74m██[38;2;41;90;49m████[38;2;65;156;90m████████[38;2;41;90;49m██[38;2;205;180;148m██████[38;2;148;123;106m████[38;2;205;180;148m██[38;2;139;90;57m██[38;2;180;115;49m██[38;2;148;123;106m██[38;2;49;49;49m██[38;2;0;0;0m    
[38;2;0;0;0m        [38;2;49;49;49m██[38;2;49;123;74m████████[38;2;65;156;90m██[38;2;41;90;49m██[38;2;65;156;90m██[38;2;41;90;49m██[38;2;205;180;148m████[38;2;148;123;106m████[38;2;49;49;49m████[38;2;205;205;205m████[38;2;49;49;49m██[38;2;0;0;0m      
[38;2;0;0;0m          [38;2;49;49;49m██[38;2;49;123;74m██[38;2;41;90;49m██[38;2;49;123;74m████[38;2;41;90;49m████[38;2;205;180;148m██████[38;2;49;49;49m████[38;2;0;0;0m  [38;2;49;49;49m██[38;2;197;57;16m████[38;2;49;49;49m██[38;2;0;0;0m      
[38;2;0;0;0m          [38;2;49;49;49m██[38;2;82;82;82m██[38;2;41;90;49m██[38;2;49;123;74m██[38;2;82;82;82m██[38;2;205;180;148m██████[38;2;148;123;106m██[38;2;205;180;148m██[38;2;49;49;49m██[38;2;0;0;0m      [38;2;49;49;49m████[38;2;0;0;0m        
[38;2;0;0;0m            [38;2;49;49;49m██[38;2;197;57;16m████[38;2;49;49;49m████[38;2;205;180;148m██[38;2;180;115;49m██[38;2;139;90;57m██[38;2;49;49;49m██[38;2;0;0;0m                    
[38;2;0;0;0m              [38;2;49;49;49m████[38;2;0;0;0m    [38;2;49;49;49m██[38;2;205;205;205m████[38;2;49;49;49m██[38;2;0;0;0m                    
[38;2;0;0;0m                      [38;2;49;49;49m██[38;2;197;57;16m████[38;2;49;49;49m██[38;2;0;0;0m                    
[38;2;0;0;0m                        [38;2;49;49;49m████[38;2;0;0;0m                      
[38;2;0;0;0m                                                  [0m
