
[38;2;0;0;0m                                                    
[38;2;0;0;0m                                ██                  
[38;2;0;0;0m                              ██[38;2;255;255;255m██[38;2;0;0;0m██                
[38;2;0;0;0m                              ██[38;2;255;255;255m████[38;2;0;0;0m██              
[38;2;0;0;0m                    ████    ██[38;2;189;189;189m██[38;2;255;255;255m████[38;2;189;189;189m██[38;2;0;0;0m██            
[38;2;0;0;0m                  ██[38;2;189;189;189m████[38;2;0;0;0m████[38;2;82;57;50m██[38;2;255;239;231m██[38;2;222;123;105m██[38;2;255;255;239m██[38;2;255;255;255m██[38;2;0;0;0m██            
[38;2;0;0;0m                    ██[38;2;189;189;189m██████[38;2;82;57;50m██[38;2;168;148;140m██[38;2;206;57;38m██[38;2;222;123;105m██[38;2;255;255;255m██[38;2;85;85;85m██[38;2;66;66;66m████[38;2;0;0;0m        
[38;2;0;0;0m        ████        ██[38;2;82;82;82m██[38;2;66;66;66m██[38;2;189;189;189m██[38;2;231;173;159m██[38;2;190;130;120m██[38;2;181;90;80m██[38;2;239;107;87m██[38;2;115;57;43m██[38;2;255;255;239m██[38;2;255;255;255m████[38;2;66;66;66m██[38;2;0;0;0m      
[38;2;0;0;0m        ██[38;2;247;231;175m██[38;2;0;0;0m██    ██[38;2;82;82;82m██[38;2;247;247;247m██[38;2;189;189;189m██[38;2;66;66;66m██[38;2;107;45;43m██[38;2;148;88;82m██[38;2;239;107;87m██[38;2;66;57;66m██[38;2;162;123;108m██[38;2;208;189;174m██[38;2;255;255;255m██████[38;2;66;66;66m██[38;2;0;0;0m    
[38;2;0;0;0m        [38;2;0;0;8m██[38;2;214;206;150m██[38;2;247;231;175m██[38;2;0;0;0m████[38;2;255;255;255m██[38;2;231;203;199m██[38;2;231;247;255m██[38;2;247;115;87m██[38;2;251;185;171m██[38;2;195;134;125m██[38;2;74;57;58m██[38;2;239;107;87m██[38;2;181;90;80m██[38;2;198;70;70m████[38;2;239;115;87m██[38;2;255;255;255m██████[38;2;0;0;0m██  
[38;2;0;0;0m        [38;2;0;0;8m██[38;2;143;137;103m██[38;2;247;231;175m████[38;2;85;85;85m██[38;2;255;255;255m██[38;2;231;115;87m████[38;2;251;185;171m██[38;2;255;255;255m██[38;2;255;173;159m████[38;2;66;57;66m██[38;2;239;107;87m██[38;2;217;107;102m██[38;2;255;181;167m██[38;2;255;255;255m████[38;2;0;0;0m████    
[38;2;0;0;0m          ██[38;2;247;231;175m████[38;2;239;115;87m██████[38;2;190;66;70m██[38;2;198;61;62m██[38;2;255;255;247m██[38;2;255;255;255m████[38;2;82;82;82m████[38;2;0;0;0m████████        
[38;2;0;0;0m    ██████[38;2;66;66;66m██[38;2;239;115;87m██████[38;2;255;255;255m██[38;2;190;66;70m██[38;2;239;115;87m██[38;2;217;126;124m██[38;2;198;61;62m██[38;2;255;255;255m████[38;2;247;247;247m██[38;2;0;0;0m██                
[38;2;0;0;0m  ██[38;2;189;189;189m████[38;2;148;88;87m██[38;2;115;41;43m██[38;2;255;181;167m████[38;2;255;255;255m██[38;2;139;139;139m██[38;2;186;154;144m██[38;2;118;77;72m██[38;2;189;94;77m████[38;2;255;255;255m██[38;2;192;192;192m██[38;2;189;189;189m██[38;2;0;0;0m██                
[38;2;0;0;0m    ██[38;2;189;189;189m██[38;2;214;181;174m██[38;2;148;88;87m██[38;2;255;255;255m██████[38;2;139;139;139m██[38;2;255;231;215m██[38;2;49;0;1m██[38;2;197;174;165m██[38;2;206;255;254m██[38;2;66;66;66m████[38;2;0;0;0m██                  
[38;2;0;0;0m    ██[38;2;189;189;189m██[38;2;0;0;0m████[38;2;255;255;255m██[38;2;175;170;170m██[38;2;220;184;185m██[38;2;231;255;255m██[38;2;137;137;137m██[38;2;247;255;247m██[38;2;255;255;255m██[38;2;192;192;192m██[38;2;239;115;87m████[38;2;0;0;0m████                
[38;2;0;0;0m      ██    [38;2;16;0;0m██[38;2;175;170;170m██[38;2;214;148;150m██[38;2;220;184;185m██[38;2;192;196;192m████[38;2;192;192;192m██[38;2;66;66;66m██[38;2;239;115;87m██[38;2;255;181;167m██[38;2;255;255;255m████[38;2;0;0;0m██              
[38;2;0;0;0m              ████[38;2;255;148;151m██[38;2;189;189;189m████[38;2;0;0;0m████[38;2;255;255;255m██████████[38;2;0;0;0m██            
[38;2;0;0;0m                  ██████  ██[38;2;189;189;189m██[38;2;255;255;255m██[38;2;0;0;0m██████              
[38;2;0;0;0m                            ████                    
[38;2;0;0;0m                                                    [0m
