
              [38;2;0;0;0m▄     ▄▄                 [0m
             [38;2;0;0;0m[48;2;0;0;0m▀[38;2;120;184;248m[48;2;120;184;248m▀[38;2;0;0;0m[48;2;0;0;0m▀[49m  ▄[48;2;120;184;248m▀[38;2;120;184;248m▀[38;2;0;0;0m[48;2;0;0;0m▀[49m                 [0m
          [38;2;0;0;0m▄ [48;2;0;0;0m▀[38;2;120;184;248m[48;2;120;184;248m▀▀[38;2;0;0;0m▀[49m▄[48;2;64;64;64m▀[38;2;72;128;184m[48;2;120;184;248m▀[38;2;120;184;248m▀[48;2;72;128;184m▀[38;2;0;0;0m[48;2;0;0;0m▀[49m                 [0m
         [38;2;0;0;0m[48;2;0;0;0m▀[38;2;72;128;184m[48;2;72;128;184m▀[38;2;0;0;0m▀[38;2;72;128;184m▀[38;2;120;184;248m[48;2;120;184;248m▀▀[48;2;56;96;144m▀[38;2;64;64;64m[48;2;120;184;248m▀[38;2;120;184;248m▀▀▀[38;2;0;0;0m[48;2;0;0;0m▀[49m▄▄[48;2;120;184;248m▀▀[48;2;0;0;0m▀[49m             [0m
         [38;2;0;0;0m▀[38;2;72;128;184m[48;2;0;0;0m▀[48;2;72;128;184m▀[38;2;120;184;248m[48;2;120;184;248m▀▀▀▀▀▀▀▀[38;2;64;64;64m▀[38;2;120;184;248m▀▀▀[38;2;0;0;0m[48;2;0;0;0m▀[49m              [0m
       [38;2;0;0;0m▄▄▄[48;2;120;184;248m▀[38;2;120;184;248m▀[48;2;248;248;248m▀[48;2;184;56;88m▀[48;2;120;184;248m▀▀▀▀[48;2;56;96;144m▀▀[48;2;120;184;248m▀▀▀[38;2;0;0;0m[48;2;0;0;0m▀[49m           ▄[48;2;72;128;184m▀[49m▄ [0m
   [38;2;0;0;0m▄▄▄[48;2;72;128;184m▀[38;2;72;128;184m▀▀[38;2;64;64;64m▀[38;2;120;184;248m[48;2;64;64;64m▀[48;2;120;184;248m▀[38;2;184;56;88m▀[38;2;248;96;64m▀[38;2;120;184;248m▀[48;2;64;64;64m▀[38;2;0;0;0m[48;2;248;96;64m▀[38;2;56;96;144m[48;2;248;248;248m▀[38;2;248;248;248m▀[38;2;72;128;184m[48;2;72;128;184m▀[38;2;120;184;248m[48;2;120;184;248m▀▀[38;2;0;0;0m[48;2;64;64;64m▀[49m▄▄▄        [48;2;0;0;0m▀[38;2;72;128;184m[48;2;72;128;184m▀▀[38;2;0;0;0m[48;2;0;0;0m▀[49m [0m
 [38;2;0;0;0m▄[48;2;56;96;144m▀[38;2;64;64;64m[48;2;64;64;64m▀[38;2;72;128;184m[48;2;72;128;184m▀[48;2;56;96;144m▀▀[48;2;72;128;184m▀[48;2;0;0;0m▀[38;2;0;0;0m[49m▀▀[38;2;120;184;248m[48;2;64;64;64m▀[38;2;64;64;64m[48;2;248;232;176m▀▀[48;2;216;192;160m▀[38;2;248;248;248m[48;2;64;64;64m▀[38;2;184;56;88m▀[38;2;248;248;248m▀[38;2;72;128;184m[48;2;120;184;248m▀[38;2;120;184;248m▀[48;2;72;128;184m▀[38;2;64;64;64m▀[38;2;72;128;184m▀[48;2;120;184;248m▀[38;2;120;184;248m▀▀[38;2;0;0;0m▀[49m▄▄   ▄[48;2;72;128;184m▀[38;2;72;128;184m▀▀▀[38;2;0;0;0m[48;2;0;0;0m▀[49m [0m
 [38;2;0;0;0m▀[38;2;64;64;64m[48;2;0;0;0m▀[38;2;72;128;184m[48;2;72;128;184m▀[38;2;56;96;144m[48;2;216;192;160m▀[38;2;216;192;160m▀[38;2;56;96;144m[48;2;72;128;184m▀[38;2;72;128;184m[48;2;0;0;0m▀[38;2;0;0;0m[49m▀ [48;2;0;0;0m▀[38;2;248;232;176m[48;2;248;232;176m▀▀[38;2;192;144;80m▀[38;2;248;232;176m▀▀▀[48;2;64;64;64m▀[38;2;64;64;64m[48;2;192;144;80m▀[38;2;72;128;184m[48;2;64;64;64m▀[48;2;72;128;184m▀▀▀▀[38;2;120;184;248m▀[48;2;64;64;64m▀[48;2;120;184;248m▀▀▀[38;2;0;0;0m[48;2;64;64;64m▀[49m▄[48;2;56;96;144m▀[38;2;72;128;184m▀[48;2;72;128;184m▀▀▀[38;2;0;0;0m[48;2;0;0;0m▀[49m  [0m
  [38;2;0;0;0m▀[38;2;248;248;248m[48;2;0;0;0m▀[38;2;0;0;0m[49m▀▀[38;2;248;248;248m[48;2;0;0;0m▀[38;2;0;0;0m[49m▀▄[48;2;248;232;176m▀[38;2;248;232;176m▀▀▀[48;2;0;0;0m▀[38;2;64;64;64m▀[48;2;152;64;64m▀▀[38;2;152;64;64m▀[38;2;192;144;80m[48;2;192;144;80m▀[38;2;64;64;64m[48;2;64;64;64m▀[38;2;72;128;184m[48;2;72;128;184m▀[48;2;64;64;64m▀▀▀[38;2;64;64;64m[48;2;120;184;248m▀[38;2;120;184;248m▀▀▀[48;2;64;64;64m▀[38;2;64;64;64m[48;2;120;184;248m▀[38;2;56;96;144m[48;2;64;64;64m▀[48;2;56;96;144m▀▀▀▀[38;2;0;0;0m[48;2;0;0;0m▀[49m   [0m
        [38;2;0;0;0m▀[38;2;248;232;176m[48;2;0;0;0m▀[48;2;248;232;176m▀[48;2;0;0;0m▀[38;2;0;0;0m[49m▀▄[48;2;192;144;80m▀[38;2;152;64;64m[48;2;152;64;64m▀▀[38;2;192;144;80m[48;2;192;144;80m▀[38;2;64;64;64m[48;2;64;64;64m▀[38;2;72;128;184m▀[38;2;64;64;64m[48;2;120;184;248m▀[38;2;120;184;248m[48;2;216;192;160m▀▀[48;2;120;184;248m▀▀▀▀[48;2;64;64;64m▀[38;2;64;64;64m[48;2;120;184;248m▀[38;2;120;184;248m▀▀[38;2;64;64;64m[48;2;72;128;184m▀[38;2;56;96;144m[48;2;64;64;64m▀[48;2;56;96;144m▀[38;2;0;0;0m[48;2;0;0;0m▀[49m    [0m
          [38;2;0;0;0m▀  ▀[38;2;192;144;80m[48;2;0;0;0m▀[38;2;152;64;64m[48;2;192;144;80m▀[38;2;192;144;80m[48;2;64;64;64m▀[38;2;64;64;64m[48;2;56;96;144m▀[48;2;64;64;64m▀[38;2;120;184;248m[48;2;248;248;248m▀[38;2;72;128;184m[48;2;64;64;64m▀[38;2;248;232;176m[48;2;56;104;160m▀[38;2;120;184;248m[48;2;120;184;248m▀[48;2;56;104;160m▀[38;2;56;104;160m[48;2;216;192;160m▀[38;2;248;232;176m▀[38;2;120;184;248m[48;2;120;184;248m▀[38;2;64;64;64m[48;2;64;64;64m▀[38;2;120;184;248m[48;2;120;184;248m▀▀▀▀[38;2;64;64;64m[48;2;0;0;0m▀[38;2;0;0;0m[49m▀     [0m
              [38;2;0;0;0m▀[38;2;64;64;64m[48;2;0;0;0m▀[38;2;56;96;144m[48;2;56;96;144m▀▀▀[38;2;64;64;64m▀[38;2;56;96;144m▀[38;2;64;64;64m▀[38;2;248;248;248m[48;2;0;0;0m▀[38;2;0;0;0m[49m▀[38;2;64;64;64m[48;2;0;0;0m▀[48;2;120;184;248m▀[38;2;248;248;248m[48;2;64;64;64m▀[38;2;64;64;64m[48;2;120;184;248m▀[38;2;120;184;248m▀▀[48;2;72;128;184m▀[38;2;72;128;184m[48;2;0;0;0m▀[38;2;0;0;0m[49m▀      [0m
               [38;2;0;0;0m▄[48;2;208;208;208m▀[38;2;64;64;64m[48;2;64;64;64m▀[48;2;56;96;144m▀[38;2;56;96;144m▀[48;2;0;0;0m▀▀[38;2;0;0;0m[49m▀ ▀[38;2;72;128;184m[48;2;0;0;0m▀[38;2;120;184;248m[48;2;72;128;184m▀▀▀[38;2;72;128;184m▀▀[38;2;0;0;0m▀[49m▄      [0m
                [38;2;0;0;0m▀▀▀▀     ▄[48;2;72;128;184m▀[38;2;56;96;144m[48;2;216;192;160m▀[48;2;72;128;184m▀[38;2;72;128;184m[48;2;56;96;144m▀[48;2;216;192;160m▀[48;2;72;128;184m▀[38;2;0;0;0m[48;2;0;0;0m▀[49m      [0m
                        [38;2;0;0;0m[48;2;0;0;0m▀[38;2;248;248;248m▀[38;2;0;0;0m[49m▀[48;2;0;0;0m▀[38;2;72;128;184m[48;2;248;248;248m▀[38;2;248;232;176m[48;2;0;0;0m▀▀[38;2;72;128;184m[48;2;248;248;248m▀[38;2;0;0;0m[48;2;0;0;0m▀[49m      [0m
                           [38;2;0;0;0m▀▀  ▀       [0m
