
         [38;2;0;0;0m▄▄         [0m
       [38;2;0;0;0m▄[48;2;66;132;170m▀[38;2;132;198;212m[48;2;132;198;212m▀[48;2;66;132;170m▀[38;2;0;0;0m[48;2;0;0;0m▀[49m        [0m
     [38;2;0;0;0m▄[48;2;132;198;212m▀[38;2;66;132;170m[48;2;66;132;170m▀▀▀[48;2;132;198;212m▀[48;2;66;132;170m▀[38;2;0;0;0m▀[48;2;132;198;212m▀[49m▄     [0m
  [38;2;0;0;0m▄[48;2;123;198;227m▀[48;2;82;132;151m▀[38;2;0;0;16m[48;2;85;85;48m▀[38;2;255;255;111m[48;2;255;255;111m▀[38;2;66;132;170m[48;2;132;198;212m▀▀[38;2;140;206;212m[48;2;140;206;212m▀[38;2;247;239;31m[48;2;211;228;91m▀[38;2;66;132;170m[48;2;132;198;212m▀▀[38;2;173;206;189m[48;2;68;69;63m▀[38;2;16;0;0m[48;2;121;137;126m▀[38;2;0;0;0m[49m▄    [0m
 [38;2;0;0;0m[48;2;0;0;0m▀[38;2;132;198;212m[48;2;132;198;212m▀[38;2;66;132;170m[48;2;66;132;170m▀[48;2;132;198;212m▀[38;2;189;140;77m[48;2;129;103;70m▀[38;2;68;65;63m[48;2;189;140;77m▀[38;2;132;198;212m[48;2;66;66;66m▀▀[38;2;255;255;111m▀▀[38;2;165;206;189m[48;2;82;66;58m▀[38;2;82;66;58m[48;2;123;136;123m▀[38;2;189;140;77m[48;2;189;140;77m▀[48;2;66;66;66m▀[38;2;49;66;71m[48;2;132;198;212m▀[38;2;8;0;0m▀[38;2;0;0;0m[49m▄  [0m
 [38;2;0;0;0m[48;2;0;0;0m▀[38;2;132;198;212m[48;2;132;198;212m▀[38;2;66;132;170m[48;2;88;154;184m▀[38;2;132;198;212m[48;2;66;132;170m▀[38;2;90;132;146m[48;2;57;66;73m▀[38;2;57;66;73m[48;2;123;198;219m▀[38;2;134;195;182m[48;2;255;255;127m▀[48;2;74;165;210m▀[38;2;156;119;68m[48;2;132;198;212m▀[48;2;156;119;68m▀[38;2;189;140;77m[48;2;189;140;77m▀[48;2;140;107;60m▀[38;2;66;66;66m[48;2;66;66;66m▀[38;2;132;198;212m[48;2;132;198;212m▀▀[48;2;66;132;170m▀[38;2;82;132;151m[48;2;123;198;227m▀[38;2;0;0;0m[48;2;0;0;0m▀[49m [0m
  [38;2;0;0;0m▀[38;2;74;148;178m[48;2;0;0;0m▀▀[38;2;66;66;66m[48;2;99;154;168m▀[38;2;115;198;219m[48;2;66;66;66m▀[38;2;211;228;91m[48;2;140;206;212m▀[38;2;247;239;31m▀[38;2;165;206;189m[48;2;82;66;58m▀[38;2;82;66;58m[48;2;123;136;123m▀[38;2;66;132;170m[48;2;165;127;69m▀▀[38;2;66;66;66m[48;2;71;143;173m▀[38;2;71;143;173m[48;2;66;66;66m▀[38;2;132;198;212m[48;2;88;154;184m▀[38;2;66;132;170m[48;2;66;132;170m▀[38;2;132;198;212m[48;2;132;198;212m▀[38;2;0;0;0m[48;2;0;0;0m▀[49m [0m
    [38;2;0;0;0m[48;2;0;0;0m▀[38;2;132;200;212m[48;2;132;200;212m▀▀[38;2;46;60;59m[48;2;90;165;178m▀[48;2;24;8;0m▀[38;2;66;132;170m[48;2;66;132;170m▀[38;2;66;66;66m▀[38;2;143;126;95m[48;2;132;86;44m▀[48;2;165;206;197m▀[38;2;91;79;61m[48;2;74;156;178m▀[48;2;91;79;61m▀[38;2;66;132;170m[48;2;0;0;0m▀▀[38;2;0;0;0m[49m▀  [0m
     [38;2;0;0;0m▀▀▀ ▀[48;2;0;0;0m▀[38;2;132;200;212m[48;2;132;200;212m▀▀[38;2;82;144;154m[48;2;123;214;227m▀[38;2;0;4;8m[48;2;0;4;8m▀[49m     [0m
           [38;2;0;0;0m▀▀▀      [0m
