
      [38;2;0;0;0m▄[38;2;8;4;0m▄▄[38;2;0;0;0m▄                       [0m
 [38;2;0;0;0m▄[48;2;239;231;255m▀[38;2;0;4;0m[49m▄▄[38;2;0;0;0m[48;2;189;165;213m▀[38;2;189;165;213m[48;2;66;66;66m▀[38;2;71;60;71m[48;2;239;231;255m▀[38;2;198;173;214m[48;2;66;66;66m▀[38;2;189;165;213m[48;2;189;177;192m▀[38;2;0;0;0m[48;2;74;70;66m▀[49m▄[48;2;239;239;255m▀[48;2;242;239;255m▀▀[49m▄▄                [0m
 [38;2;0;0;0m[48;2;0;0;0m▀[38;2;239;231;255m[48;2;189;165;213m▀[38;2;63;60;71m[48;2;247;222;255m▀[38;2;189;173;213m[48;2;66;66;74m▀[38;2;189;165;213m[48;2;189;165;213m▀[38;2;66;66;66m[48;2;74;74;66m▀[38;2;239;231;255m[48;2;239;222;255m▀[38;2;66;66;66m[48;2;66;66;66m▀[38;2;74;70;66m[48;2;236;222;255m▀[38;2;247;231;255m[48;2;242;239;255m▀[38;2;239;239;255m▀[48;2;236;222;255m▀[38;2;242;239;255m▀▀[38;2;239;231;255m[48;2;242;239;255m▀▀[38;2;0;0;0m[48;2;239;231;255m▀[49m▄              [0m
  [38;2;0;0;0m▀[38;2;187;170;195m[48;2;0;4;0m▀[48;2;82;82;85m▀[38;2;74;74;66m[48;2;236;222;255m▀▀[38;2;181;170;192m[48;2;190;167;211m▀[38;2;66;66;66m[48;2;239;222;255m▀[38;2;236;222;255m[48;2;236;222;255m▀▀[48;2;239;222;255m▀[48;2;0;0;0m▀▀[48;2;239;222;255m▀[48;2;236;222;255m▀▀[38;2;239;231;255m▀[38;2;0;0;0m▀[49m▄             [0m
  [38;2;0;0;0m▄[38;2;0;4;0m[48;2;242;239;255m▀[38;2;247;239;255m▀[38;2;242;239;255m▀[38;2;236;222;255m▀[38;2;239;222;255m[48;2;231;239;247m▀[48;2;66;82;58m▀[38;2;236;222;255m[48;2;93;98;96m▀[48;2;247;239;255m▀[38;2;0;0;0m[48;2;239;222;255m▀[49m▄ ▀[38;2;236;222;255m[48;2;0;0;0m▀[48;2;239;222;255m▀[48;2;236;222;255m▀▀[38;2;0;0;0m[48;2;255;231;255m▀[38;2;8;8;16m[49m▄ [38;2;0;0;0m▄[48;2;107;107;139m▀[48;2;190;168;211m▀[48;2;189;165;213m▀[49m▄      [0m
  [38;2;0;0;0m[48;2;0;0;0m▀[38;2;236;222;255m[48;2;236;222;255m▀[38;2;242;239;255m▀▀[38;2;236;222;255m▀[38;2;66;82;58m[48;2;94;98;94m▀[38;2;121;134;121m[48;2;115;189;91m▀[38;2;247;239;255m[48;2;247;247;255m▀[38;2;93;98;96m▀[38;2;239;222;255m[48;2;239;222;255m▀[38;2;0;0;0m▀[49m▄  ▀[38;2;236;222;255m[48;2;0;0;0m▀[48;2;189;165;213m▀[38;2;173;157;175m▀▀[38;2;0;0;0m[48;2;190;168;211m▀[38;2;107;107;139m[48;2;107;107;139m▀[38;2;190;168;211m▀[38;2;107;107;139m[48;2;190;168;211m▀[38;2;189;165;213m[48;2;189;165;213m▀[38;2;0;0;0m[48;2;0;0;0m▀[49m      [0m
  [38;2;0;0;0m▀[38;2;236;222;255m[48;2;71;69;79m▀[48;2;214;206;238m▀[48;2;231;214;255m▀[48;2;104;104;144m▀[38;2;94;98;94m[48;2;173;170;194m▀[38;2;115;189;91m[48;2;231;231;255m▀[38;2;247;247;255m[48;2;173;173;173m▀[38;2;104;107;139m[48;2;136;121;188m▀[38;2;90;178;122m[48;2;90;132;138m▀[38;2;239;222;255m[48;2;231;206;255m▀[38;2;0;0;0m[48;2;239;222;255m▀[49m▄   ▀▀[38;2;189;165;213m[48;2;0;0;0m▀[38;2;190;168;211m▀▀▀▀[38;2;0;0;0m[49m▀       [0m
   [38;2;0;0;0m▀[38;2;143;137;159m[48;2;0;0;0m▀[38;2;104;104;144m[48;2;88;101;80m▀[38;2;168;159;200m[48;2;74;61;74m▀[38;2;173;170;194m[48;2;57;94;49m▀[38;2;57;49;73m[48;2;132;156;164m▀[38;2;136;121;188m[48;2;126;154;137m▀[48;2;63;77;68m▀[38;2;137;157;177m[48;2;137;121;185m▀[38;2;90;132;138m▀[38;2;239;222;255m[48;2;107;107;139m▀[38;2;0;0;0m[48;2;239;222;255m▀[49m▄          ▄[48;2;239;231;255m▀▀[49m▄   [0m
    [38;2;0;0;0m[48;2;0;0;0m▀[38;2;115;181;91m[48;2;173;231;133m▀[48;2;115;154;91m▀[38;2;107;135;126m[48;2;126;178;97m▀[38;2;82;115;87m[48;2;63;101;52m▀[38;2;126;154;137m[48;2;0;0;0m▀[38;2;0;0;0m[49m▀[38;2;66;66;66m[48;2;0;0;0m▀[38;2;137;121;185m[48;2;156;148;220m▀[38;2;107;107;139m[48;2;136;123;184m▀[38;2;239;222;255m[48;2;107;107;139m▀[38;2;239;239;255m[48;2;242;239;255m▀[38;2;0;0;0m▀[49m▄▄      [48;2;0;0;0m▀[38;2;239;222;255m[48;2;107;107;139m▀[38;2;140;140;180m[48;2;231;222;255m▀[48;2;154;148;170m▀[38;2;239;222;255m[48;2;231;222;255m▀[38;2;0;0;0m[48;2;0;0;8m▀[49m  [0m
     [38;2;0;0;8m▀[38;2;58;77;50m[48;2;0;0;0m▀[38;2;189;255;141m[48;2;198;231;142m▀[38;2;0;24;8m[48;2;0;0;16m▀[49m [38;2;0;0;0m▄[48;2;189;165;213m▀[38;2;156;148;220m[48;2;74;70;66m▀[38;2;165;140;229m[48;2;175;163;194m▀[38;2;107;107;139m[48;2;82;78;74m▀[38;2;236;222;255m[48;2;236;222;255m▀[38;2;242;239;255m▀[38;2;239;231;255m▀[48;2;242;239;255m▀[38;2;0;0;0m[48;2;239;222;255m▀[48;2;82;82;66m▀[48;2;239;222;255m▀[38;2;0;4;0m[49m▄[38;2;0;0;0m▄▄▄[48;2;239;231;255m▀[48;2;236;222;255m▀[38;2;231;222;255m▀[48;2;239;222;255m▀[38;2;115;111;131m[48;2;119;111;135m▀[38;2;0;0;0m[48;2;0;0;0m▀[49m [0m
     [38;2;8;4;0m▄[38;2;0;0;0m[48;2;71;60;71m▀[38;2;66;77;58m[48;2;189;168;210m▀▀[38;2;0;0;0m[48;2;181;170;189m▀[38;2;189;165;213m[48;2;66;66;74m▀[38;2;74;70;66m[48;2;242;239;255m▀▀[38;2;82;78;74m[48;2;236;222;255m▀[38;2;222;206;254m▀[38;2;236;222;255m[48;2;231;214;255m▀[48;2;74;70;74m▀[48;2;239;222;255m▀▀[38;2;239;222;255m[48;2;236;222;255m▀▀[38;2;80;77;85m[48;2;239;222;255m▀[38;2;239;222;255m[48;2;82;82;66m▀[48;2;242;239;255m▀▀[38;2;239;231;255m[48;2;239;222;255m▀▀[38;2;236;222;255m▀[48;2;96;153;128m▀[38;2;119;111;135m[48;2;140;123;188m▀[38;2;0;0;16m[48;2;0;0;0m▀[49m  [0m
     [38;2;8;4;0m▀[38;2;198;173;214m[48;2;0;0;0m▀[38;2;189;168;210m[48;2;107;188;88m▀[48;2;82;129;77m▀[38;2;66;66;74m[48;2;66;61;74m▀[38;2;239;222;247m[48;2;231;222;231m▀[38;2;236;222;255m[48;2;112;181;94m▀▀[48;2;132;184;102m▀[48;2;49;74;57m▀[38;2;74;70;74m[48;2;152;142;164m▀[38;2;152;142;164m[48;2;74;70;74m▀[38;2;136;123;188m[48;2;236;222;255m▀[38;2;239;222;255m[48;2;242;239;255m▀[38;2;242;239;255m▀▀[38;2;239;222;255m[48;2;239;222;255m▀[38;2;82;82;66m▀[38;2;236;222;255m[48;2;82;82;66m▀[48;2;87;175;119m▀[38;2;239;222;255m[48;2;115;132;158m▀[38;2;85;173;122m[48;2;82;165;114m▀[38;2;96;153;128m[48;2;140;123;188m▀▀[38;2;0;0;0m[48;2;0;0;0m▀[49m   [0m
      [38;2;0;0;0m▀[38;2;107;188;88m[48;2;0;0;0m▀[38;2;57;70;65m[48;2;66;66;66m▀[38;2;121;115;126m[48;2;104;107;141m▀[38;2;66;61;74m[48;2;66;66;66m▀[38;2;189;247;133m[48;2;74;115;74m▀[38;2;74;148;74m▀[38;2;173;239;125m[48;2;195;212;163m▀[38;2;90;129;80m[48;2;74;127;90m▀[38;2;74;70;74m[48;2;66;66;66m▀[38;2;231;214;255m[48;2;189;165;213m▀[38;2;236;222;255m[48;2;239;222;255m▀[38;2;242;239;255m▀▀[38;2;236;222;255m▀[38;2;239;222;255m[48;2;189;168;210m▀[38;2;190;167;211m▀[38;2;82;82;66m[48;2;82;82;66m▀[38;2;87;175;119m[48;2;137;121;185m▀[38;2;132;115;180m[48;2;140;123;188m▀▀[38;2;140;123;188m[48;2;0;0;0m▀[38;2;0;0;0m[49m▀    [0m
        [38;2;0;0;0m▀[38;2;104;107;141m[48;2;0;0;0m▀[48;2;107;107;139m▀[38;2;74;115;74m▀[38;2;135;123;188m[48;2;74;74;68m▀[38;2;74;127;90m[48;2;70;65;86m▀[38;2;134;170;126m[48;2;140;127;172m▀[38;2;66;66;66m[48;2;140;132;180m▀[38;2;189;165;213m[48;2;70;68;90m▀[38;2;190;167;211m[48;2;189;165;213m▀▀[48;2;189;169;209m▀▀[38;2;189;168;210m[48;2;189;165;213m▀[48;2;0;0;0m▀[38;2;82;82;66m▀[38;2;137;121;185m▀[38;2;0;0;0m[49m▀▀      [0m
          [38;2;0;0;0m▀[38;2;74;74;68m[48;2;0;0;0m▀[38;2;107;107;139m▀[38;2;70;65;86m▀[38;2;0;4;0m[49m▀▀▀[38;2;0;0;0m▀[38;2;189;165;213m[48;2;0;0;0m▀[38;2;189;169;209m[48;2;132;122;156m▀[38;2;140;140;180m[48;2;198;181;230m▀[38;2;0;0;0m[48;2;0;0;0m▀[49m           [0m
                   [38;2;0;4;8m▀▀            [0m
