
[38;2;0;0;0m                                      
[38;2;0;0;0m          ████  ██████                
[38;2;0;0;0m        ██[38;2;255;214;71m████[38;2;0;0;0m██[38;2;255;217;71m████[38;2;255;214;71m██[38;2;0;0;0m██              
[38;2;0;0;0m      ██[38;2;255;214;71m████[38;2;170;143;47m██[38;2;255;214;71m██[38;2;255;217;71m████[38;2;255;214;71m██[38;2;0;0;0m██              
[38;2;0;0;0m      ██[38;2;225;207;113m██[38;2;165;127;37m████[38;2;225;207;113m██[38;2;255;214;71m██[38;2;164;123;44m██[38;2;170;137;47m██[38;2;0;0;0m██              
[38;2;0;0;0m    ██[38;2;255;214;71m██[38;2;165;127;37m██[38;2;255;247;151m████[38;2;165;127;37m██[38;2;255;214;71m████[38;2;255;206;71m██[38;2;170;137;47m██[38;2;0;0;0m██            
[38;2;0;0;0m  ██[38;2;255;214;71m████[38;2;165;127;37m██[38;2;255;247;151m██[38;2;255;217;71m████████[38;2;255;198;79m██[38;2;181;107;45m██[38;2;255;90;71m██[38;2;0;0;0m██          
[38;2;0;0;0m  ██[38;2;255;214;71m██[38;2;164;123;44m██[38;2;225;207;113m██[38;2;165;127;37m██[38;2;255;217;71m████████[38;2;181;107;45m██[38;2;206;137;56m██[38;2;255;90;71m████[38;2;0;0;0m██        
[38;2;0;0;0m    ██[38;2;255;214;71m██[38;2;255;217;71m████[38;2;239;222;95m██[38;2;148;132;68m██[38;2;165;115;45m████[38;2;255;90;71m████[38;2;255;91;71m████[38;2;0;0;0m██  ██    
[38;2;0;0;0m    ██[38;2;255;214;71m██[38;2;255;217;71m████[38;2;148;132;68m██[38;2;178;162;77m██[38;2;195;103;54m██[38;2;255;78;71m██[38;2;255;90;71m██[38;2;181;66;45m██[38;2;255;91;71m████[38;2;181;66;45m██[38;2;0;0;0m██[38;2;255;90;71m██[38;2;0;0;0m██  
[38;2;0;0;0m  ██[38;2;173;86;45m████[38;2;170;96;50m██[38;2;85;52;29m██[38;2;231;239;167m██[38;2;132;189;140m██[38;2;231;239;167m██[38;2;132;66;44m██[38;2;255;90;71m████[38;2;181;65;45m████[38;2;255;91;71m████[38;2;255;90;71m██[38;2;0;0;0m██  
[38;2;0;0;0m    ██[38;2;173;86;45m██[38;2;170;96;50m██[38;2;0;8;8m██[38;2;231;239;167m██████[38;2;132;66;44m██[38;2;181;66;45m██[38;2;255;90;71m██████[38;2;255;91;71m████[38;2;0;0;0m██    
[38;2;0;0;0m      ██[38;2;132;189;140m████[38;2;79;90;85m██[38;2;222;255;174m██[38;2;231;239;175m██[38;2;0;0;16m██[38;2;140;181;132m██[38;2;90;53;50m██[38;2;255;90;71m████[38;2;107;57;43m████[38;2;181;66;45m██[38;2;0;0;0m██  
[38;2;0;0;0m        ██[38;2;132;189;140m██[38;2;151;173;129m██[38;2;79;90;85m██[38;2;77;80;69m████[38;2;107;96;77m██[38;2;123;138;105m██[38;2;107;57;43m████[38;2;181;67;45m████[38;2;181;66;45m██[38;2;0;0;0m██  
[38;2;0;0;0m      ██[38;2;115;148;115m██[38;2;77;99;77m██[38;2;132;189;140m██[38;2;82;82;82m██[38;2;132;192;140m████[38;2;132;189;140m██[38;2;82;82;82m██[38;2;181;66;45m██████[38;2;0;0;0m████    
[38;2;0;0;0m        ████[38;2;82;82;82m██[38;2;132;189;140m██[38;2;132;192;140m████[38;2;82;82;82m██[38;2;132;189;140m██[38;2;82;82;82m██[38;2;181;66;45m██[38;2;0;0;0m██        
[38;2;0;0;0m            ██[38;2;107;156;115m██[38;2;115;165;123m████[38;2;0;0;0m██████[38;2;181;66;45m████[38;2;0;0;0m██      
[38;2;0;0;0m              ██[38;2;115;165;123m██[38;2;0;0;0m██      ████        
[38;2;0;0;0m                ████                  
[38;2;0;0;0m                                      [0m
