
              [38;2;0;4;0m▄▄ ▄            [0m
   [38;2;0;4;0m▄▄▄▄     ▄[48;2;173;173;173m▀[38;2;170;176;170m[48;2;170;176;170m▀[48;2;66;66;66m▀[38;2;0;4;0m[48;2;94;96;94m▀[38;2;94;96;94m▀[38;2;0;4;0m[48;2;66;65;66m▀[49m▄[48;2;255;255;255m▀▀[49m▄       [0m
  [38;2;0;4;0m[48;2;0;4;0m▀[38;2;74;71;69m[48;2;74;71;69m▀[38;2;94;98;94m[48;2;82;82;66m▀[48;2;94;98;94m▀[38;2;94;96;94m[48;2;94;96;94m▀[38;2;0;4;0m▀▀[49m▄ ▄[48;2;0;4;0m▀[38;2;66;67;66m[48;2;99;99;99m▀[38;2;66;66;66m[48;2;94;99;94m▀[38;2;94;99;94m▀[38;2;96;99;96m[48;2;96;99;96m▀▀[38;2;66;66;66m[48;2;66;66;66m▀[38;2;255;255;255m[48;2;255;255;255m▀▀▀[38;2;0;4;0m[48;2;0;4;0m▀[49m ▄▄▄   [0m
   [38;2;0;4;0m▀[38;2;77;74;69m[48;2;0;4;0m▀[48;2;77;74;69m▀[38;2;80;79;69m[48;2;80;79;69m▀[38;2;93;97;96m▀[38;2;99;99;91m[48;2;77;77;74m▀[48;2;66;66;66m▀[38;2;0;4;0m[48;2;99;105;107m▀[38;2;99;105;107m▀[38;2;99;118;128m[48;2;99;118;128m▀▀[38;2;101;115;131m[48;2;101;115;131m▀[38;2;96;99;98m▀[38;2;96;99;96m[48;2;96;99;96m▀▀[38;2;94;99;94m[48;2;94;99;94m▀[38;2;66;66;66m▀[38;2;255;255;255m[48;2;66;66;66m▀[38;2;66;66;66m▀[38;2;66;67;66m[48;2;99;99;99m▀[38;2;0;4;0m▀[38;2;94;99;94m[48;2;94;99;94m▀[48;2;66;66;66m▀[38;2;94;96;94m[48;2;0;4;0m▀[38;2;0;4;0m[49m▀  [0m
  [38;2;0;4;0m[48;2;0;4;0m▀[48;2;82;80;69m▀[38;2;94;98;94m[48;2;82;82;66m▀[48;2;94;98;94m▀[38;2;66;66;66m[48;2;94;99;94m▀▀[48;2;66;66;66m▀[38;2;94;99;94m[48;2;94;99;94m▀[38;2;96;99;96m[48;2;96;99;96m▀▀[38;2;99;115;131m[48;2;94;98;98m▀▀▀[38;2;94;98;98m▀[38;2;96;99;96m[48;2;96;99;96m▀▀[38;2;94;99;94m[48;2;94;99;94m▀[38;2;66;66;66m▀[38;2;94;99;94m▀[48;2;66;66;66m▀[38;2;99;99;91m▀[38;2;66;66;66m[48;2;77;77;74m▀[38;2;77;74;69m[48;2;77;74;69m▀[38;2;0;4;0m▀[49m▄▄  [0m
   [38;2;0;4;0m▀[38;2;71;70;66m[48;2;0;4;0m▀[48;2;71;70;66m▀[38;2;82;80;69m[48;2;66;66;66m▀[38;2;66;66;66m▀[38;2;181;189;205m[48;2;231;239;255m▀[38;2;82;90;106m[48;2;181;189;205m▀[38;2;206;148;214m[48;2;206;148;214m▀[38;2;96;99;93m[48;2;96;99;93m▀[38;2;96;99;96m[48;2;96;99;96m▀▀[38;2;96;99;93m[48;2;96;99;93m▀[48;2;206;148;214m▀[38;2;96;99;96m[48;2;96;99;96m▀▀[38;2;96;99;93m[48;2;206;148;214m▀[48;2;96;99;93m▀[38;2;66;66;66m[48;2;99;99;91m▀[38;2;77;77;74m▀[38;2;80;79;69m[48;2;93;97;96m▀▀[38;2;69;71;66m[48;2;99;103;99m▀[38;2;99;103;99m[48;2;8;8;0m▀[38;2;94;96;94m[48;2;0;4;0m▀▀[38;2;0;4;0m[49m▀ [0m
 [38;2;0;4;0m▄[48;2;74;71;69m▀▀[38;2;93;97;96m[48;2;80;79;69m▀▀[38;2;99;99;91m[48;2;82;82;74m▀[38;2;66;66;58m▀[38;2;239;255;255m[48;2;49;74;81m▀[38;2;176;195;197m[48;2;239;255;255m▀[38;2;255;255;255m[48;2;255;255;255m▀[38;2;96;96;96m[48;2;96;96;96m▀[38;2;99;94;99m[48;2;203;185;203m▀[48;2;255;231;255m▀[38;2;129;217;252m[48;2;129;217;252m▀[38;2;255;255;255m[48;2;255;255;255m▀[38;2;82;90;106m[48;2;181;189;205m▀[38;2;181;189;205m[48;2;231;239;255m▀[38;2;203;185;203m[48;2;255;231;255m▀[38;2;99;94;99m[48;2;99;94;99m▀[38;2;66;66;66m[48;2;94;99;94m▀▀[48;2;99;99;91m▀[48;2;77;77;74m▀[38;2;0;4;0m[48;2;82;80;70m▀[49m▄▄▄  [0m
  [38;2;0;4;0m▀▀[38;2;71;70;66m[48;2;0;4;0m▀[48;2;71;70;66m▀[38;2;66;66;66m[48;2;82;80;69m▀▀[38;2;82;80;69m▀[38;2;66;66;66m▀[38;2;206;148;214m[48;2;0;4;0m▀[48;2;206;148;214m▀[48;2;197;94;109m▀▀[38;2;214;255;254m[48;2;198;148;214m▀[38;2;209;219;241m▀[38;2;255;247;255m[48;2;203;193;203m▀[48;2;99;86;99m▀[38;2;96;99;96m[48;2;96;99;96m▀▀[38;2;66;66;66m[48;2;82;80;69m▀▀[38;2;94;99;94m[48;2;66;66;66m▀▀▀▀[38;2;94;96;94m[48;2;0;4;0m▀▀[38;2;0;4;0m[49m▀ [0m
   [38;2;0;4;0m▀[38;2;82;80;69m[48;2;0;4;0m▀▀▀▀[38;2;0;4;0m[49m▀▀ ▀▀[38;2;198;94;110m[48;2;0;4;0m▀[38;2;198;103;110m[48;2;66;70;74m▀[38;2;110;81;86m▀[38;2;94;96;94m[48;2;0;4;0m▀[38;2;0;4;0m[49m▀▀[38;2;94;96;94m[48;2;0;4;0m▀▀[48;2;94;96;94m▀[38;2;80;79;69m[48;2;93;97;96m▀▀[38;2;69;71;66m[48;2;99;103;99m▀[38;2;8;8;0m▀[38;2;0;4;0m[49m▄   [0m
          [38;2;0;4;0m▄[48;2;255;255;255m▀[48;2;66;67;66m▀[38;2;99;99;99m▀[38;2;96;96;96m[48;2;255;255;255m▀[48;2;96;96;96m▀[38;2;0;4;0m[48;2;94;96;94m▀[49m▄   ▀▀▀▀▀    [0m
     [38;2;0;4;0m▄[38;2;0;0;0m[48;2;82;85;82m▀[48;2;247;255;247m▀[38;2;0;4;0m[49m▄[48;2;94;96;94m▀[38;2;66;66;66m[48;2;66;66;66m▀[38;2;255;255;255m▀[38;2;170;175;173m[48;2;170;175;173m▀[38;2;255;255;255m[48;2;255;255;255m▀[48;2;66;66;66m▀[38;2;66;66;66m▀[38;2;94;99;94m[48;2;94;99;94m▀[48;2;66;66;66m▀[38;2;0;4;0m[48;2;94;96;94m▀[49m▄          [0m
    [38;2;0;4;0m▄[48;2;206;148;214m▀[38;2;255;255;255m[48;2;255;255;255m▀[38;2;66;66;66m[48;2;66;66;66m▀[38;2;94;99;94m▀[38;2;66;66;66m▀[38;2;255;255;255m[48;2;255;255;255m▀[38;2;66;70;74m[48;2;160;162;164m▀[38;2;66;66;66m[48;2;66;66;66m▀[48;2;255;255;255m▀[38;2;74;78;74m▀[48;2;74;78;74m▀[38;2;94;99;94m[48;2;66;66;66m▀[38;2;66;66;66m▀[38;2;94;99;94m▀[48;2;94;99;94m▀[38;2;0;4;0m[48;2;94;96;94m▀[49m▄▄[48;2;66;65;66m▀[48;2;255;255;255m▀[49m▄    [0m
     [38;2;0;4;0m▀[38;2;82;85;82m[48;2;0;0;0m▀[38;2;247;255;247m▀[38;2;0;4;0m[49m▀▀[38;2;63;63;63m[48;2;8;8;8m▀[38;2;173;173;173m[48;2;63;63;63m▀[38;2;255;255;255m[48;2;255;255;255m▀▀[48;2;66;66;66m▀[38;2;66;66;66m▀[38;2;96;99;96m[48;2;96;99;96m▀▀[38;2;66;65;66m[48;2;0;4;0m▀[38;2;0;4;0m[49m▀[38;2;94;96;94m[48;2;0;4;0m▀▀[38;2;66;66;66m[48;2;66;66;66m▀[38;2;255;255;255m[48;2;255;255;255m▀[38;2;66;66;66m[48;2;206;148;214m▀▀[38;2;0;4;0m▀[49m▄  [0m
        [38;2;0;4;0m▄[48;2;66;65;66m▀[38;2;255;255;255m[48;2;255;255;255m▀[38;2;66;66;66m[48;2;66;66;66m▀▀[48;2;255;255;255m▀[38;2;74;78;74m▀[48;2;74;78;74m▀[38;2;94;99;94m[48;2;66;66;66m▀[38;2;66;66;66m▀[38;2;66;67;66m[48;2;99;99;99m▀[38;2;0;4;0m[48;2;0;4;0m▀[49m  [38;2;0;0;0m[48;2;0;0;0m▀[38;2;247;255;247m[48;2;82;85;82m▀[38;2;82;82;82m[48;2;247;247;247m▀[48;2;0;0;0m▀[38;2;0;4;0m[49m▀   [0m
        [38;2;0;4;0m▀[38;2;66;65;66m[48;2;0;4;0m▀[38;2;255;255;255m[48;2;74;74;74m▀[38;2;164;164;164m[48;2;164;164;164m▀[38;2;255;255;255m[48;2;255;255;255m▀▀▀[38;2;66;66;66m[48;2;66;66;66m▀[38;2;96;99;96m[48;2;96;99;96m▀▀[38;2;94;96;94m[48;2;94;96;94m▀[48;2;0;4;0m▀[38;2;0;4;0m[49m▀  ▀▀     [0m
          [38;2;0;4;0m▀▀[38;2;255;255;255m[48;2;0;4;0m▀▀[38;2;66;67;66m▀[38;2;99;99;99m▀[38;2;94;96;94m▀[38;2;0;4;0m[49m▀▀           [0m
                              [0m
