
   [38;2;49;49;49m▄▄▄                  [0m
  [38;2;49;49;49m[48;2;49;49;49m▀[38;2;238;189;222m[48;2;238;189;222m▀▀[38;2;213;156;205m▀[38;2;49;49;49m[48;2;213;156;205m▀▀[49m▄               [0m
 [38;2;49;49;49m[48;2;49;49;49m▀[38;2;213;156;205m[48;2;213;156;205m▀▀▀[38;2;238;189;222m▀▀[38;2;213;156;205m[48;2;82;82;82m▀[48;2;131;98;164m▀[38;2;49;49;49m[48;2;238;189;222m▀▀[48;2;213;156;205m▀▀[49m▄▄ ▄▄▄▄▄   [0m
  [38;2;49;49;49m▀[38;2;213;156;205m[48;2;49;49;49m▀[38;2;49;49;49m[48;2;213;156;205m▀[38;2;131;98;164m[48;2;82;82;82m▀[38;2;82;82;82m[48;2;213;156;205m▀[38;2;255;255;255m[48;2;49;49;49m▀[38;2;213;156;205m[48;2;213;156;205m▀▀[48;2;172;123;189m▀[38;2;172;123;189m[48;2;255;255;255m▀[38;2;213;156;205m[48;2;213;156;205m▀▀▀[38;2;49;49;49m▀[38;2;172;123;189m[48;2;238;189;222m▀[38;2;213;156;205m▀[38;2;238;189;222m▀[48;2;213;156;205m▀[38;2;213;156;205m[48;2;82;82;82m▀[38;2;49;49;49m▀[49m▄ [0m
   [38;2;49;49;49m[48;2;49;49;49m▀[38;2;213;156;205m[48;2;213;156;205m▀[38;2;82;82;82m[48;2;172;123;189m▀[38;2;213;156;205m[48;2;255;255;255m▀[38;2;82;82;82m[48;2;131;98;164m▀[48;2;82;82;82m▀[38;2;213;156;205m[48;2;213;156;205m▀[38;2;49;49;49m▀[38;2;255;255;255m▀[38;2;213;156;205m[48;2;82;82;82m▀[38;2;82;82;82m[48;2;213;156;205m▀[38;2;213;156;205m[48;2;82;82;82m▀[48;2;213;156;205m▀[48;2;82;82;82m▀[48;2;131;98;164m▀[48;2;213;156;205m▀[38;2;82;82;82m[48;2;82;82;82m▀▀[48;2;49;49;49m▀[38;2;49;49;49m[49m▀ [0m
   [38;2;49;49;49m▀[38;2;213;156;205m[48;2;49;49;49m▀[48;2;213;156;205m▀[38;2;172;123;189m▀[38;2;213;156;205m▀[38;2;172;123;189m▀[38;2;82;82;82m[48;2;172;123;189m▀[38;2;255;255;255m[48;2;131;98;164m▀[38;2;82;82;82m[48;2;213;156;205m▀▀[38;2;213;156;205m▀[38;2;82;82;82m[48;2;82;82;82m▀[38;2;213;156;205m[48;2;172;123;189m▀[38;2;172;123;189m[48;2;131;98;164m▀[38;2;82;82;82m[48;2;49;49;49m▀[38;2;49;49;49m[49m▀▀▀   [0m
   [38;2;49;49;49m▄[48;2;238;189;222m▀▀[38;2;172;123;189m[48;2;49;49;49m▀[38;2;213;156;205m[48;2;82;82;82m▀[48;2;172;123;189m▀▀▀[48;2;131;98;164m▀[38;2;172;123;189m[48;2;82;82;82m▀▀▀[38;2;82;82;82m▀[38;2;49;49;49m[48;2;49;49;49m▀[49m       [0m
   [38;2;49;49;49m▀[38;2;213;156;205m[48;2;49;49;49m▀[48;2;172;123;189m▀[48;2;131;98;164m▀[38;2;82;82;82m[48;2;82;82;82m▀▀▀▀[38;2;189;189;189m▀[38;2;82;82;82m[48;2;238;189;222m▀▀[48;2;82;82;82m▀[48;2;172;123;189m▀[38;2;172;123;189m▀[38;2;49;49;49m[48;2;49;49;49m▀[49m      [0m
     [38;2;49;49;49m[48;2;49;49;49m▀[38;2;82;82;82m[48;2;172;123;189m▀[38;2;213;156;205m[48;2;213;156;205m▀[38;2;82;82;82m▀▀[38;2;172;123;189m[48;2;172;123;189m▀[38;2;82;82;82m▀[38;2;213;156;205m[48;2;82;82;82m▀[48;2;213;156;205m▀[48;2;82;82;82m▀[38;2;82;82;82m▀[38;2;172;123;189m▀[48;2;172;123;189m▀[38;2;49;49;49m[48;2;82;82;82m▀[48;2;172;123;189m▀[48;2;49;49;49m▀[49m   [0m
    [38;2;49;49;49m▄[48;2;213;156;205m▀[38;2;82;82;82m[48;2;172;123;189m▀[38;2;213;156;205m[48;2;82;82;82m▀[48;2;213;156;205m▀▀▀[48;2;172;123;189m▀[38;2;172;123;189m[48;2;82;82;82m▀[38;2;82;82;82m[48;2;213;156;205m▀▀▀[38;2;213;156;205m▀[38;2;172;123;189m[48;2;172;123;189m▀[38;2;131;98;164m[48;2;131;98;164m▀[38;2;49;49;49m[48;2;49;49;49m▀[49m    [0m
     [38;2;49;49;49m▀▀▀▀▀[38;2;172;123;189m[48;2;49;49;49m▀▀[38;2;82;82;82m▀[38;2;213;156;205m[48;2;82;82;82m▀[48;2;131;98;164m▀▀[38;2;172;123;189m▀[38;2;131;98;164m[48;2;82;82;82m▀[38;2;49;49;49m[48;2;49;49;49m▀[49m     [0m
             [38;2;49;49;49m▀[38;2;213;156;205m[48;2;49;49;49m▀[38;2;172;123;189m▀[38;2;213;156;205m▀[38;2;49;49;49m[49m▀      [0m
                        [0m
