
               [38;2;0;0;0m▄▄▄▄▄          [0m
          [38;2;0;0;0m▄▄[48;2;57;115;201m▀▀▀[38;2;55;113;204m[48;2;55;113;204m▀▀▀▀[38;2;57;115;201m[48;2;57;115;201m▀[38;2;0;0;0m▀▀[49m▄▄      [0m
        [38;2;0;0;0m▄[48;2;66;119;210m▀[38;2;66;119;210m▀[38;2;77;132;218m[48;2;77;132;218m▀▀[38;2;55;112;204m[48;2;77;130;216m▀[48;2;55;112;204m▀[38;2;55;113;204m[48;2;55;113;204m▀▀▀▀▀▀▀▀[38;2;57;115;201m[48;2;57;115;201m▀[38;2;0;0;0m[48;2;0;0;0m▀[49m     [0m
      [38;2;0;0;0m▄[38;2;33;74;137m[48;2;239;239;31m▀[48;2;33;74;137m▀[38;2;55;113;204m[48;2;55;113;204m▀▀[38;2;77;130;216m[48;2;55;112;204m▀▀[38;2;55;113;204m[48;2;55;113;204m▀▀▀▀▀▀▀▀▀▀▀▀[38;2;0;0;0m[48;2;0;0;0m▀[49m    [0m
     [38;2;0;0;0m▄[48;2;156;156;20m▀[38;2;239;239;31m[48;2;160;162;20m▀[48;2;239;239;31m▀[38;2;49;111;193m[48;2;170;185;69m▀[48;2;231;222;7m▀[38;2;231;222;7m[48;2;170;185;69m▀[38;2;49;111;193m[48;2;49;111;193m▀[38;2;57;115;201m[48;2;239;239;31m▀▀▀[48;2;57;115;201m▀[38;2;55;113;204m[48;2;55;113;204m▀▀[38;2;55;115;204m[48;2;33;90;177m▀[48;2;55;115;204m▀[38;2;55;113;204m[48;2;55;113;204m▀▀[38;2;57;115;201m[48;2;30;90;179m▀[38;2;30;90;179m▀[38;2;0;0;0m[48;2;0;0;0m▀[49m    [0m
     [38;2;0;0;0m[48;2;0;0;0m▀[38;2;115;198;211m[48;2;115;198;211m▀[38;2;0;0;16m[48;2;82;85;96m▀[38;2;247;255;255m[48;2;0;0;16m▀[38;2;236;236;34m[48;2;236;236;34m▀▀[38;2;239;239;31m[48;2;239;239;31m▀[48;2;255;255;255m▀[38;2;189;222;109m[48;2;8;4;0m▀[38;2;129;149;73m[48;2;189;222;109m▀[38;2;160;162;20m[48;2;160;162;20m▀[38;2;239;239;31m[48;2;239;239;31m▀[38;2;57;115;201m[48;2;57;115;201m▀[48;2;156;156;20m▀[38;2;33;70;161m[48;2;214;198;6m▀[38;2;93;113;109m[48;2;154;155;58m▀[38;2;27;91;182m[48;2;66;66;66m▀[48;2;27;91;182m▀[38;2;33;90;177m[48;2;33;90;177m▀[48;2;0;0;0m▀[38;2;0;0;0m[49m▀    [0m
      [38;2;0;0;0m[48;2;0;0;0m▀[38;2;115;198;211m[48;2;239;239;31m▀▀[38;2;239;239;31m▀[38;2;160;162;20m▀[38;2;189;222;109m[48;2;129;149;73m▀[38;2;8;4;0m[48;2;189;222;109m▀[38;2;113;159;147m[48;2;99;173;211m▀[38;2;99;173;211m[48;2;140;132;20m▀[38;2;170;184;72m[48;2;231;222;15m▀[38;2;231;222;15m[48;2;49;107;185m▀[38;2;49;107;193m[48;2;49;107;193m▀[38;2;214;206;6m[48;2;159;173;68m▀[38;2;66;66;66m[48;2;156;156;20m▀[38;2;156;156;20m[48;2;66;66;66m▀[38;2;74;99;178m▀[38;2;66;66;66m[48;2;74;99;178m▀[38;2;49;59;93m[48;2;90;115;186m▀[38;2;8;4;0m▀[38;2;0;0;0m[49m▄    [0m
  [38;2;0;0;0m▄[48;2;115;111;179m▀▀[49m▄▀[38;2;154;163;63m[48;2;0;12;80m▀[38;2;231;239;55m[48;2;77;88;72m▀[38;2;57;115;201m[48;2;57;115;201m▀[38;2;239;239;31m▀[48;2;239;239;31m▀[48;2;160;162;20m▀[48;2;57;115;201m▀▀[38;2;55;113;204m[48;2;55;113;204m▀▀▀▀[38;2;66;66;66m[48;2;66;66;66m▀[38;2;121;110;174m[48;2;121;110;174m▀[38;2;120;110;176m[48;2;120;110;176m▀▀[38;2;74;99;178m[48;2;66;66;66m▀▀[38;2;0;0;0m▀[49m▄   [0m
 [38;2;0;0;0m[48;2;0;0;0m▀[38;2;115;111;179m[48;2;115;111;179m▀[38;2;121;110;174m[48;2;121;110;174m▀[48;2;66;66;66m▀[38;2;115;104;169m[48;2;115;104;169m▀[38;2;0;0;0m▀[38;2;57;115;201m[48;2;66;66;66m▀▀[38;2;52;96;164m[48;2;57;66;73m▀[38;2;49;111;209m[48;2;49;111;209m▀[38;2;57;115;201m[48;2;57;115;201m▀[38;2;156;156;20m▀[38;2;57;115;201m▀[48;2;66;66;66m▀[38;2;66;66;66m[48;2;121;110;174m▀▀[48;2;88;110;189m▀[38;2;88;110;189m[48;2;66;66;66m▀[38;2;57;115;201m▀[38;2;66;66;66m[48;2;57;115;201m▀[48;2;66;66;66m▀[48;2;121;110;174m▀[38;2;120;110;176m[48;2;120;110;176m▀▀[38;2;99;111;187m[48;2;99;111;187m▀[38;2;66;66;66m▀[38;2;0;0;0m[48;2;0;0;0m▀[49m  [0m
  [38;2;0;0;0m[48;2;0;0;0m▀[38;2;66;66;66m[48;2;99;93;152m▀▀[38;2;239;239;31m[48;2;66;70;58m▀[38;2;152;154;44m[48;2;239;239;31m▀[38;2;112;104;168m[48;2;112;104;168m▀[48;2;156;156;20m▀[38;2;121;110;174m[48;2;121;110;174m▀[38;2;66;66;66m▀[38;2;88;110;189m[48;2;66;66;66m▀[38;2;66;66;66m[48;2;88;110;189m▀[48;2;115;111;179m▀[38;2;115;111;179m[48;2;99;96;141m▀[38;2;119;110;175m[48;2;99;94;155m▀[38;2;99;94;155m▀[38;2;121;110;174m[48;2;66;66;66m▀[48;2;121;110;174m▀[38;2;104;96;171m[48;2;104;96;171m▀[38;2;118;114;91m[48;2;132;132;12m▀[38;2;85;82;101m[48;2;239;239;31m▀[48;2;85;82;101m▀[38;2;121;110;174m[48;2;66;66;66m▀[38;2;66;66;66m[48;2;121;110;174m▀[38;2;110;103;166m[48;2;110;103;166m▀[38;2;41;103;193m[48;2;41;103;193m▀[38;2;0;0;0m[48;2;0;0;0m▀[49m  [0m
  [38;2;0;0;0m▀[38;2;99;93;152m[48;2;0;0;0m▀▀[38;2;60;60;39m[48;2;8;8;40m▀[48;2;165;165;37m▀[38;2;66;66;58m[48;2;124;124;46m▀[38;2;239;239;23m[48;2;66;66;58m▀[38;2;239;239;31m[48;2;74;74;98m▀[38;2;74;74;98m▀[38;2;99;93;152m[48;2;66;66;66m▀[38;2;66;66;66m[48;2;99;93;152m▀[38;2;99;93;152m[48;2;66;66;66m▀[48;2;99;93;152m▀[38;2;99;94;155m[48;2;99;94;155m▀▀[38;2;99;93;152m[48;2;66;66;66m▀[38;2;66;66;66m[48;2;99;93;152m▀[38;2;99;93;152m[48;2;66;66;66m▀[38;2;66;66;66m▀[38;2;239;239;31m[48;2;102;93;155m▀▀[38;2;99;94;155m[48;2;99;94;155m▀▀[48;2;0;0;0m▀[38;2;0;0;0m[49m▀   [0m
      [38;2;0;0;0m▀▀[38;2;156;156;20m[48;2;0;0;0m▀[38;2;132;126;89m▀▀[38;2;0;0;0m[49m▀▀[38;2;118;113;27m[48;2;8;8;24m▀[38;2;63;60;26m[48;2;173;165;29m▀[38;2;90;89;74m[48;2;107;107;3m▀[48;2;74;71;146m▀[38;2;99;94;155m[48;2;156;156;20m▀▀[38;2;126;126;30m[48;2;156;156;12m▀[38;2;66;66;66m[48;2;66;66;66m▀[48;2;27;91;182m▀▀[38;2;0;0;0m[48;2;159;159;21m▀▀[49m▄▄   [0m
           [38;2;0;0;0m▄[48;2;99;94;155m▀[38;2;74;70;138m[48;2;156;156;12m▀[38;2;101;99;96m▀[38;2;66;66;66m[48;2;66;66;66m▀[48;2;99;93;152m▀[38;2;90;89;74m[48;2;74;71;146m▀[38;2;107;107;3m[48;2;90;89;74m▀[38;2;66;66;74m[48;2;99;93;149m▀[38;2;99;93;149m[48;2;115;107;187m▀[38;2;107;98;159m[48;2;107;98;159m▀[38;2;33;90;177m▀[38;2;33;89;180m[48;2;99;94;155m▀[48;2;33;89;180m▀[48;2;99;94;155m▀▀[38;2;0;0;0m[48;2;33;90;177m▀[49m▄ [0m
            [38;2;0;0;0m▀▀▀▀[38;2;156;156;20m[48;2;0;0;0m▀[38;2;231;222;79m[48;2;0;0;24m▀[38;2;115;111;51m▀[38;2;0;0;0m[49m▀[38;2;239;239;31m[48;2;0;0;0m▀[48;2;239;239;31m▀[38;2;118;110;176m▀[38;2;115;111;179m[48;2;115;111;179m▀[48;2;0;0;0m▀[38;2;0;0;0m[49m▀▀[38;2;99;94;155m[48;2;0;0;0m▀[38;2;0;0;0m[49m▀ [0m
                     [38;2;0;0;0m▀▀▀      [0m
