
       [38;2;49;49;49m▄ ▄ ▄                       [0m
      [38;2;49;49;49m[48;2;49;49;49m▀[38;2;246;90;41m[48;2;246;90;41m▀[38;2;49;49;49m[48;2;82;82;82m▀[38;2;246;90;41m[48;2;246;90;41m▀[38;2;49;49;49m[48;2;82;82;82m▀[38;2;246;90;41m[48;2;246;90;41m▀[38;2;49;49;49m[48;2;82;82;82m▀[49m▄▄▄                   [0m
     [38;2;49;49;49m[48;2;49;49;49m▀[38;2;180;82;74m[48;2;246;90;41m▀[38;2;246;90;41m[48;2;82;82;82m▀[38;2;82;82;82m[48;2;246;90;41m▀[38;2;246;90;41m[48;2;82;82;82m▀[38;2;82;82;82m[48;2;246;90;41m▀[38;2;246;90;41m[48;2;180;82;74m▀[48;2;82;82;82m▀[38;2;82;82;82m▀[38;2;180;82;74m[48;2;180;82;74m▀[38;2;82;82;82m[48;2;82;82;82m▀[38;2;49;49;49m[48;2;246;90;41m▀▀[49m▄▄               [0m
   [38;2;49;49;49m▄[48;2;180;82;74m▀[38;2;246;90;41m[48;2;82;82;82m▀[38;2;82;82;82m[48;2;180;82;74m▀[38;2;246;90;41m[48;2;82;82;82m▀[38;2;82;82;82m[48;2;180;82;74m▀[38;2;246;90;41m[48;2;49;49;49m▀[38;2;82;82;82m[48;2;246;222;74m▀[48;2;82;82;82m▀[48;2;246;90;41m▀[38;2;246;90;41m[48;2;180;82;74m▀[38;2;82;82;82m[48;2;255;255;255m▀[38;2;180;82;74m[48;2;82;82;82m▀[48;2;255;255;255m▀[38;2;255;255;255m▀[38;2;82;82;82m▀[38;2;246;90;41m[48;2;49;49;49m▀[38;2;49;49;49m▀[49m▄             [0m
   [38;2;49;49;49m▀[38;2;180;82;74m[48;2;49;49;49m▀[38;2;82;82;82m[48;2;180;82;74m▀[38;2;180;82;74m[48;2;82;82;82m▀[38;2;82;82;82m[48;2;180;82;74m▀[38;2;180;82;74m[48;2;82;82;82m▀[38;2;246;222;74m▀[38;2;172;148;65m▀[38;2;82;82;82m[48;2;246;90;41m▀[38;2;246;90;41m▀[38;2;255;255;255m[48;2;180;82;74m▀[48;2;189;189;189m▀[48;2;82;82;82m▀[38;2;82;82;82m[48;2;139;131;115m▀[38;2;189;189;189m[48;2;49;49;49m▀[38;2;49;49;49m[48;2;246;90;41m▀[38;2;246;90;41m▀[48;2;106;106;98m▀[38;2;82;82;82m▀[38;2;49;49;49m[48;2;49;49;49m▀[49m   ▄ ▄ ▄    [0m
   [38;2;49;49;49m▀[38;2;246;90;41m[48;2;49;49;49m▀[38;2;180;82;74m[48;2;139;131;115m▀[38;2;246;90;41m[48;2;189;189;189m▀[38;2;82;82;82m[48;2;139;131;115m▀[48;2;255;255;255m▀[48;2;139;131;115m▀[38;2;255;255;255m[48;2;82;82;82m▀[38;2;82;82;82m[48;2;139;131;115m▀[38;2;246;90;41m[48;2;82;82;82m▀[48;2;246;90;41m▀[38;2;82;82;82m[48;2;82;82;82m▀[38;2;139;131;115m[48;2;139;131;115m▀▀[38;2;49;49;49m[48;2;49;49;49m▀[38;2;246;90;41m[48;2;82;82;82m▀[48;2;246;90;41m▀[38;2;106;106;98m▀[38;2;246;90;41m[48;2;49;49;49m▀[38;2;49;49;49m[48;2;255;255;255m▀[48;2;49;49;49m▀[49m [48;2;49;49;49m▀[38;2;246;90;41m[48;2;246;90;41m▀[38;2;49;49;49m[48;2;139;65;57m▀[38;2;246;90;41m[48;2;246;90;41m▀[38;2;49;49;49m[48;2;139;65;57m▀[38;2;246;90;41m[48;2;246;90;41m▀[38;2;49;49;49m[48;2;139;65;57m▀[49m▄  [0m
   [38;2;49;49;49m▄▄[48;2;106;106;98m▀[38;2;82;82;82m[48;2;82;82;82m▀[48;2;139;131;115m▀▀▀[38;2;139;131;115m[48;2;106;106;98m▀[48;2;82;82;82m▀[38;2;82;82;82m[48;2;139;131;115m▀[38;2;246;90;41m[48;2;82;82;82m▀[38;2;82;82;82m[48;2;139;131;115m▀[38;2;139;131;115m[48;2;49;49;49m▀[38;2;49;49;49m[48;2;106;106;98m▀[38;2;106;106;98m[48;2;246;90;41m▀[38;2;246;90;41m▀[38;2;82;82;82m▀[38;2;49;49;49m[48;2;49;49;49m▀[38;2;255;255;255m[48;2;180;82;74m▀[48;2;189;189;189m▀[48;2;180;82;74m▀[38;2;49;49;49m[48;2;82;82;82m▀[38;2;180;82;74m▀[38;2;139;65;57m▀[38;2;180;82;74m[48;2;180;82;74m▀[38;2;139;65;57m▀[38;2;180;82;74m▀[38;2;139;65;57m▀[38;2;180;82;74m▀[38;2;49;49;49m[48;2;49;49;49m▀[49m  [0m
 [38;2;49;49;49m▄[48;2;255;255;255m▀[38;2;255;255;255m[48;2;82;82;82m▀[38;2;82;82;82m▀[38;2;106;106;98m[48;2;106;106;98m▀▀[38;2;82;82;82m▀▀[38;2;49;49;49m[48;2;49;49;49m▀[49m▀▀[38;2;139;131;115m[48;2;49;49;49m▀[48;2;139;131;115m▀[38;2;49;49;49m[48;2;49;49;49m▀[38;2;246;90;41m[48;2;82;82;82m▀[38;2;106;106;98m[48;2;246;90;41m▀[48;2;106;106;98m▀[38;2;246;90;41m▀[38;2;106;106;98m[48;2;49;49;49m▀[38;2;49;49;49m[48;2;139;131;115m▀[38;2;82;82;82m▀[38;2;180;82;74m[48;2;82;82;82m▀[48;2;255;255;255m▀[38;2;255;255;255m▀[38;2;82;82;82m▀[38;2;180;82;74m[48;2;82;82;82m▀[38;2;82;82;82m[48;2;180;82;74m▀▀▀[38;2;180;82;74m[48;2;82;82;82m▀[38;2;82;82;82m[48;2;189;189;189m▀[38;2;49;49;49m[48;2;255;255;255m▀[49m▄ [0m
 [38;2;49;49;49m▄[48;2;255;255;255m▀[38;2;255;255;255m[48;2;82;82;82m▀[38;2;189;189;189m▀[38;2;82;82;82m[48;2;189;189;189m▀[38;2;106;106;98m[48;2;49;49;49m▀▀[38;2;49;49;49m[49m▀ ▄[48;2;139;65;57m▀[38;2;82;82;82m[48;2;82;82;82m▀[38;2;139;131;115m[48;2;49;49;49m▀[38;2;49;49;49m[48;2;255;255;255m▀[38;2;255;255;255m[48;2;106;106;98m▀[38;2;82;82;82m[48;2;255;255;255m▀[38;2;246;90;41m[48;2;82;82;82m▀[48;2;49;49;49m▀[38;2;49;49;49m[48;2;180;82;74m▀[38;2;82;82;82m[48;2;246;90;41m▀[48;2;180;82;74m▀[48;2;82;82;82m▀[38;2;180;82;74m▀[38;2;189;189;189m[48;2;180;82;74m▀[38;2;82;82;82m[48;2;82;82;82m▀[48;2;180;82;74m▀▀[38;2;180;82;74m[48;2;82;82;82m▀[38;2;82;82;82m[48;2;189;189;189m▀[48;2;255;255;255m▀[48;2;49;49;49m▀[38;2;49;49;49m[49m▀  [0m
  [38;2;49;49;49m▀▀[38;2;189;189;189m[48;2;49;49;49m▀[38;2;49;49;49m[49m▀    [48;2;49;49;49m▀[38;2;82;82;82m[48;2;139;65;57m▀[38;2;139;65;57m▀[38;2;49;49;49m[48;2;49;49;49m▀[38;2;82;82;82m[48;2;255;255;255m▀[38;2;255;255;255m[48;2;82;82;82m▀[38;2;82;82;82m[48;2;189;189;189m▀[38;2;189;189;189m[48;2;82;82;82m▀[38;2;49;49;49m[48;2;49;49;49m▀[38;2;246;90;41m[48;2;180;82;74m▀[48;2;246;90;41m▀[48;2;180;82;74m▀[38;2;82;82;82m[48;2;82;82;82m▀[38;2;246;90;41m[48;2;246;90;41m▀[38;2;82;82;82m[48;2;82;82;82m▀▀[48;2;189;189;189m▀[48;2;255;255;255m▀[48;2;49;49;49m▀[38;2;49;49;49m[49m▀▀    [0m
           [38;2;49;49;49m▀[38;2;139;65;57m[48;2;49;49;49m▀▀[38;2;82;82;82m▀[38;2;49;49;49m▀[49m▀▀[38;2;180;82;74m[48;2;49;49;49m▀[38;2;82;82;82m[48;2;180;82;74m▀[48;2;82;82;82m▀[48;2;180;82;74m▀[38;2;180;82;74m[48;2;82;82;82m▀[48;2;180;82;74m▀▀[38;2;49;49;49m[48;2;49;49;49m▀[49m▀▀       [0m
                 [38;2;49;49;49m▀[38;2;189;189;189m[48;2;49;49;49m▀[38;2;180;82;74m[48;2;82;82;82m▀[38;2;82;82;82m[48;2;189;189;189m▀[38;2;180;82;74m[48;2;82;82;82m▀[38;2;82;82;82m[48;2;189;189;189m▀[38;2;180;82;74m[48;2;82;82;82m▀[38;2;49;49;49m[48;2;49;49;49m▀[49m          [0m
                   [38;2;49;49;49m▀▀▀▀▀           [0m
