
         [38;2;49;49;49m▄▄▄                  [0m
      [38;2;49;49;49m▄[48;2;65;123;65m▀[48;2;74;156;57m▀[38;2;74;156;57m▀▀▀[38;2;49;49;49m▀▀[49m▄▄              [0m
     [38;2;49;49;49m▄[48;2;74;156;82m▀[38;2;74;156;57m[48;2;82;82;82m▀[38;2;82;82;82m[48;2;106;197;123m▀▀[38;2;49;49;49m[48;2;49;49;49m▀[49m▀[38;2;65;123;65m[48;2;49;49;49m▀[38;2;74;156;57m▀[48;2;65;123;65m▀▀[38;2;49;49;49m[48;2;74;156;57m▀[49m▄            [0m
   [38;2;49;49;49m▄[48;2;106;197;123m▀[38;2;106;197;123m▀▀[48;2;74;156;82m▀[48;2;106;197;123m▀▀▀[38;2;49;49;49m[48;2;49;49;49m▀[49m  ▀[38;2;65;123;65m[48;2;49;49;49m▀[48;2;65;123;65m▀▀[38;2;49;49;49m▀[49m▄▄▄[48;2;65;123;65m▀[48;2;49;49;49m▀[49m      [0m
  [38;2;49;49;49m[48;2;49;49;49m▀[38;2;106;197;123m[48;2;106;197;123m▀[48;2;74;156;82m▀[48;2;106;197;123m▀[38;2;65;123;65m▀[38;2;106;197;123m[48;2;246;246;41m▀[38;2;49;49;49m[48;2;49;49;49m▀[38;2;246;246;41m[48;2;246;246;41m▀[38;2;106;197;123m[48;2;230;82;90m▀[48;2;106;197;123m▀[38;2;49;49;49m[48;2;49;49;49m▀[49m   ▀▀[38;2;65;123;65m[48;2;49;49;49m▀▀▀▀[38;2;49;49;49m[49m▀       [0m
   [38;2;49;49;49m▀[38;2;106;197;123m[48;2;49;49;49m▀▀[38;2;74;156;82m[48;2;172;74;82m▀[48;2;230;82;90m▀▀[38;2;230;82;90m▀▀[38;2;106;197;123m[48;2;172;74;82m▀[38;2;74;156;82m[48;2;74;156;82m▀[38;2;49;49;49m▀[49m▄▄   ▄▄▄        [0m
 [38;2;49;49;49m[48;2;49;49;49m▀[48;2;74;156;57m▀▀[49m▄▄[48;2;74;156;82m▀[38;2;82;82;82m▀[38;2;230;82;90m[48;2;49;49;49m▀▀[48;2;230;82;90m▀▀[38;2;82;82;82m▀[38;2;74;156;82m[48;2;82;82;82m▀▀[48;2;106;197;123m▀[38;2;49;49;49m▀[48;2;49;49;49m▀[48;2;82;82;82m▀[38;2;74;156;57m▀[48;2;49;49;49m▀[38;2;49;49;49m[49m▀        [0m
 [38;2;49;49;49m▄[48;2;57;106;57m▀[38;2;82;82;82m[48;2;49;49;49m▀[38;2;74;156;82m[48;2;106;197;123m▀[38;2;106;197;123m[48;2;65;123;65m▀[38;2;49;49;49m[48;2;49;49;49m▀[49m▀ ▄[48;2;49;49;49m▀[38;2;172;74;82m[48;2;82;82;82m▀[38;2;82;82;82m[48;2;106;197;123m▀[38;2;106;197;123m[48;2;82;82;82m▀[48;2;106;197;123m▀[48;2;82;82;82m▀[38;2;82;82;82m[48;2;74;156;57m▀▀[38;2;74;156;57m[48;2;82;82;82m▀▀[48;2;49;49;49m▀[38;2;49;49;49m[49m▀     ▄▄ [0m
 [38;2;49;49;49m▀▀ ▀▀  [48;2;49;49;49m▀[38;2;82;82;82m[48;2;74;156;82m▀[38;2;74;156;82m▀[38;2;172;74;82m[48;2;82;82;82m▀[38;2;82;82;82m[48;2;74;156;82m▀▀[38;2;106;197;123m[48;2;82;82;82m▀[38;2;82;82;82m[48;2;172;74;82m▀[48;2;74;156;82m▀[48;2;106;197;123m▀[38;2;74;156;82m▀[38;2;49;49;49m[48;2;82;82;82m▀[49m▄▄[48;2;57;106;57m▀▀▀[48;2;74;156;57m▀▀[38;2;74;156;57m[48;2;49;49;49m▀[38;2;49;49;49m[49m▀ [0m
        [38;2;49;49;49m▄[48;2;74;156;82m▀[38;2;74;156;82m▀[48;2;49;49;49m▀[38;2;49;49;49m[49m▀[38;2;172;74;82m[48;2;49;49;49m▀▀[38;2;82;82;82m▀[38;2;106;197;123m▀[48;2;106;197;123m▀[48;2;74;156;82m▀[38;2;74;156;82m▀[38;2;82;82;82m[48;2;49;49;49m▀[38;2;57;106;57m▀▀▀[38;2;49;49;49m[49m▀▀▀   [0m
         [38;2;49;49;49m▀▀     ▄[48;2;106;197;123m▀[38;2;57;106;57m[48;2;74;156;82m▀[38;2;49;49;49m[48;2;106;197;123m▀[49m▄         [0m
                 [38;2;49;49;49m▀▀▀          [0m
