
        [38;2;0;0;0m▄▄             [0m
     [38;2;0;0;0m▄[48;2;239;206;135m▀▀[38;2;247;198;135m[48;2;165;132;90m▀[38;2;0;0;0m[48;2;0;0;0m▀[49m▄            [0m
    [38;2;0;0;8m[48;2;80;69;50m▀[38;2;239;206;135m[48;2;239;206;135m▀[38;2;239;209;135m[48;2;239;209;135m▀[38;2;206;165;118m▀[38;2;239;206;135m[48;2;239;206;135m▀[48;2;0;0;0m▀[38;2;0;0;0m[49m▀            [0m
 [38;2;0;0;0m▄[38;2;0;4;8m[48;2;214;132;86m▀[38;2;71;47;34m[48;2;0;4;8m▀[38;2;239;206;135m[48;2;239;206;135m▀▀▀▀[38;2;206;165;118m[48;2;69;58;45m▀[48;2;0;4;8m▀[38;2;0;0;0m[49m▀▄▄          [0m
 [38;2;0;0;0m▀[38;2;214;123;78m[48;2;0;0;0m▀[48;2;214;123;78m▀[38;2;165;115;85m[48;2;225;170;102m▀[38;2;255;198;111m[48;2;165;115;85m▀[38;2;66;66;66m[48;2;192;126;69m▀[48;2;255;156;71m▀[38;2;247;156;71m[48;2;66;66;66m▀[48;2;247;156;71m▀[38;2;66;66;66m▀[38;2;247;156;71m[48;2;66;66;66m▀[38;2;247;156;79m[48;2;82;55;37m▀[38;2;0;4;16m[48;2;247;156;79m▀[38;2;0;0;0m[49m▄▄[48;2;239;206;135m▀▀▀[49m▄   [0m
  [38;2;0;0;0m▄[48;2;247;156;71m▀[38;2;247;156;71m▀▀[38;2;239;165;87m[48;2;80;60;45m▀[38;2;80;60;45m[48;2;0;8;24m▀[38;2;255;255;255m[48;2;255;255;255m▀[38;2;247;156;71m[48;2;247;156;71m▀[38;2;57;78;89m[48;2;239;165;95m▀[38;2;148;121;92m[48;2;148;121;92m▀[38;2;126;110;86m[48;2;247;165;79m▀[38;2;247;165;79m[48;2;66;82;90m▀[38;2;66;66;66m[48;2;239;206;135m▀[38;2;239;206;135m▀▀▀[38;2;239;206;143m[48;2;173;123;88m▀[38;2;206;165;115m[48;2;206;165;115m▀[38;2;0;0;0m[48;2;0;0;0m▀[49m  [0m
  [38;2;0;0;0m▀[38;2;66;66;66m[48;2;0;0;0m▀[38;2;239;206;135m[48;2;66;66;66m▀[48;2;239;206;135m▀▀▀[38;2;247;156;71m[48;2;206;164;118m▀[48;2;247;156;71m▀[48;2;66;66;66m▀[38;2;66;66;66m[48;2;247;156;71m▀[38;2;66;61;66m[48;2;165;119;90m▀[38;2;214;148;102m[48;2;66;61;66m▀[38;2;206;165;118m[48;2;206;165;118m▀[38;2;239;206;135m▀▀[38;2;206;165;118m▀[38;2;145;117;79m[48;2;214;173;118m▀[38;2;214;173;118m[48;2;8;4;0m▀[38;2;206;165;118m[48;2;0;0;0m▀[38;2;0;0;0m▀[49m [0m
  [38;2;0;0;0m▀[38;2;239;206;135m[48;2;0;0;0m▀[38;2;206;165;118m[48;2;206;165;118m▀[38;2;173;123;85m▀▀[38;2;206;165;118m▀[38;2;206;165;115m[48;2;206;165;115m▀[38;2;173;123;88m[48;2;239;206;143m▀[38;2;247;156;71m[48;2;66;66;66m▀[48;2;247;156;71m▀▀[48;2;66;66;66m▀[38;2;66;66;66m▀[38;2;206;165;118m▀[48;2;206;165;118m▀▀▀[38;2;0;0;0m[48;2;0;0;0m▀[49m   [0m
  [38;2;0;0;0m▀[38;2;239;206;135m[48;2;0;0;0m▀[38;2;247;206;135m[48;2;74;66;66m▀[38;2;189;159;112m[48;2;247;206;135m▀[38;2;206;167;118m[48;2;239;206;135m▀▀[38;2;239;206;135m▀▀[38;2;255;189;119m[48;2;66;61;66m▀[38;2;66;61;66m[48;2;192;146;101m▀[38;2;255;156;71m[48;2;195;126;69m▀[48;2;74;66;66m▀[38;2;214;123;78m[48;2;66;66;66m▀[38;2;66;66;66m▀[38;2;206;165;118m[48;2;0;0;0m▀▀[38;2;0;0;0m[49m▀    [0m
   [38;2;0;0;0m▄[38;2;0;4;8m[48;2;189;115;77m▀[38;2;94;59;42m▀[38;2;247;206;135m[48;2;247;206;135m▀[38;2;189;159;112m[48;2;74;66;66m▀[38;2;247;181;103m[48;2;66;66;66m▀[38;2;66;66;66m[48;2;247;181;103m▀[38;2;71;47;34m[48;2;0;4;8m▀[38;2;214;132;86m▀[38;2;181;98;69m[48;2;247;156;71m▀▀[38;2;214;123;78m[48;2;0;0;0m▀[38;2;0;0;0m[49m▀       [0m
   [38;2;0;0;0m▀[38;2;255;255;239m[48;2;16;0;0m▀[38;2;135;127;119m▀[38;2;107;66;19m[48;2;255;255;207m▀[38;2;181;160;113m[48;2;181;160;113m▀[38;2;175;159;127m[48;2;255;239;191m▀[48;2;16;0;0m▀[38;2;0;0;0m[49m▀ ▀▀         [0m
      [38;2;0;0;0m▀▀▀              [0m
