
        [38;2;32;32;32m▄▄                             [0m
      [38;2;32;32;32m▄[48;2;255;222;90m▀[38;2;90;106;131m[48;2;90;106;131m▀[38;2;255;222;90m▀[38;2;32;32;32m[48;2;82;82;82m▀[49m▄   ▄▄                      [0m
       [38;2;32;32;32m▀▀[38;2;90;106;131m[48;2;32;32;32m▀[48;2;90;106;131m▀[38;2;32;32;32m▀[49m▄▄[48;2;90;106;131m▀[38;2;90;106;131m▀[38;2;255;222;90m[48;2;32;32;32m▀[38;2;32;32;32m[49m▀ ▄▄    ▄[48;2;255;222;90m▀[48;2;90;106;131m▀[49m▄     ▄▄▄  [0m
 [38;2;32;32;32m▄[48;2;90;106;131m▀▀▀[49m▄   [48;2;32;32;32m▀[38;2;82;82;82m[48;2;255;222;90m▀[38;2;90;106;131m[48;2;82;82;82m▀[48;2;90;106;131m▀[38;2;82;82;82m[48;2;82;82;82m▀[38;2;90;106;131m[48;2;90;106;131m▀[48;2;82;82;82m▀[38;2;82;82;82m[48;2;98;213;246m▀[38;2;32;32;32m[48;2;90;106;131m▀▀[38;2;90;106;131m[48;2;82;82;82m▀[38;2;255;222;90m[48;2;90;106;131m▀[38;2;32;32;32m▀[49m▄▄▄ [48;2;32;32;32m▀[38;2;90;106;131m[48;2;255;222;90m▀[48;2;90;106;131m▀[38;2;32;32;32m[48;2;32;32;32m▀[49m   [48;2;32;32;32m▀[38;2;82;82;82m[48;2;90;106;131m▀[38;2;90;106;131m▀[38;2;82;82;82m▀[38;2;32;32;32m[48;2;32;32;32m▀[49m [0m
 [38;2;32;32;32m▀[38;2;82;82;82m[48;2;32;32;32m▀[38;2;90;106;131m[48;2;82;82;82m▀[48;2;90;106;131m▀[38;2;32;32;32m▀[49m▄  ▀[38;2;255;222;90m[48;2;32;32;32m▀[38;2;90;106;131m[48;2;255;222;90m▀[38;2;82;82;82m[48;2;90;106;131m▀▀[38;2;90;106;131m[48;2;82;82;82m▀[38;2;82;82;82m▀[38;2;90;106;131m[48;2;90;106;131m▀▀[38;2;98;213;246m▀[38;2;82;82;82m[48;2;82;82;82m▀[38;2;90;106;131m[48;2;90;106;131m▀▀[38;2;82;82;82m[48;2;82;82;82m▀[38;2;90;106;131m[48;2;90;106;131m▀▀[38;2;32;32;32m[48;2;82;82;82m▀[38;2;82;82;82m▀[38;2;90;106;131m[48;2;90;106;131m▀[38;2;32;32;32m[48;2;32;32;32m▀[49m    ▀[38;2;82;82;82m[48;2;32;32;32m▀[38;2;90;106;131m[48;2;82;82;82m▀[38;2;82;82;82m[48;2;32;32;32m▀[38;2;32;32;32m[49m▀ [0m
 [38;2;32;32;32m[48;2;32;32;32m▀[38;2;82;82;82m[48;2;90;106;131m▀▀[38;2;90;106;131m▀▀[38;2;32;32;32m[48;2;32;32;32m▀[49m  [48;2;32;32;32m▀[38;2;82;82;82m[48;2;90;106;131m▀[38;2;255;222;90m[48;2;98;213;246m▀[38;2;82;82;82m[48;2;255;222;90m▀[38;2;90;106;131m[48;2;90;106;131m▀▀▀[38;2;82;82;82m▀▀▀[38;2;90;106;131m[48;2;255;222;90m▀[38;2;82;82;82m▀▀[38;2;90;106;131m[48;2;82;82;82m▀[48;2;90;106;131m▀[38;2;82;82;82m[48;2;82;82;82m▀[38;2;90;106;131m[48;2;90;106;131m▀▀[48;2;82;82;82m▀[38;2;32;32;32m[48;2;32;32;32m▀[49m    ▄[48;2;82;82;82m▀[38;2;90;106;131m▀[38;2;32;32;32m[48;2;32;32;32m▀[49m  [0m
  [38;2;32;32;32m▀▀[38;2;82;82;82m[48;2;32;32;32m▀[38;2;90;106;131m[48;2;90;106;131m▀[38;2;32;32;32m[48;2;82;82;82m▀[49m▄[48;2;90;106;131m▀[38;2;90;106;131m[48;2;197;172;90m▀[38;2;255;222;90m[48;2;255;222;90m▀[38;2;82;82;82m▀[38;2;98;213;246m[48;2;82;82;82m▀[38;2;90;106;131m[48;2;90;106;131m▀[38;2;255;222;90m▀[38;2;90;106;131m▀[38;2;255;222;90m[48;2;98;213;246m▀▀▀[38;2;98;213;246m[48;2;90;106;131m▀[38;2;82;82;82m▀▀[38;2;90;106;131m▀▀▀[38;2;82;82;82m▀▀[38;2;90;106;131m▀▀[38;2;32;32;32m▀[49m▄[48;2;90;106;131m▀▀[38;2;90;106;131m[48;2;82;82;82m▀[48;2;90;106;131m▀[38;2;32;32;32m[48;2;32;32;32m▀[49m   [0m
    [38;2;32;32;32m▀[38;2;90;106;131m[48;2;32;32;32m▀[48;2;90;106;131m▀[38;2;82;82;82m▀[48;2;82;82;82m▀[38;2;255;222;90m▀[38;2;74;115;139m[48;2;74;115;139m▀[38;2;255;222;90m[48;2;255;222;90m▀[48;2;74;115;139m▀[38;2;82;82;82m[48;2;255;222;90m▀▀▀▀▀▀▀[48;2;197;172;90m▀[38;2;90;106;131m[48;2;82;82;82m▀▀[38;2;82;82;82m[48;2;90;106;131m▀▀[48;2;82;82;82m▀[38;2;90;106;131m▀[38;2;82;82;82m[48;2;255;222;90m▀[38;2;90;106;131m[48;2;82;82;82m▀[48;2;90;106;131m▀[38;2;82;82;82m▀[38;2;90;106;131m[48;2;82;82;82m▀[48;2;90;106;131m▀[48;2;32;32;32m▀[38;2;32;32;32m[49m▀    [0m
      [38;2;32;32;32m[48;2;32;32;32m▀[38;2;90;106;131m[48;2;82;82;82m▀[48;2;90;106;131m▀[38;2;82;82;82m▀▀[38;2;74;115;139m[48;2;82;82;82m▀[48;2;74;156;189m▀[38;2;255;222;90m[48;2;74;115;139m▀[38;2;74;115;139m[48;2;74;156;189m▀[38;2;255;222;90m[48;2;82;82;82m▀[38;2;82;82;82m[48;2;74;115;139m▀[38;2;255;222;90m[48;2;82;82;82m▀[38;2;82;82;82m[48;2;74;115;139m▀[38;2;255;222;90m[48;2;82;82;82m▀[48;2;255;222;90m▀[38;2;82;82;82m[48;2;82;82;82m▀[38;2;90;106;131m[48;2;90;106;131m▀▀▀▀[38;2;82;82;82m[48;2;82;82;82m▀[38;2;90;106;131m▀[38;2;255;222;90m[48;2;255;222;90m▀[38;2;82;82;82m[48;2;82;82;82m▀[38;2;90;106;131m[48;2;90;106;131m▀[38;2;82;82;82m[48;2;32;32;32m▀[38;2;32;32;32m[49m▀      [0m
     [38;2;32;32;32m[48;2;32;32;32m▀[38;2;90;106;131m[48;2;197;172;90m▀[38;2;82;82;82m[48;2;82;82;82m▀[48;2;255;222;90m▀[48;2;82;82;82m▀[38;2;90;106;131m▀[38;2;82;82;82m[48;2;74;156;189m▀[38;2;74;156;189m▀[48;2;82;82;82m▀[38;2;82;82;82m[48;2;74;115;139m▀[38;2;74;115;139m▀▀▀▀[38;2;82;82;82m▀[38;2;255;222;90m[48;2;82;82;82m▀▀[38;2;82;82;82m[48;2;90;106;131m▀▀[38;2;90;106;131m▀[48;2;82;82;82m▀[38;2;82;82;82m▀[38;2;90;106;131m[48;2;90;106;131m▀[38;2;82;82;82m▀[38;2;90;106;131m▀[38;2;82;82;82m[48;2;32;32;32m▀[38;2;32;32;32m[49m▀       [0m
     [38;2;32;32;32m▀[38;2;90;106;131m[48;2;32;32;32m▀[38;2;197;172;90m[48;2;90;106;131m▀[38;2;82;82;82m▀[38;2;255;222;90m[48;2;82;82;82m▀[38;2;82;82;82m[48;2;255;222;90m▀▀[38;2;74;115;139m[48;2;82;82;82m▀[38;2;82;82;82m[48;2;255;222;90m▀[38;2;74;115;139m[48;2;82;82;82m▀[48;2;74;115;139m▀[48;2;82;82;82m▀[48;2;74;115;139m▀▀[38;2;82;82;82m[48;2;82;82;82m▀[38;2;90;106;131m[48;2;90;106;131m▀▀[48;2;82;82;82m▀▀[38;2;82;82;82m▀[48;2;90;106;131m▀[38;2;90;106;131m▀▀▀[48;2;82;82;82m▀[38;2;32;32;32m[48;2;32;32;32m▀[49m        [0m
       [38;2;32;32;32m▀▀▀▀[38;2;197;172;90m[48;2;32;32;32m▀[38;2;255;222;90m▀[48;2;197;172;90m▀[48;2;255;222;90m▀[38;2;82;82;82m▀[38;2;255;222;90m▀[38;2;82;82;82m▀▀[38;2;255;222;90m▀[38;2;82;82;82m▀▀[38;2;255;222;90m[48;2;197;172;90m▀[38;2;197;172;90m[48;2;82;82;82m▀[38;2;82;82;82m[48;2;90;106;131m▀[38;2;90;106;131m▀[48;2;82;82;82m▀▀[38;2;82;82;82m[48;2;90;106;131m▀[38;2;32;32;32m[48;2;32;32;32m▀[49m         [0m
             [38;2;32;32;32m▀▀▀[38;2;197;172;90m[48;2;32;32;32m▀[38;2;255;222;90m▀▀▀[38;2;197;172;90m▀[38;2;82;82;82m▀▀[48;2;197;172;90m▀[48;2;90;106;131m▀▀[38;2;90;106;131m▀▀▀[38;2;32;32;32m[48;2;32;32;32m▀[49m         [0m
                       [38;2;32;32;32m[48;2;32;32;32m▀[38;2;197;172;90m[48;2;82;82;82m▀[48;2;90;106;131m▀▀[38;2;90;106;131m[48;2;82;82;82m▀[38;2;32;32;32m[48;2;32;32;32m▀[49m          [0m
                        [38;2;32;32;32m▀▀▀▀           [0m
