
[38;2;0;0;0m                                                      
[38;2;0;0;0m                        ██                            
[38;2;0;0;0m            ██[38;2;57;140;145m██[38;2;0;0;0m        [38;2;255;255;255m██[38;2;0;0;0m                            
[38;2;0;0;0m            ██[38;2;57;140;145m██[38;2;0;0;0m        [38;2;255;255;255m██[38;2;0;0;0m                            
[38;2;0;0;0m            [38;2;57;140;145m████[38;2;0;0;0m      ██[38;2;255;255;255m██[38;2;0;0;0m██                          
[38;2;0;0;0m            [38;2;57;140;145m██[38;2;0;0;0m██  ████[38;2;123;132;131m██[38;2;255;255;255m██[38;2;198;198;198m██[38;2;0;0;0m██                        
[38;2;0;0;0m          ██[38;2;57;140;145m██[38;2;0;0;0m██    [38;2;255;255;255m██████[38;2;0;0;0m██                          
[38;2;0;0;0m          ██[38;2;57;140;145m██[38;2;0;0;0m██    ██[38;2;255;255;255m██[38;2;197;196;197m██[38;2;0;0;0m██    ████                  
[38;2;0;0;0m    ██  ██[38;2;57;140;145m██[38;2;73;78;73m██[38;2;57;165;225m██[38;2;49;165;225m██[38;2;0;0;0m██[38;2;255;255;255m██[38;2;74;78;74m██[38;2;49;165;225m████[38;2;0;0;0m██[38;2;74;78;74m██[38;2;198;198;198m██[38;2;0;0;0m██  ██████████      
[38;2;0;0;0m    [38;2;74;173;178m██[38;2;0;0;0m██[38;2;16;4;0m██[38;2;65;139;145m██[38;2;74;77;74m██[38;2;49;165;225m██████[38;2;74;77;74m██[38;2;57;137;145m██[38;2;74;78;74m██[38;2;49;165;225m████[38;2;66;70;74m██[38;2;198;198;198m██[38;2;0;0;0m    ██[38;2;198;198;198m██████[38;2;255;255;255m██[38;2;0;0;0m██    
[38;2;0;0;0m    [38;2;74;173;178m██[38;2;74;82;74m██[38;2;73;78;73m██[38;2;57;140;145m██[38;2;73;78;73m██[38;2;74;77;74m██[38;2;57;140;145m████[38;2;74;82;74m██[38;2;74;78;74m██[38;2;49;165;225m██████████[38;2;0;0;0m██  ██[38;2;198;198;198m████[38;2;49;165;225m██[38;2;255;255;247m██[38;2;255;255;255m██[38;2;0;0;0m██  
[38;2;0;0;0m    ██[38;2;63;148;175m██[38;2;57;140;145m████[38;2;73;78;73m██[38;2;57;137;145m██[38;2;57;140;145m██[38;2;73;78;73m██[38;2;49;173;225m██[38;2;49;165;225m██[38;2;74;78;74m██[38;2;49;165;225m██████[38;2;74;78;74m██[38;2;0;0;0m██  ██[38;2;198;198;198m██[38;2;49;165;225m████[38;2;255;255;247m██[38;2;255;255;255m██[38;2;0;0;0m    
[38;2;0;0;0m    ██[38;2;66;173;178m██[38;2;57;140;145m██████[38;2;74;77;74m██[38;2;255;255;255m██[38;2;33;94;145m██[38;2;49;165;225m██[38;2;16;103;176m██[38;2;49;165;225m██[38;2;74;78;74m████[38;2;49;165;225m██[38;2;198;255;254m██[38;2;0;0;0m      ██[38;2;49;165;225m██[38;2;16;103;176m██[38;2;255;255;255m██[38;2;0;0;0m██    
[38;2;0;0;0m      ██[38;2;57;140;145m████[38;2;57;88;87m██[38;2;247;70;63m██[38;2;247;255;255m██[38;2;8;107;184m██[38;2;49;165;225m██[38;2;41;156;225m██[38;2;74;78;74m██[38;2;49;165;225m████[38;2;255;255;255m██[38;2;0;0;0m██      ██[38;2;80;156;213m██[38;2;0;107;192m██[38;2;0;0;0m██      
[38;2;0;0;0m      ██[38;2;74;78;74m████[38;2;239;61;63m██[38;2;178;155;175m██[38;2;16;103;176m██[38;2;49;165;225m██[38;2;16;103;176m██[38;2;110;145;160m██[38;2;255;255;255m████[38;2;74;78;74m██[38;2;57;132;177m██[38;2;0;0;0m██        [38;2;49;165;225m██[38;2;0;0;0m██        
[38;2;0;0;0m    ██[38;2;49;181;241m██████[38;2;24;123;192m██[38;2;24;86;160m██[38;2;49;165;225m████[38;2;16;103;176m██[38;2;41;90;113m██[38;2;197;196;197m██[38;2;255;255;255m████[38;2;239;214;159m██[38;2;0;0;0m██      ████          
[38;2;0;0;0m    ██[38;2;33;107;153m██[38;2;53;129;161m██[38;2;41;189;249m██[38;2;49;165;225m████████████[38;2;255;255;255m██[38;2;195;196;195m██[38;2;74;78;74m██[38;2;239;214;159m██[38;2;44;68;76m██[38;2;0;0;0m      [38;2;16;4;0m██[38;2;0;0;0m██          
[38;2;0;0;0m    [38;2;126;137;137m██[38;2;123;132;123m██[38;2;239;214;159m████[38;2;16;103;176m██[38;2;49;165;225m██████[38;2;66;70;74m██[38;2;57;82;97m██[38;2;239;214;159m██[38;2;74;78;74m██[38;2;239;214;159m██[38;2;74;78;74m██[38;2;49;165;225m██[38;2;0;0;0m██  ██[38;2;41;132;193m██[38;2;32;68;92m██[38;2;8;4;0m██[38;2;0;0;0m        
[38;2;0;0;0m    [38;2;63;69;68m██[38;2;255;255;231m██[38;2;123;133;131m████[38;2;239;214;159m██[38;2;16;103;176m██[38;2;49;165;225m████[38;2;41;156;225m██[38;2;127;152;147m██[38;2;74;78;74m██[38;2;239;214;159m████[38;2;49;165;225m████[38;2;74;78;74m██[38;2;0;0;0m██[38;2;74;78;74m██[38;2;41;132;193m██[38;2;57;132;185m██[38;2;8;4;0m██[38;2;0;0;0m        
[38;2;0;0;0m  ██[38;2;16;4;0m██[38;2;0;0;0m  [38;2;132;74;92m████[38;2;90;66;82m██[38;2;162;144;87m██[38;2;49;165;225m██[38;2;74;78;74m██[38;2;0;0;0m  [38;2;33;16;1m██[38;2;74;78;74m██[38;2;82;79;66m██[38;2;247;222;151m██[38;2;239;214;159m██[38;2;49;165;225m██[38;2;198;222;198m██[38;2;57;82;97m██[38;2;41;132;193m██[38;2;107;103;83m██[38;2;0;0;0m██          
[38;2;0;0;0m  ██[38;2;16;4;0m██[38;2;0;0;0m  ██[38;2;165;88;95m██[38;2;255;148;135m██[38;2;74;78;74m████[38;2;0;0;0m██  ██[38;2;239;214;159m██[38;2;49;165;225m██[38;2;74;78;74m██[38;2;239;214;159m██[38;2;74;78;74m██[38;2;198;222;198m██[38;2;57;82;97m██[38;2;41;132;193m██[38;2;49;132;193m██[38;2;0;0;0m██          
[38;2;0;0;0m    [38;2;41;132;193m██[38;2;32;68;96m██[38;2;0;0;0m██[38;2;255;140;135m██[38;2;156;70;100m██[38;2;74;78;74m██[38;2;0;0;0m██      [38;2;164;150;100m██[38;2;74;78;74m██[38;2;41;165;233m██[38;2;239;214;159m████[38;2;107;103;83m████[38;2;74;78;74m██[38;2;41;132;193m██[38;2;0;0;0m            
[38;2;0;0;0m    ██[38;2;49;132;193m██[38;2;170;93;90m██[38;2;255;140;135m██[38;2;156;70;100m██[38;2;239;214;159m██[38;2;0;0;0m████    [38;2;239;214;159m██[38;2;74;78;74m██[38;2;52;136;180m██[38;2;239;214;159m████[38;2;107;103;83m██[38;2;41;132;193m████[38;2;0;0;0m██            
[38;2;0;0;0m        [38;2;200;199;176m████[38;2;255;255;255m██[38;2;239;214;159m██[38;2;0;0;0m██████  [38;2;0;0;8m██[38;2;74;78;74m████[38;2;66;94;114m██[38;2;164;150;100m██[38;2;165;148;101m████[38;2;0;0;0m                
[38;2;0;0;0m        ████[38;2;239;214;159m██[38;2;0;0;0m██    ██    [38;2;165;154;114m██[38;2;82;77;61m██[38;2;74;78;74m██[38;2;165;148;101m████[38;2;0;0;0m██                
[38;2;0;0;0m                            ██[38;2;57;132;185m██[38;2;0;0;0m██    [38;2;41;132;193m██[38;2;0;0;0m██            
[38;2;0;0;0m                              [38;2;32;68;92m██[38;2;41;132;193m██[38;2;0;0;0m██████              
[38;2;0;0;0m                                  ████                
[38;2;0;0;0m                                                      [0m
