
         [38;2;0;0;0m▄▄            [0m
      [38;2;0;0;0m▄[48;2;170;148;58m▀[48;2;211;186;70m▀[38;2;214;189;78m[48;2;167;151;52m▀[48;2;173;148;45m▀[38;2;0;0;0m[48;2;200;184;112m▀[49m▄          [0m
     [38;2;0;0;0m▄[48;2;255;222;87m▀[38;2;255;222;87m▀[38;2;167;151;52m▀[38;2;255;222;87m▀[38;2;255;255;247m▀[38;2;173;148;45m▀[38;2;0;0;0m[48;2;0;0;0m▀[49m          [0m
     [38;2;0;0;0m[48;2;0;0;0m▀[38;2;164;148;52m[48;2;222;198;78m▀[38;2;255;222;87m[48;2;151;133;52m▀[38;2;164;148;52m[48;2;214;192;78m▀▀[38;2;255;222;87m[48;2;148;143;97m▀[38;2;0;0;0m[48;2;0;0;8m▀[49m ▄▄   [38;2;0;0;8m▄▄[38;2;0;0;0m▄  [0m
      [38;2;8;4;0m[48;2;0;0;0m▀[38;2;222;198;78m[48;2;63;63;63m▀[38;2;214;192;78m[48;2;198;189;134m▀[48;2;66;66;66m▀[38;2;74;71;53m[48;2;129;127;129m▀[38;2;148;143;97m[48;2;189;189;189m▀[38;2;0;0;0m▀[38;2;189;189;189m[48;2;0;0;0m▀[38;2;0;0;0m[49m▀  [48;2;0;0;0m▀[38;2;71;63;34m[48;2;214;189;78m▀[38;2;214;189;86m▀[38;2;66;66;66m▀[38;2;0;0;0m[48;2;0;0;0m▀[49m [0m
     [38;2;0;0;0m▄[48;2;189;192;189m▀[38;2;189;189;189m▀[38;2;66;66;66m[48;2;66;66;66m▀[38;2;198;189;134m[48;2;189;189;189m▀[38;2;189;189;189m[48;2;41;0;1m▀[38;2;68;66;68m[48;2;255;255;247m▀[38;2;94;94;94m[48;2;132;132;132m▀[38;2;0;0;0m▀[49m▄  ▀[38;2;214;189;78m[48;2;0;0;0m▀[38;2;164;148;52m[48;2;255;222;87m▀[38;2;214;189;78m[48;2;0;0;0m▀[38;2;0;0;0m[49m▀ [0m
    [38;2;0;0;0m[48;2;0;0;0m▀[38;2;189;189;189m[48;2;189;189;189m▀[38;2;189;192;189m▀[48;2;68;66;68m▀[38;2;189;189;189m[48;2;189;189;189m▀▀[38;2;148;127;124m[48;2;193;193;193m▀[38;2;255;255;247m[48;2;255;255;255m▀[38;2;132;132;132m[48;2;132;132;132m▀▀[38;2;0;0;0m[48;2;0;0;0m▀[49m   [48;2;0;0;0m▀[38;2;170;148;58m[48;2;189;189;189m▀[38;2;0;0;0m[48;2;0;0;0m▀[49m  [0m
     [38;2;0;0;0m▀[38;2;189;189;189m[48;2;0;0;0m▀[38;2;129;127;129m[48;2;189;189;189m▀[38;2;189;189;189m[48;2;132;132;132m▀[38;2;131;131;131m▀[38;2;132;132;132m[48;2;66;66;74m▀▀[48;2;162;146;71m▀[38;2;0;0;0m[48;2;57;61;73m▀[49m▄  [48;2;0;0;0m▀[38;2;126;126;126m[48;2;189;189;189m▀[38;2;189;189;189m[48;2;131;131;131m▀[38;2;0;0;0m[48;2;0;0;0m▀[49m  [0m
      [38;2;0;0;16m▄[38;2;0;0;0m[48;2;165;148;61m▀[38;2;132;132;132m[48;2;66;66;66m▀[38;2;66;66;66m[48;2;0;0;0m▀[38;2;140;127;88m[48;2;214;189;86m▀[38;2;214;189;102m▀[38;2;214;189;70m[48;2;107;104;107m▀[38;2;109;104;72m[48;2;189;189;189m▀[38;2;189;189;189m[48;2;198;189;134m▀[38;2;0;0;0m[48;2;66;66;66m▀[48;2;132;132;132m▀[38;2;132;132;132m▀[38;2;131;131;131m▀[48;2;0;0;0m▀[38;2;0;0;0m[49m▀  [0m
   [38;2;0;0;0m▄[48;2;214;189;78m▀[48;2;66;66;66m▀[38;2;165;148;61m▀[38;2;82;74;38m[48;2;0;0;0m▀[38;2;0;0;0m[49m▀ [38;2;0;0;24m[48;2;0;0;0m▀[38;2;107;94;55m[48;2;189;189;189m▀[38;2;189;189;189m▀[38;2;66;61;66m[48;2;66;66;66m▀[38;2;66;66;66m[48;2;214;189;70m▀[38;2;198;189;134m▀[38;2;66;66;66m[48;2;69;63;55m▀[38;2;132;132;132m[48;2;137;126;87m▀[48;2;0;0;0m▀[38;2;0;0;0m[49m▀   [0m
 [38;2;0;0;0m▄[48;2;214;189;78m▀[38;2;214;189;78m[48;2;66;66;66m▀[38;2;66;66;66m▀▀[38;2;0;0;0m[48;2;0;0;0m▀[49m ▄[48;2;132;132;132m▀[38;2;63;63;63m▀[38;2;126;126;126m[48;2;66;66;66m▀[38;2;189;189;189m[48;2;132;132;132m▀▀[38;2;66;66;58m[48;2;66;66;66m▀[38;2;165;148;66m[48;2;214;189;70m▀[38;2;206;189;118m[48;2;214;189;78m▀[38;2;0;0;24m[48;2;0;0;0m▀[49m     [0m
 [38;2;0;0;0m▀[38;2;214;189;78m[48;2;0;0;0m▀[38;2;66;66;66m▀▀[38;2;0;0;0m[49m▀  ▀[38;2;66;66;66m[48;2;0;0;0m▀[38;2;132;132;132m▀▀[38;2;0;0;0m[49m▀[38;2;132;132;132m[48;2;0;0;0m▀[38;2;66;66;66m[48;2;66;66;66m▀[38;2;165;148;69m[48;2;214;189;78m▀[38;2;214;189;78m[48;2;165;96;58m▀[38;2;0;0;0m[48;2;0;8;0m▀[49m     [0m
             [38;2;0;0;0m[48;2;0;0;0m▀[38;2;214;189;78m[48;2;214;189;78m▀[48;2;247;107;87m▀[38;2;247;140;87m▀[38;2;0;8;0m[48;2;0;0;0m▀[49m     [0m
             [38;2;0;0;0m▀[38;2;214;189;78m[48;2;0;0;0m▀[38;2;247;107;87m▀[38;2;0;0;0m[49m▀      [0m
                       [0m
