
         [38;2;49;49;49m▄▄▄    [0m
       [38;2;49;49;49m▄[48;2;255;197;180m▀[38;2;255;197;180m▀▀[38;2;82;82;82m▀[38;2;49;49;49m[48;2;49;49;49m▀[49m   [0m
      [38;2;49;49;49m▄[48;2;238;131;156m▀[38;2;255;197;180m▀[48;2;49;49;49m▀[38;2;82;82;82m[48;2;82;82;82m▀[38;2;255;197;180m[48;2;255;197;180m▀[38;2;49;49;49m[48;2;49;49;49m▀[49m   [0m
   [38;2;49;49;49m▄[48;2;255;197;180m▀[48;2;222;148;148m▀[38;2;255;197;180m[48;2;189;98;106m▀[38;2;189;98;106m[48;2;255;197;180m▀▀[38;2;255;197;180m▀[38;2;49;49;49m▀[48;2;49;49;49m▀[49m    [0m
  [38;2;49;49;49m▄[48;2;255;255;255m▀[38;2;255;197;180m[48;2;255;197;180m▀[38;2;189;98;106m▀[38;2;255;197;180m▀[38;2;222;148;148m[48;2;189;98;106m▀[38;2;189;98;106m[48;2;255;197;180m▀[38;2;255;197;180m[48;2;222;148;148m▀[48;2;255;197;180m▀▀[38;2;49;49;49m▀[49m▄  [0m
 [38;2;49;49;49m▄[48;2;238;131;156m▀[48;2;255;197;180m▀[38;2;255;197;180m▀▀[38;2;255;255;255m[48;2;49;49;49m▀[38;2;255;197;180m[48;2;238;131;156m▀▀[48;2;255;197;180m▀▀▀▀[38;2;49;49;49m[48;2;189;189;189m▀[49m▄ [0m
 [38;2;49;49;49m[48;2;49;49;49m▀[38;2;255;197;180m[48;2;82;82;82m▀[38;2;82;82;82m[48;2;255;197;180m▀[38;2;255;197;180m[48;2;82;82;82m▀▀[48;2;255;197;180m▀[38;2;238;131;156m[48;2;49;49;49m▀[48;2;255;197;180m▀[38;2;255;197;180m▀▀▀[48;2;255;255;255m▀[38;2;255;255;255m▀[38;2;49;49;49m[48;2;49;49;49m▀[49m [0m
 [38;2;49;49;49m▀[38;2;238;131;156m[48;2;49;49;49m▀[38;2;49;49;49m[48;2;255;255;255m▀[38;2;255;255;255m[48;2;131;131;115m▀▀[38;2;49;49;49m▀[38;2;255;197;180m[48;2;49;49;49m▀▀[38;2;49;49;49m[48;2;255;255;255m▀[38;2;255;255;255m▀▀[48;2;238;131;156m▀[38;2;238;131;156m[48;2;49;49;49m▀[38;2;49;49;49m[49m▀ [0m
  [38;2;49;49;49m▀[48;2;49;49;49m▀[38;2;255;255;255m▀[48;2;189;98;106m▀[48;2;255;255;255m▀▀[48;2;238;131;156m▀▀[38;2;238;131;156m▀▀[38;2;189;98;106m[48;2;49;49;49m▀[38;2;49;49;49m[49m▀  [0m
    [38;2;49;49;49m▀▀▀[38;2;189;98;106m[48;2;49;49;49m▀[38;2;238;131;156m▀▀[38;2;49;49;49m[49m▀▀    [0m
                [0m
