
                  [38;2;0;0;0m▄          [0m
               [38;2;0;0;0m▄▄[48;2;189;222;237m▀[38;2;189;222;237m▀[38;2;0;0;0m[48;2;0;0;0m▀[49m         [0m
    [38;2;0;0;0m▄▄▄▄▄▄  ▄▄[48;2;189;222;237m▀[38;2;189;222;237m▀[38;2;184;220;235m[48;2;184;220;235m▀[48;2;140;165;196m▀[38;2;140;165;196m▀[38;2;0;0;0m▀[49m▄        [0m
 [38;2;0;0;0m▄[48;2;189;222;237m▀▀[38;2;186;219;234m[48;2;186;219;234m▀▀[38;2;255;255;255m[48;2;186;217;234m▀▀[38;2;186;219;234m[48;2;186;219;234m▀▀[38;2;0;0;0m[48;2;189;222;237m▀▀[38;2;140;165;196m[48;2;184;220;235m▀[38;2;184;220;235m▀[38;2;189;222;237m[48;2;140;167;193m▀▀[38;2;140;165;193m[48;2;140;165;193m▀▀[38;2;52;58;65m[48;2;8;4;0m▀[38;2;140;165;196m[48;2;140;165;196m▀[38;2;0;0;0m[48;2;0;0;0m▀[49m        [0m
 [38;2;0;0;0m▀[38;2;140;165;196m[48;2;0;0;0m▀[48;2;140;165;196m▀[38;2;66;66;66m▀▀[48;2;143;165;185m▀[38;2;181;214;245m[48;2;66;66;66m▀[38;2;189;222;237m▀▀[38;2;186;219;234m[48;2;186;219;234m▀▀[38;2;186;217;234m[48;2;255;255;255m▀[38;2;255;255;255m▀▀[38;2;140;164;193m▀[38;2;126;148;163m[48;2;189;222;245m▀[38;2;63;74;82m[48;2;0;0;0m▀[38;2;0;0;0m[49m▀[38;2;140;165;196m[48;2;0;0;0m▀[48;2;140;165;196m▀[38;2;0;0;0m[48;2;0;0;0m▀[49m       [0m
   [38;2;0;0;0m▀[38;2;140;165;196m[48;2;8;4;0m▀[38;2;52;58;65m[48;2;140;165;196m▀[38;2;66;66;66m▀[38;2;140;165;196m▀[38;2;140;165;193m[48;2;140;165;193m▀▀[38;2;66;66;66m[48;2;140;165;196m▀▀[38;2;192;193;195m[48;2;66;70;74m▀[38;2;255;255;255m▀[48;2;186;217;234m▀[38;2;186;217;234m▀[38;2;186;219;234m[48;2;186;219;234m▀▀[38;2;0;0;0m[48;2;189;214;229m▀[38;2;63;71;76m[48;2;63;71;76m▀[38;2;140;165;196m[48;2;66;66;66m▀[48;2;140;165;196m▀[38;2;0;0;0m[48;2;0;0;0m▀[49m      [0m
   [38;2;0;0;0m[48;2;0;0;0m▀[38;2;184;220;235m[48;2;184;220;235m▀[48;2;140;165;196m▀[38;2;206;222;238m[48;2;66;66;66m▀[38;2;66;66;66m[48;2;206;222;238m▀▀[38;2;206;222;238m[48;2;66;66;66m▀[38;2;184;220;235m[48;2;184;220;235m▀[38;2;140;165;196m▀[38;2;192;196;211m[48;2;255;255;255m▀[48;2;192;196;211m▀[38;2;66;66;66m[48;2;189;206;221m▀[38;2;148;159;169m[48;2;66;66;66m▀[38;2;184;220;235m[48;2;140;165;196m▀[48;2;184;220;235m▀[38;2;189;222;237m[48;2;189;222;237m▀[38;2;140;167;193m[48;2;140;167;193m▀[38;2;66;66;66m[48;2;140;165;196m▀[38;2;140;165;196m[48;2;66;66;66m▀[48;2;140;165;196m▀[38;2;0;0;0m▀[49m▄    [0m
  [38;2;0;0;0m[48;2;0;0;0m▀[38;2;189;222;237m[48;2;189;222;237m▀[38;2;156;160;164m[48;2;66;66;74m▀[38;2;66;66;74m[48;2;247;255;255m▀[38;2;201;156;169m[48;2;222;222;230m▀[38;2;222;222;230m▀[38;2;165;149;159m[48;2;239;222;239m▀[38;2;239;222;239m[48;2;16;4;0m▀[38;2;66;66;66m[48;2;66;66;66m▀[38;2;189;222;237m▀[38;2;186;217;234m[48;2;186;217;234m▀[38;2;255;255;255m▀[38;2;179;198;219m[48;2;198;214;230m▀[38;2;140;165;196m[48;2;140;165;196m▀[38;2;66;66;66m▀[38;2;140;165;196m[48;2;66;66;66m▀[38;2;140;165;193m[48;2;140;165;193m▀▀[38;2;140;165;196m[48;2;140;165;196m▀[38;2;66;66;66m▀[38;2;60;60;65m[48;2;60;60;65m▀[38;2;148;165;196m[48;2;16;8;0m▀[38;2;140;165;196m[48;2;140;165;196m▀[38;2;0;0;0m▀[49m▄  [0m
 [38;2;0;0;0m[48;2;0;0;0m▀[38;2;255;255;255m[48;2;186;217;234m▀[38;2;186;217;234m▀[38;2;74;74;77m[48;2;74;74;77m▀[38;2;0;0;0m[48;2;222;222;230m▀[38;2;222;222;233m[48;2;222;222;233m▀▀[38;2;0;0;0m[48;2;0;0;0m▀[38;2;255;255;255m▀[38;2;0;0;0m[48;2;222;222;230m▀[38;2;222;222;230m▀[38;2;66;66;66m[48;2;66;66;66m▀[38;2;189;222;237m[48;2;189;222;237m▀[38;2;255;255;255m[48;2;186;217;234m▀[38;2;186;217;234m▀[38;2;143;165;185m[48;2;181;214;245m▀[38;2;66;66;66m[48;2;66;66;66m▀[48;2;140;165;196m▀[38;2;140;165;196m▀[38;2;140;165;193m[48;2;140;165;193m▀▀[38;2;0;0;0m[48;2;0;0;0m▀[49m [48;2;0;0;0m▀[38;2;140;165;196m[48;2;140;165;196m▀[38;2;0;0;0m▀[49m▄ [0m
 [38;2;0;0;0m[48;2;0;0;0m▀[38;2;187;217;237m[48;2;214;206;222m▀▀[38;2;181;214;245m[48;2;143;165;188m▀[38;2;66;66;74m▀[38;2;214;222;238m[48;2;57;66;73m▀[48;2;162;170;183m▀▀[48;2;57;66;73m▀[38;2;206;222;238m[48;2;66;66;66m▀[38;2;66;66;66m[48;2;206;222;238m▀[38;2;186;219;234m[48;2;186;219;234m▀▀▀▀[38;2;187;217;237m[48;2;214;206;222m▀▀[38;2;66;66;66m[48;2;0;0;0m▀[38;2;0;0;0m[49m▀▀▀   [48;2;0;0;0m▀[38;2;189;222;237m[48;2;189;222;237m▀[38;2;0;0;0m[48;2;0;0;0m▀[49m [0m
  [38;2;0;0;0m[48;2;0;0;0m▀[38;2;231;206;215m[48;2;231;206;215m▀[38;2;198;214;230m[48;2;198;214;230m▀[48;2;66;66;66m▀[38;2;66;66;66m[48;2;140;165;196m▀[38;2;140;165;196m[48;2;66;66;66m▀[38;2;66;66;66m[48;2;198;214;230m▀[38;2;198;214;230m[48;2;66;66;66m▀[38;2;195;214;229m[48;2;140;165;196m▀[48;2;195;214;229m▀[38;2;187;217;237m[48;2;214;206;222m▀[38;2;214;206;222m▀▀[48;2;247;198;207m▀▀[38;2;247;198;207m▀[38;2;0;0;0m[48;2;0;0;0m▀[49m   ▄▄[48;2;63;74;82m▀[38;2;126;148;163m[48;2;189;222;245m▀[38;2;189;222;237m[48;2;0;0;0m▀[38;2;0;0;0m[49m▀ [0m
   [38;2;0;0;0m▀[38;2;255;206;215m[48;2;8;4;8m▀[48;2;173;139;146m▀[38;2;247;198;207m[48;2;247;198;207m▀[38;2;66;66;66m▀[38;2;247;198;207m[48;2;66;66;66m▀[48;2;247;198;207m▀[38;2;247;201;207m[48;2;247;201;207m▀▀▀▀[38;2;247;198;207m[48;2;247;198;207m▀[48;2;0;0;0m▀▀[38;2;0;0;0m[49m▀  ▄[48;2;66;66;66m▀[38;2;247;201;207m[48;2;247;201;207m▀▀[38;2;255;214;223m[48;2;173;144;149m▀[38;2;8;4;0m[48;2;8;4;0m▀[49m   [0m
     [38;2;0;0;0m[48;2;0;0;0m▀[38;2;206;156;174m[48;2;206;156;174m▀[38;2;66;66;66m▀[38;2;192;154;165m[48;2;66;66;66m▀[38;2;66;66;66m[48;2;255;198;215m▀[38;2;247;201;207m[48;2;247;201;207m▀▀[38;2;195;154;165m[48;2;255;198;215m▀[38;2;74;66;66m[48;2;195;154;165m▀[38;2;0;0;0m[48;2;66;66;66m▀[49m▄ ▄[48;2;189;222;237m▀▀[38;2;186;219;234m[48;2;186;219;234m▀▀[38;2;74;66;66m[48;2;214;214;230m▀[38;2;167;165;175m[48;2;74;66;66m▀[38;2;189;148;165m[48;2;94;74;82m▀[38;2;0;0;0m[49m▀   [0m
     [38;2;0;0;0m▄[48;2;206;156;174m▀[38;2;206;156;174m▀[38;2;247;198;207m[48;2;74;66;66m▀[48;2;189;154;160m▀[38;2;247;201;207m[48;2;247;201;207m▀▀[38;2;189;154;160m[48;2;247;198;207m▀[38;2;74;66;66m▀[38;2;203;156;171m[48;2;203;156;171m▀▀[38;2;0;0;0m[48;2;206;156;174m▀[49m▄▀[38;2;66;66;66m[48;2;0;0;0m▀[48;2;189;222;237m▀[38;2;189;222;237m[48;2;66;66;66m▀[48;2;140;167;193m▀[38;2;140;167;193m▀[38;2;0;0;0m[48;2;0;0;0m▀[49m    [0m
     [38;2;0;0;0m▀[38;2;206;156;174m[48;2;0;8;8m▀[38;2;69;57;63m[48;2;69;57;63m▀[38;2;255;255;255m[48;2;255;255;255m▀[38;2;66;66;66m[48;2;66;66;66m▀[48;2;247;198;207m▀[38;2;247;198;207m▀[38;2;189;154;160m[48;2;74;66;66m▀[38;2;247;198;207m[48;2;247;198;207m▀[48;2;203;154;174m▀[38;2;203;154;174m▀[38;2;206;156;174m[48;2;206;156;174m▀[38;2;0;0;0m[48;2;0;0;0m▀[49m▀[38;2;189;222;237m[48;2;0;0;0m▀[38;2;140;165;196m[48;2;8;4;0m▀[38;2;8;4;0m[48;2;52;58;65m▀[38;2;52;58;65m[48;2;140;165;196m▀[38;2;8;4;0m[48;2;8;4;0m▀[49m     [0m
       [38;2;0;0;0m▀[38;2;189;198;213m[48;2;0;0;0m▀[48;2;189;198;213m▀[38;2;66;66;66m▀▀[38;2;189;198;213m▀[38;2;66;66;66m▀[48;2;198;173;190m▀[38;2;198;173;190m[48;2;66;66;66m▀[38;2;0;0;0m▀[49m▄   ▀[38;2;140;165;196m[48;2;0;0;0m▀[38;2;0;0;0m[49m▀     [0m
       [38;2;0;0;0m▀[38;2;189;198;213m[48;2;0;0;0m▀▀[38;2;0;0;0m[49m▀[38;2;255;255;255m[48;2;0;0;0m▀[38;2;192;192;195m[48;2;255;255;255m▀[38;2;66;66;74m▀[38;2;189;198;213m[48;2;63;66;71m▀[48;2;0;0;0m▀▀▀[38;2;0;0;0m[49m▀          [0m
            [38;2;0;0;0m▀▀▀              [0m
