
[38;2;0;0;0m                                                
[38;2;0;0;0m                            ████                
[38;2;0;0;0m                        ████[38;2;255;255;255m████[38;2;0;0;0m██  ██          
[38;2;0;0;0m                    ████[38;2;247;222;223m████[38;2;255;247;247m██[38;2;192;189;189m██[38;2;198;206;222m██[38;2;0;0;0m██[38;2;198;206;222m██[38;2;0;0;0m██        
[38;2;0;0;0m                  ██[38;2;247;198;207m████[38;2;247;200;207m████[38;2;255;247;247m██[38;2;66;74;74m██[38;2;198;206;222m████[38;2;0;0;0m██          
[38;2;0;0;0m            ██████[38;2;63;71;79m██[38;2;205;158;173m████[38;2;247;198;207m██████[38;2;82;66;69m██[38;2;0;0;0m████            
[38;2;0;0;0m        ████[38;2;189;222;237m████[38;2;189;214;237m████[38;2;189;222;237m████[38;2;203;154;174m████[38;2;247;198;207m██[38;2;0;0;0m██                
[38;2;0;0;0m      ██[38;2;186;219;234m████████████[38;2;186;217;234m████[38;2;186;219;234m████[38;2;143;149;159m██[38;2;16;4;0m██[38;2;0;0;0m                
[38;2;0;0;0m    ██[38;2;255;255;255m██[38;2;186;219;234m████████████[38;2;255;255;255m██[38;2;186;217;234m██[38;2;186;219;234m████[38;2;206;222;238m████[38;2;0;0;0m██              
[38;2;0;0;0m    ██[38;2;231;247;247m██[38;2;189;222;237m████[38;2;66;66;66m██[38;2;189;222;237m██[38;2;181;214;237m████[38;2;186;219;234m████[38;2;186;217;234m██[38;2;255;255;255m██[38;2;186;217;234m████[38;2;189;222;237m██[38;2;0;0;0m██            
[38;2;0;0;0m  ██[38;2;231;247;247m████[38;2;189;222;237m██[38;2;66;66;66m██[38;2;189;222;237m████[38;2;66;66;66m██[38;2;143;165;180m██[38;2;186;219;234m████[38;2;255;255;255m██████[38;2;186;217;234m██[38;2;189;222;237m██[38;2;0;0;0m██            
[38;2;0;0;0m  ██[38;2;184;220;235m████[38;2;140;165;196m██[38;2;66;66;66m██[38;2;181;214;245m██[38;2;66;66;74m██[38;2;181;214;245m██[38;2;66;66;66m██[38;2;140;165;196m████[38;2;197;210;225m██[38;2;255;255;255m██[38;2;186;219;234m████████[38;2;0;0;0m██          
[38;2;0;0;0m  ██[38;2;184;220;235m██[38;2;140;165;196m████[38;2;66;66;66m██[38;2;143;165;188m████[38;2;143;165;185m██[38;2;66;66;66m████[38;2;140;165;196m██████[38;2;186;219;234m████████[38;2;0;0;0m██          
[38;2;0;0;0m    ██[38;2;140;165;196m██[38;2;66;66;66m██[38;2;140;165;196m██[38;2;66;66;66m████[38;2;82;77;77m██[38;2;247;231;231m██[38;2;0;0;0m██[38;2;82;66;69m██[38;2;66;66;66m██[38;2;140;165;196m██[38;2;140;167;193m██[38;2;189;222;237m██[38;2;186;219;234m████[38;2;0;0;0m██          
[38;2;0;0;0m    ██[38;2;140;165;196m██[38;2;66;66;66m████[38;2;247;198;207m████[38;2;247;231;231m██[38;2;0;0;0m██[38;2;247;198;207m████[38;2;66;66;66m████[38;2;140;167;193m████[38;2;186;219;234m████[38;2;0;0;0m██          
[38;2;0;0;0m      ██[38;2;140;165;196m██[38;2;52;58;65m██[38;2;57;66;73m██[38;2;222;206;222m██[38;2;247;198;207m██████[38;2;66;66;66m██[38;2;140;165;196m██[38;2;66;66;66m██[38;2;140;165;193m████[38;2;140;165;196m██[38;2;0;0;0m██            
[38;2;0;0;0m        [38;2;8;4;0m██[38;2;140;165;196m██[38;2;167;159;172m██[38;2;57;66;73m██[38;2;74;66;66m██[38;2;189;154;160m██[38;2;66;66;66m████[38;2;140;165;196m████[38;2;140;165;193m████[38;2;0;0;0m██              
[38;2;0;0;0m        [38;2;8;4;0m██[38;2;52;58;65m██[38;2;66;66;66m██[38;2;206;156;174m██[38;2;82;70;66m██[38;2;255;255;255m██[38;2;192;154;165m██[38;2;255;198;215m██[38;2;77;74;82m██[38;2;154;144;157m██[38;2;167;159;172m██[38;2;57;66;73m██[38;2;63;71;76m██[38;2;0;0;0m████  ██      
[38;2;0;0;0m      ██[38;2;140;165;196m████[38;2;66;66;66m████[38;2;197;193;192m██[38;2;255;255;255m██[38;2;66;66;66m████[38;2;231;214;231m██[38;2;0;4;8m██[38;2;57;66;73m██[38;2;222;206;222m██[38;2;63;71;76m██[38;2;189;214;229m██[38;2;181;206;221m██[38;2;90;103;110m██[38;2;189;222;237m██[38;2;0;0;0m██    
[38;2;0;0;0m      ██[38;2;140;165;196m██████[38;2;0;0;0m██[38;2;203;154;174m██[38;2;247;198;207m██████[38;2;0;0;0m██  [38;2;8;4;0m██[38;2;52;58;65m██[38;2;140;167;193m██[38;2;189;222;237m██████[38;2;126;155;169m██[38;2;189;231;253m██[38;2;0;0;0m██  
[38;2;0;0;0m        ████████[38;2;247;198;207m██████[38;2;203;154;174m██[38;2;0;0;0m██  [38;2;8;4;0m██[38;2;140;165;196m██[38;2;140;167;193m████████[38;2;0;4;0m████[38;2;0;0;0m    
[38;2;0;0;0m                ██[38;2;140;165;196m██[38;2;189;222;237m██[38;2;0;0;0m██      ██[38;2;140;165;196m██████[38;2;0;0;0m██        
[38;2;0;0;0m                  ████          ██████          
[38;2;0;0;0m                                                [0m
