
              [38;2;0;0;0m▄                 [0m
             [38;2;0;0;0m[48;2;0;0;0m▀[38;2;156;123;212m[48;2;156;123;212m▀[38;2;0;0;0m[48;2;0;0;0m▀[49m                [0m
        [38;2;0;0;0m▄▄  [48;2;0;0;0m▀[38;2;156;123;212m[48;2;156;123;212m▀[38;2;156;125;212m[48;2;156;125;212m▀[38;2;123;101;179m[48;2;123;101;179m▀[38;2;0;0;0m[48;2;0;0;0m▀[49m▄▄▄            [0m
        [38;2;0;0;0m[48;2;0;0;0m▀[38;2;123;99;179m[48;2;123;99;179m▀[38;2;0;4;0m[48;2;126;105;169m▀[48;2;63;55;84m▀[38;2;156;126;212m[48;2;156;126;212m▀▀[38;2;123;102;179m[48;2;123;102;179m▀▀▀▀▀▀[38;2;0;0;0m[48;2;156;123;212m▀▀[49m▄▄▄▄▄[48;2;156;123;212m▀[48;2;140;111;196m▀▀[48;2;0;0;0m▀[49m [0m
         [38;2;0;0;0m[48;2;0;0;0m▀[38;2;143;124;156m[48;2;66;61;74m▀[38;2;66;61;74m[48;2;181;156;197m▀[38;2;156;126;212m[48;2;156;126;212m▀▀[38;2;156;125;212m[48;2;156;125;212m▀[38;2;123;101;179m[48;2;123;101;179m▀[38;2;123;102;179m[48;2;123;102;179m▀▀[38;2;123;101;179m[48;2;156;125;212m▀▀▀[38;2;156;125;212m▀[38;2;156;126;212m[48;2;156;126;212m▀▀[38;2;156;125;212m[48;2;156;125;212m▀[48;2;123;101;179m▀▀[38;2;123;101;179m▀[38;2;123;99;179m[48;2;0;0;0m▀[38;2;0;0;0m[49m▀  [0m
         [38;2;0;0;0m▄[48;2;165;159;170m▀[38;2;247;239;255m▀[38;2;113;86;150m[48;2;8;4;8m▀[38;2;165;127;221m[48;2;165;127;221m▀[38;2;156;126;212m[48;2;156;126;212m▀▀▀▀▀▀[38;2;156;123;220m[48;2;126;104;171m▀[48;2;66;66;74m▀[38;2;123;102;179m[48;2;123;102;179m▀▀▀▀[38;2;126;105;169m[48;2;63;55;84m▀[38;2;0;4;0m[48;2;0;4;0m▀[38;2;0;0;0m[49m▄▄  [0m
     [38;2;0;0;0m▄▄  ▀[38;2;123;99;179m[48;2;0;0;0m▀[48;2;123;99;179m▀[38;2;66;66;74m[48;2;126;104;171m▀[38;2;156;123;220m[48;2;156;123;220m▀[38;2;156;125;212m[48;2;156;125;212m▀[48;2;123;101;179m▀[38;2;165;127;221m[48;2;113;86;150m▀[48;2;8;4;8m▀[38;2;143;124;156m[48;2;66;61;74m▀[38;2;66;61;74m[48;2;181;156;197m▀[38;2;66;45;98m[48;2;255;247;255m▀[38;2;129;112;150m[48;2;129;112;150m▀[38;2;123;102;179m[48;2;123;102;179m▀▀[38;2;123;99;179m[48;2;123;99;179m▀[38;2;66;66;66m▀[38;2;123;102;179m[48;2;123;102;179m▀▀[38;2;123;99;179m[48;2;0;0;0m▀▀[38;2;0;0;0m[49m▀ [0m
  [38;2;0;0;0m▄[48;2;123;99;179m▀[38;2;8;12;0m[48;2;57;50;71m▀[38;2;156;127;212m[48;2;156;127;212m▀[38;2;156;123;212m[48;2;156;123;212m▀[38;2;0;0;0m▀[49m▄▄▀[38;2;123;99;179m[48;2;0;0;0m▀[48;2;123;99;179m▀[48;2;66;66;66m▀[48;2;123;99;179m▀[38;2;66;66;66m▀[38;2;255;239;255m[48;2;127;119;139m▀[38;2;0;0;24m▀[38;2;255;255;255m[48;2;189;173;181m▀[48;2;255;255;255m▀[38;2;255;255;239m[48;2;189;177;205m▀[38;2;123;98;171m[48;2;123;98;171m▀[38;2;123;99;179m[48;2;66;66;66m▀[48;2;123;99;179m▀▀[38;2;66;66;66m▀[48;2;0;0;0m▀[38;2;0;0;0m[49m▀    [0m
 [38;2;0;0;0m[48;2;0;0;0m▀[38;2;123;99;179m[48;2;123;99;179m▀[38;2;66;66;66m[48;2;66;66;66m▀[38;2;156;125;212m[48;2;156;125;212m▀[48;2;123;101;179m▀[38;2;156;123;212m[48;2;66;66;66m▀[48;2;156;123;212m▀[38;2;156;125;212m[48;2;156;125;212m▀[48;2;123;101;179m▀[38;2;0;0;0m[48;2;0;0;0m▀[49m ▀[38;2;173;132;157m[48;2;0;0;0m▀[38;2;66;66;66m[48;2;148;115;169m▀[38;2;148;115;169m[48;2;66;66;66m▀[38;2;66;66;66m[48;2;173;132;157m▀▀[38;2;148;115;169m[48;2;66;66;66m▀[38;2;66;66;66m[48;2;148;115;169m▀[48;2;173;132;157m▀[48;2;66;66;66m▀[38;2;123;102;179m[48;2;123;102;179m▀▀[38;2;123;99;179m[48;2;123;99;179m▀[48;2;66;66;66m▀[38;2;126;105;169m[48;2;63;55;84m▀[38;2;0;4;0m[48;2;0;4;0m▀[49m    [0m
  [38;2;0;0;0m[48;2;0;0;0m▀[38;2;123;99;179m▀[38;2;0;0;0m[49m▀[48;2;0;0;0m▀[38;2;123;102;179m[48;2;123;102;179m▀▀[38;2;123;99;179m[48;2;0;0;0m▀[38;2;0;0;0m[49m▀  ▀[38;2;66;66;66m[48;2;0;0;0m▀[38;2;181;137;155m[48;2;66;66;66m▀[38;2;239;173;199m▀[38;2;247;176;199m[48;2;247;176;199m▀▀[38;2;178;137;154m[48;2;239;173;199m▀[48;2;57;66;65m▀[38;2;66;61;66m[48;2;104;80;141m▀[38;2;123;90;179m▀[38;2;132;107;188m[48;2;91;73;128m▀[38;2;91;73;128m[48;2;8;4;8m▀[38;2;99;74;139m[48;2;0;0;0m▀[48;2;99;74;139m▀[38;2;99;75;139m[48;2;99;75;139m▀▀[38;2;0;0;0m[48;2;99;74;139m▀▀[49m▄ [0m
      [38;2;0;0;0m▀[38;2;123;99;179m[48;2;0;0;0m▀[38;2;0;0;0m[49m▀     ▀[38;2;99;74;139m[48;2;0;0;0m▀[38;2;66;59;82m[48;2;0;4;0m▀[48;2;99;86;123m▀[38;2;66;66;66m[48;2;99;76;139m▀[38;2;99;76;139m▀[38;2;104;82;141m[48;2;0;0;0m▀[38;2;0;0;0m[48;2;156;123;212m▀▀[38;2;156;123;212m▀▀[38;2;0;0;0m▀[38;2;99;74;139m[48;2;0;0;0m▀▀▀[38;2;0;0;0m[49m▀  [0m
                 [38;2;0;0;0m▀▀[48;2;0;0;0m▀[38;2;156;123;220m[48;2;126;104;171m▀[48;2;66;66;74m▀[38;2;66;66;66m[48;2;156;123;212m▀[38;2;156;123;212m▀[48;2;66;66;66m▀[48;2;156;123;212m▀▀[38;2;0;0;0m[48;2;0;0;0m▀[49m    [0m
                    [38;2;0;0;0m▀[38;2;66;66;66m[48;2;0;0;0m▀[38;2;123;99;179m[48;2;123;99;179m▀[48;2;0;0;0m▀[38;2;0;0;0m[49m▀[38;2;123;99;179m[48;2;0;0;0m▀[38;2;140;111;196m[48;2;140;111;196m▀[38;2;0;0;0m[48;2;0;0;0m▀[49m    [0m
                      [38;2;0;0;0m▀▀  ▀     [0m
