
      [38;2;0;0;0m▄                  [0m
    [38;2;0;0;0m[48;2;181;74;45m▀[38;2;181;74;45m[48;2;0;0;0m▀[49m     [38;2;0;0;0m[48;2;0;0;0m▀[48;2;181;74;45m▀[49m            [0m
  [38;2;0;0;0m[48;2;0;0;0m▀[38;2;181;74;45m[48;2;181;74;45m▀[38;2;0;4;8m[48;2;0;4;8m▀[49m [38;2;0;0;0m▄[48;2;189;181;69m▀[48;2;132;126;47m▀[49m▄▄ [38;2;181;74;45m[48;2;181;74;45m▀[38;2;0;0;0m[48;2;0;0;0m▀[49m           [0m
 [38;2;0;0;0m▄[38;2;181;74;45m[48;2;181;74;45m▀[38;2;82;79;69m[48;2;88;87;74m▀[38;2;66;66;66m[48;2;104;106;94m▀[38;2;198;181;70m[48;2;66;66;66m▀[38;2;192;181;67m[48;2;192;181;67m▀▀[48;2;79;79;71m▀[38;2;140;134;65m[48;2;148;139;57m▀[38;2;198;189;78m[48;2;189;181;77m▀[38;2;66;66;37m[48;2;66;66;74m▀[38;2;79;80;71m[48;2;79;80;71m▀[38;2;0;0;0m[48;2;66;66;66m▀[49m▄          [0m
 [38;2;0;0;0m[48;2;0;0;0m▀[38;2;79;80;71m[48;2;79;80;71m▀[38;2;101;104;93m[48;2;101;104;93m▀[38;2;66;69;61m[48;2;0;0;0m▀[38;2;192;179;67m[48;2;192;179;67m▀[38;2;192;181;67m[48;2;192;181;67m▀▀[38;2;255;255;255m[48;2;74;74;66m▀[38;2;198;86;72m[48;2;247;78;63m▀[38;2;66;66;66m[48;2;66;66;66m▀[38;2;103;103;91m[48;2;103;103;91m▀[38;2;181;74;45m[48;2;181;74;45m▀[38;2;77;58;63m[48;2;214;165;62m▀[38;2;198;189;78m[48;2;66;66;37m▀[38;2;0;0;0m[49m▄     ▄[48;2;103;103;91m▀[48;2;0;0;0m▀[49m [0m
 [38;2;0;0;0m[48;2;0;0;0m▀[38;2;79;80;71m[48;2;181;74;45m▀[38;2;101;104;93m[48;2;0;0;0m▀[49m [38;2;0;0;0m[48;2;0;0;0m▀[38;2;74;78;74m[48;2;103;103;91m▀[38;2;112;112;75m▀[38;2;120;81;78m[48;2;65;65;71m▀[38;2;103;103;91m[48;2;103;103;91m▀[38;2;102;104;90m[48;2;88;87;74m▀[38;2;82;82;66m▀[38;2;181;74;45m[48;2;66;66;66m▀[38;2;144;136;56m[48;2;144;136;56m▀[48;2;66;66;66m▀[38;2;148;137;57m[48;2;148;137;63m▀[38;2;0;0;0m[48;2;0;0;16m▀[49m    [38;2;103;103;91m[48;2;94;86;50m▀[48;2;103;103;91m▀[49m  [0m
  [38;2;181;74;45m[48;2;0;0;0m▀[38;2;0;0;0m▀[49m ▄[38;2;0;0;16m[48;2;148;137;63m▀[38;2;74;69;39m▀[38;2;82;79;69m[48;2;82;79;69m▀[38;2;144;136;56m[48;2;66;66;66m▀[38;2;181;74;48m[48;2;181;74;48m▀[48;2;66;66;66m▀[38;2;103;103;91m[48;2;103;103;91m▀[38;2;66;61;66m[48;2;140;132;60m▀[38;2;192;181;69m[48;2;66;66;66m▀[48;2;192;181;69m▀[38;2;66;66;66m▀[38;2;0;0;0m[49m▄ ▄[48;2;82;78;70m▀[38;2;143;132;63m[48;2;143;132;63m▀[38;2;0;0;0m[48;2;0;0;0m▀[49m  [0m
    [38;2;0;0;0m▀[38;2;164;107;52m[48;2;0;0;0m▀[38;2;93;88;48m[48;2;181;74;45m▀[38;2;0;0;8m[48;2;0;0;0m▀[49m [38;2;0;4;0m▄[38;2;80;80;74m[48;2;107;103;91m▀▀[38;2;104;106;94m[48;2;79;80;71m▀[38;2;79;80;71m[48;2;148;139;57m▀[38;2;144;136;56m[48;2;71;71;68m▀[38;2;192;181;69m[48;2;74;74;66m▀[48;2;195;184;69m▀[38;2;66;66;66m[48;2;66;66;66m▀[38;2;189;181;69m[48;2;144;136;56m▀[38;2;82;82;66m[48;2;82;79;69m▀[38;2;137;132;65m[48;2;148;139;57m▀[38;2;0;0;8m[48;2;0;0;0m▀[49m   [0m
      [38;2;0;0;0m▄[48;2;103;103;91m▀[38;2;104;106;94m[48;2;104;106;94m▀[38;2;107;107;91m[48;2;80;80;74m▀[38;2;82;79;69m[48;2;148;139;57m▀[38;2;148;139;57m▀[38;2;82;79;69m▀[38;2;66;66;66m[48;2;66;66;66m▀[38;2;103;103;91m[48;2;103;103;91m▀[38;2;66;74;74m[48;2;104;77;67m▀[38;2;181;82;53m[48;2;66;74;74m▀[38;2;144;136;56m[48;2;144;136;56m▀[38;2;66;66;66m▀[38;2;148;140;60m[48;2;0;0;0m▀[38;2;0;0;0m[49m▀    [0m
       [38;2;0;0;0m▀[38;2;148;140;60m[48;2;77;74;69m▀[38;2;145;137;57m[48;2;148;140;76m▀[38;2;148;137;63m[48;2;0;0;0m▀[38;2;0;0;16m[49m▀[38;2;145;137;57m[48;2;0;0;0m▀▀[38;2;126;121;81m▀[38;2;102;104;90m▀[48;2;74;71;69m▀[38;2;148;139;57m[48;2;0;0;0m▀[38;2;0;0;0m[49m▀      [0m
      [38;2;148;82;84m[48;2;0;4;0m▀[38;2;99;56;56m▀[38;2;82;80;70m[48;2;156;66;76m▀[38;2;74;71;69m[48;2;0;0;0m▀[38;2;0;0;0m[49m▀   ▄[38;2;66;66;66m[48;2;82;80;69m▀[38;2;82;80;69m[48;2;66;66;66m▀[38;2;66;66;66m▀[38;2;93;61;64m[48;2;93;61;64m▀[38;2;0;0;0m[49m▄     [0m
                 [38;2;0;0;0m▀▀      [0m
