
            [38;2;49;49;49m▄▄▄▄                   [0m
      [38;2;49;49;49m▄[48;2;156;156;156m▀▀▀[48;2;123;123;115m▀[48;2;255;255;255m▀[38;2;123;123;115m[48;2;189;189;189m▀[38;2;189;189;189m[48;2;123;123;115m▀[48;2;189;189;189m▀[38;2;123;123;115m▀[38;2;49;49;49m[48;2;82;82;82m▀▀[48;2;139;74;57m▀[49m▄▄▄▄▄[48;2;180;98;57m▀[48;2;139;74;57m▀[49m▄        [0m
      [38;2;49;49;49m▀[38;2;123;123;115m[48;2;49;49;49m▀[38;2;156;156;156m▀[38;2;82;82;82m[48;2;123;123;115m▀[38;2;123;123;115m[48;2;189;189;189m▀[38;2;189;189;189m[48;2;123;123;115m▀▀[38;2;123;123;115m[48;2;189;189;189m▀[38;2;189;189;189m▀[38;2;123;123;115m▀[38;2;189;189;189m▀[38;2;156;156;156m▀[38;2;82;82;82m▀▀[38;2;180;98;57m[48;2;82;82;82m▀[48;2;255;164;49m▀[38;2;255;164;49m[48;2;222;131;49m▀[38;2;222;131;49m[48;2;180;98;57m▀[38;2;180;98;57m▀▀[38;2;49;49;49m[48;2;139;74;57m▀[49m▄       [0m
      [38;2;49;49;49m▄▄[48;2;82;82;82m▀[38;2;189;189;189m[48;2;123;123;115m▀[48;2;189;189;189m▀▀▀[48;2;123;123;115m▀▀[38;2;123;123;115m[48;2;82;82;82m▀[38;2;189;189;189m[48;2;123;123;115m▀▀[48;2;82;82;82m▀[38;2;123;123;115m▀[38;2;82;82;82m[48;2;222;131;49m▀[38;2;180;98;57m[48;2;255;164;49m▀[48;2;180;98;57m▀▀[38;2;222;131;49m▀[38;2;255;164;49m▀[38;2;139;74;57m[48;2;82;82;82m▀[38;2;49;49;49m[48;2;49;49;49m▀[49m       [0m
   [38;2;49;49;49m▄[48;2;156;156;156m▀[48;2;82;82;82m▀[38;2;222;131;49m[48;2;139;74;57m▀[38;2;139;74;57m[48;2;82;82;82m▀[38;2;82;82;82m[48;2;156;156;156m▀[38;2;255;164;49m[48;2;82;82;82m▀[38;2;123;123;115m▀▀▀[48;2;255;255;255m▀[38;2;49;49;49m[48;2;255;164;49m▀[38;2;255;255;255m▀[38;2;82;82;82m[48;2;156;156;156m▀[48;2;82;82;82m▀[38;2;180;98;57m[48;2;180;98;57m▀[38;2;222;131;49m▀[38;2;255;164;49m[48;2;139;74;57m▀[38;2;180;98;57m[48;2;82;82;82m▀[48;2;180;98;57m▀▀[48;2;82;82;82m▀[48;2;180;98;57m▀▀[38;2;82;82;82m▀[38;2;49;49;49m▀▀[49m▄    [0m
  [38;2;49;49;49m▄[48;2;82;82;82m▀[38;2;156;156;156m[48;2;156;156;156m▀▀[38;2;82;82;82m[48;2;123;123;115m▀[48;2;156;156;156m▀[38;2;123;123;115m[48;2;82;82;82m▀[38;2;82;82;82m▀[38;2;156;156;156m[48;2;123;123;115m▀[38;2;82;82;82m[48;2;82;82;82m▀[38;2;189;189;189m[48;2;156;156;156m▀[38;2;156;156;156m[48;2;189;189;189m▀[38;2;82;82;82m[48;2;82;82;82m▀[38;2;189;189;189m[48;2;123;123;115m▀[48;2;156;156;156m▀[38;2;82;82;82m[48;2;82;82;82m▀[38;2;180;98;57m▀[48;2;180;98;57m▀[38;2;139;74;57m[48;2;255;164;49m▀[38;2;189;189;189m[48;2;139;74;57m▀[38;2;82;82;82m▀[38;2;139;74;57m[48;2;82;82;82m▀[38;2;82;82;82m▀[48;2;49;49;49m▀[38;2;49;49;49m[49m▀[38;2;180;98;57m[48;2;49;49;49m▀[38;2;255;164;49m[48;2;139;74;57m▀[38;2;139;74;57m[48;2;156;156;156m▀[38;2;49;49;49m[48;2;49;49;49m▀[49m    [0m
  [38;2;49;49;49m[48;2;49;49;49m▀[38;2;139;74;57m[48;2;139;74;57m▀[38;2;82;82;82m[48;2;222;131;49m▀[38;2;156;156;156m[48;2;139;74;57m▀[38;2;123;123;115m▀[38;2;156;156;156m[48;2;49;49;49m▀[38;2;49;49;49m[49m▀▀[38;2;82;82;82m[48;2;49;49;49m▀[38;2;123;123;115m[48;2;123;123;115m▀[38;2;82;82;82m▀[48;2;82;82;82m▀[38;2;123;123;115m[48;2;123;123;115m▀[38;2;82;82;82m▀[48;2;82;82;82m▀[38;2;123;123;115m[48;2;123;123;115m▀[38;2;82;82;82m[48;2;82;82;82m▀[38;2;180;98;57m▀[38;2;222;131;49m[48;2;180;98;57m▀[38;2;255;164;49m[48;2;222;131;49m▀[38;2;180;98;57m[48;2;82;82;82m▀[38;2;82;82;82m[48;2;189;189;189m▀[38;2;49;49;49m[48;2;49;49;49m▀[49m [48;2;49;49;49m▀[38;2;123;123;115m[48;2;156;156;156m▀[38;2;156;156;156m▀[38;2;123;123;115m▀[38;2;156;156;156m[48;2;82;82;82m▀[38;2;49;49;49m[48;2;49;49;49m▀[49m▄  [0m
 [38;2;49;49;49m▀[38;2;156;156;156m[48;2;49;49;49m▀▀[38;2;49;49;49m[49m▀▀[38;2;156;156;156m[48;2;49;49;49m▀▀[38;2;49;49;49m[49m▀  ▀▀[38;2;123;123;115m[48;2;49;49;49m▀[38;2;82;82;82m▀[38;2;123;123;115m▀[48;2;123;123;115m▀[38;2;82;82;82m▀[48;2;82;82;82m▀[38;2;189;189;189m[48;2;156;156;156m▀[38;2;82;82;82m[48;2;189;189;189m▀▀[38;2;123;123;115m▀[38;2;189;189;189m[48;2;123;123;115m▀[38;2;49;49;49m▀[49m▄▀[38;2;82;82;82m[48;2;49;49;49m▀[48;2;139;74;57m▀[38;2;222;131;49m▀[38;2;139;74;57m[48;2;49;49;49m▀[38;2;156;156;156m▀▀[38;2;49;49;49m[49m▀ [0m
                [38;2;49;49;49m▀▀▀[38;2;82;82;82m[48;2;49;49;49m▀[38;2;189;189;189m[48;2;123;123;115m▀[48;2;189;189;189m▀[48;2;123;123;115m▀[48;2;139;74;57m▀[38;2;139;74;57m▀[38;2;49;49;49m▀[48;2;49;49;49m▀[38;2;123;123;115m▀▀[38;2;49;49;49m[49m▀     [0m
                  [38;2;49;49;49m▀[38;2;156;156;156m[48;2;49;49;49m▀[38;2;139;74;57m▀[48;2;189;189;189m▀▀[38;2;222;131;49m[48;2;49;49;49m▀[38;2;82;82;82m▀[38;2;189;189;189m▀▀[38;2;49;49;49m[49m▀       [0m
                    [38;2;49;49;49m▀▀▀            [0m
