
        [38;2;0;0;0m▄▄▄         [0m
    [38;2;0;0;0m▄▄[48;2;66;70;90m▀[48;2;124;121;100m▀[38;2;115;115;107m[48;2;115;119;107m▀▀[48;2;115;115;107m▀[38;2;0;0;0m▀▀[49m▄      [0m
  [38;2;0;0;0m▄[48;2;70;70;70m▀[38;2;77;77;71m[48;2;82;78;58m▀[38;2;115;115;107m[48;2;137;126;73m▀[38;2;239;222;119m[48;2;159;134;44m▀[38;2;124;121;100m[48;2;203;178;78m▀[38;2;255;255;255m[48;2;24;99;200m▀[38;2;185;187;181m[48;2;255;255;255m▀[38;2;74;74;74m[48;2;124;121;100m▀[48;2;66;70;90m▀[38;2;77;77;71m[48;2;115;115;107m▀▀[38;2;0;0;0m[48;2;0;0;0m▀[49m     [0m
 [38;2;0;0;0m▄[48;2;66;66;66m▀[38;2;70;70;70m[48;2;74;75;74m▀[38;2;247;222;103m[48;2;197;174;91m▀[48;2;255;222;103m▀[38;2;247;222;111m[48;2;206;181;78m▀[48;2;247;222;111m▀[38;2;24;99;200m[48;2;255;255;191m▀[38;2;255;255;255m[48;2;211;210;152m▀[38;2;239;222;119m[48;2;247;222;111m▀[38;2;124;121;100m▀[38;2;74;74;74m[48;2;74;74;74m▀[38;2;115;115;107m[48;2;115;115;107m▀[38;2;0;0;0m▀[49m▄    [0m
 [38;2;0;0;0m▀[38;2;66;66;66m[48;2;0;0;8m▀[48;2;77;66;34m▀[38;2;82;78;66m[48;2;74;74;74m▀[38;2;255;222;103m[48;2;0;0;0m▀[38;2;247;222;111m[48;2;115;115;107m▀▀[38;2;123;119;75m[48;2;255;231;111m▀[38;2;211;210;152m▀[38;2;247;222;111m[48;2;247;222;111m▀[48;2;0;0;0m▀[38;2;74;74;74m▀[38;2;115;115;107m[48;2;115;115;107m▀[48;2;126;121;78m▀[38;2;0;0;0m[48;2;0;0;16m▀[49m    [0m
  [38;2;0;0;8m▀[38;2;154;132;61m[48;2;0;0;0m▀[38;2;0;0;0m▀[49m ▀▀[38;2;8;8;0m[48;2;0;0;0m▀[38;2;173;157;74m[48;2;231;206;87m▀[38;2;0;0;0m[48;2;247;222;111m▀[49m▄[48;2;74;78;74m▀[38;2;115;115;107m[48;2;195;180;93m▀[38;2;126;121;78m[48;2;247;222;111m▀[38;2;189;181;109m▀[38;2;0;0;0m[48;2;0;0;0m▀[49m   [0m
       [38;2;0;0;0m[48;2;0;0;0m▀[38;2;231;206;87m[48;2;206;181;70m▀[38;2;154;137;58m[48;2;162;145;74m▀[38;2;247;222;111m[48;2;255;231;95m▀[48;2;140;129;70m▀[38;2;255;231;103m[48;2;247;222;111m▀[38;2;74;78;74m▀[38;2;247;222;111m[48;2;74;74;74m▀[38;2;74;74;74m▀[48;2;206;181;94m▀[38;2;0;0;0m[48;2;137;121;65m▀[49m▄ [0m
       [38;2;0;0;0m▀[38;2;74;74;82m[48;2;0;0;0m▀[38;2;118;110;78m▀[38;2;82;78;58m▀[38;2;197;180;83m▀[38;2;247;222;111m[48;2;247;222;119m▀▀[38;2;162;140;66m[48;2;74;74;74m▀[38;2;206;173;62m[48;2;0;0;0m▀[38;2;137;121;65m▀[38;2;0;0;8m[49m▀  [0m
            [38;2;0;0;16m[48;2;0;0;0m▀[38;2;123;111;67m▀[38;2;0;0;0m[49m▀     [0m
                    [0m
