
[38;2;0;0;0m                                                      
[38;2;0;0;0m              [38;2;49;49;49m██[38;2;0;0;0m      [38;2;49;49;49m████[38;2;0;0;0m                            
[38;2;0;0;0m            [38;2;49;49;49m██[38;2;65;106;156m██[38;2;49;49;49m██[38;2;0;0;0m  [38;2;49;49;49m██[38;2;98;139;213m██[38;2;49;49;49m██[38;2;0;0;0m                            
[38;2;0;0;0m            [38;2;49;49;49m██[38;2;65;106;156m██[38;2;82;82;82m██[38;2;49;49;49m██[38;2;98;139;213m████[38;2;49;49;49m██[38;2;0;0;0m                            
[38;2;0;0;0m            [38;2;49;49;49m██[38;2;65;106;156m██[38;2;82;82;82m██[38;2;65;106;156m██[38;2;98;139;213m██████[38;2;49;49;49m██[38;2;0;0;0m                          
[38;2;0;0;0m              [38;2;49;49;49m██[38;2;65;106;156m██[38;2;98;139;213m██[38;2;82;82;82m██[38;2;49;49;49m██████[38;2;0;0;0m                          
[38;2;0;0;0m              [38;2;49;49;49m██[38;2;82;82;82m██[38;2;98;139;213m██[38;2;49;49;49m██[38;2;0;0;0m          [38;2;49;49;49m████[38;2;0;0;0m                  
[38;2;0;0;0m            [38;2;49;49;49m██[38;2;98;139;213m██[38;2;82;82;82m██[38;2;98;139;213m██[38;2;49;49;49m██[38;2;0;0;0m        [38;2;49;49;49m██[38;2;98;139;213m██[38;2;139;180;230m██[38;2;49;49;49m██[38;2;0;0;0m                
[38;2;0;0;0m            [38;2;49;49;49m██[38;2;98;139;213m██[38;2;82;82;82m██[38;2;98;139;213m████[38;2;49;49;49m██████[38;2;0;0;0m  [38;2;49;49;49m██[38;2;98;139;213m████[38;2;49;49;49m██[38;2;0;0;0m                
[38;2;0;0;0m              [38;2;49;49;49m██[38;2;82;82;82m██[38;2;98;139;213m████[38;2;82;82;82m██[38;2;98;139;213m████[38;2;49;49;49m██[38;2;98;139;213m██[38;2;82;82;82m██[38;2;49;49;49m██[38;2;0;0;0m                  
[38;2;0;0;0m              [38;2;49;49;49m██[38;2;82;82;82m██[38;2;98;139;213m████████[38;2;65;106;156m██[38;2;98;139;213m██[38;2;82;82;82m██[38;2;49;49;49m██[38;2;0;0;0m                    
[38;2;0;0;0m          [38;2;49;49;49m████[38;2;82;82;82m██[38;2;222;189;41m██[38;2;82;82;82m██[38;2;98;139;213m██████[38;2;222;189;41m██[38;2;98;139;213m██[38;2;65;106;156m██[38;2;98;139;213m██[38;2;49;49;49m██[38;2;0;0;0m                  
[38;2;0;0;0m        [38;2;49;49;49m██[38;2;65;106;156m████[38;2;82;82;82m██[38;2;222;189;41m██[38;2;49;49;49m██[38;2;98;139;213m██████[38;2;82;82;82m██[38;2;246;246;41m██[38;2;98;139;213m████[38;2;82;82;82m██[38;2;49;49;49m████[38;2;0;0;0m              
[38;2;0;0;0m        [38;2;49;49;49m██[38;2;82;82;82m██[38;2;65;106;156m██[38;2;82;82;82m██[38;2;65;106;156m██[38;2;98;139;213m██████[38;2;222;189;41m██[38;2;49;49;49m██[38;2;246;246;41m██[38;2;98;139;213m██[38;2;82;82;82m██[38;2;65;106;156m██[38;2;139;180;230m██[38;2;65;106;156m██[38;2;49;49;49m██[38;2;0;0;0m            
[38;2;0;0;0m    [38;2;49;49;49m████[38;2;65;106;156m████[38;2;49;49;49m██████[38;2;65;106;156m████[38;2;98;139;213m██[38;2;65;106;156m██[38;2;246;246;41m██[38;2;98;139;213m████[38;2;82;82;82m██[38;2;98;139;213m██████[38;2;49;49;49m██[38;2;0;0;0m            
[38;2;0;0;0m  [38;2;49;49;49m██[38;2;65;106;156m██████[38;2;49;49;49m██[38;2;0;0;0m    [38;2;49;49;49m██[38;2;98;139;213m████[38;2;65;106;156m██[38;2;98;139;213m████████[38;2;82;82;82m████[38;2;98;139;213m██[38;2;65;106;156m██[38;2;98;139;213m██[38;2;49;49;49m████[38;2;0;0;0m        
[38;2;0;0;0m  [38;2;49;49;49m██[38;2;213;213;213m██[38;2;49;49;49m████[38;2;0;0;0m        [38;2;49;49;49m██[38;2;98;139;213m████████[38;2;82;82;82m████[38;2;98;139;213m████[38;2;82;82;82m██[38;2;49;49;49m██[38;2;82;82;82m██[38;2;98;139;213m████[38;2;49;49;49m██[38;2;0;0;0m      
[38;2;0;0;0m  [38;2;49;49;49m████[38;2;0;0;0m          [38;2;49;49;49m████[38;2;82;82;82m████████[38;2;98;139;213m████████[38;2;49;49;49m██[38;2;0;0;0m  [38;2;49;49;49m██[38;2;98;139;213m████[38;2;139;180;230m██[38;2;49;49;49m██[38;2;0;0;0m    
[38;2;0;0;0m              [38;2;49;49;49m██[38;2;65;106;156m██[38;2;82;82;82m██[38;2;65;106;156m██[38;2;98;139;213m████[38;2;65;106;156m██[38;2;98;139;213m████[38;2;82;82;82m████[38;2;49;49;49m██[38;2;0;0;0m    [38;2;49;49;49m██[38;2;98;139;213m████[38;2;49;49;49m██[38;2;0;0;0m    
[38;2;0;0;0m              [38;2;49;49;49m██[38;2;65;106;156m████[38;2;82;82;82m██[38;2;98;139;213m████[38;2;65;106;156m██[38;2;98;139;213m██[38;2;82;82;82m██[38;2;65;106;156m██[38;2;98;139;213m██[38;2;82;82;82m██[38;2;49;49;49m██[38;2;0;0;0m  [38;2;49;49;49m██[38;2;65;106;156m██[38;2;98;139;213m██[38;2;49;49;49m██[38;2;0;0;0m    
[38;2;0;0;0m                [38;2;49;49;49m██[38;2;65;106;156m████[38;2;49;49;49m██[38;2;98;139;213m████[38;2;65;106;156m██[38;2;82;82;82m██[38;2;98;139;213m██████[38;2;49;49;49m██[38;2;0;0;0m  [38;2;49;49;49m██[38;2;255;255;255m██[38;2;49;49;49m██[38;2;255;255;255m██[38;2;49;49;49m██[38;2;0;0;0m  
[38;2;0;0;0m              [38;2;49;49;49m██[38;2;213;213;213m██[38;2;49;49;49m████[38;2;0;0;0m  [38;2;49;49;49m████████[38;2;65;106;156m██[38;2;98;139;213m██[38;2;65;106;156m██[38;2;49;49;49m██[38;2;0;0;0m    [38;2;49;49;49m██[38;2;0;0;0m  [38;2;49;49;49m████[38;2;0;0;0m  
[38;2;0;0;0m                [38;2;49;49;49m████[38;2;0;0;0m            [38;2;49;49;49m██[38;2;65;106;156m██[38;2;49;49;49m██[38;2;0;0;0m                
[38;2;0;0;0m                              [38;2;49;49;49m██[38;2;98;139;213m██[38;2;255;255;255m██[38;2;98;139;213m██[38;2;49;49;49m██[38;2;0;0;0m              
[38;2;0;0;0m                                [38;2;49;49;49m██████[38;2;0;0;0m                
[38;2;0;0;0m                                                      [0m
