
[38;2;0;0;0m                                              
[38;2;0;0;0m          [38;2;49;49;49m██[38;2;0;0;0m                                  
[38;2;0;0;0m        [38;2;49;49;49m██[38;2;197;123;74m██[38;2;49;49;49m██[38;2;0;0;0m                                
[38;2;0;0;0m        [38;2;49;49;49m██[38;2;197;123;74m██[38;2;49;49;49m██[38;2;0;0;0m                                
[38;2;0;0;0m      [38;2;49;49;49m██[38;2;197;123;74m██████[38;2;49;49;49m██[38;2;0;0;0m                              
[38;2;0;0;0m      [38;2;49;49;49m██[38;2;139;82;49m██[38;2;197;123;74m██[38;2;82;82;82m██[38;2;49;49;49m██[38;2;0;0;0m          [38;2;49;49;49m██████[38;2;0;0;0m              
[38;2;0;0;0m  [38;2;49;49;49m████[38;2;139;82;49m████[38;2;82;82;82m██[38;2;238;213;139m██[38;2;49;49;49m██[38;2;0;0;0m      [38;2;49;49;49m████[38;2;197;123;74m████[38;2;49;49;49m██[38;2;0;0;0m      [38;2;49;49;49m██[38;2;0;0;0m      
[38;2;0;0;0m  [38;2;49;49;49m██[38;2;238;213;139m██[38;2;82;82;82m██[38;2;139;82;49m██[38;2;238;213;139m████[38;2;139;82;49m██[38;2;49;49;49m██[38;2;0;0;0m  [38;2;49;49;49m██[38;2;197;123;74m██████[38;2;49;49;49m██[38;2;0;0;0m      [38;2;49;49;49m██[38;2;115;139;172m██[38;2;49;49;49m██[38;2;0;0;0m    
[38;2;0;0;0m  [38;2;49;49;49m██[38;2;238;213;139m██[38;2;197;164;115m██[38;2;82;82;82m██[38;2;238;213;139m████[38;2;139;82;49m████[38;2;49;49;49m██[38;2;197;123;74m██[38;2;139;82;49m████[38;2;49;49;49m██[38;2;0;0;0m        [38;2;49;49;49m██[38;2;115;139;172m██[38;2;49;49;49m██[38;2;0;0;0m    
[38;2;0;0;0m  [38;2;49;49;49m██[38;2;238;213;139m██[38;2;197;164;115m██[38;2;238;213;139m████[38;2;139;82;49m██[38;2;238;213;139m██████[38;2;82;82;82m██[38;2;139;82;49m████[38;2;197;123;74m██[38;2;49;49;49m██[38;2;0;0;0m    [38;2;49;49;49m██[38;2;115;139;172m██[38;2;98;115;156m██[38;2;49;49;49m██[38;2;0;0;0m    
[38;2;0;0;0m    [38;2;49;49;49m██[38;2;238;213;139m██████████[38;2;197;164;115m██[38;2;82;82;82m██[38;2;139;82;49m████[38;2;197;123;74m██[38;2;49;49;49m██[38;2;0;0;0m      [38;2;49;49;49m██[38;2;115;139;172m██[38;2;98;115;156m████[38;2;49;49;49m██[38;2;0;0;0m  
[38;2;0;0;0m    [38;2;49;49;49m██[38;2;197;164;115m██[38;2;238;213;139m██████[38;2;123;123;123m██[38;2;82;82;82m██[38;2;197;123;74m██[38;2;139;82;49m████[38;2;49;49;49m██[38;2;0;0;0m  [38;2;49;49;49m██████[38;2;82;82;82m██[38;2;98;115;156m████[38;2;49;49;49m██[38;2;0;0;0m    
[38;2;0;0;0m  [38;2;49;49;49m██[38;2;123;123;123m██[38;2;82;82;82m██[38;2;197;164;115m████[38;2;123;123;123m██[38;2;255;255;255m██[38;2;197;123;74m██████████[38;2;49;49;49m██[38;2;115;139;172m██████[38;2;98;115;156m██[38;2;82;82;82m██[38;2;49;49;49m██[38;2;0;0;0m      
[38;2;0;0;0m  [38;2;49;49;49m████[38;2;82;82;82m██[38;2;238;213;139m██[38;2;197;164;115m██[38;2;49;49;49m██[38;2;255;255;255m██[38;2;197;123;74m██████[38;2;139;82;49m██[38;2;82;82;82m██[38;2;115;139;172m████████[38;2;98;115;156m██████[38;2;49;49;49m██[38;2;0;0;0m    
[38;2;0;0;0m  [38;2;49;49;49m██[38;2;238;213;139m██████████[38;2;197;164;115m██[38;2;139;82;49m████[38;2;197;123;74m████[38;2;82;82;82m██[38;2;115;139;172m████[38;2;98;115;156m██████[38;2;82;82;82m██[38;2;98;115;156m████[38;2;49;49;49m██[38;2;0;0;0m  
[38;2;0;0;0m  [38;2;49;49;49m██[38;2;238;213;139m██[38;2;49;49;49m████[38;2;238;213;139m████████[38;2;197;164;115m██[38;2;82;82;82m████[38;2;98;115;156m██████████████[38;2;82;82;82m██[38;2;49;49;49m████[38;2;0;0;0m  
[38;2;0;0;0m    [38;2;49;49;49m██[38;2;0;0;0m    [38;2;49;49;49m██[38;2;238;213;139m██[38;2;82;82;82m██[38;2;238;213;139m████[38;2;82;82;82m██[38;2;98;115;156m██████████[38;2;82;82;82m██[38;2;98;115;156m██████[38;2;49;49;49m██[38;2;0;0;0m    
[38;2;0;0;0m        [38;2;49;49;49m██[38;2;197;123;74m██[38;2;82;82;82m██[38;2;197;123;74m██[38;2;82;82;82m██[38;2;238;213;139m██[38;2;139;82;49m██[38;2;82;82;82m██[38;2;98;115;156m████[38;2;82;82;82m██[38;2;98;115;156m████[38;2;82;82;82m████[38;2;49;49;49m██[38;2;0;0;0m      
[38;2;0;0;0m        [38;2;49;49;49m██[38;2;197;123;74m████[38;2;49;49;49m████[38;2;139;82;49m██[38;2;197;123;74m████[38;2;82;82;82m██[38;2;98;115;156m████[38;2;49;49;49m████[38;2;197;123;74m████[38;2;49;49;49m██[38;2;0;0;0m      
[38;2;0;0;0m      [38;2;49;49;49m██[38;2;197;123;74m████[38;2;49;49;49m██[38;2;0;0;0m    [38;2;49;49;49m██[38;2;197;123;74m████[38;2;139;82;49m██[38;2;49;49;49m██████[38;2;0;0;0m  [38;2;49;49;49m██[38;2;197;123;74m██[38;2;49;49;49m██[38;2;0;0;0m      
[38;2;0;0;0m        [38;2;49;49;49m████[38;2;0;0;0m        [38;2;49;49;49m██[38;2;197;123;74m██[38;2;49;49;49m██[38;2;0;0;0m        [38;2;49;49;49m████[38;2;0;0;0m        
[38;2;0;0;0m                  [38;2;49;49;49m██[38;2;197;123;74m████[38;2;49;49;49m██[38;2;0;0;0m                    
[38;2;0;0;0m                    [38;2;49;49;49m████[38;2;0;0;0m                      
[38;2;0;0;0m                                              [0m
