
         [38;2;0;0;0m▄▄▄              [0m
       [38;2;0;0;0m▄[48;2;132;90;68m▀[38;2;107;82;67m[48;2;255;255;255m▀[48;2;107;82;67m▀[38;2;0;0;8m[48;2;77;63;50m▀[48;2;154;126;93m▀[38;2;0;0;0m[48;2;156;123;84m▀[49m▄           [0m
       [38;2;8;0;0m[48;2;8;0;0m▀[38;2;214;189;166m[48;2;111;94;83m▀[38;2;0;0;8m[48;2;198;189;174m▀[38;2;66;63;63m[48;2;66;63;63m▀[38;2;107;96;86m[48;2;181;175;170m▀[38;2;255;255;255m[48;2;33;16;1m▀[38;2;205;189;169m[48;2;255;255;255m▀[38;2;156;123;84m[48;2;156;123;84m▀[38;2;0;0;0m[48;2;0;0;0m▀[49m ▄▄▄      [0m
     [38;2;0;0;0m▄▄▄[48;2;66;66;66m▀[38;2;126;97;73m[48;2;66;61;66m▀[48;2;156;115;76m▀[38;2;156;123;84m[48;2;156;123;84m▀[38;2;255;255;255m▀[38;2;198;189;166m[48;2;132;90;60m▀[38;2;132;90;60m[48;2;154;123;95m▀[38;2;74;63;54m[48;2;148;127;92m▀[38;2;0;0;16m[48;2;74;63;54m▀[38;2;157;123;85m[48;2;132;90;68m▀▀[38;2;137;110;73m[48;2;137;110;73m▀[38;2;0;0;0m[48;2;206;165;110m▀[49m▄ ▄  [0m
  [38;2;0;0;0m▄[48;2;231;214;143m▀▀[38;2;231;217;143m[48;2;231;217;143m▀▀▀▀[38;2;231;214;143m[48;2;231;214;143m▀[38;2;66;66;66m▀▀[38;2;231;214;143m[48;2;66;66;66m▀[48;2;231;214;143m▀[38;2;66;66;66m[48;2;66;66;66m▀[38;2;74;70;66m[48;2;189;171;112m▀[38;2;247;222;135m▀[38;2;231;214;143m[48;2;231;214;143m▀[48;2;156;123;84m▀[38;2;156;126;84m[48;2;156;126;84m▀▀[38;2;206;181;118m[48;2;137;122;84m▀[38;2;0;4;16m[48;2;69;63;50m▀[38;2;198;173;110m[48;2;198;173;110m▀[38;2;0;0;0m[48;2;0;0;0m▀[49m [0m
 [38;2;0;0;0m[48;2;0;0;0m▀[38;2;66;66;66m[48;2;66;66;66m▀[38;2;156;123;84m[48;2;156;123;84m▀[38;2;231;214;143m[48;2;231;214;143m▀[38;2;231;217;143m[48;2;231;217;143m▀▀[38;2;231;214;143m[48;2;156;123;84m▀▀▀[48;2;231;214;143m▀[38;2;231;217;143m[48;2;231;217;143m▀▀▀▀[38;2;66;66;66m[48;2;66;66;66m▀[38;2;198;173;110m[48;2;198;173;110m▀▀[38;2;156;123;84m▀[48;2;231;214;143m▀[38;2;231;214;143m▀[38;2;156;123;84m▀[38;2;231;214;143m▀[38;2;0;0;0m[48;2;0;0;0m▀[49m  [0m
 [38;2;0;0;8m[48;2;0;0;8m▀[38;2;77;63;50m[48;2;154;126;93m▀[38;2;156;123;84m[48;2;156;123;84m▀[38;2;231;214;143m[48;2;231;214;143m▀▀[38;2;148;137;100m[48;2;66;61;58m▀[38;2;66;66;66m[48;2;66;66;66m▀▀[38;2;156;123;84m▀[48;2;156;123;84m▀[38;2;231;217;143m[48;2;231;217;143m▀▀▀▀[38;2;156;126;84m[48;2;156;126;84m▀▀[38;2;159;126;82m[48;2;231;214;143m▀[38;2;195;170;112m[48;2;195;170;112m▀[38;2;192;171;117m[48;2;82;70;66m▀[38;2;247;222;143m[48;2;137;121;92m▀[38;2;198;176;110m[48;2;198;176;110m▀▀[38;2;0;0;0m[48;2;0;0;0m▀[49m  [0m
  [38;2;0;0;0m▀[38;2;231;214;143m[48;2;0;0;0m▀[48;2;231;214;143m▀▀[38;2;66;66;66m▀[48;2;66;66;66m▀▀[38;2;66;57;58m[48;2;152;131;96m▀[38;2;152;131;96m[48;2;239;206;135m▀[38;2;231;217;143m[48;2;231;217;143m▀▀[38;2;239;214;143m[48;2;239;214;143m▀[38;2;184;166;117m[48;2;74;70;66m▀[38;2;198;173;110m[48;2;198;173;110m▀[38;2;231;214;143m▀[48;2;231;214;143m▀[38;2;77;71;53m[48;2;0;0;8m▀[38;2;154;137;90m[48;2;0;0;0m▀[48;2;231;206;135m▀[38;2;231;214;143m[48;2;231;214;143m▀[38;2;0;0;0m[48;2;0;0;0m▀[49m   [0m
    [38;2;0;0;0m▀▀[38;2;231;214;143m[48;2;0;0;0m▀▀▀▀▀▀[38;2;0;0;0m[49m▀[48;2;0;0;0m▀[38;2;231;214;143m[48;2;231;214;143m▀[38;2;214;193;154m[48;2;173;132;69m▀[48;2;255;255;239m▀[38;2;231;214;143m[48;2;0;0;0m▀[38;2;0;0;0m[49m▀ ▀▀    [0m
              [38;2;0;0;0m▀▀▀         [0m
