
             [38;2;0;4;0m▄▄▄▄▄            [0m
          [38;2;0;4;0m▄[48;2;206;173;150m▀▀[38;2;225;187;158m[48;2;225;187;158m▀▀▀▀[38;2;198;165;142m[48;2;198;165;142m▀[38;2;0;4;0m▀[48;2;189;156;141m▀[49m▄         [0m
        [38;2;0;4;0m▄[38;2;8;8;0m[48;2;98;82;70m▀[38;2;189;156;141m[48;2;189;156;141m▀[38;2;189;158;138m[48;2;189;158;138m▀▀[38;2;222;189;158m[48;2;189;160;137m▀▀[48;2;222;189;158m▀[48;2;189;160;137m▀[38;2;189;160;137m[48;2;222;189;158m▀[38;2;222;189;158m[48;2;189;160;137m▀[38;2;189;160;137m[48;2;222;189;158m▀[48;2;189;160;137m▀[38;2;0;4;0m[48;2;189;156;141m▀[49m▄       [0m
      [38;2;0;4;0m▄[38;2;8;8;0m[48;2;148;127;108m▀[38;2;101;87;72m[48;2;101;87;72m▀[38;2;192;159;139m[48;2;66;66;66m▀[48;2;192;159;139m▀[38;2;189;158;138m[48;2;189;158;138m▀▀▀▀[38;2;189;160;137m[48;2;189;160;137m▀[38;2;222;189;158m▀[38;2;189;160;137m▀[38;2;222;189;158m▀[38;2;189;158;138m[48;2;189;158;138m▀▀[38;2;189;156;141m[48;2;189;156;141m▀[38;2;0;4;0m▀[49m▄      [0m
      [38;2;0;4;0m[48;2;0;4;0m▀[38;2;140;115;112m[48;2;140;115;112m▀[38;2;66;66;66m[48;2;66;66;66m▀[38;2;80;77;72m[48;2;239;231;215m▀[38;2;159;154;143m[48;2;0;0;0m▀[38;2;189;158;138m[48;2;189;158;138m▀▀▀▀▀▀[38;2;192;159;139m[48;2;192;159;139m▀[48;2;66;66;66m▀▀[48;2;192;159;139m▀[38;2;192;157;136m[48;2;192;157;136m▀[48;2;115;94;75m▀[38;2;98;82;70m[48;2;189;156;141m▀[38;2;8;8;0m▀[38;2;0;4;0m[49m▄    [0m
      [38;2;0;4;0m▀[38;2;137;118;116m[48;2;0;8;0m▀[38;2;69;63;58m[48;2;137;118;116m▀[38;2;222;222;214m[48;2;74;74;71m▀[38;2;0;0;0m[48;2;222;222;214m▀[38;2;66;66;66m[48;2;66;66;66m▀[38;2;192;159;139m[48;2;192;159;139m▀[38;2;189;158;137m[48;2;189;158;137m▀[48;2;255;255;255m▀[38;2;0;4;0m[48;2;0;4;0m▀[38;2;255;255;255m[48;2;255;255;255m▀[38;2;66;66;66m[48;2;82;80;69m▀[38;2;82;80;69m▀[38;2;66;66;66m[48;2;66;66;66m▀[38;2;192;159;139m[48;2;192;159;139m▀[38;2;189;158;138m[48;2;189;158;138m▀▀[38;2;225;187;158m[48;2;225;187;158m▀▀[38;2;189;156;141m[48;2;189;156;141m▀[38;2;0;4;0m[48;2;0;4;0m▀[49m   [0m
   [38;2;0;4;0m▄▄   [48;2;0;4;0m▀[38;2;66;66;66m[48;2;148;126;116m▀[38;2;189;156;141m[48;2;66;66;66m▀[38;2;189;158;138m[48;2;189;158;138m▀▀[38;2;192;159;139m[48;2;192;159;139m▀[38;2;82;82;66m▀[38;2;255;255;239m[48;2;172;164;148m▀[38;2;90;74;58m▀[38;2;74;74;66m[48;2;189;157;139m▀▀[38;2;189;158;138m[48;2;189;158;138m▀▀[38;2;192;159;139m[48;2;192;159;139m▀[48;2;66;66;66m▀[38;2;189;158;138m[48;2;189;158;138m▀▀[38;2;198;165;150m[48;2;132;113;103m▀[38;2;0;8;8m▀[38;2;0;4;0m[49m▄  [0m
 [38;2;0;4;0m▄[48;2;255;255;255m▀[38;2;74;78;82m[48;2;74;78;82m▀[38;2;255;255;255m[48;2;255;255;255m▀[38;2;0;4;8m[48;2;85;88;90m▀[48;2;255;255;255m▀[38;2;0;4;0m[49m▄ [48;2;0;4;0m▀[38;2;206;181;150m[48;2;206;181;150m▀[38;2;66;66;66m[48;2;66;66;66m▀[38;2;192;159;139m▀[38;2;66;66;66m[48;2;129;129;105m▀[48;2;255;255;183m▀[38;2;192;159;139m[48;2;66;66;66m▀▀[38;2;189;158;138m[48;2;189;158;138m▀▀▀▀[38;2;140;118;113m[48;2;140;118;113m▀▀[38;2;69;60;58m[48;2;0;4;0m▀[38;2;137;117;116m▀[38;2;140;118;113m[48;2;140;118;113m▀▀[38;2;0;4;0m[48;2;0;4;0m▀[49m  [0m
 [38;2;0;4;0m▀[38;2;255;255;255m[48;2;0;4;0m▀[38;2;79;90;103m[48;2;140;115;116m▀▀[38;2;82;82;90m[48;2;140;137;142m▀[38;2;255;247;247m[48;2;82;82;90m▀[38;2;94;82;78m[48;2;189;156;141m▀[38;2;0;8;16m▀[38;2;0;0;0m[48;2;82;82;61m▀[38;2;82;82;61m[48;2;247;247;183m▀[38;2;131;133;103m[48;2;255;255;183m▀[38;2;255;255;183m[48;2;131;133;103m▀[48;2;255;255;183m▀[38;2;131;133;103m[48;2;131;133;103m▀[38;2;255;255;183m[48;2;255;255;183m▀[38;2;131;133;103m[48;2;131;133;103m▀[38;2;66;66;66m[48;2;198;173;142m▀[38;2;198;173;142m[48;2;66;66;66m▀[38;2;140;115;113m[48;2;189;157;136m▀[48;2;140;115;113m▀[38;2;140;115;116m[48;2;140;115;116m▀[38;2;0;4;0m[48;2;0;4;0m▀[49m ▄[38;2;16;8;8m[48;2;255;255;199m▀[38;2;96;90;72m[48;2;175;173;135m▀[38;2;148;123;116m[48;2;99;85;77m▀[38;2;0;8;0m[48;2;0;8;0m▀[49m [0m
  [38;2;0;4;0m▀[38;2;140;115;116m[48;2;0;4;0m▀[48;2;140;115;116m▀[48;2;79;90;103m▀▀[38;2;140;115;113m[48;2;140;115;113m▀[38;2;189;157;136m[48;2;189;157;136m▀[38;2;79;90;103m[48;2;189;156;133m▀[38;2;134;123;118m[48;2;79;90;103m▀[38;2;255;255;183m[48;2;255;255;183m▀[38;2;127;131;95m[48;2;0;8;8m▀[38;2;69;63;63m▀[48;2;137;118;119m▀[38;2;206;181;150m[48;2;66;70;66m▀[38;2;136;125;108m[48;2;206;181;150m▀[38;2;206;181;150m[48;2;66;66;66m▀[38;2;66;66;66m▀[38;2;189;157;136m[48;2;140;115;113m▀[38;2;140;115;113m▀[38;2;148;126;116m[48;2;66;66;66m▀[38;2;66;66;66m[48;2;189;156;141m▀[38;2;0;0;0m[48;2;170;154;122m▀[38;2;255;231;183m▀[38;2;173;173;130m[48;2;255;255;191m▀[38;2;255;255;191m[48;2;8;8;8m▀[38;2;0;4;0m[49m▀  [0m
   [38;2;0;4;0m▀[38;2;78;88;106m[48;2;0;4;0m▀[38;2;255;239;63m[48;2;82;90;98m▀[48;2;197;189;75m▀[38;2;82;90;106m[48;2;198;181;70m▀[38;2;121;120;94m[48;2;82;90;106m▀[38;2;189;156;141m[48;2;189;156;141m▀[38;2;94;82;78m[48;2;0;8;16m▀[38;2;0;4;0m[49m▀ ▄[48;2;78;88;106m▀[38;2;66;70;74m[48;2;91;86;88m▀[48;2;140;119;116m▀[38;2;66;66;66m[48;2;140;115;112m▀[38;2;140;115;112m▀[38;2;137;117;116m[48;2;0;4;0m▀[38;2;69;60;58m▀[38;2;192;157;136m[48;2;115;94;75m▀[38;2;115;94;75m[48;2;192;157;136m▀[38;2;192;157;136m[48;2;115;94;75m▀[48;2;192;157;136m▀[38;2;0;4;0m[48;2;0;4;0m▀[49m    [0m
     [38;2;0;4;0m▀[38;2;78;88;106m[48;2;0;4;0m▀[38;2;88;85;83m[48;2;0;8;0m▀[38;2;132;123;124m▀[38;2;0;4;0m[49m▀  [48;2;0;4;0m▀[38;2;203;181;153m[48;2;132;132;108m▀▀[38;2;206;189;158m[48;2;137;131;113m▀[38;2;69;74;69m[48;2;0;16;24m▀[38;2;0;4;0m[49m▀▀  ▀[38;2;189;156;141m[48;2;0;4;0m▀[38;2;0;4;0m[49m▀[38;2;111;92;75m[48;2;0;4;0m▀[38;2;189;156;141m▀[38;2;0;4;0m[49m▀   [0m
             [38;2;0;4;0m▀[38;2;206;181;150m[48;2;0;4;0m▀[48;2;79;90;103m▀▀[38;2;0;4;16m[48;2;94;92;54m▀[48;2;189;181;93m▀[38;2;0;4;0m[49m▄          [0m
           [38;2;0;4;0m▄[48;2;222;222;222m▀[38;2;0;0;0m[48;2;111;111;111m▀[38;2;111;111;111m[48;2;222;222;222m▀[38;2;140;115;116m[48;2;79;90;103m▀[48;2;140;115;116m▀[38;2;71;71;61m[48;2;135;126;81m▀[38;2;198;181;102m[48;2;8;16;40m▀[38;2;0;4;0m[49m▀          [0m
            [38;2;0;4;0m▀[38;2;222;231;222m[48;2;0;8;8m▀[38;2;74;82;79m▀[38;2;222;231;222m▀[38;2;74;82;79m▀[38;2;140;115;116m[48;2;0;4;0m▀[38;2;0;4;0m[49m▀           [0m
                              [0m
