
                 [38;2;0;0;0m▄▄                 [0m
               [38;2;0;0;0m▄[48;2;66;66;66m▀[38;2;211;181;155m[48;2;211;181;155m▀▀[38;2;0;0;0m[48;2;0;0;0m▀[49m  ▄▄            [0m
              [38;2;0;0;0m[48;2;0;0;0m▀[38;2;181;151;141m[48;2;181;151;141m▀[38;2;140;96;92m[48;2;140;96;92m▀[38;2;211;181;155m[48;2;211;181;155m▀▀[38;2;0;0;0m[48;2;0;0;0m▀[49m [48;2;0;0;0m▀[38;2;214;181;158m[48;2;214;181;158m▀▀[38;2;0;0;0m[48;2;0;0;0m▀[49m           [0m
             [38;2;0;0;0m[48;2;0;0;0m▀[38;2;181;148;141m[48;2;181;148;141m▀[38;2;140;94;92m[48;2;140;94;92m▀[38;2;211;179;158m[48;2;211;179;158m▀[38;2;211;181;155m[48;2;211;181;155m▀▀[38;2;140;99;92m[48;2;140;99;92m▀[38;2;0;8;8m[48;2;70;53;50m▀[38;2;140;94;92m[48;2;211;179;158m▀[38;2;211;179;158m▀[38;2;214;181;158m[48;2;214;181;158m▀[38;2;0;0;0m[48;2;0;0;0m▀[49m▄[48;2;181;148;141m▀▀[49m▄       [0m
             [38;2;0;0;0m[48;2;0;0;0m▀[38;2;181;148;141m[48;2;181;148;141m▀[38;2;140;94;92m[48;2;140;94;92m▀[38;2;211;179;158m[48;2;211;179;158m▀[38;2;211;181;155m[48;2;211;181;155m▀▀[38;2;129;98;94m[48;2;129;98;94m▀[38;2;82;61;66m[48;2;222;173;150m▀[38;2;211;181;155m[48;2;211;181;155m▀▀[38;2;0;0;0m[48;2;0;0;0m▀[49m▄[48;2;181;148;141m▀[38;2;181;148;141m▀[48;2;0;0;0m▀[38;2;0;0;0m[49m▀       [0m
            [38;2;0;0;0m[48;2;0;0;0m▀[38;2;184;152;136m[48;2;184;152;136m▀[38;2;140;94;92m[48;2;206;181;158m▀[38;2;211;181;155m[48;2;211;181;155m▀▀▀▀[38;2;181;148;141m[48;2;210;177;158m▀[38;2;210;177;158m▀[38;2;211;181;155m[48;2;211;181;155m▀▀[38;2;66;66;66m[48;2;181;148;139m▀[38;2;181;148;139m▀[38;2;181;148;141m[48;2;181;148;141m▀[48;2;0;0;0m▀[38;2;0;0;0m[49m▀        [0m
         [38;2;0;0;0m▄[48;2;181;148;141m▀[38;2;0;8;16m[48;2;181;156;149m▀[38;2;60;57;60m[48;2;60;57;60m▀[38;2;211;181;155m[48;2;211;181;155m▀▀▀▀▀▀▀▀[38;2;214;181;158m[48;2;90;94;106m▀[38;2;173;152;141m[48;2;173;152;141m▀[38;2;181;148;141m[48;2;181;148;141m▀▀[48;2;0;0;0m▀[38;2;0;0;0m[49m▀         [0m
         [38;2;0;0;0m▀[38;2;181;148;141m[48;2;0;0;0m▀[38;2;181;148;139m[48;2;181;148;139m▀[38;2;66;66;66m[48;2;66;66;66m▀[38;2;211;181;155m[48;2;211;181;155m▀▀▀▀[38;2;214;181;158m[48;2;214;181;158m▀[48;2;66;66;66m▀[38;2;173;174;173m[48;2;90;93;98m▀[38;2;90;93;98m[48;2;255;255;247m▀[38;2;140;96;92m[48;2;140;96;92m▀[38;2;181;151;141m[48;2;181;151;141m▀[38;2;181;148;139m[48;2;181;148;139m▀[48;2;66;66;66m▀[38;2;60;60;74m[48;2;165;165;221m▀[38;2;8;8;0m[48;2;60;60;74m▀[38;2;0;0;0m[49m▄▄       [0m
   [38;2;0;0;0m▄▄[38;2;0;0;8m[48;2;255;99;95m▀[48;2;170;66;66m▀[38;2;0;0;0m[48;2;189;61;93m▀[49m▄▄ ▀[38;2;66;66;66m[48;2;0;0;0m▀[38;2;214;181;158m[48;2;66;66;66m▀[48;2;214;181;158m▀[38;2;210;177;158m[48;2;210;177;158m▀[48;2;181;148;141m▀[38;2;247;255;247m[48;2;0;0;0m▀[38;2;0;0;0m[48;2;82;85;82m▀[38;2;255;255;255m[48;2;255;255;255m▀▀[38;2;140;96;92m[48;2;181;151;141m▀[38;2;181;151;141m▀[38;2;181;148;139m[48;2;66;66;66m▀[38;2;66;66;66m[48;2;181;148;139m▀▀[38;2;181;148;139m▀[38;2;181;148;141m[48;2;210;177;158m▀[38;2;210;177;158m▀[38;2;0;0;0m[48;2;214;181;158m▀▀▀[49m▄▄  [0m
 [38;2;0;0;0m▄[48;2;189;61;93m▀[38;2;189;62;96m[48;2;255;103;71m▀[38;2;255;103;71m▀[38;2;252;101;74m[48;2;252;101;74m▀▀[38;2;66;66;66m[48;2;189;61;93m▀[38;2;189;61;93m[48;2;66;66;66m▀[48;2;189;61;93m▀[38;2;0;0;0m▀[48;2;66;66;66m▀[49m▄[38;2;0;8;8m[48;2;181;148;141m▀[38;2;181;148;141m[48;2;60;55;52m▀[38;2;181;151;141m[48;2;181;151;141m▀[48;2;140;96;92m▀▀▀[38;2;181;148;141m[48;2;181;148;141m▀▀[38;2;198;123;134m[48;2;74;57;66m▀[38;2;74;57;66m[48;2;157;101;111m▀[38;2;66;66;66m[48;2;255;103;71m▀▀[38;2;74;53;66m[48;2;152;104;108m▀[38;2;231;156;151m[48;2;74;53;66m▀[38;2;211;181;155m[48;2;211;181;155m▀▀▀▀[38;2;214;181;158m[48;2;66;66;66m▀▀[48;2;71;60;53m▀[38;2;0;0;0m[48;2;0;0;0m▀[49m [0m
 [38;2;0;0;0m[48;2;0;0;0m▀[38;2;255;103;71m[48;2;255;103;71m▀[38;2;252;101;74m[48;2;252;101;74m▀▀[38;2;255;103;71m[48;2;189;62;96m▀[38;2;189;62;96m▀[38;2;192;80;80m[48;2;66;61;66m▀[38;2;66;61;66m[48;2;255;90;87m▀[38;2;255;99;87m[48;2;255;99;87m▀[38;2;173;66;61m[48;2;8;0;8m▀[38;2;60;55;52m[48;2;181;148;141m▀[38;2;181;148;141m[48;2;0;8;8m▀[48;2;0;0;0m▀[38;2;0;0;0m[49m▀▀[38;2;66;66;66m[48;2;0;0;0m▀[38;2;181;148;141m[48;2;0;8;8m▀[48;2;60;55;52m▀[38;2;143;75;89m[48;2;66;70;66m▀[38;2;66;70;66m[48;2;181;78;101m▀[38;2;189;62;96m[48;2;255;103;71m▀[38;2;255;103;71m▀[38;2;252;101;74m[48;2;252;101;74m▀▀[38;2;255;103;71m[48;2;255;103;71m▀[38;2;189;62;96m[48;2;189;62;96m▀[38;2;66;66;66m[48;2;66;66;66m▀[38;2;214;181;158m▀[38;2;69;63;58m[48;2;206;181;158m▀[48;2;0;4;8m▀[38;2;137;93;89m[48;2;0;0;0m▀▀[38;2;0;0;0m[49m▀  [0m
 [38;2;0;0;0m▀[38;2;189;61;93m[48;2;0;0;0m▀[38;2;189;63;96m[48;2;189;63;96m▀▀[38;2;170;79;103m[48;2;85;48;56m▀[38;2;85;48;56m[48;2;0;16;8m▀[38;2;255;103;71m[48;2;0;0;0m▀▀[38;2;0;0;0m[49m▀▀▀     ▀[38;2;165;156;221m[48;2;0;0;0m▀[38;2;66;66;66m[48;2;66;66;66m▀[38;2;189;61;93m[48;2;189;61;93m▀[38;2;255;103;71m[48;2;189;62;96m▀[48;2;255;103;71m▀▀[48;2;189;62;96m▀[38;2;189;63;96m[48;2;189;63;96m▀▀[38;2;74;53;66m[48;2;152;104;108m▀[38;2;231;156;151m[48;2;74;53;66m▀[38;2;214;181;158m[48;2;214;181;158m▀[38;2;0;0;0m[48;2;0;0;0m▀[49m     [0m
   [38;2;0;0;0m▀▀▀         ▄[48;2;132;119;180m▀[38;2;0;0;8m[48;2;214;214;246m▀[38;2;143;143;167m▀[38;2;214;214;246m[48;2;140;135;160m▀[38;2;66;57;74m[48;2;214;214;246m▀[38;2;189;61;93m[48;2;66;66;66m▀▀▀[48;2;189;61;93m▀[38;2;189;63;96m[48;2;189;63;96m▀▀[38;2;157;101;111m[48;2;74;57;66m▀[38;2;74;57;66m[48;2;198;123;134m▀[38;2;140;94;92m[48;2;184;152;136m▀[38;2;206;181;158m[48;2;140;94;92m▀[38;2;0;0;0m[48;2;0;0;0m▀[49m    [0m
              [38;2;0;0;0m▄▄[48;2;165;132;101m▀[38;2;66;66;66m[48;2;165;126;101m▀▀[38;2;214;214;246m[48;2;0;0;0m▀▀[48;2;160;158;220m▀[38;2;160;158;220m▀[38;2;132;124;177m[48;2;132;124;177m▀[38;2;66;61;74m[48;2;165;156;229m▀[38;2;66;66;66m[48;2;132;126;175m▀[48;2;165;156;229m▀[38;2;181;148;139m[48;2;66;66;66m▀[48;2;181;148;139m▀[38;2;181;148;141m[48;2;181;148;141m▀[48;2;0;0;0m▀[38;2;0;0;0m[49m▀    [0m
             [38;2;0;0;0m[48;2;0;0;0m▀[38;2;121;88;73m[48;2;181;132;109m▀[38;2;165;126;101m[48;2;165;126;101m▀[48;2;0;0;0m▀[38;2;165;132;101m▀[38;2;0;0;0m[49m▀  ▀[38;2;66;66;66m[48;2;0;0;0m▀[48;2;187;170;187m▀[38;2;187;170;187m[48;2;66;66;66m▀[38;2;132;119;180m[48;2;0;0;0m▀[38;2;0;0;0m[49m▀▀▀▀      [0m
          [38;2;0;0;0m▄[48;2;165;156;221m▀▀[38;2;165;156;221m▀[38;2;140;94;92m▀[38;2;0;0;0m[48;2;0;0;0m▀[49m      ▀[38;2;143;115;103m[48;2;0;0;8m▀[38;2;214;173;150m[48;2;71;58;55m▀[38;2;214;165;150m[48;2;143;110;100m▀[38;2;0;0;0m▀[48;2;165;156;221m▀[49m▄       [0m
          [38;2;0;0;0m▀[38;2;165;156;221m[48;2;0;0;0m▀▀▀[38;2;0;0;0m[49m▀        ▄[48;2;86;94;102m▀[38;2;165;156;221m[48;2;220;217;244m▀▀[48;2;0;0;0m▀[38;2;0;0;0m[49m▀       [0m
                       [38;2;0;0;0m▀[38;2;214;214;246m[48;2;0;0;0m▀[38;2;222;222;254m[48;2;0;0;8m▀[38;2;148;148;172m▀[38;2;0;0;0m[49m▀        [0m
                                    [0m
