
[38;2;0;0;0m                                                              
[38;2;0;0;0m          [38;2;49;49;49m████[38;2;0;0;0m                                                
[38;2;0;0;0m        [38;2;49;49;49m██[38;2;0;0;0m  [38;2;49;49;49m████[38;2;0;0;0m                                              
[38;2;0;0;0m      [38;2;49;49;49m██[38;2;148;246;74m██[38;2;230;115;98m████[38;2;49;49;49m██[38;2;0;0;0m                                              
[38;2;0;0;0m    [38;2;49;49;49m██[38;2;98;180;32m██[38;2;255;255;255m██[38;2;230;115;98m██[38;2;205;74;57m██[38;2;49;49;49m██[38;2;0;0;0m                                              
[38;2;0;0;0m    [38;2;49;49;49m██[38;2;148;246;74m██[38;2;230;115;98m████[38;2;49;49;49m██[38;2;0;0;0m                                  [38;2;49;49;49m████[38;2;0;0;0m          
[38;2;0;0;0m  [38;2;49;49;49m██[38;2;98;180;32m██[38;2;255;255;255m██[38;2;205;74;57m██[38;2;230;115;98m██[38;2;49;49;49m██[38;2;0;0;0m                                [38;2;49;49;49m████[38;2;148;246;74m██[38;2;49;49;49m██[38;2;0;0;0m        
[38;2;0;0;0m  [38;2;49;49;49m██[38;2;148;246;74m██[38;2;230;115;98m██[38;2;205;74;57m██[38;2;230;115;98m██[38;2;49;49;49m██[38;2;0;0;0m                                [38;2;49;49;49m██[38;2;230;115;98m██[38;2;255;255;255m██[38;2;148;246;74m██[38;2;49;49;49m██[38;2;0;0;0m      
[38;2;0;0;0m  [38;2;49;49;49m██[38;2;148;246;74m██[38;2;205;74;57m████[38;2;230;115;98m██[38;2;49;49;49m██[38;2;0;0;0m                                  [38;2;49;49;49m██[38;2;230;115;98m██[38;2;255;255;255m██[38;2;98;180;32m██[38;2;49;49;49m██[38;2;0;0;0m    
[38;2;0;0;0m  [38;2;49;49;49m██[38;2;255;255;255m██[38;2;205;74;57m████[38;2;230;115;98m██[38;2;49;49;49m██[38;2;0;0;0m                                  [38;2;49;49;49m██[38;2;230;115;98m██[38;2;255;255;255m██[38;2;148;246;74m██[38;2;49;49;49m██[38;2;0;0;0m    
[38;2;0;0;0m  [38;2;49;49;49m██[38;2;255;255;255m██[38;2;205;74;57m████[38;2;230;115;98m██[38;2;49;49;49m██[38;2;0;0;0m                    [38;2;49;49;49m████████[38;2;0;0;0m      [38;2;49;49;49m██[38;2;230;115;98m██[38;2;205;74;57m██[38;2;255;255;255m██[38;2;148;246;74m██[38;2;49;49;49m██[38;2;0;0;0m  
[38;2;0;0;0m  [38;2;49;49;49m██[38;2;98;180;32m██[38;2;197;197;197m██[38;2;205;74;57m████[38;2;230;115;98m██[38;2;49;49;49m██[38;2;0;0;0m              [38;2;49;49;49m████[38;2;82;82;82m██[38;2;255;255;255m████[38;2;49;49;49m████████[38;2;230;115;98m██[38;2;205;74;57m████[38;2;255;255;255m██[38;2;148;246;74m██[38;2;49;49;49m██[38;2;0;0;0m  
[38;2;0;0;0m    [38;2;49;49;49m██[38;2;197;197;197m██[38;2;205;74;57m████[38;2;230;115;98m██[38;2;49;49;49m████[38;2;0;0;0m          [38;2;49;49;49m██[38;2;255;255;255m████[38;2;148;106;49m██[38;2;246;230;41m██[38;2;255;255;255m██[38;2;148;106;49m██[38;2;255;255;255m████[38;2;82;82;82m██[38;2;230;115;98m██[38;2;205;74;57m████[38;2;255;255;255m██[38;2;49;49;49m██[38;2;0;0;0m    
[38;2;0;0;0m    [38;2;49;49;49m██[38;2;98;180;32m██[38;2;197;197;197m██[38;2;205;74;57m██[38;2;82;82;82m██[38;2;246;230;41m████[38;2;49;49;49m████[38;2;0;0;0m    [38;2;49;49;49m██[38;2;148;106;49m██[38;2;246;230;41m██[38;2;255;255;255m██[38;2;148;106;49m██[38;2;246;230;41m██[38;2;148;106;49m██[38;2;230;156;41m██[38;2;246;230;41m██[38;2;148;106;49m██[38;2;82;82;82m██[38;2;230;115;98m██[38;2;205;74;57m████[38;2;255;255;255m██[38;2;148;246;74m██[38;2;49;49;49m██[38;2;0;0;0m  
[38;2;0;0;0m      [38;2;49;49;49m██[38;2;98;180;32m██[38;2;82;82;82m████[38;2;230;156;41m██[38;2;246;230;41m██[38;2;148;106;49m██[38;2;230;156;41m██[38;2;49;49;49m██[38;2;0;0;0m  [38;2;49;49;49m██[38;2;230;156;41m██[38;2;246;230;41m██[38;2;148;106;49m██[38;2;246;230;41m████[38;2;148;106;49m██[38;2;246;230;41m██[38;2;230;156;41m██[38;2;82;82;82m██[38;2;230;115;98m██[38;2;205;74;57m██████[38;2;255;255;255m██[38;2;148;246;74m██[38;2;49;49;49m██[38;2;0;0;0m  
[38;2;0;0;0m        [38;2;49;49;49m██[38;2;246;230;41m████[38;2;148;106;49m██[38;2;246;230;41m██[38;2;230;156;41m██[38;2;148;106;49m██[38;2;82;82;82m██[38;2;49;49;49m██[38;2;230;156;41m██[38;2;148;106;49m██[38;2;230;156;41m██[38;2;148;106;49m██[38;2;246;230;41m██[38;2;148;106;49m██[38;2;230;156;41m██[38;2;246;230;41m██[38;2;82;82;82m██[38;2;230;115;98m██[38;2;205;74;57m██████[38;2;255;255;255m████[38;2;49;49;49m██[38;2;0;0;0m    
[38;2;0;0;0m        [38;2;49;49;49m██[38;2;246;230;41m██[38;2;230;156;41m██[38;2;246;230;41m██[38;2;148;106;49m██[38;2;246;230;41m██[38;2;205;74;57m██[38;2;230;115;98m██[38;2;82;82;82m██[38;2;230;156;41m██[38;2;148;106;49m████[38;2;230;156;41m████[38;2;148;106;49m██[38;2;82;82;82m████[38;2;230;115;98m██[38;2;205;74;57m████████[38;2;255;255;255m██[38;2;148;246;74m██[38;2;49;49;49m██[38;2;0;0;0m    
[38;2;0;0;0m          [38;2;49;49;49m██[38;2;148;106;49m██[38;2;246;230;41m██[38;2;148;106;49m██[38;2;205;74;57m██[38;2;230;115;98m██████[38;2;82;82;82m██[38;2;230;156;41m██[38;2;148;106;49m██[38;2;230;156;41m██[38;2;82;82;82m████[38;2;230;115;98m████[38;2;205;74;57m████████[38;2;255;255;255m██[38;2;98;180;32m██[38;2;49;49;49m██[38;2;0;0;0m      
[38;2;0;0;0m            [38;2;49;49;49m██[38;2;230;156;41m██[38;2;246;230;41m██[38;2;230;115;98m██[38;2;82;82;82m████[38;2;230;115;98m██[38;2;98;180;32m██[38;2;82;82;82m██[38;2;230;156;41m██[38;2;82;82;82m██[38;2;230;115;98m████[38;2;205;74;57m██████████[38;2;255;255;255m██[38;2;148;246;74m██[38;2;49;49;49m██[38;2;0;0;0m        
[38;2;0;0;0m            [38;2;49;49;49m██[38;2;82;82;82m██[38;2;230;115;98m██[38;2;82;82;82m██[38;2;197;197;197m██[38;2;82;82;82m██[38;2;230;115;98m██[38;2;98;180;32m██[38;2;205;74;57m██[38;2;82;82;82m████[38;2;230;115;98m██[38;2;205;74;57m██████████[38;2;255;255;255m██[38;2;148;246;74m██[38;2;82;82;82m██[38;2;49;49;49m██[38;2;0;0;0m        
[38;2;0;0;0m            [38;2;49;49;49m██[38;2;246;230;41m██[38;2;230;115;98m██[38;2;172;57;57m██[38;2;255;255;255m██[38;2;230;115;98m██[38;2;98;180;32m██[38;2;205;74;57m████[38;2;82;82;82m██[38;2;230;115;98m████[38;2;205;74;57m██████[38;2;255;255;255m████[38;2;98;180;32m██[38;2;82;82;82m██[38;2;246;230;41m██[38;2;49;49;49m██[38;2;0;0;0m        
[38;2;0;0;0m          [38;2;49;49;49m██[38;2;246;230;41m██[38;2;230;156;41m██[38;2;246;230;41m██[38;2;230;115;98m████[38;2;82;82;82m████[38;2;205;74;57m██[38;2;230;115;98m██[38;2;255;255;255m████[38;2;205;74;57m██[38;2;172;57;57m██[38;2;205;74;57m██[38;2;197;197;197m██[38;2;98;180;32m██[38;2;82;82;82m████[38;2;230;156;41m██[38;2;246;230;41m██[38;2;49;49;49m██[38;2;0;0;0m        
[38;2;0;0;0m          [38;2;49;49;49m██[38;2;246;230;41m████[38;2;230;156;41m██[38;2;49;49;49m████[38;2;205;74;57m██[38;2;197;197;197m██[38;2;230;115;98m████[38;2;255;255;255m██████[38;2;197;197;197m██[38;2;82;82;82m██████[38;2;230;156;41m████[38;2;49;49;49m████[38;2;0;0;0m          
[38;2;0;0;0m        [38;2;49;49;49m██[38;2;246;230;41m████[38;2;49;49;49m████[38;2;0;0;0m  [38;2;49;49;49m██[38;2;156;156;156m██[38;2;197;197;197m██[38;2;255;255;255m██████████[38;2;197;197;197m██[38;2;82;82;82m██[38;2;148;106;49m██[38;2;230;156;41m██[38;2;49;49;49m████[38;2;0;0;0m              
[38;2;0;0;0m        [38;2;49;49;49m██[38;2;246;230;41m██[38;2;49;49;49m██[38;2;0;0;0m      [38;2;49;49;49m██[38;2;255;255;255m██[38;2;156;156;156m██[38;2;197;197;197m██[38;2;255;255;255m██████[38;2;197;197;197m████[38;2;255;255;255m██[38;2;82;82;82m██[38;2;148;106;49m██[38;2;49;49;49m██[38;2;0;0;0m                
[38;2;0;0;0m          [38;2;49;49;49m██[38;2;0;0;0m          [38;2;49;49;49m██[38;2;82;82;82m████[38;2;197;197;197m██████[38;2;156;156;156m██[38;2;255;255;255m██████[38;2;49;49;49m██[38;2;0;0;0m                  
[38;2;0;0;0m                    [38;2;49;49;49m██[38;2;123;123;172m████[38;2;82;82;82m████[38;2;49;49;49m████[38;2;197;197;197m██[38;2;255;255;255m██████[38;2;49;49;49m██[38;2;0;0;0m                  
[38;2;0;0;0m                    [38;2;49;49;49m██[38;2;123;123;172m██[38;2;49;49;49m██[38;2;123;123;172m██[38;2;49;49;49m██[38;2;0;0;0m    [38;2;49;49;49m██[38;2;255;255;255m████[38;2;82;82;82m██[38;2;49;49;49m██[38;2;0;0;0m                  
[38;2;0;0;0m                      [38;2;49;49;49m██████[38;2;0;0;0m        [38;2;49;49;49m██[38;2;123;123;172m████[38;2;82;82;82m██[38;2;49;49;49m██[38;2;0;0;0m                
[38;2;0;0;0m                                    [38;2;49;49;49m██[38;2;123;123;172m██[38;2;82;82;82m██[38;2;123;123;172m██[38;2;49;49;49m██[38;2;0;0;0m                
[38;2;0;0;0m                                      [38;2;49;49;49m██████[38;2;0;0;0m                  
[38;2;0;0;0m                                                              [0m
