
[38;2;0;0;0m                                              
[38;2;0;0;0m                      [38;2;49;49;49m██████[38;2;0;0;0m                  
[38;2;0;0;0m                    [38;2;49;49;49m██[38;2;255;90;139m██████[38;2;49;49;49m██[38;2;0;0;0m                
[38;2;0;0;0m                  [38;2;49;49;49m██[38;2;255;90;139m████████[38;2;205;57;106m██[38;2;49;49;49m██[38;2;0;0;0m  [38;2;49;49;49m████[38;2;0;0;0m        
[38;2;0;0;0m      [38;2;49;49;49m████[38;2;0;0;0m        [38;2;49;49;49m██[38;2;205;57;106m██[38;2;255;90;139m████[38;2;205;57;106m████[38;2;82;82;82m██[38;2;49;49;49m██[38;2;205;57;106m██[38;2;49;49;49m██[38;2;0;0;0m        
[38;2;0;0;0m    [38;2;49;49;49m██[38;2;82;82;82m██[38;2;49;49;49m██[38;2;0;0;0m      [38;2;49;49;49m██[38;2;82;82;82m████████[38;2;205;57;106m██[38;2;82;82;82m██[38;2;205;57;106m██████[38;2;49;49;49m██[38;2;0;0;0m        
[38;2;0;0;0m    [38;2;49;49;49m██[38;2;82;82;82m████[38;2;49;49;49m██████[38;2;255;90;139m██████████[38;2;82;82;82m████[38;2;205;57;106m██[38;2;49;49;49m████[38;2;0;0;0m          
[38;2;0;0;0m  [38;2;49;49;49m██[38;2;82;82;82m████[38;2;156;123;49m██[38;2;205;180;49m██[38;2;156;123;49m██[38;2;255;90;139m██[38;2;205;57;106m██[38;2;197;197;255m██[38;2;205;57;106m██[38;2;255;90;139m██████[38;2;205;57;106m██[38;2;49;49;49m██[38;2;0;0;0m        [38;2;49;49;49m██[38;2;0;0;0m    
[38;2;0;0;0m  [38;2;49;49;49m██[38;2;82;82;82m██[38;2;156;123;49m██[38;2;246;222;57m██[38;2;82;82;82m████[38;2;197;197;255m██[38;2;246;222;57m██[38;2;197;197;255m████[38;2;205;57;106m██[38;2;197;197;255m██[38;2;205;57;106m██████[38;2;49;49;49m████[38;2;0;0;0m  [38;2;49;49;49m██[38;2;131;131;131m██[38;2;49;49;49m██[38;2;0;0;0m  
[38;2;0;0;0m  [38;2;49;49;49m██[38;2;82;82;82m██[38;2;246;222;57m██[38;2;205;57;106m██[38;2;82;82;82m██[38;2;197;197;255m██[38;2;246;222;57m██[38;2;197;197;255m██[38;2;246;222;57m██[38;2;197;197;255m████████[38;2;205;57;106m██[38;2;255;90;139m██[38;2;82;82;82m██[38;2;246;222;57m██[38;2;49;49;49m██[38;2;82;82;82m██[38;2;131;131;131m██[38;2;49;49;49m██[38;2;0;0;0m  
[38;2;0;0;0m    [38;2;49;49;49m██[38;2;246;222;57m██[38;2;205;57;106m██[38;2;82;82;82m██[38;2;32;131;49m██[38;2;246;222;57m██[38;2;197;197;255m██[38;2;246;222;57m██[38;2;197;197;255m████[38;2;49;115;57m██[38;2;205;57;106m██[38;2;255;90;139m██[38;2;82;82;82m██[38;2;246;222;57m██[38;2;82;82;82m████[38;2;131;131;131m██[38;2;82;82;82m██[38;2;49;49;49m██[38;2;0;0;0m  
[38;2;0;0;0m    [38;2;49;49;49m██[38;2;205;180;49m██[38;2;205;57;106m██[38;2;82;82;82m██[38;2;65;180;82m██[38;2;197;197;255m██[38;2;246;222;57m██[38;2;197;197;255m██[38;2;49;115;57m████[38;2;65;180;82m██[38;2;246;222;57m██[38;2;255;90;139m██[38;2;82;82;82m██[38;2;246;222;57m██[38;2;82;82;82m████████[38;2;49;49;49m██[38;2;0;0;0m  
[38;2;0;0;0m      [38;2;82;82;82m██[38;2;205;180;49m██[38;2;205;57;106m██[38;2;82;82;82m██[38;2;197;197;255m██████[38;2;65;180;82m██[38;2;255;255;255m██[38;2;32;131;49m██[38;2;246;222;57m██[38;2;255;90;139m██[38;2;82;82;82m██[38;2;205;180;49m██[38;2;156;123;49m██[38;2;82;82;82m████[38;2;49;49;49m██[38;2;0;0;0m    
[38;2;0;0;0m        [38;2;49;49;49m████[38;2;82;82;82m██[38;2;197;197;255m████████[38;2;32;131;49m██[38;2;246;222;57m██[38;2;197;197;255m██[38;2;82;82;82m██[38;2;205;57;106m██[38;2;82;82;82m██[38;2;205;180;49m████[38;2;49;49;49m██[38;2;0;0;0m      
[38;2;0;0;0m        [38;2;49;49;49m██[38;2;123;131;172m██[38;2;205;180;49m██[38;2;82;82;82m██████[38;2;197;197;255m██████[38;2;82;82;82m██[38;2;205;180;49m██[38;2;82;82;82m██████[38;2;49;49;49m████[38;2;0;0;0m      
[38;2;0;0;0m      [38;2;49;49;49m██[38;2;205;57;106m██[38;2;123;131;172m████[38;2;82;82;82m██[38;2;205;180;49m██[38;2;205;57;106m████[38;2;164;172;230m██[38;2;205;57;106m████[38;2;246;222;57m██[38;2;82;82;82m██[38;2;246;222;57m██[38;2;164;172;230m██[38;2;255;90;139m██[38;2;82;82;82m██[38;2;49;49;49m██[38;2;0;0;0m    
[38;2;0;0;0m      [38;2;49;49;49m██[38;2;123;131;172m██[38;2;205;57;106m██[38;2;49;49;49m████[38;2;205;180;49m██[38;2;246;222;57m██[38;2;205;57;106m██████[38;2;246;222;57m██[38;2;205;180;49m██[38;2;82;82;82m██[38;2;164;172;230m██[38;2;255;90;139m██[38;2;164;172;230m████[38;2;49;49;49m██[38;2;0;0;0m    
[38;2;0;0;0m        [38;2;49;49;49m████[38;2;0;0;0m    [38;2;49;49;49m██[38;2;205;180;49m██[38;2;246;222;57m██████[38;2;205;180;49m██[38;2;49;49;49m████[38;2;164;172;230m██[38;2;205;57;106m██[38;2;82;82;82m██[38;2;164;172;230m██[38;2;49;49;49m██[38;2;0;0;0m    
[38;2;0;0;0m                  [38;2;49;49;49m██████████[38;2;0;0;0m    [38;2;49;49;49m██[38;2;82;82;82m██[38;2;164;172;230m██[38;2;49;49;49m██[38;2;0;0;0m      
[38;2;0;0;0m                                  [38;2;49;49;49m████[38;2;0;0;0m        
[38;2;0;0;0m                                              [0m
