
[38;2;0;0;0m                                                
[38;2;0;0;0m  [38;2;49;49;49m██████████[38;2;0;0;0m                                    
[38;2;0;0;0m  [38;2;49;49;49m██[38;2;106;197;57m██[38;2;148;246;74m████[38;2;49;49;49m██[38;2;0;0;0m                                    
[38;2;0;0;0m  [38;2;49;49;49m██[38;2;148;246;74m██[38;2;106;197;57m██[38;2;148;246;74m██[38;2;49;49;49m██████[38;2;0;0;0m                  [38;2;49;49;49m██████[38;2;0;0;0m        
[38;2;0;0;0m  [38;2;49;49;49m██[38;2;148;246;74m████[38;2;106;197;57m██[38;2;148;246;74m████[38;2;49;49;49m██[38;2;0;0;0m            [38;2;49;49;49m████[38;2;0;0;0m  [38;2;49;49;49m██[38;2;148;246;74m████[38;2;49;49;49m████[38;2;0;0;0m    
[38;2;0;0;0m  [38;2;49;49;49m██████[38;2;148;246;74m██[38;2;106;197;57m██[38;2;148;246;74m██[38;2;49;49;49m██[38;2;0;0;0m            [38;2;49;49;49m██[38;2;148;246;74m██[38;2;49;49;49m██[38;2;148;246;74m████[38;2;106;197;57m██████[38;2;49;49;49m██[38;2;0;0;0m  
[38;2;0;0;0m      [38;2;49;49;49m██[38;2;148;246;74m████[38;2;65;148;49m██[38;2;106;197;57m██[38;2;49;49;49m████[38;2;0;0;0m    [38;2;49;49;49m████[38;2;65;148;49m██[38;2;148;246;74m████[38;2;106;197;57m████[38;2;148;246;74m████[38;2;49;49;49m██[38;2;0;0;0m    
[38;2;0;0;0m      [38;2;49;49;49m██[38;2;82;82;82m████[38;2;148;246;74m██[38;2;65;148;49m██[38;2;106;197;57m██[38;2;49;49;49m██[38;2;0;0;0m    [38;2;49;49;49m██[38;2;148;246;74m████[38;2;106;197;57m████[38;2;65;148;49m██[38;2;49;49;49m██[38;2;148;246;74m██[38;2;49;49;49m██[38;2;0;0;0m      
[38;2;0;0;0m        [38;2;49;49;49m████[38;2;82;82;82m██[38;2;148;246;74m██[38;2;65;148;49m██[38;2;106;197;57m██[38;2;49;49;49m████[38;2;148;246;74m██[38;2;106;197;57m██[38;2;65;148;49m██[38;2;148;246;74m██[38;2;106;197;57m██[38;2;49;49;49m██[38;2;0;0;0m  [38;2;49;49;49m██[38;2;0;0;0m        
[38;2;0;0;0m        [38;2;49;49;49m██[38;2;255;148;189m██[38;2;82;82;82m██[38;2;148;246;74m████[38;2;65;148;49m██[38;2;49;49;49m██[38;2;148;246;74m██[38;2;106;197;57m██[38;2;148;246;74m██[38;2;82;82;82m████[38;2;148;246;74m██[38;2;49;49;49m██[38;2;0;0;0m            
[38;2;0;0;0m        [38;2;49;49;49m██[38;2;255;90;131m██[38;2;82;82;82m██████[38;2;65;148;49m██[38;2;148;246;74m██[38;2;82;82;82m██████[38;2;164;49;74m████[38;2;49;49;49m██[38;2;0;0;0m              
[38;2;0;0;0m          [38;2;49;49;49m██[38;2;255;148;189m████[38;2;255;90;131m██[38;2;82;82;82m██████[38;2;164;49;74m██[38;2;255;148;189m██████[38;2;49;49;49m██[38;2;0;0;0m              
[38;2;0;0;0m        [38;2;49;49;49m██[38;2;255;148;189m██[38;2;255;255;65m██[38;2;255;148;189m██████████████[38;2;82;82;82m██[38;2;255;90;131m██[38;2;49;49;49m██[38;2;0;0;0m              
[38;2;0;0;0m        [38;2;49;49;49m██[38;2;255;148;189m████████████████[38;2;82;82;82m████[38;2;49;49;49m██[38;2;0;0;0m                
[38;2;0;0;0m        [38;2;49;49;49m██[38;2;255;148;189m██[38;2;164;49;74m██[38;2;255;148;189m████[38;2;255;255;65m██[38;2;255;148;189m██[38;2;255;90;131m██[38;2;82;82;82m████[38;2;255;90;131m██[38;2;49;49;49m██████[38;2;0;0;0m            
[38;2;0;0;0m      [38;2;49;49;49m██[38;2;82;82;82m██[38;2;255;148;189m████[38;2;164;49;74m████[38;2;255;148;189m██████[38;2;255;90;131m██████[38;2;82;82;82m██[38;2;255;90;131m████[38;2;49;49;49m██[38;2;0;0;0m          
[38;2;0;0;0m      [38;2;49;49;49m██[38;2;255;90;131m██[38;2;82;82;82m██[38;2;255;148;189m██[38;2;255;90;131m████[38;2;255;148;189m██████[38;2;255;90;131m██████[38;2;82;82;82m████[38;2;49;49;49m██[38;2;0;0;0m            
[38;2;0;0;0m        [38;2;49;49;49m██████[38;2;255;148;189m████████[38;2;255;90;131m██████[38;2;164;49;74m██[38;2;255;90;131m██[38;2;49;49;49m██[38;2;0;0;0m              
[38;2;0;0;0m              [38;2;49;49;49m██[38;2;164;49;74m████[38;2;255;90;131m████[38;2;49;49;49m████[38;2;82;82;82m██[38;2;255;90;131m██[38;2;49;49;49m██[38;2;0;0;0m              
[38;2;0;0;0m                [38;2;49;49;49m██[38;2;255;148;189m██[38;2;164;49;74m██[38;2;49;49;49m██[38;2;0;0;0m    [38;2;49;49;49m████[38;2;0;0;0m                
[38;2;0;0;0m                [38;2;49;49;49m██████[38;2;0;0;0m                          
[38;2;0;0;0m                                                [0m
