
[38;2;0;0;0m                                        
[38;2;0;0;0m                  ████                  
[38;2;0;0;0m              ████[38;2;112;200;248m████[38;2;0;0;0m████              
[38;2;0;0;0m            ██[38;2;112;200;248m██████████[38;2;88;152;248m██[38;2;0;0;0m██  ████      
[38;2;0;0;0m          ██[38;2;88;152;248m██[38;2;112;200;248m████████████[38;2;64;104;160m██[38;2;0;0;0m██[38;2;112;200;248m████[38;2;0;0;0m██    
[38;2;0;0;0m          ██[38;2;112;200;248m████[38;2;168;224;240m██[38;2;248;248;248m██[38;2;88;152;248m██[38;2;112;200;248m████████[38;2;88;152;248m██[38;2;0;0;0m██      
[38;2;0;0;0m          ██[38;2;112;200;248m████[38;2;216;80;72m██[38;2;232;168;120m██[38;2;248;248;248m██[38;2;88;152;248m██[38;2;112;200;248m████[38;2;64;104;160m████[38;2;0;0;0m████    
[38;2;0;0;0m    ██████[38;2;112;200;248m██████[38;2;0;0;0m██[38;2;216;80;72m██[38;2;248;248;248m██[38;2;88;152;248m██[38;2;112;200;248m████████████[38;2;0;0;0m██  
[38;2;0;0;0m  ██[38;2;88;152;248m██[38;2;112;200;248m██████████[38;2;232;168;120m██[38;2;216;80;72m██[38;2;248;248;248m██[38;2;112;200;248m████████[38;2;64;104;160m████[38;2;0;0;0m██    
[38;2;0;0;0m  ██[38;2;112;200;248m██[38;2;64;64;64m██[38;2;112;200;248m████[38;2;88;152;248m██[38;2;112;200;248m████[38;2;168;224;240m██[38;2;112;200;248m████[38;2;64;104;160m██[38;2;64;64;64m██[38;2;88;152;248m██[38;2;112;200;248m████[38;2;0;0;0m██    
[38;2;0;0;0m    ██[38;2;112;200;248m████[38;2;0;0;0m██████[38;2;88;152;248m██████[38;2;64;64;64m████[38;2;88;152;248m██[38;2;64;64;64m██████[38;2;200;184;112m██[38;2;0;0;0m██  
[38;2;0;0;0m      ████      ██████[38;2;200;184;112m██[38;2;64;104;160m██[38;2;88;152;248m██[38;2;64;64;64m██[38;2;200;184;112m██████[38;2;0;0;0m██  
[38;2;0;0;0m                    ██[38;2;240;224;168m████[38;2;64;104;160m██[38;2;88;152;248m██[38;2;64;64;64m██[38;2;200;184;112m██[38;2;0;0;0m██    
[38;2;0;0;0m                  ██[38;2;64;64;64m██[38;2;200;184;112m████[38;2;64;104;160m██[38;2;112;200;248m██[38;2;0;0;0m████      
[38;2;0;0;0m                ██[38;2;112;200;248m████[38;2;64;104;160m██[38;2;240;224;168m██[38;2;88;152;248m██[38;2;0;0;0m██          
[38;2;0;0;0m                ██[38;2;112;200;248m██[38;2;88;152;248m██[38;2;64;104;160m██[38;2;88;152;248m██[38;2;112;200;248m██[38;2;0;0;0m██          
[38;2;0;0;0m                  ██[38;2;112;200;248m██████[38;2;0;0;0m██            
[38;2;0;0;0m                    ██████              
[38;2;0;0;0m                                        [0m
