
                    [38;2;49;49;49m▄▄     [0m
             [38;2;49;49;49m▄[48;2;246;148;49m▀[49m▄▄[48;2;213;115;49m▀▀[49m▄[48;2;90;156;222m▀[38;2;90;156;222m[48;2;180;106;82m▀[38;2;49;49;49m[48;2;213;115;49m▀[48;2;180;106;82m▀[49m▄  [0m
   [38;2;49;49;49m▄▄[48;2;246;148;49m▀▀[48;2;180;106;82m▀[49m▄▄  [48;2;49;49;49m▀[38;2;246;148;49m[48;2;246;148;49m▀[38;2;213;115;49m[48;2;213;115;49m▀[48;2;82;82;82m▀[38;2;82;82;82m[48;2;90;156;222m▀▀▀[38;2;90;156;222m[48;2;49;49;49m▀[48;2;90;156;222m▀[38;2;213;115;49m[48;2;180;106;82m▀[38;2;222;222;222m[48;2;213;115;49m▀[38;2;213;115;49m[48;2;180;106;82m▀[38;2;90;156;222m[48;2;49;49;49m▀[38;2;49;49;49m[49m▀ [0m
  [38;2;49;49;49m[48;2;49;49;49m▀[38;2;82;82;82m[48;2;246;148;49m▀[38;2;180;106;82m▀[38;2;246;148;49m[48;2;180;106;82m▀[48;2;246;148;49m▀[38;2;180;106;82m▀[38;2;246;148;49m[48;2;180;106;82m▀[48;2;246;148;49m▀[38;2;49;49;49m▀[48;2;49;49;49m▀[38;2;82;82;82m[48;2;82;82;82m▀[38;2;213;115;49m[48;2;213;115;49m▀[38;2;82;82;82m[48;2;82;82;82m▀[38;2;90;156;222m[48;2;90;156;222m▀[48;2;49;49;49m▀[38;2;49;49;49m[49m▀▀ [48;2;49;49;49m▀[38;2;90;156;222m▀[38;2;49;49;49m[49m▀▀   [0m
   [38;2;49;49;49m▀▀[38;2;246;148;49m[48;2;49;49;49m▀[38;2;180;106;82m[48;2;82;82;82m▀[38;2;246;148;49m[48;2;246;148;49m▀[38;2;180;106;82m[48;2;82;82;82m▀[38;2;246;148;49m[48;2;49;49;49m▀[38;2;49;49;49m[49m▀▀[38;2;115;197;255m[48;2;49;49;49m▀[38;2;82;82;82m[48;2;115;197;255m▀[38;2;213;115;49m[48;2;82;82;82m▀[38;2;82;82;82m[48;2;213;115;49m▀[38;2;49;49;49m[48;2;82;82;82m▀[49m▄▄        [0m
   [38;2;49;49;49m▄[48;2;115;197;255m▀[38;2;82;82;82m▀[38;2;115;197;255m▀▀▀[38;2;82;82;82m[48;2;246;148;49m▀[38;2;49;49;49m[48;2;115;197;255m▀[49m▄▄[48;2;246;148;49m▀[38;2;246;148;49m▀[38;2;213;115;49m▀[48;2;213;115;49m▀[38;2;82;82;82m[48;2;82;82;82m▀[38;2;90;156;222m[48;2;213;115;49m▀[38;2;49;49;49m[48;2;222;222;222m▀[49m▄      [0m
 [38;2;49;49;49m▄[48;2;213;115;49m▀[38;2;246;148;49m[48;2;255;255;255m▀[38;2;115;197;255m[48;2;246;148;49m▀[48;2;115;197;255m▀[48;2;246;148;49m▀[48;2;115;197;255m▀[38;2;246;148;49m[48;2;255;255;255m▀[38;2;255;255;255m[48;2;49;49;49m▀[38;2;246;148;49m[48;2;255;255;255m▀[38;2;115;197;255m[48;2;115;197;255m▀[38;2;82;82;82m[48;2;90;156;222m▀▀[38;2;246;148;49m[48;2;82;82;82m▀▀[38;2;82;82;82m[48;2;213;115;49m▀[38;2;90;156;222m[48;2;90;156;222m▀▀[38;2;213;115;49m▀[38;2;49;49;49m[48;2;49;49;49m▀[49m      [0m
  [38;2;49;49;49m▀[38;2;246;148;49m[48;2;49;49;49m▀[38;2;115;197;255m[48;2;82;82;82m▀[38;2;246;148;49m[48;2;90;156;222m▀[38;2;255;255;255m[48;2;213;115;49m▀[38;2;246;148;49m[48;2;115;197;255m▀▀[38;2;255;255;255m[48;2;246;148;49m▀[38;2;246;148;49m[48;2;115;197;255m▀[38;2;115;197;255m[48;2;82;82;82m▀[38;2;90;156;222m[48;2;90;156;222m▀▀▀[38;2;213;115;49m▀[38;2;222;222;222m[48;2;213;115;49m▀[38;2;213;115;49m[48;2;49;49;49m▀[38;2;90;156;222m▀[38;2;49;49;49m[49m▀       [0m
  [38;2;49;49;49m▄[48;2;255;255;255m▀[38;2;82;82;82m[48;2;172;65;74m▀[38;2;255;255;255m[48;2;82;82;82m▀[38;2;82;82;82m[48;2;172;65;74m▀▀[38;2;255;255;255m[48;2;82;82;82m▀[38;2;82;82;82m▀[48;2;90;156;222m▀[38;2;90;156;222m▀▀▀[48;2;49;49;49m▀[38;2;49;49;49m[49m▀▀          [0m
 [38;2;49;49;49m[48;2;49;49;49m▀[38;2;115;197;255m[48;2;90;156;222m▀[38;2;222;222;222m[48;2;82;82;82m▀[38;2;172;65;74m▀▀▀[38;2;255;255;255m[48;2;255;255;255m▀[38;2;172;65;74m[48;2;222;222;222m▀[48;2;172;65;74m▀[38;2;82;82;82m[48;2;82;82;82m▀[38;2;90;156;222m[48;2;90;156;222m▀[38;2;82;82;82m[48;2;82;82;82m▀[38;2;90;156;222m[48;2;49;49;49m▀[38;2;49;49;49m[49m▀            [0m
 [38;2;49;49;49m▄[48;2;180;106;82m▀[38;2;90;156;222m[48;2;49;49;49m▀[38;2;115;197;255m▀▀▀[38;2;82;82;82m[48;2;115;197;255m▀▀[48;2;90;156;222m▀[38;2;115;197;255m▀[38;2;90;156;222m[48;2;180;106;82m▀[38;2;180;106;82m[48;2;246;148;49m▀[38;2;49;49;49m▀[49m▄            [0m
 [38;2;49;49;49m▀▀    ▀▀[38;2;180;106;82m[48;2;49;49;49m▀[48;2;246;148;49m▀[38;2;246;148;49m▀▀[48;2;49;49;49m▀[38;2;49;49;49m[49m▀            [0m
          [38;2;49;49;49m▀▀▀              [0m
