
            [38;2;0;0;0m▄                [0m
            [38;2;128;104;72m[48;2;128;104;72m▀[38;2;248;224;64m[48;2;248;224;64m▀[49m   [38;2;0;0;0m[48;2;64;64;64m▀[38;2;248;224;64m▀[49m          [0m
          [38;2;0;0;0m▄[48;2;248;224;64m▀[38;2;248;224;64m▀▀▀[38;2;64;64;64m[48;2;64;64;64m▀[38;2;248;224;64m[48;2;248;224;64m▀[38;2;128;104;72m▀[38;2;248;224;64m▀▀[38;2;0;0;0m▀[49m        [0m
         [38;2;0;0;0m▄[38;2;248;224;64m[48;2;248;224;64m▀▀▀▀[38;2;64;64;64m▀[38;2;248;224;64m[48;2;64;64;64m▀[48;2;248;224;64m▀[48;2;64;64;64m▀[38;2;128;104;72m▀[38;2;248;224;64m[48;2;248;224;64m▀[48;2;128;104;72m▀[38;2;0;0;0m[48;2;0;0;0m▀[49m       [0m
         [38;2;0;0;0m▀[38;2;248;224;64m[48;2;248;224;64m▀▀▀▀[48;2;192;168;88m▀▀▀[38;2;64;64;64m[48;2;64;64;64m▀[38;2;208;208;208m[48;2;192;168;88m▀[38;2;192;168;88m▀▀[38;2;0;0;0m[48;2;248;224;64m▀[49m▄      [0m
        [38;2;0;0;0m▄[48;2;248;248;248m▀[38;2;64;64;64m[48;2;248;224;64m▀[38;2;248;224;64m▀▀[38;2;128;104;72m[48;2;64;64;64m▀[38;2;0;0;0m[48;2;128;104;72m▀[38;2;248;248;248m▀[48;2;192;168;88m▀[38;2;248;224;64m[48;2;80;88;104m▀[38;2;64;64;64m[48;2;248;248;248m▀[38;2;192;168;88m[48;2;192;168;88m▀[38;2;248;248;248m▀[38;2;192;168;88m▀[38;2;0;0;0m[48;2;0;0;0m▀[49m      [0m
 [38;2;0;0;0m▄[48;2;128;104;72m▀[48;2;248;224;64m▀▀[38;2;248;224;64m[48;2;192;168;88m▀[48;2;248;224;64m▀▀[48;2;0;0;0m▀[38;2;64;64;64m[48;2;248;248;248m▀[38;2;248;224;64m[48;2;248;224;64m▀▀[48;2;64;64;64m▀[48;2;192;168;88m▀▀[48;2;80;88;104m▀[38;2;80;88;104m[48;2;208;208;208m▀[38;2;248;248;248m[48;2;176;176;184m▀[38;2;80;88;104m[48;2;248;248;248m▀[38;2;192;168;88m[48;2;192;168;88m▀[48;2;0;0;0m▀[49m [38;2;0;0;0m▀ ▄[38;2;176;176;184m▄▄  [0m
 [38;2;0;0;0m▀[38;2;248;224;64m▀▀[38;2;128;104;72m[48;2;192;168;88m▀[38;2;248;224;64m▀[38;2;0;0;0m[49m▀▀ ▀[38;2;64;64;64m[48;2;0;0;0m▀[48;2;248;248;248m▀[38;2;208;208;208m▀[38;2;80;88;104m▀[48;2;208;208;208m▀[38;2;208;208;208m[48;2;80;88;104m▀[48;2;208;208;208m▀[38;2;80;88;104m[48;2;192;168;88m▀▀[38;2;0;0;0m[49m▀   [48;2;0;0;0m▀[38;2;176;176;184m[48;2;120;128;136m▀[38;2;0;0;0m[48;2;0;0;0m▀[38;2;80;88;104m[48;2;80;88;104m▀[38;2;0;0;0m[48;2;0;0;0m▀[49m [0m
    [38;2;0;0;0m▀▀     ▀[38;2;248;248;248m[48;2;192;168;88m▀[38;2;80;88;104m▀▀[38;2;192;168;88m▀[38;2;80;88;104m▀[38;2;192;168;88m▀▀[38;2;0;0;0m[49m▄    ▀[38;2;120;128;136m▀▀  [0m
         [38;2;0;0;0m▄[48;2;248;224;64m▀▀[38;2;192;168;88m▀▀[48;2;0;0;0m▀▀▀[48;2;192;168;88m▀[48;2;248;224;64m▀[38;2;248;224;64m▀[38;2;0;0;0m▀[49m▄       [0m
        [38;2;0;0;0m▄[48;2;192;168;88m▀[38;2;248;224;64m[48;2;64;64;64m▀[48;2;192;168;88m▀[48;2;0;0;0m▀[38;2;192;168;88m[49m▀   [38;2;0;0;0m▀[38;2;248;224;64m▀[48;2;128;104;72m▀▀[38;2;0;0;0m[48;2;192;168;88m▀[38;2;248;224;64m[49m▄      [0m
        [38;2;0;0;0m▀[38;2;128;104;72m▀[48;2;0;0;0m▀[38;2;192;168;88m▀[49m▀[38;2;0;0;0m▀     [38;2;192;168;88m▀▀[38;2;248;224;64m[48;2;0;0;0m▀[38;2;128;104;72m▀[38;2;0;0;0m[49m▀     [0m
                             [0m
