
        [38;2;49;49;49m▄▄▄      [0m
     [38;2;49;49;49m▄[48;2;246;222;246m▀[48;2;82;82;82m▀[38;2;246;222;246m[48;2;246;222;246m▀▀[38;2;255;172;197m[48;2;255;172;197m▀[38;2;49;49;49m[48;2;49;49;49m▀[49m▄    [0m
     [38;2;49;49;49m[48;2;49;49;49m▀[38;2;246;222;246m[48;2;82;82;82m▀[38;2;197;131;156m[48;2;246;222;246m▀[38;2;255;172;197m▀[38;2;246;222;246m▀[38;2;82;82;82m▀[38;2;246;222;246m▀[48;2;255;172;197m▀[38;2;49;49;49m[48;2;82;82;82m▀[49m   [0m
   [38;2;49;49;49m▄[48;2;246;222;246m▀[38;2;246;222;246m[48;2;180;98;131m▀[38;2;197;131;156m[48;2;246;222;246m▀[38;2;246;222;246m▀▀▀▀▀[38;2;180;98;131m▀[38;2;49;49;49m[48;2;255;172;197m▀[49m▄  [0m
  [38;2;49;49;49m▄[48;2;255;255;255m▀[38;2;246;222;246m[48;2;180;49;82m▀[38;2;180;98;131m[48;2;246;222;246m▀[38;2;255;172;197m[48;2;180;98;131m▀[38;2;197;131;156m[48;2;197;131;156m▀[38;2;246;222;246m[48;2;246;222;246m▀▀▀▀▀▀[38;2;49;49;49m[48;2;255;172;197m▀[49m▄ [0m
  [38;2;49;49;49m[48;2;49;49;49m▀[48;2;230;74;41m▀[38;2;180;49;82m[48;2;246;222;246m▀[38;2;246;222;246m▀▀[48;2;180;49;82m▀[38;2;180;49;82m[48;2;255;255;255m▀[48;2;49;49;49m▀[38;2;246;222;246m[48;2;180;49;82m▀[48;2;246;222;246m▀[48;2;255;172;197m▀[38;2;255;172;197m▀▀[38;2;49;49;49m[48;2;49;49;49m▀[49m [0m
 [38;2;49;49;49m▀[38;2;255;172;197m[48;2;49;49;49m▀[38;2;180;98;131m▀[38;2;255;172;197m[48;2;255;172;197m▀[38;2;197;131;156m▀[38;2;246;222;246m[48;2;180;49;82m▀[38;2;230;74;41m[48;2;255;172;197m▀[38;2;49;49;49m[48;2;230;74;41m▀▀[38;2;230;74;41m[48;2;255;172;197m▀[38;2;255;172;197m[48;2;197;131;156m▀[48;2;255;172;197m▀[48;2;197;131;156m▀[38;2;180;98;131m[48;2;49;49;49m▀[38;2;49;49;49m[49m▀ [0m
    [38;2;49;49;49m▀[38;2;197;131;156m[48;2;49;49;49m▀[38;2;230;74;41m[48;2;82;82;82m▀[38;2;255;172;197m[48;2;180;98;131m▀[48;2;197;131;156m▀▀[38;2;180;98;131m▀[38;2;255;172;197m[48;2;82;82;82m▀[38;2;82;82;82m[48;2;49;49;49m▀[38;2;49;49;49m[49m▀   [0m
     [38;2;49;49;49m▀[38;2;197;131;156m[48;2;49;49;49m▀[38;2;49;49;49m[49m▀▀[48;2;49;49;49m▀[38;2;180;98;131m[48;2;255;172;197m▀[38;2;49;49;49m[48;2;49;49;49m▀[49m     [0m
          [38;2;49;49;49m▀      [0m
