
    [38;2;49;49;49m▄                [0m
   [38;2;49;49;49m[48;2;49;49;49m▀[38;2;246;222;115m[48;2;246;222;115m▀[38;2;49;49;49m[48;2;49;49;49m▀[49m ▄▄▄  ▄▄       [0m
   [38;2;49;49;49m[48;2;49;49;49m▀[38;2;246;222;115m[48;2;197;172;41m▀[38;2;197;172;41m[48;2;246;222;115m▀[38;2;49;49;49m[48;2;82;82;82m▀[38;2;197;164;205m▀[48;2;148;123;205m▀[38;2;148;123;205m[48;2;197;164;205m▀[38;2;49;49;49m[48;2;82;82;82m▀[48;2;246;222;115m▀[38;2;246;222;115m▀[38;2;49;49;49m[48;2;82;82;82m▀[49m▄      [0m
  [38;2;49;49;49m[48;2;49;49;49m▀[38;2;148;123;205m[48;2;197;164;205m▀[38;2;197;164;205m[48;2;82;82;82m▀[38;2;246;222;115m[48;2;148;197;246m▀[38;2;82;82;82m▀[38;2;148;197;246m▀▀[38;2;82;82;82m▀[48;2;246;222;115m▀[38;2;246;222;115m▀[38;2;197;172;41m[48;2;82;82;82m▀[38;2;82;82;82m[48;2;197;164;205m▀[38;2;148;123;205m▀[38;2;49;49;49m[48;2;49;49;49m▀[49m     [0m
 [38;2;49;49;49m[48;2;49;49;49m▀[38;2;148;123;205m[48;2;148;123;205m▀[48;2;255;255;255m▀[38;2;148;197;246m[48;2;90;148;205m▀[48;2;148;197;246m▀▀▀▀▀[38;2;246;222;115m▀[38;2;82;82;82m▀[38;2;197;164;205m[48;2;82;82;82m▀[48;2;197;164;205m▀▀[38;2;148;123;205m▀[38;2;49;49;49m[48;2;49;49;49m▀[49m    [0m
 [38;2;49;49;49m▀[38;2;148;123;205m[48;2;49;49;49m▀[38;2;255;255;255m[48;2;148;123;205m▀[38;2;49;49;49m[48;2;148;197;246m▀[38;2;148;197;246m[48;2;82;82;82m▀[48;2;148;197;246m▀▀[48;2;90;148;205m▀[38;2;148;123;205m[48;2;255;255;255m▀[48;2;148;123;205m▀[38;2;148;197;246m[48;2;82;82;82m▀[38;2;90;148;205m▀[38;2;197;164;205m[48;2;148;123;205m▀▀[38;2;148;123;205m▀[38;2;49;49;49m[48;2;49;49;49m▀[49m▄   [0m
   [38;2;49;49;49m[48;2;49;49;49m▀[38;2;82;82;82m[48;2;123;123;123m▀[38;2;90;148;205m[48;2;82;82;82m▀[38;2;148;197;246m▀[48;2;90;148;205m▀[38;2;49;49;49m[48;2;148;197;246m▀[38;2;255;255;255m▀[38;2;82;82;82m[48;2;82;82;82m▀[38;2;148;123;205m[48;2;197;164;205m▀[38;2;197;164;205m▀[38;2;82;82;82m[48;2;148;123;205m▀[38;2;148;123;205m▀[38;2;82;82;82m[48;2;82;82;82m▀[48;2;255;255;255m▀▀[38;2;49;49;49m▀[49m▄ [0m
    [38;2;49;49;49m▀▀[38;2;148;123;205m[48;2;49;49;49m▀[38;2;82;82;82m[48;2;246;222;115m▀[48;2;197;172;41m▀▀[48;2;82;82;82m▀[48;2;123;123;123m▀[38;2;148;123;205m[48;2;82;82;82m▀▀[38;2;82;82;82m[48;2;189;197;205m▀[38;2;189;197;205m▀[38;2;255;255;255m[48;2;123;123;123m▀[48;2;49;49;49m▀[38;2;49;49;49m[49m▀  [0m
       [38;2;49;49;49m[48;2;49;49;49m▀[38;2;148;197;246m[48;2;82;82;82m▀[38;2;246;222;115m[48;2;148;197;246m▀[48;2;90;148;205m▀[38;2;82;82;82m[48;2;148;197;246m▀[48;2;82;82;82m▀[48;2;148;123;205m▀▀[38;2;49;49;49m[48;2;49;49;49m▀[49m▀    [0m
       [38;2;49;49;49m▀[38;2;82;82;82m[48;2;49;49;49m▀▀[38;2;49;49;49m[49m▀▀[38;2;148;123;205m[48;2;49;49;49m▀[38;2;82;82;82m[48;2;82;82;82m▀▀[38;2;49;49;49m[48;2;49;49;49m▀[49m     [0m
             [38;2;49;49;49m▀▀      [0m
