
[38;2;0;0;0m                                      
[38;2;0;0;0m      ██                ██  ██        
[38;2;0;0;0m    ██[38;2;181;86;125m██[38;2;0;0;0m██  ████████  ██[38;2;90;82;130m██[38;2;0;4;0m██[38;2;239;123;175m██[38;2;0;0;0m██      
[38;2;0;0;0m  ██[38;2;181;86;125m████[38;2;66;66;66m██[38;2;0;0;0m██[38;2;239;123;175m████████[38;2;66;66;66m████[38;2;90;82;130m██[38;2;60;56;87m██[38;2;239;123;175m████[38;2;0;0;0m██    
[38;2;0;0;0m  ██[38;2;176;85;128m██[38;2;66;66;66m██[38;2;236;123;172m████████████████[38;2;66;66;66m██[38;2;239;123;175m██████[38;2;0;0;0m██    
[38;2;0;0;0m  ██[38;2;176;85;128m██[38;2;66;66;66m██[38;2;236;123;172m████████████████[38;2;239;123;175m████[38;2;173;49;69m██[38;2;239;123;175m████[38;2;0;0;0m██  
[38;2;0;0;0m  ██[38;2;80;50;64m██[38;2;239;127;175m██[38;2;239;123;175m██[38;2;85;79;133m██[38;2;239;123;175m████████[38;2;85;79;133m██[38;2;239;123;175m██████[38;2;170;49;69m████[38;2;239;123;175m██[38;2;0;0;0m██  
[38;2;0;0;0m    [38;2;0;12;8m██[38;2;239;127;175m██[38;2;85;79;133m██████[38;2;239;123;175m████[38;2;85;79;133m██████[38;2;239;123;175m██[38;2;173;49;69m██[38;2;231;66;95m██[38;2;170;49;69m██[38;2;239;123;175m██[38;2;0;0;0m██  
[38;2;0;0;0m    [38;2;0;0;16m██[38;2;71;71;82m██[38;2;85;78;133m████[38;2;82;78;130m████[38;2;82;77;133m████[38;2;82;78;130m████[38;2;239;123;175m██[38;2;173;49;69m██[38;2;203;72;102m██[38;2;181;49;69m██[38;2;239;123;175m██[38;2;0;0;0m██  
[38;2;0;0;0m  ██[38;2;71;71;82m██[38;2;214;214;214m██[38;2;85;78;133m████[38;2;82;78;130m██[38;2;255;255;255m██[38;2;214;214;206m████[38;2;255;255;255m██[38;2;82;78;130m██[38;2;239;123;175m██[38;2;173;49;69m██[38;2;181;49;69m██[38;2;247;119;167m██[38;2;239;123;175m██[38;2;0;0;0m██  
[38;2;0;0;0m  ██[38;2;239;127;175m██[38;2;80;50;64m██[38;2;49;61;81m██[38;2;110;82;112m██[38;2;82;78;130m██[38;2;255;255;255m██[38;2;0;0;0m██[38;2;255;255;255m██[38;2;255;239;247m██[38;2;99;70;131m██[38;2;239;123;175m████████[38;2;0;0;0m██    
[38;2;0;0;0m    [38;2;0;12;8m██[38;2;239;127;175m██[38;2;231;123;175m████[38;2;82;78;130m████[38;2;255;255;255m████[38;2;99;70;131m██[38;2;177;154;189m██[38;2;239;123;175m██[38;2;0;0;0m██████      
[38;2;0;0;0m      ██[38;2;206;82;110m████[38;2;239;123;175m████[38;2;115;70;115m████[38;2;239;115;167m██[38;2;66;66;66m██[38;2;0;0;0m██            
[38;2;0;0;0m        [38;2;0;16;16m██[38;2;69;38;47m██[38;2;66;66;66m████[38;2;214;214;206m██[38;2;115;70;115m██[38;2;66;66;66m██[38;2;181;99;133m██[38;2;0;0;0m██            
[38;2;0;0;0m          ██[38;2;88;79;136m████[38;2;66;66;66m████[38;2;181;94;133m██[38;2;239;111;167m██[38;2;239;123;175m██[38;2;0;0;0m██          
[38;2;0;0;0m          ██[38;2;88;79;136m██[38;2;0;0;0m██[38;2;176;85;128m████[38;2;181;94;133m██[38;2;66;61;66m██[38;2;239;123;175m██[38;2;0;0;0m██          
[38;2;0;0;0m        ██[38;2;181;86;125m██[38;2;0;0;0m██  [38;2;0;8;0m██[38;2;170;91;127m██[38;2;181;99;133m██[38;2;66;66;66m████[38;2;239;123;175m██[38;2;0;0;0m██        
[38;2;0;0;0m        ██[38;2;181;86;125m██[38;2;66;66;66m██[38;2;0;0;0m██[38;2;170;91;127m██[38;2;85;49;64m██[38;2;66;66;66m██[38;2;239;115;167m██[38;2;239;123;175m████[38;2;0;0;0m██        
[38;2;0;0;0m          ████[38;2;181;86;125m██[38;2;165;89;119m██[38;2;82;50;64m██[38;2;239;119;167m██[38;2;66;61;66m██[38;2;239;123;175m██[38;2;0;0;0m██          
[38;2;0;0;0m              ██[38;2;0;12;8m██[38;2;247;127;175m██[38;2;239;119;167m██[38;2;181;100;133m██[38;2;0;0;0m██            
[38;2;0;0;0m                  ██████              
[38;2;0;0;0m                                      [0m
