
            [38;2;49;49;49m▄               [0m
       [38;2;49;49;49m▄▄ ▄[48;2;246;90;57m▀[38;2;246;90;57m▀[38;2;49;49;49m▀▀▀[49m▄   ▄[48;2;255;156;57m▀[48;2;255;213;57m▀▀[49m▄   [0m
   [38;2;49;49;49m▄[48;2;222;123;65m▀[49m▄[48;2;246;90;57m▀[38;2;246;90;57m▀[48;2;255;156;57m▀[38;2;49;49;49m[48;2;255;213;57m▀[38;2;246;90;57m[48;2;246;90;57m▀▀[48;2;255;156;57m▀[48;2;255;213;57m▀[38;2;255;156;57m▀[38;2;255;213;57m[48;2;255;156;57m▀[38;2;255;156;57m[48;2;246;90;57m▀[38;2;49;49;49m▀▀▀[38;2;255;156;57m▀[38;2;255;213;57m▀[38;2;82;82;82m[48;2;49;49;49m▀[38;2;49;49;49m[49m▀    [0m
   [38;2;49;49;49m[48;2;49;49;49m▀[38;2;222;123;65m[48;2;222;123;65m▀[38;2;82;82;82m[48;2;255;255;255m▀[38;2;246;90;57m[48;2;131;131;115m▀[38;2;255;213;57m[48;2;255;213;57m▀[48;2;131;131;115m▀[38;2;131;131;115m[48;2;255;255;255m▀[48;2;131;131;115m▀[38;2;255;156;57m▀[38;2;255;213;57m[48;2;255;213;57m▀▀[48;2;82;82;82m▀[38;2;82;82;82m[48;2;222;123;65m▀[38;2;246;90;57m[48;2;82;82;82m▀[48;2;246;90;57m▀▀[48;2;49;49;49m▀▀[38;2;49;49;49m[49m▀      [0m
   [38;2;49;49;49m▀[38;2;222;123;65m[48;2;49;49;49m▀[38;2;255;255;255m[48;2;255;255;255m▀[38;2;131;131;115m▀▀[38;2;255;255;255m▀▀[38;2;131;131;115m▀[38;2;255;255;255m▀[38;2;131;131;115m▀[38;2;82;82;82m[48;2;82;82;82m▀[38;2;222;123;65m[48;2;222;123;65m▀[48;2;74;115;172m▀[38;2;82;82;82m[48;2;49;49;49m▀[38;2;49;49;49m[49m▀▀         [0m
   [38;2;49;49;49m[48;2;49;49;49m▀[38;2;246;90;57m[48;2;246;90;57m▀[38;2;255;255;255m[48;2;255;255;255m▀[48;2;180;98;57m▀[38;2;180;98;57m[48;2;246;90;57m▀▀▀[38;2;255;255;255m[48;2;180;98;57m▀[48;2;255;255;255m▀[38;2;82;82;82m[48;2;82;82;82m▀[38;2;222;123;65m[48;2;222;123;65m▀[38;2;74;115;172m[48;2;74;115;172m▀[38;2;90;139;222m[48;2;222;123;65m▀[38;2;49;49;49m[48;2;49;49;49m▀[49m    ▄[48;2;180;98;57m▀[48;2;222;123;65m▀▀▀[49m▄ [0m
  [38;2;49;49;49m▄[48;2;255;213;57m▀[38;2;246;90;57m[48;2;82;82;82m▀[38;2;180;98;57m[48;2;246;90;57m▀[38;2;246;90;57m▀[48;2;180;98;57m▀[48;2;49;49;49m▀[48;2;255;213;57m▀[48;2;246;90;57m▀[38;2;255;255;255m[48;2;255;255;255m▀▀[38;2;82;82;82m[48;2;82;82;82m▀[38;2;222;123;65m▀[38;2;49;49;49m[48;2;49;49;49m▀[49m    [48;2;49;49;49m▀[38;2;180;98;57m[48;2;222;123;65m▀[38;2;222;123;65m▀[48;2;49;49;49m▀▀[38;2;180;98;57m▀[38;2;49;49;49m[49m▀ [0m
 [38;2;49;49;49m[48;2;49;49;49m▀[38;2;189;164;65m[48;2;74;115;172m▀▀[38;2;82;82;82m▀[38;2;180;98;57m[48;2;82;82;82m▀[48;2;222;123;65m▀[38;2;222;123;65m▀▀[48;2;82;82;82m▀[38;2;255;255;255m▀▀[38;2;82;82;82m[48;2;189;164;65m▀[38;2;255;213;57m[48;2;255;213;57m▀[38;2;189;164;65m[48;2;189;164;65m▀[38;2;255;213;57m▀[38;2;49;49;49m[48;2;255;213;57m▀[49m▄▄[48;2;180;98;57m▀[38;2;180;98;57m▀[48;2;49;49;49m▀[38;2;49;49;49m[49m▀     [0m
 [38;2;49;49;49m▀[38;2;74;115;172m[48;2;49;49;49m▀[38;2;82;82;82m▀[38;2;49;49;49m[49m▀▀▀▀[38;2;82;82;82m[48;2;49;49;49m▀[38;2;255;213;57m[48;2;82;82;82m▀[38;2;189;189;189m[48;2;255;255;255m▀[48;2;255;213;57m▀▀[38;2;82;82;82m[48;2;189;164;65m▀[38;2;255;213;57m[48;2;82;82;82m▀▀[48;2;49;49;49m▀[38;2;180;98;57m[48;2;222;123;65m▀[38;2;222;123;65m▀[38;2;82;82;82m[48;2;49;49;49m▀[38;2;49;49;49m[49m▀       [0m
      [38;2;49;49;49m▄[48;2;180;98;57m▀[38;2;82;82;82m▀[38;2;255;255;255m▀[48;2;189;189;189m▀[38;2;189;164;65m[48;2;255;255;255m▀[48;2;189;189;189m▀[38;2;255;255;255m[48;2;222;123;65m▀[38;2;82;82;82m▀[38;2;49;49;49m▀[49m▄[48;2;49;49;49m▀[38;2;222;123;65m[48;2;180;98;57m▀[38;2;255;213;57m[48;2;255;213;57m▀[38;2;82;82;82m▀[49m▄      [0m
      [38;2;49;49;49m▀[38;2;82;82;82m[48;2;49;49;49m▀[38;2;189;189;189m▀▀[38;2;49;49;49m[49m▀[38;2;189;189;189m[48;2;49;49;49m▀[38;2;222;123;65m[48;2;180;98;57m▀[48;2;222;123;65m▀[38;2;180;98;57m▀[38;2;49;49;49m[48;2;255;255;255m▀[49m▄ [48;2;49;49;49m▀[38;2;189;164;65m[48;2;74;115;172m▀[38;2;255;213;57m[48;2;90;139;222m▀[38;2;74;115;172m▀[38;2;49;49;49m[48;2;49;49;49m▀[49m     [0m
           [38;2;49;49;49m▀[38;2;189;164;65m[48;2;49;49;49m▀[38;2;255;213;57m[48;2;90;139;222m▀[48;2;74;115;172m▀[38;2;74;115;172m[48;2;90;139;222m▀[38;2;49;49;49m[48;2;49;49;49m▀[49m ▀[38;2;90;139;222m[48;2;49;49;49m▀[38;2;49;49;49m[49m▀[38;2;90;139;222m[48;2;49;49;49m▀[38;2;49;49;49m[49m▀     [0m
             [38;2;49;49;49m▀▀▀            [0m
