
[38;2;0;0;0m                                        
[38;2;0;0;0m                    ████                
[38;2;0;0;0m                  ██[38;2;156;148;132m██[38;2;247;239;215m██[38;2;0;0;0m██              
[38;2;0;0;0m              ████[38;2;206;198;174m██[38;2;156;148;132m██[38;2;247;239;215m████[38;2;0;0;0m██            
[38;2;0;0;0m            ██[38;2;214;206;182m██[38;2;201;193;173m██[38;2;156;148;132m████[38;2;247;239;215m██████[38;2;0;0;0m██          
[38;2;0;0;0m            ██[38;2;143;137;121m██[38;2;156;148;132m██[38;2;247;239;215m████[38;2;156;148;132m██[38;2;247;239;215m██████[38;2;0;0;0m██        
[38;2;0;0;0m            ██[38;2;247;222;207m██[38;2;247;181;183m████[38;2;243;189;179m██[38;2;247;239;215m██[38;2;156;148;132m██[38;2;255;231;215m██[38;2;247;239;215m████[38;2;0;0;0m██      
[38;2;0;0;0m          ██[38;2;247;222;207m████[38;2;239;140;143m████████[38;2;222;203;187m██[38;2;156;148;132m██[38;2;247;239;215m██[38;2;156;148;132m██[38;2;0;0;0m██      
[38;2;0;0;0m        ██[38;2;255;231;111m██[38;2;255;214;15m██[38;2;239;140;143m████████████[38;2;247;181;183m██[38;2;159;154;138m██[38;2;0;0;0m██        
[38;2;0;0;0m        ██[38;2;255;231;111m██[38;2;255;214;15m████[38;2;239;140;143m████[38;2;255;214;15m██[38;2;239;140;143m██████[38;2;239;231;207m██[38;2;159;154;138m██[38;2;0;0;0m██      
[38;2;0;0;0m      ██[38;2;247;239;215m██[38;2;239;140;143m██[38;2;255;214;15m██[38;2;239;140;143m████[38;2;255;214;15m██████[38;2;239;140;143m████[38;2;255;214;15m██[38;2;247;239;215m██[38;2;0;0;0m██      
[38;2;0;0;0m      ██[38;2;247;239;215m██[38;2;239;140;143m██████████[38;2;255;214;15m██[38;2;239;140;143m████[38;2;255;214;15m██████[38;2;247;239;215m██[38;2;0;0;0m██    
[38;2;0;0;0m        [38;2;8;0;0m██[38;2;173;165;159m██[38;2;140;93;126m████[38;2;222;86;102m██[38;2;186;112;141m██[38;2;239;140;143m████████[38;2;177;172;105m██[38;2;255;255;191m██[38;2;247;239;215m██[38;2;0;0;0m██    
[38;2;0;0;0m        [38;2;8;0;0m██[38;2;255;247;239m██[38;2;41;0;1m██[38;2;189;140;189m██[38;2;115;165;219m██[38;2;222;86;102m██[38;2;206;74;102m████[38;2;239;140;143m████[38;2;99;90;19m██[38;2;255;255;191m██[38;2;0;0;0m██      
[38;2;0;0;0m    ████[38;2;198;198;190m██[38;2;0;4;24m██[38;2;49;86;105m██[38;2;231;148;167m██[38;2;74;82;85m██[38;2;222;247;254m██[38;2;8;8;0m██[38;2;255;255;255m██[38;2;66;66;66m██[38;2;247;239;215m██[38;2;71;69;66m██[38;2;143;137;124m██[38;2;0;0;0m██      
[38;2;0;0;0m  ██[38;2;143;137;121m██[38;2;214;206;182m██[38;2;198;198;190m██[38;2;99;101;107m██[38;2;140;117;136m██[38;2;231;148;167m██[38;2;148;165;169m██[38;2;0;0;0m██[38;2;131;131;127m██[38;2;255;255;255m██[38;2;66;66;66m██[38;2;247;239;215m██[38;2;214;206;182m██[38;2;0;0;8m██[38;2;0;0;0m        
[38;2;0;0;0m  ██[38;2;206;198;174m████[38;2;0;0;0m████[38;2;99;156;219m██[38;2;74;106;162m██[38;2;115;156;203m██[38;2;247;255;255m████[38;2;115;156;203m██[38;2;99;156;219m██[38;2;44;55;73m██[38;2;247;239;215m██[38;2;0;0;0m██        
[38;2;0;0;0m  ██████  ██[38;2;99;156;219m██[38;2;74;106;162m██[38;2;115;156;203m██[38;2;49;107;177m██[38;2;115;156;203m██[38;2;49;107;177m██[38;2;99;156;219m██[38;2;16;4;0m██[38;2;247;239;215m████[38;2;0;0;0m████    
[38;2;0;0;0m            ████[38;2;107;156;227m██[38;2;71;104;154m██[38;2;99;156;227m██[38;2;66;104;154m██[38;2;0;0;0m██  ██[38;2;247;239;215m██████[38;2;0;0;0m██  
[38;2;0;0;0m                [38;2;0;0;8m██[38;2;71;104;154m██[38;2;99;156;227m██[38;2;0;0;8m██[38;2;0;0;0m      ██[38;2;247;239;215m████[38;2;0;0;0m██  
[38;2;0;0;0m                  ████          ██████  
[38;2;0;0;0m                                        [0m
