
[38;2;0;0;0m                                        
[38;2;0;0;0m            ██████                      
[38;2;0;0;0m          ██[38;2;216;136;136m████[38;2;64;64;64m██[38;2;0;0;0m██████                
[38;2;0;0;0m          ██[38;2;216;136;136m██[38;2;64;64;64m██[38;2;248;184;168m██████[38;2;216;136;136m██[38;2;0;0;0m██              
[38;2;0;0;0m          ██[38;2;64;64;64m██[38;2;248;184;168m██████████[38;2;216;136;136m██[38;2;0;0;0m██████████    
[38;2;0;0;0m            ██[38;2;248;184;168m██████[38;2;216;136;136m██████[38;2;184;96;88m██[38;2;216;136;136m██[38;2;248;184;168m██████[38;2;0;0;0m██  
[38;2;0;0;0m          ██[38;2;64;64;64m██[38;2;248;184;168m████[38;2;184;96;88m████[38;2;216;136;136m████[38;2;248;184;168m██████[38;2;184;96;88m██[38;2;64;64;64m██[38;2;0;0;0m██  
[38;2;0;0;0m        ██[38;2;248;184;168m██[38;2;248;248;248m██[38;2;64;64;64m██[38;2;216;136;136m████[38;2;64;64;64m████[38;2;248;184;168m██████[38;2;64;64;64m██████[38;2;0;0;0m██  
[38;2;0;0;0m        ██[38;2;88;168;160m██[38;2;64;128;128m██[38;2;248;184;168m██[38;2;64;64;64m████[38;2;248;184;168m██████████[38;2;184;96;88m██[38;2;64;64;64m██[38;2;0;0;0m██    
[38;2;0;0;0m      ██[38;2;248;248;248m██[38;2;64;128;128m██[38;2;248;248;248m██[38;2;248;184;168m██████████████████[38;2;64;64;64m██[38;2;0;0;0m██    
[38;2;0;0;0m    ████[38;2;248;248;248m██[38;2;88;168;160m██[38;2;64;128;128m██[38;2;248;184;168m████████[38;2;64;128;128m██[38;2;88;168;160m██[38;2;248;248;248m██[38;2;248;184;168m████[38;2;216;136;136m████[38;2;0;0;0m██  
[38;2;0;0;0m  ██[38;2;216;136;136m██[38;2;64;64;64m██[38;2;248;184;168m██[38;2;248;248;248m██[38;2;248;184;168m████████[38;2;64;128;128m██[38;2;248;248;248m██[38;2;64;128;128m██[38;2;88;168;160m██[38;2;248;248;248m██[38;2;216;136;136m██████[38;2;0;0;0m██  
[38;2;0;0;0m    ████[38;2;216;136;136m██[38;2;248;184;168m██[38;2;64;64;64m██[38;2;248;184;168m██████[38;2;88;168;160m██[38;2;64;128;128m██[38;2;88;168;160m████[38;2;248;248;248m██[38;2;216;136;136m██████[38;2;0;0;0m██  
[38;2;0;0;0m      ██[38;2;64;64;64m██[38;2;216;136;136m██[38;2;248;184;168m██[38;2;64;64;64m████[38;2;248;184;168m██[38;2;248;248;248m██[38;2;88;168;160m████[38;2;248;248;248m████[38;2;216;136;136m████[38;2;0;0;0m██    
[38;2;0;0;0m        ██[38;2;216;136;136m████████████[38;2;248;248;248m██████[38;2;216;136;136m██████[38;2;0;0;0m██    
[38;2;0;0;0m        ██[38;2;64;64;64m██[38;2;216;136;136m████████[38;2;184;96;88m████[38;2;216;136;136m████████[38;2;0;0;0m██      
[38;2;0;0;0m      ██[38;2;184;96;88m████[38;2;64;64;64m██[38;2;216;136;136m████[38;2;64;64;64m██[38;2;248;184;168m████[38;2;216;136;136m██████[38;2;0;0;0m██        
[38;2;0;0;0m        ██████████[38;2;216;136;136m██[38;2;64;64;64m████[38;2;216;136;136m██[38;2;184;96;88m██[38;2;0;0;0m██          
[38;2;0;0;0m                  ██[38;2;184;96;88m██████[38;2;216;136;136m██[38;2;0;0;0m██          
[38;2;0;0;0m                    ██[38;2;216;136;136m████[38;2;0;0;0m██            
[38;2;0;0;0m                      ████              
[38;2;0;0;0m                                        [0m
