
            [38;2;0;0;0m▄▄         [0m
         [38;2;0;0;0m▄[48;2;170;159;47m▀[48;2;255;239;71m▀[38;2;255;239;79m[48;2;255;239;79m▀[38;2;8;4;0m[48;2;173;161;53m▀[38;2;0;0;0m[49m▄▄[48;2;255;231;87m▀[48;2;0;0;0m▀[49m     [0m
      [38;2;0;0;0m[48;2;0;0;0m▀[48;2;255;231;87m▀[38;2;0;0;16m[48;2;85;80;37m▀[38;2;170;159;58m[48;2;255;239;79m▀[38;2;255;231;87m[48;2;255;231;87m▀▀▀▀[38;2;206;165;30m▀[38;2;255;231;87m▀[38;2;255;239;79m[48;2;255;239;79m▀[38;2;8;4;0m[48;2;173;161;53m▀[38;2;0;0;0m[49m▄    [0m
   [38;2;0;0;0m▄▄[48;2;132;107;28m▀[38;2;206;165;30m[48;2;255;231;87m▀[38;2;255;231;87m▀[38;2;206;197;126m[48;2;231;247;231m▀[38;2;181;148;21m[48;2;181;148;21m▀[38;2;255;231;87m[48;2;255;231;87m▀[48;2;132;107;28m▀[38;2;129;118;54m[48;2;255;231;79m▀[38;2;255;231;79m[48;2;66;61;42m▀[38;2;66;66;66m[48;2;255;231;87m▀[48;2;66;66;66m▀[38;2;255;231;87m[48;2;255;231;87m▀▀[38;2;0;0;0m[48;2;206;165;30m▀[49m▄▄  [0m
   [38;2;0;0;0m[48;2;0;0;0m▀[38;2;255;231;87m[48;2;206;165;30m▀[48;2;255;231;87m▀[38;2;255;247;119m[48;2;115;123;235m▀[48;2;208;206;158m▀[38;2;123;156;251m[48;2;255;231;87m▀[38;2;255;231;87m▀[38;2;255;239;95m[48;2;255;239;95m▀[38;2;178;195;200m[48;2;140;173;252m▀[38;2;255;231;87m[48;2;255;231;87m▀▀▀[38;2;206;165;30m▀[38;2;66;66;66m▀[48;2;66;66;66m▀[38;2;206;165;30m[48;2;255;231;87m▀[38;2;255;231;87m▀[38;2;0;0;0m▀[49m▄ [0m
 [38;2;0;0;0m[48;2;0;0;0m▀[38;2;8;4;0m[48;2;255;239;79m▀[38;2;255;239;79m[48;2;173;161;53m▀[38;2;66;66;58m[48;2;192;176;61m▀[38;2;255;231;63m[48;2;66;66;58m▀[38;2;91;104;171m[48;2;132;156;252m▀[38;2;8;0;8m[48;2;91;104;171m▀[38;2;255;231;87m[48;2;255;231;87m▀▀▀▀[38;2;239;247;255m[48;2;0;0;40m▀[38;2;119;123;147m[48;2;119;123;147m▀[38;2;255;231;87m[48;2;255;231;87m▀▀[38;2;197;169;49m[48;2;255;231;79m▀[38;2;140;107;20m▀[38;2;170;159;58m[48;2;85;80;37m▀[38;2;255;239;79m[48;2;0;0;16m▀[38;2;99;107;203m[48;2;0;0;0m▀[38;2;0;0;0m[49m▀ [0m
  [38;2;0;0;0m[48;2;0;0;0m▀[38;2;123;156;251m▀[38;2;0;0;0m[49m▀[48;2;0;0;0m▀[38;2;255;231;87m▀[48;2;255;231;87m▀[48;2;206;165;30m▀[48;2;255;231;87m▀▀[48;2;206;165;30m▀[38;2;107;132;227m[48;2;255;231;87m▀▀[38;2;255;231;71m[48;2;192;174;64m▀[48;2;66;61;50m▀[38;2;66;66;66m[48;2;206;165;30m▀▀[38;2;173;161;53m[48;2;255;239;79m▀[38;2;8;4;0m▀[38;2;0;0;0m[49m▄  [0m
       [38;2;0;0;0m▀▀[38;2;255;231;87m[48;2;0;0;0m▀[38;2;206;165;30m▀[38;2;0;0;0m[49m▀▀[38;2;206;165;30m[48;2;0;0;0m▀[38;2;0;0;0m▀[49m▀[38;2;82;77;37m[48;2;0;0;8m▀[38;2;247;231;95m▀[38;2;121;130;169m[48;2;148;173;252m▀[38;2;93;88;85m[48;2;66;45;2m▀[38;2;0;0;0m[49m▀  [0m
                  [38;2;0;0;0m▀▀   [0m
