
     [38;2;0;0;0m▄                        [0m
    [38;2;0;0;0m[48;2;0;0;0m▀[38;2;222;189;86m[48;2;222;189;86m▀[38;2;0;0;0m[48;2;0;0;0m▀[49m              ▄        [0m
    [38;2;0;0;0m[48;2;0;0;0m▀[38;2;222;189;86m[48;2;79;79;71m▀[48;2;222;189;86m▀[38;2;0;0;0m[48;2;0;0;0m▀[49m          ▄[48;2;255;239;71m▀▀[38;2;255;239;71m▀[38;2;0;0;0m[48;2;0;0;0m▀[49m       [0m
    [38;2;0;0;0m[48;2;0;0;0m▀[38;2;79;79;71m[48;2;79;79;71m▀[38;2;222;189;86m▀[48;2;222;189;86m▀[38;2;0;0;0m[48;2;0;0;0m▀[49m       ▄[38;2;0;0;16m[48;2;255;239;71m▀[38;2;255;239;71m[48;2;85;80;34m▀[38;2;74;74;66m[48;2;74;74;66m▀[38;2;255;239;71m[48;2;255;239;71m▀[38;2;0;0;0m[48;2;0;0;0m▀[49m        [0m
     [38;2;0;0;0m[48;2;0;0;0m▀[38;2;82;80;69m[48;2;82;80;69m▀[38;2;222;189;86m[48;2;222;189;86m▀[38;2;0;0;0m[48;2;0;0;0m▀[49m  ▄  ▄[38;2;0;0;16m[48;2;255;239;71m▀[38;2;255;239;71m[48;2;85;80;34m▀[38;2;66;66;66m[48;2;82;80;69m▀[38;2;82;80;69m▀[38;2;85;80;40m[48;2;255;239;71m▀[38;2;255;239;71m[48;2;0;0;24m▀[38;2;0;0;0m[49m▀        [0m
     [38;2;0;0;0m▀[38;2;82;78;70m[48;2;0;0;0m▀[38;2;82;80;42m[48;2;247;239;79m▀[38;2;0;0;24m[48;2;82;80;42m▀[38;2;0;0;0m[49m▄[48;2;255;239;71m▀[38;2;255;239;71m▀[38;2;0;0;16m[48;2;85;80;34m▀[38;2;0;0;0m[49m▄[48;2;255;239;71m▀[38;2;255;239;71m[48;2;74;70;66m▀[38;2;74;70;66m▀[38;2;82;81;69m[48;2;82;81;69m▀▀[38;2;255;239;71m[48;2;255;239;71m▀[38;2;0;0;16m[48;2;85;80;34m▀[38;2;0;0;0m[49m▄[48;2;222;189;86m▀▀[48;2;0;0;0m▀[49m     [0m
     [38;2;0;0;0m▄[48;2;255;239;71m▀[38;2;255;239;71m▀[38;2;193;158;69m▀[38;2;255;239;68m[48;2;255;239;68m▀▀[38;2;192;180;69m[48;2;255;239;71m▀[38;2;255;239;71m[48;2;66;61;66m▀[38;2;66;66;66m[48;2;255;239;71m▀[38;2;255;239;71m[48;2;66;66;66m▀[38;2;66;66;66m[48;2;82;80;69m▀[38;2;82;80;69m▀[38;2;82;82;66m[48;2;82;82;66m▀[38;2;255;239;71m[48;2;255;239;71m▀[48;2;66;66;66m▀▀[38;2;66;66;66m[48;2;222;189;86m▀[38;2;222;189;86m▀[38;2;0;0;0m[48;2;66;66;66m▀[49m▄[48;2;255;239;71m▀[48;2;0;0;0m▀[49m   [0m
  [38;2;0;0;0m[48;2;0;0;0m▀[48;2;198;198;190m▀[49m▄[48;2;255;247;135m▀[38;2;255;247;135m▀[38;2;255;247;172m[48;2;255;247;172m▀▀[38;2;255;244;172m[48;2;255;244;172m▀[38;2;255;239;71m▀[38;2;255;239;68m[48;2;255;239;68m▀▀[38;2;82;82;66m[48;2;255;239;71m▀[48;2;82;82;66m▀[38;2;74;74;66m[48;2;255;239;71m▀[38;2;255;239;71m[48;2;74;74;66m▀[38;2;195;193;149m[48;2;74;70;50m▀[38;2;74;70;50m[48;2;255;255;199m▀[38;2;90;86;58m[48;2;255;255;223m▀[38;2;172;170;140m[48;2;90;86;58m▀[38;2;195;188;69m[48;2;255;247;71m▀[38;2;74;70;66m▀[38;2;255;239;71m[48;2;255;239;71m▀[48;2;193;158;69m▀[38;2;0;0;0m[48;2;0;0;0m▀[49m    [0m
  [38;2;0;0;0m▀[38;2;206;198;198m[48;2;8;0;16m▀[38;2;74;66;77m[48;2;74;66;77m▀[38;2;255;239;71m[48;2;255;239;71m▀[38;2;255;244;172m▀▀▀[38;2;255;239;71m[48;2;66;66;66m▀▀▀[48;2;255;239;71m▀[48;2;200;187;72m▀[48;2;90;82;74m▀[38;2;66;66;66m[48;2;66;66;66m▀[48;2;255;255;255m▀[38;2;255;255;255m▀[48;2;132;132;108m▀[38;2;82;78;66m[48;2;140;137;126m▀[48;2;255;255;247m▀[38;2;255;239;71m[48;2;82;82;66m▀[48;2;255;239;71m▀[38;2;255;239;79m[48;2;173;159;55m▀[38;2;8;0;8m▀[38;2;0;0;0m[49m▄▄▄  [0m
 [38;2;0;0;0m▄[48;2;255;255;255m▀[38;2;66;66;66m[48;2;66;66;66m▀[38;2;255;239;71m[48;2;255;239;71m▀[48;2;82;82;66m▀[48;2;255;239;71m▀▀[38;2;66;66;66m[48;2;66;66;66m▀[38;2;82;70;82m[48;2;82;70;82m▀[38;2;255;255;255m▀[38;2;107;66;115m[48;2;255;247;71m▀[38;2;255;247;71m[48;2;206;187;86m▀[38;2;222;189;86m[48;2;222;189;86m▀[48;2;79;79;71m▀[38;2;214;198;134m[48;2;66;66;66m▀[38;2;66;66;66m[48;2;214;198;134m▀[38;2;255;255;255m[48;2;255;255;255m▀▀[38;2;255;255;199m[48;2;90;86;58m▀[38;2;90;86;58m[48;2;200;199;152m▀[38;2;255;239;68m[48;2;255;239;68m▀▀▀▀[38;2;255;239;71m[48;2;255;239;71m▀[48;2;0;0;0m▀▀[38;2;0;0;0m[49m▀ [0m
  [38;2;0;0;0m▀[38;2;255;255;255m[48;2;8;8;0m▀[38;2;90;90;85m[48;2;90;90;85m▀[38;2;255;239;71m[48;2;66;66;66m▀▀[48;2;225;191;84m▀▀[38;2;255;239;79m[48;2;115;94;75m▀[38;2;208;191;78m[48;2;208;191;78m▀[38;2;222;189;86m[48;2;222;189;86m▀[48;2;66;66;66m▀▀▀[38;2;66;66;66m[48;2;198;198;190m▀[38;2;198;198;190m▀[38;2;197;196;192m[48;2;197;196;192m▀[38;2;255;255;255m[48;2;82;78;66m▀[38;2;255;255;199m[48;2;90;86;58m▀[38;2;90;86;58m[48;2;200;199;152m▀[38;2;255;239;71m[48;2;255;239;71m▀[48;2;193;158;69m▀[38;2;255;247;79m[48;2;195;188;77m▀[38;2;74;70;74m▀[38;2;0;0;0m[48;2;222;189;86m▀[49m▄   [0m
   [38;2;0;0;0m▄[48;2;255;255;255m▀[38;2;255;255;255m▀▀[38;2;66;66;66m▀[48;2;192;192;192m▀[48;2;198;198;190m▀▀▀[38;2;198;198;190m▀[38;2;201;198;190m[48;2;201;198;190m▀▀[38;2;200;195;190m[48;2;200;195;190m▀[48;2;255;255;255m▀[38;2;74;70;50m[48;2;255;255;199m▀[38;2;195;193;149m[48;2;74;70;50m▀[38;2;255;239;68m[48;2;255;239;68m▀▀▀▀[38;2;181;156;77m[48;2;0;0;8m▀[38;2;90;78;42m[49m▀[38;2;0;0;0m▀    [0m
  [38;2;0;0;0m▀[38;2;255;255;255m[48;2;0;4;0m▀[38;2;170;171;170m▀[38;2;0;0;0m[49m▀[38;2;82;78;70m[48;2;0;0;0m▀[38;2;255;255;255m[48;2;255;255;255m▀[48;2;82;82;66m▀[38;2;132;134;108m[48;2;132;134;108m▀[38;2;198;198;190m[48;2;198;198;190m▀▀[38;2;121;123;107m[48;2;82;86;66m▀[38;2;255;255;255m[48;2;255;255;255m▀[38;2;200;195;190m▀[38;2;66;66;66m[48;2;0;0;0m▀[38;2;0;0;0m[49m▀[38;2;255;255;255m[48;2;0;0;0m▀▀[38;2;0;0;0m[49m▀[38;2;255;239;71m[48;2;0;0;0m▀[48;2;140;115;116m▀[38;2;217;198;86m[48;2;217;198;86m▀[38;2;148;126;76m[48;2;222;189;110m▀[38;2;0;0;8m[48;2;0;0;8m▀[49m     [0m
       [38;2;0;0;0m▀[38;2;189;156;69m[48;2;0;0;0m▀[38;2;82;79;69m[48;2;82;79;69m▀[38;2;198;198;190m[48;2;198;198;190m▀[38;2;129;121;81m[48;2;82;82;74m▀[38;2;82;82;74m[48;2;222;198;94m▀[38;2;74;70;50m[48;2;164;162;136m▀[38;2;255;255;223m[48;2;74;70;50m▀[38;2;0;0;0m[48;2;0;0;0m▀[49m    ▄[38;2;0;0;16m[48;2;231;206;95m▀[38;2;231;206;95m[48;2;154;137;69m▀[38;2;239;214;79m[48;2;239;214;79m▀[38;2;0;0;0m[48;2;0;0;0m▀[49m     [0m
       [38;2;0;0;0m▄[48;2;189;156;69m▀[38;2;192;159;64m[48;2;192;159;64m▀[38;2;82;82;66m[48;2;82;82;66m▀[38;2;79;79;71m[48;2;222;189;86m▀[38;2;222;189;86m▀▀[38;2;0;0;0m[48;2;0;0;0m▀[49m      ▀▀▀      [0m
        [38;2;0;0;0m▀▀[38;2;255;239;71m[48;2;0;0;0m▀[38;2;127;119;55m[48;2;0;0;16m▀[38;2;255;239;95m▀[38;2;0;0;0m[49m▀                [0m
                              [0m
