
         [38;2;49;49;49m▄▄▄▄           [0m
      [38;2;49;49;49m▄[48;2;222;197;123m▀[48;2;246;246;172m▀[38;2;246;246;172m▀[38;2;222;197;123m▀[38;2;246;246;172m▀▀[38;2;49;49;49m▀[48;2;222;197;123m▀[49m▄        [0m
     [38;2;49;49;49m▄[48;2;246;246;172m▀[38;2;246;246;172m▀▀▀▀▀▀▀[48;2;222;197;123m▀[38;2;49;49;49m▀[49m▄       [0m
     [38;2;49;49;49m[48;2;49;49;49m▀[38;2;246;246;172m[48;2;222;197;123m▀[48;2;246;246;172m▀[38;2;222;197;123m▀[38;2;246;246;172m▀▀▀[48;2;222;197;123m▀[48;2;246;246;172m▀[48;2;222;197;123m▀[38;2;222;197;123m▀[38;2;49;49;49m[48;2;49;49;49m▀[49m       [0m
  [38;2;49;49;49m▄[48;2;246;246;172m▀[48;2;222;197;123m▀[38;2;82;82;82m[48;2;246;246;172m▀[48;2;82;82;82m▀[38;2;222;197;123m[48;2;222;197;123m▀[38;2;246;246;172m[48;2;180;156;65m▀[48;2;222;197;123m▀[38;2;222;197;123m▀[38;2;246;246;172m▀[48;2;180;156;65m▀[38;2;222;197;123m[48;2;222;197;123m▀▀[38;2;49;49;49m[48;2;49;49;49m▀[49m        [0m
 [38;2;49;49;49m[48;2;49;49;49m▀[38;2;222;197;123m[48;2;246;246;172m▀[38;2;246;246;172m▀▀▀[48;2;222;197;123m▀[38;2;82;82;82m▀[48;2;82;82;82m▀[38;2;222;197;123m▀[38;2;180;156;65m[48;2;65;148;49m▀[38;2;222;197;123m[48;2;180;156;65m▀[48;2;65;148;49m▀[38;2;82;82;82m[48;2;82;82;82m▀[38;2;49;49;49m[48;2;123;131;205m▀[49m▄        [0m
 [38;2;49;49;49m[48;2;49;49;49m▀[38;2;246;246;172m[48;2;222;197;123m▀[38;2;222;197;123m[48;2;246;246;172m▀[38;2;246;246;172m▀[48;2;222;197;123m▀[38;2;222;197;123m[48;2;82;82;82m▀[38;2;82;82;82m[48;2;123;131;205m▀[38;2;148;180;246m[48;2;148;180;246m▀[38;2;123;131;205m▀[38;2;82;82;82m[48;2;139;156;230m▀[48;2;123;131;205m▀▀[38;2;123;131;205m[48;2;139;156;230m▀[48;2;148;180;246m▀[38;2;139;156;230m▀[38;2;49;49;49m[48;2;82;82;82m▀[48;2;222;197;123m▀[48;2;246;246;172m▀▀[48;2;222;197;123m▀[49m▄  [0m
  [38;2;49;49;49m▀[38;2;222;197;123m[48;2;49;49;49m▀▀[38;2;180;156;65m▀[38;2;82;82;82m[48;2;82;82;82m▀[38;2;255;189;213m[48;2;238;24;90m▀[38;2;148;180;246m[48;2;148;180;246m▀▀▀[48;2;255;189;213m▀[48;2;148;180;246m▀▀▀[38;2;82;82;82m[48;2;82;82;82m▀[38;2;246;246;172m[48;2;222;197;123m▀[48;2;246;246;172m▀▀▀[48;2;222;197;123m▀[38;2;180;156;65m▀[38;2;49;49;49m[48;2;49;49;49m▀[49m [0m
      [38;2;49;49;49m[48;2;49;49;49m▀[38;2;148;180;246m[48;2;123;131;205m▀[48;2;148;180;246m▀[48;2;213;123;115m▀[48;2;148;180;246m▀[38;2;238;24;90m▀[38;2;148;180;246m[48;2;139;156;230m▀[48;2;123;131;205m▀[38;2;139;156;230m▀[38;2;82;82;82m[48;2;82;82;82m▀[38;2;246;246;172m[48;2;222;197;123m▀[48;2;246;246;172m▀[48;2;222;197;123m▀[48;2;246;246;172m▀[48;2;222;197;123m▀[38;2;222;197;123m▀[38;2;49;49;49m[48;2;49;49;49m▀[49m [0m
       [38;2;49;49;49m▀[38;2;123;131;205m[48;2;49;49;49m▀[38;2;255;139;172m[48;2;123;131;205m▀[38;2;123;131;205m▀▀▀▀▀[48;2;82;82;82m▀[38;2;82;82;82m▀[38;2;222;197;123m[48;2;49;49;49m▀▀▀[38;2;180;156;65m▀[38;2;49;49;49m[49m▀  [0m
        [38;2;49;49;49m▀[38;2;82;82;82m[48;2;49;49;49m▀▀[49m▀▀[48;2;49;49;49m▀[48;2;123;131;205m▀[38;2;123;131;205m▀[38;2;49;49;49m[48;2;49;49;49m▀[49m       [0m
              [38;2;49;49;49m▀▀        [0m
