
[38;2;0;0;0m                                              
[38;2;0;0;0m                                              
[38;2;0;0;0m            ██[38;2;192;144;80m██[38;2;0;0;0m██                            
[38;2;0;0;0m            ██[38;2;192;144;80m██[38;2;136;88;88m██[38;2;0;0;0m██                          
[38;2;0;0;0m          ██[38;2;192;144;80m██████████[38;2;136;88;88m██[38;2;0;0;0m████                  
[38;2;0;0;0m          ██[38;2;192;144;80m██[38;2;136;88;88m██[38;2;192;144;80m██████████[38;2;136;88;88m██[38;2;0;0;0m██          ████  
[38;2;0;0;0m        ██[38;2;192;144;80m██[38;2;136;88;88m██[38;2;192;144;80m████████████████[38;2;136;88;88m██[38;2;0;0;0m████[38;2;192;144;80m██████[38;2;0;0;0m██  
[38;2;0;0;0m        ██[38;2;192;144;80m████[38;2;232;176;120m████[38;2;192;144;80m████████████████████████[38;2;0;0;0m    
[38;2;0;0;0m        ██[38;2;192;144;80m██[38;2;232;176;120m████████████[38;2;192;144;80m████[38;2;136;88;88m██[38;2;192;144;80m████████[38;2;128;104;72m██[38;2;0;0;0m██    
[38;2;0;0;0m        [38;2;248;248;248m██[38;2;64;64;64m██[38;2;232;176;120m████████[38;2;192;144;80m██████[38;2;136;88;88m██[38;2;192;144;80m██████████[38;2;0;0;0m██      
[38;2;0;0;0m      ██[38;2;120;128;136m██[38;2;176;176;184m██[38;2;232;176;120m████████[38;2;192;144;80m██[38;2;248;248;248m██[38;2;128;104;72m██[38;2;192;144;80m████████[38;2;0;0;0m████        
[38;2;0;0;0m    ██[38;2;248;248;248m██[38;2;120;128;136m██[38;2;176;176;184m██[38;2;232;176;120m████████[38;2;0;0;0m██[38;2;248;248;248m██[38;2;128;104;72m██[38;2;192;144;80m████[38;2;128;104;72m██[38;2;64;64;64m██[38;2;0;0;0m            
[38;2;0;0;0m    [38;2;208;208;208m██[38;2;120;128;136m██[38;2;176;176;184m██[38;2;0;0;0m██[38;2;176;176;184m██[38;2;64;64;64m██[38;2;80;88;104m██[38;2;192;144;80m████[38;2;128;104;72m██[38;2;64;64;64m██████[38;2;128;104;72m██[38;2;64;64;64m██[38;2;128;104;72m██[38;2;0;0;0m██        
[38;2;0;0;0m    [38;2;208;208;208m██[38;2;120;128;136m██[38;2;0;0;0m██  ████████[38;2;64;64;64m████[38;2;176;176;184m████[38;2;64;64;64m████[38;2;248;248;248m██[38;2;128;104;72m██[38;2;192;144;80m██[38;2;0;0;0m████    
[38;2;0;0;0m  ██[38;2;120;128;136m██[38;2;176;176;184m██[38;2;0;0;0m            ██[38;2;64;64;64m████[38;2;128;104;72m██[38;2;64;64;64m██[38;2;248;248;248m██[38;2;120;128;136m██[38;2;64;64;64m████[38;2;0;0;0m████    
[38;2;0;0;0m  ██[38;2;120;128;136m██[38;2;0;0;0m██            ██[38;2;80;88;104m██[38;2;176;176;184m██[38;2;64;64;64m████[38;2;120;128;136m██[38;2;176;176;184m██[38;2;128;104;72m████[38;2;0;0;0m        
[38;2;0;0;0m    [38;2;208;208;208m██[38;2;0;0;0m██        ████[38;2;128;104;72m██[38;2;64;64;64m██[38;2;248;248;248m██[38;2;64;64;64m██[38;2;248;248;248m██[38;2;176;176;184m██[38;2;64;64;64m██[38;2;128;104;72m████[38;2;0;0;0m        
[38;2;0;0;0m    ██          [38;2;192;144;80m██[38;2;64;64;64m██[38;2;128;104;72m██[38;2;0;0;0m██[38;2;248;248;248m██[38;2;64;64;64m██[38;2;248;248;248m██[38;2;176;176;184m██[38;2;64;64;64m████[38;2;128;104;72m██[38;2;0;0;0m██      
[38;2;0;0;0m                ██[38;2;128;104;72m██[38;2;0;0;0m██    [38;2;208;208;208m██[38;2;120;128;136m██[38;2;64;64;64m██[38;2;192;144;80m██[38;2;128;104;72m██[38;2;0;0;0m██        
[38;2;0;0;0m                ██[38;2;64;64;64m██[38;2;128;104;72m██[38;2;0;0;0m    [38;2;208;208;208m██[38;2;120;128;136m██[38;2;0;0;0m██[38;2;128;104;72m██[38;2;192;144;80m██[38;2;0;0;0m██        
[38;2;0;0;0m                ████      [38;2;208;208;208m██[38;2;0;0;0m██  ██[38;2;192;144;80m██[38;2;64;64;64m██[38;2;0;0;0m██      
[38;2;0;0;0m                          [38;2;208;208;208m██[38;2;0;0;0m████[38;2;136;88;88m██[38;2;64;64;64m██[38;2;136;88;88m██[38;2;0;0;0m██      
[38;2;0;0;0m                              ████████        
[38;2;0;0;0m                                              [0m
