
[38;2;0;0;0m                                                              
[38;2;0;0;0m            ██████                                            
[38;2;0;0;0m          ██[38;2;120;120;120m██[38;2;248;248;248m██[38;2;120;120;120m██[38;2;0;0;0m██                                          
[38;2;0;0;0m          ██[38;2;248;248;248m██[38;2;184;184;176m████[38;2;0;0;0m██                ████                      
[38;2;0;0;0m          ██[38;2;184;184;176m██████[38;2;64;64;64m██[38;2;0;0;0m██          ████[38;2;240;216;56m██[38;2;0;0;0m██                      
[38;2;0;0;0m          ██[38;2;120;120;120m██[38;2;184;184;176m██[38;2;120;120;120m██[38;2;0;0;0m██[38;2;152;128;48m██[38;2;0;0;0m████    ██[38;2;192;168;48m██[38;2;240;216;56m██[38;2;152;128;48m██[38;2;0;0;0m██                      
[38;2;0;0;0m          ██[38;2;64;64;64m██[38;2;120;120;120m██[38;2;64;64;64m██[38;2;192;168;48m██[38;2;240;216;56m██████[38;2;0;0;0m████[38;2;240;216;56m████[38;2;152;128;48m██[38;2;192;168;48m██[38;2;0;0;0m██                      
[38;2;0;0;0m        ██[38;2;240;216;56m████[38;2;64;64;64m████[38;2;240;216;56m██[38;2;240;96;80m██[38;2;240;216;56m████████████[38;2;152;128;48m██[38;2;192;168;48m██[38;2;64;64;64m██[38;2;0;0;0m██████                
[38;2;0;0;0m    ████[38;2;152;128;48m██████[38;2;64;64;64m██[38;2;240;216;56m██[38;2;240;96;80m██████[38;2;240;216;56m████████[38;2;192;168;48m████[38;2;64;64;64m██[38;2;192;168;48m████████[38;2;0;0;0m████            
[38;2;0;0;0m  ██[38;2;192;168;48m██[38;2;64;64;64m██[38;2;240;216;56m████[38;2;64;64;64m████[38;2;240;216;56m████[38;2;240;96;80m██[38;2;240;216;56m████████[38;2;152;128;48m██[38;2;192;168;48m████[38;2;64;64;64m██[38;2;192;168;48m████████████[38;2;0;0;0m██          
[38;2;0;0;0m  ██[38;2;192;168;48m████[38;2;64;64;64m██████[38;2;152;128;48m██[38;2;0;0;0m██[38;2;240;216;56m████████[38;2;192;168;48m██[38;2;64;64;64m██[38;2;152;128;48m██[38;2;192;168;48m████[38;2;152;128;48m██[38;2;64;64;64m████[38;2;192;168;48m██████████[38;2;0;0;0m██        
[38;2;0;0;0m    ██[38;2;64;64;64m██[38;2;184;184;176m██[38;2;0;0;0m████[38;2;192;168;48m██[38;2;64;64;64m██[38;2;152;128;48m██[38;2;240;216;56m████[38;2;0;0;0m████[38;2;184;184;176m██[38;2;152;128;48m██[38;2;192;168;48m██████[38;2;64;64;64m██[38;2;176;128;88m██[38;2;64;64;64m██[38;2;136;104;72m██[38;2;192;168;48m██████[38;2;0;0;0m██  ██    
[38;2;0;0;0m    ██[38;2;120;120;120m████[38;2;0;0;0m██  ██[38;2;152;128;48m██[38;2;192;168;48m██[38;2;240;216;56m██[38;2;192;168;48m██[38;2;0;0;0m██[38;2;248;248;248m██[38;2;152;128;48m██[38;2;192;168;48m██████[38;2;152;128;48m██[38;2;64;64;64m██[38;2;176;128;88m██[38;2;64;64;64m██[38;2;136;104;72m██████[38;2;192;168;48m████[38;2;0;0;0m██[38;2;192;168;48m██[38;2;0;0;0m██  
[38;2;0;0;0m    ██[38;2;184;184;176m██[38;2;0;0;0m██    ██[38;2;240;216;56m██[38;2;152;128;48m██[38;2;240;216;56m██[38;2;152;128;48m██████[38;2;192;168;48m████[38;2;64;64;64m██████[38;2;176;128;88m██████[38;2;64;64;64m██[38;2;136;104;72m████[38;2;192;168;48m████[38;2;64;64;64m██[38;2;192;168;48m██[38;2;0;0;0m██  
[38;2;0;0;0m    ████    ██[38;2;240;216;56m██[38;2;192;168;48m██[38;2;64;64;64m██[38;2;240;216;56m██[38;2;64;64;64m██[38;2;192;168;48m██[38;2;240;216;56m██[38;2;152;128;48m██[38;2;64;64;64m██[38;2;136;104;72m██[38;2;64;64;64m██[38;2;136;104;72m████[38;2;176;128;88m██[38;2;64;64;64m████[38;2;136;104;72m██████[38;2;192;168;48m██[38;2;64;64;64m██[38;2;192;168;48m██[38;2;0;0;0m██  
[38;2;0;0;0m          ██[38;2;240;216;56m████[38;2;64;64;64m████[38;2;192;168;48m██[38;2;64;64;64m████[38;2;152;128;48m██[38;2;240;216;56m██[38;2;64;64;64m██[38;2;136;104;72m████[38;2;64;64;64m████████[38;2;192;168;48m██[38;2;64;64;64m██[38;2;136;104;72m████[38;2;192;168;48m██████[38;2;0;0;0m██  
[38;2;0;0;0m          ██[38;2;240;216;56m████[38;2;64;64;64m██[38;2;0;0;0m██[38;2;64;64;64m██[38;2;136;104;72m████[38;2;64;64;64m██[38;2;240;216;56m████[38;2;64;64;64m██[38;2;136;104;72m████[38;2;64;64;64m██[38;2;192;168;48m██████[38;2;64;64;64m██[38;2;136;104;72m████[38;2;192;168;48m████[38;2;0;0;0m██    
[38;2;0;0;0m            ██[38;2;248;232;136m██[38;2;0;0;0m██  ██[38;2;64;64;64m████████[38;2;240;216;56m████[38;2;64;64;64m████[38;2;240;216;56m████[38;2;192;168;48m██[38;2;64;64;64m██[38;2;136;104;72m██████[38;2;192;168;48m██[38;2;64;64;64m██[38;2;0;0;0m██    
[38;2;0;0;0m            ██[38;2;248;232;136m██[38;2;0;0;0m██    ██[38;2;192;168;48m████[38;2;64;64;64m██[38;2;248;232;136m██[38;2;240;216;56m██[38;2;64;64;64m██[38;2;240;216;56m██████[38;2;64;64;64m██[38;2;192;168;48m██[38;2;64;64;64m██[38;2;136;104;72m██[38;2;192;168;48m██[38;2;0;0;0m████      
[38;2;0;0;0m              ██    ██[38;2;152;128;48m██████[38;2;64;64;64m██[38;2;248;232;136m██[38;2;64;64;64m██[38;2;192;168;48m██[38;2;240;216;56m████[38;2;192;168;48m██[38;2;64;64;64m██[38;2;192;168;48m████[38;2;0;0;0m████          
[38;2;0;0;0m                  ██[38;2;184;184;176m██[38;2;152;128;48m██[38;2;192;168;48m██[38;2;0;0;0m████[38;2;248;232;136m██[38;2;0;0;0m██[38;2;248;248;248m██[38;2;64;64;64m██[38;2;192;168;48m██[38;2;64;64;64m██[38;2;192;168;48m████[38;2;0;0;0m██              
[38;2;0;0;0m                    ██████    ██  ████[38;2;248;248;248m██[38;2;64;64;64m██[38;2;192;168;48m████[38;2;64;64;64m██[38;2;0;0;0m██            
[38;2;0;0;0m                                      ██[38;2;192;168;48m████████[38;2;0;0;0m██            
[38;2;0;0;0m                                    ██[38;2;248;248;248m██[38;2;0;0;0m████[38;2;152;128;48m██[38;2;0;0;0m██              
[38;2;0;0;0m                                    ████  ██[38;2;248;248;248m██[38;2;0;0;0m██              
[38;2;0;0;0m                                            ██                
[38;2;0;0;0m                                                              [0m
