
     [38;2;0;0;0m▄▄▄▄      [0m
  [38;2;0;0;0m▄[48;2;240;208;40m▀▀[38;2;240;208;40m▀▀▀▀[38;2;0;0;0m▀▀[49m▄   [0m
 [38;2;0;0;0m▄[48;2;240;208;40m▀[38;2;240;208;40m▀▀▀▀▀[48;2;64;64;64m▀[48;2;0;0;0m▀[48;2;240;208;40m▀▀[38;2;0;0;0m[48;2;184;152;48m▀[49m▄ [0m
 [38;2;0;0;0m▀[38;2;240;208;40m[48;2;0;0;0m▀[48;2;240;208;40m▀▀▀[38;2;184;152;48m[48;2;0;0;0m▀[38;2;0;0;0m[48;2;248;248;248m▀[48;2;0;0;0m▀▀[48;2;136;112;48m▀[38;2;184;152;48m[48;2;184;152;48m▀[48;2;0;0;0m▀[38;2;0;0;0m[49m▀ [0m
  [38;2;0;0;0m▄[48;2;240;208;40m▀[38;2;184;152;48m[48;2;64;64;64m▀▀[48;2;184;152;48m▀▀▀[48;2;64;64;64m▀▀[38;2;0;0;0m[48;2;184;152;48m▀[49m▄  [0m
  [38;2;0;0;0m▄[48;2;240;208;40m▀[38;2;184;152;48m[48;2;136;112;48m▀[48;2;240;208;40m▀[38;2;64;64;64m▀[48;2;136;112;48m▀[48;2;184;152;48m▀[38;2;184;152;48m▀▀[48;2;240;208;40m▀[38;2;240;208;40m▀[38;2;0;0;0m[48;2;0;0;0m▀[49m [0m
  [38;2;0;0;0m▀[38;2;240;208;40m[48;2;0;0;0m▀[48;2;184;152;48m▀[38;2;136;112;48m[48;2;240;208;40m▀▀[38;2;240;208;40m[48;2;184;152;48m▀[38;2;136;112;48m[48;2;240;208;40m▀[38;2;240;208;40m[48;2;136;112;48m▀▀[38;2;184;152;48m[48;2;0;0;0m▀[38;2;0;0;0m[49m▀  [0m
   [38;2;0;0;0m▀[38;2;184;152;48m[48;2;0;0;0m▀[38;2;240;208;40m[48;2;136;112;48m▀▀[38;2;136;112;48m[48;2;184;152;48m▀▀[38;2;240;208;40m[48;2;136;112;48m▀[38;2;184;152;48m[48;2;0;0;0m▀[38;2;0;0;0m[49m▀   [0m
     [38;2;0;0;0m[48;2;0;0;0m▀[38;2;136;112;48m[48;2;184;152;48m▀▀[48;2;0;0;0m▀[38;2;0;0;0m[49m▀     [0m
      [38;2;0;0;0m▀▀       [0m
