
[38;2;0;0;0m                                                  
[38;2;0;0;0m          ████                                    
[38;2;0;0;0m            [38;2;248;240;168m████[38;2;0;0;0m██[38;2;120;120;120m████[38;2;152;152;152m██[38;2;0;0;0m██                        
[38;2;0;0;0m            [38;2;248;240;168m██[38;2;64;64;64m██[38;2;152;152;152m██████[38;2;120;120;120m████[38;2;0;0;0m██  ██████              
[38;2;0;0;0m            [38;2;120;120;120m██[38;2;152;152;152m██████[38;2;120;120;120m██████[38;2;64;64;64m██[38;2;248;240;168m██████████[38;2;0;0;0m            
[38;2;0;0;0m            [38;2;120;120;120m████[38;2;152;152;152m████[38;2;120;120;120m██████[38;2;248;240;168m████████[38;2;0;0;0m████            
[38;2;0;0;0m          ██[38;2;120;120;120m████████████[38;2;64;64;64m████[38;2;248;240;168m██[38;2;64;64;64m██[38;2;0;0;0m██                
[38;2;0;0;0m          ██[38;2;120;120;120m██████████[38;2;64;64;64m██[38;2;248;248;248m██[38;2;64;64;64m████[38;2;0;0;0m██                  
[38;2;0;0;0m        ██[38;2;224;160;112m██[38;2;64;64;64m██[38;2;120;120;120m████[38;2;64;64;64m██[38;2;232;80;80m██[38;2;0;0;0m██[38;2;248;248;248m██[38;2;192;128;96m██████[38;2;0;0;0m██                
[38;2;0;0;0m        ██[38;2;224;160;112m██[38;2;64;64;64m██████[38;2;224;160;112m██[38;2;120;88;80m██[38;2;232;80;80m██[38;2;120;88;80m██[38;2;192;128;96m██[38;2;64;64;64m██[38;2;192;128;96m██[38;2;0;0;0m████              
[38;2;0;0;0m    [38;2;192;128;96m██████[38;2;64;64;64m██[38;2;224;160;112m████████[38;2;192;128;96m████[38;2;64;64;64m██[38;2;192;128;96m██[38;2;64;64;64m██[38;2;192;128;96m██[38;2;224;160;112m██████[38;2;0;0;0m            
[38;2;0;0;0m  ██[38;2;192;128;96m████[38;2;120;88;80m████[38;2;224;160;112m██████[38;2;120;88;80m██[38;2;64;64;64m████[38;2;192;128;96m██[38;2;64;64;64m██[38;2;192;128;96m████████[38;2;224;160;112m██[38;2;0;0;0m██          
[38;2;0;0;0m  ██[38;2;64;64;64m████[38;2;0;0;0m████[38;2;120;88;80m██[38;2;248;240;168m██[38;2;120;88;80m██[38;2;64;64;64m██████[38;2;192;128;96m████████████[38;2;64;64;64m██[38;2;192;128;96m██[38;2;0;0;0m██        
[38;2;0;0;0m    [38;2;248;248;248m██[38;2;64;64;64m██[38;2;0;0;0m    [38;2;248;240;168m██████████[38;2;120;88;80m██[38;2;192;128;96m██████[38;2;120;88;80m██[38;2;64;64;64m██[38;2;192;128;96m██████[38;2;0;0;0m██        
[38;2;0;0;0m          ██[38;2;120;104;96m████[38;2;64;64;64m████[38;2;248;240;168m████[38;2;120;88;80m██[38;2;192;128;96m██[38;2;64;64;64m██[38;2;224;160;112m████████[38;2;64;64;64m██[38;2;0;0;0m██        
[38;2;0;0;0m        ██[38;2;64;64;64m██[38;2;120;104;96m████[38;2;248;248;248m████[38;2;248;240;168m████[38;2;120;88;80m████[38;2;64;64;64m██[38;2;224;160;112m████████[38;2;64;64;64m██[38;2;120;88;80m██[38;2;0;0;0m        
[38;2;0;0;0m      ██[38;2;64;64;64m██[38;2;120;104;96m██████[38;2;64;64;64m██[38;2;176;152;192m██[38;2;248;240;168m████[38;2;192;176;136m██[38;2;120;88;80m██[38;2;64;64;64m██[38;2;120;88;80m████[38;2;224;160;112m██[38;2;64;64;64m████[38;2;120;88;80m██[38;2;64;64;64m██[38;2;120;88;80m██[38;2;0;0;0m██  
[38;2;0;0;0m      ██[38;2;64;64;64m██[38;2;120;104;96m████[38;2;248;248;248m██[38;2;176;152;192m████[38;2;64;64;64m██[38;2;192;176;136m████[38;2;64;64;64m██[38;2;192;128;96m██[38;2;64;64;64m██[38;2;248;248;248m██[38;2;64;64;64m████[38;2;120;88;80m██[38;2;64;64;64m██[38;2;120;88;80m████[38;2;0;0;0m    
[38;2;0;0;0m        [38;2;120;88;80m██[38;2;64;64;64m██[38;2;176;152;192m████[38;2;144;104;128m██[38;2;176;152;192m████[38;2;64;64;64m██[38;2;248;240;168m██[38;2;192;128;96m██████████[38;2;120;88;80m██████[38;2;0;0;0m██      
[38;2;0;0;0m        ██[38;2;120;88;80m██[38;2;64;64;64m████[38;2;176;152;192m██[38;2;248;248;248m██[38;2;64;64;64m██[38;2;248;240;168m██[38;2;64;64;64m██[38;2;120;88;80m██[38;2;192;128;96m██████[38;2;120;88;80m██[38;2;192;128;96m██[38;2;0;0;0m████        
[38;2;0;0;0m              ██[38;2;192;176;136m████████[38;2;0;0;0m██[38;2;120;88;80m██[38;2;192;128;96m████[38;2;120;88;80m██[38;2;192;128;96m██[38;2;0;0;0m██            
[38;2;0;0;0m                ████████  [38;2;248;248;248m██[38;2;120;88;80m██[38;2;192;128;96m████[38;2;120;88;80m██[38;2;0;0;0m██            
[38;2;0;0;0m                            ██████                
[38;2;0;0;0m                                                  [0m
