
     [38;2;0;0;0m▄ ▄      [0m
    [38;2;0;0;0m[48;2;0;0;0m▀[38;2;90;165;250m[48;2;66;140;234m▀[38;2;0;0;0m▀[38;2;90;165;250m[48;2;57;132;225m▀[38;2;0;0;0m[48;2;0;0;0m▀[49m     [0m
     [38;2;0;0;0m[48;2;0;0;0m▀[38;2;66;140;234m[48;2;57;132;225m▀[38;2;0;0;0m[48;2;0;0;0m▀[49m      [0m
   [38;2;0;0;32m▄[38;2;0;0;0m[48;2;110;143;131m▀[38;2;57;132;225m[48;2;107;206;251m▀[48;2;57;131;225m▀[48;2;57;132;225m▀[38;2;0;0;0m▀[49m▄    [0m
  [38;2;0;0;0m[48;2;0;0;0m▀[38;2;165;214;181m[48;2;255;222;55m▀[48;2;96;126;141m▀[38;2;107;206;251m[48;2;181;214;149m▀[48;2;66;66;66m▀[38;2;66;66;66m[48;2;115;94;107m▀[38;2;57;132;225m[48;2;255;214;55m▀[38;2;41;90;129m[48;2;57;132;225m▀[38;2;0;0;0m[48;2;0;0;0m▀[49m   [0m
 [38;2;0;0;0m[48;2;0;0;0m▀[38;2;66;66;66m[48;2;57;132;225m▀[38;2;96;126;141m[48;2;247;247;247m▀[48;2;115;118;115m▀[38;2;66;66;66m▀[38;2;181;214;149m▀[38;2;208;174;72m[48;2;214;173;30m▀[38;2;255;214;55m[48;2;107;107;107m▀[38;2;57;132;225m[48;2;57;132;225m▀[48;2;66;66;66m▀[38;2;0;0;0m[48;2;107;107;107m▀[49m▄ [0m
 [38;2;0;0;0m▀[38;2;57;132;225m[48;2;0;0;0m▀[38;2;115;118;115m[48;2;255;222;63m▀[38;2;49;53;49m[48;2;123;115;80m▀[48;2;107;107;107m▀[38;2;247;247;247m▀[38;2;107;107;107m[48;2;118;148;152m▀[48;2;49;119;209m▀[38;2;57;132;225m[48;2;57;132;217m▀[38;2;66;66;66m▀[38;2;71;71;71m[48;2;0;0;0m▀[38;2;0;0;0m[49m▀ [0m
  [38;2;0;0;0m▀[38;2;57;61;89m[48;2;0;0;0m▀[38;2;255;222;63m[48;2;66;66;66m▀[38;2;255;222;55m[48;2;214;173;30m▀▀[38;2;255;206;39m[48;2;49;94;121m▀[38;2;49;119;209m▀[38;2;38;88;145m[48;2;74;99;118m▀[38;2;0;0;0m[48;2;0;0;0m▀[49m   [0m
    [38;2;0;0;0m▀▀▀[38;2;8;0;0m▀[38;2;35;63;81m[48;2;0;0;0m▀[38;2;74;99;118m▀[38;2;0;0;0m[49m▀   [0m
              [0m
