
[38;2;0;0;0m                                            
[38;2;0;0;0m          [38;2;49;49;49m████[38;2;0;0;0m  [38;2;49;49;49m██[38;2;0;0;0m  [38;2;49;49;49m██[38;2;0;0;0m  [38;2;49;49;49m██[38;2;0;0;0m                  
[38;2;0;0;0m          [38;2;49;49;49m██[38;2;246;230;172m██[38;2;49;49;49m██[38;2;123;156;74m██[38;2;49;49;49m██[38;2;246;230;172m██[38;2;49;49;49m██[38;2;246;230;172m██[38;2;49;49;49m██[38;2;0;0;0m                
[38;2;0;0;0m          [38;2;49;49;49m██[38;2;246;230;172m██[38;2;123;156;74m████[38;2;82;82;82m██[38;2;246;230;172m██████[38;2;49;49;49m████[38;2;0;0;0m              
[38;2;0;0;0m          [38;2;49;49;49m██[38;2;156;205;74m██[38;2;123;156;74m████[38;2;82;82;82m██[38;2;246;230;172m██[38;2;123;156;74m██[38;2;213;197;106m██████[38;2;49;49;49m██[38;2;0;0;0m            
[38;2;0;0;0m          [38;2;49;49;49m██[38;2;156;205;74m████[38;2;82;82;82m██[38;2;246;230;172m██[38;2;156;205;74m██[38;2;123;156;74m████[38;2;213;197;106m██[38;2;49;49;49m██[38;2;0;0;0m              
[38;2;0;0;0m        [38;2;49;49;49m██[38;2;246;230;172m██[38;2;156;205;74m██[38;2;246;230;172m████████[38;2;123;156;74m████[38;2;213;197;106m████[38;2;49;49;49m██[38;2;0;0;0m            
[38;2;0;0;0m        [38;2;49;49;49m██[38;2;246;230;172m████[38;2;156;205;74m████[38;2;246;230;172m██[38;2;156;205;74m██[38;2;246;230;172m██[38;2;123;156;74m██[38;2;213;197;106m██[38;2;49;49;49m██[38;2;0;0;0m              
[38;2;0;0;0m      [38;2;49;49;49m██[38;2;156;205;74m██[38;2;246;230;172m██[38;2;156;205;74m██████[38;2;246;230;172m██[38;2;49;49;49m██[38;2;213;197;106m██[38;2;123;156;74m██[38;2;49;49;49m██[38;2;0;0;0m                
[38;2;0;0;0m    [38;2;49;49;49m██[38;2;82;82;82m██[38;2;246;230;172m██████[38;2;156;205;74m██[38;2;123;156;74m██[38;2;213;197;106m██[38;2;123;156;74m██[38;2;213;197;106m██[38;2;123;156;74m██[38;2;49;49;49m██[38;2;0;0;0m                
[38;2;0;0;0m    [38;2;49;49;49m██[38;2;213;197;106m██[38;2;82;82;82m██████[38;2;246;230;172m████[38;2;123;156;74m██[38;2;213;197;106m████[38;2;49;49;49m██[38;2;0;0;0m    [38;2;49;49;49m████████[38;2;0;0;0m      
[38;2;0;0;0m      [38;2;49;49;49m██[38;2;213;197;106m██████[38;2;82;82;82m████[38;2;246;230;172m██[38;2;123;156;74m████[38;2;49;49;49m██[38;2;0;0;0m  [38;2;49;49;49m██[38;2;82;82;82m██[38;2;156;205;74m████[38;2;82;82;82m██[38;2;49;49;49m██[38;2;0;0;0m    
[38;2;0;0;0m    [38;2;49;49;49m████[38;2;82;82;82m████[38;2;123;156;74m██[38;2;213;197;106m████[38;2;123;156;74m████[38;2;82;82;82m██[38;2;123;156;74m██[38;2;49;49;49m██[38;2;82;82;82m██[38;2;156;205;74m██[38;2;123;156;74m██[38;2;82;115;65m██[38;2;156;205;74m██[38;2;49;49;49m██[38;2;0;0;0m    
[38;2;0;0;0m  [38;2;49;49;49m██[38;2;213;197;106m██[38;2;123;156;74m████[38;2;49;49;49m████[38;2;82;82;82m████[38;2;123;156;74m██████[38;2;156;205;74m████[38;2;82;82;82m██[38;2;156;205;74m██[38;2;82;115;65m██[38;2;156;205;74m██[38;2;82;115;65m██[38;2;156;205;74m██[38;2;49;49;49m██[38;2;0;0;0m  
[38;2;0;0;0m    [38;2;49;49;49m██████[38;2;0;0;0m    [38;2;49;49;49m██[38;2;156;205;74m████[38;2;82;82;82m██[38;2;156;205;74m████[38;2;123;156;74m██[38;2;82;82;82m██[38;2;156;205;74m██████[38;2;82;115;65m██[38;2;156;205;74m██[38;2;49;49;49m██[38;2;0;0;0m  
[38;2;0;0;0m              [38;2;49;49;49m██[38;2;189;82;123m██[38;2;82;82;82m██[38;2;246;230;172m████[38;2;82;82;82m████[38;2;123;156;74m████[38;2;156;205;74m██[38;2;82;115;65m██[38;2;156;205;74m██[38;2;49;49;49m██[38;2;0;0;0m    
[38;2;0;0;0m            [38;2;49;49;49m██[38;2;123;156;74m██[38;2;189;82;123m████[38;2;82;82;82m████[38;2;156;205;74m██[38;2;123;156;74m██[38;2;82;82;82m██[38;2;82;115;65m████[38;2;123;156;74m████[38;2;49;49;49m██[38;2;0;0;0m    
[38;2;0;0;0m            [38;2;49;49;49m██[38;2;123;156;74m██[38;2;82;82;82m██[38;2;123;156;74m████[38;2;156;205;74m██████[38;2;82;82;82m██[38;2;123;156;74m████[38;2;49;49;49m████[38;2;0;0;0m      
[38;2;0;0;0m              [38;2;49;49;49m██████[38;2;82;82;82m██[38;2;156;205;74m████[38;2;82;82;82m██[38;2;49;49;49m██████[38;2;0;0;0m          
[38;2;0;0;0m                    [38;2;49;49;49m██[38;2;246;230;172m████[38;2;49;49;49m██[38;2;0;0;0m                
[38;2;0;0;0m                      [38;2;49;49;49m████[38;2;0;0;0m                  
[38;2;0;0;0m                                            [0m
