
[38;2;0;0;0m                                                      
[38;2;0;0;0m            [38;2;49;49;49m██[38;2;0;0;0m    [38;2;49;49;49m████[38;2;0;0;0m  [38;2;49;49;49m████[38;2;0;0;0m                          
[38;2;0;0;0m          [38;2;49;49;49m██[38;2;213;98;65m██[38;2;49;49;49m████[38;2;213;98;65m████[38;2;49;49;49m██[38;2;213;98;65m████[38;2;49;49;49m██[38;2;0;0;0m                        
[38;2;0;0;0m        [38;2;49;49;49m██[38;2;213;98;65m████[38;2;82;82;82m██[38;2;213;98;65m██████████[38;2;49;49;49m██[38;2;0;0;0m  [38;2;49;49;49m████[38;2;0;0;0m                    
[38;2;0;0;0m  [38;2;49;49;49m████[38;2;0;0;0m  [38;2;49;49;49m██[38;2;213;98;65m██[38;2;82;82;82m██[38;2;213;98;65m████████████[38;2;49;49;49m████[38;2;82;139;230m████[38;2;49;49;49m██[38;2;0;0;0m                  
[38;2;0;0;0m  [38;2;49;49;49m██[38;2;255;255;164m██[38;2;49;49;49m██[38;2;213;98;65m████[38;2;164;74;82m██[38;2;213;98;65m████[38;2;82;82;82m████[38;2;213;98;65m██[38;2;82;82;82m██[38;2;82;139;230m██[38;2;74;106;172m██[38;2;82;139;230m████[38;2;74;106;172m██[38;2;49;49;49m██[38;2;0;0;0m                
[38;2;0;0;0m  [38;2;49;49;49m██[38;2;255;255;164m██[38;2;82;82;82m██[38;2;164;74;82m██[38;2;213;98;65m██████[38;2;82;82;82m██[38;2;74;106;172m██[38;2;82;139;230m██[38;2;82;82;82m██[38;2;82;139;230m██████████[38;2;74;106;172m██[38;2;82;139;230m██[38;2;49;49;49m██[38;2;0;0;0m              
[38;2;0;0;0m    [38;2;49;49;49m██[38;2;255;255;164m██[38;2;82;82;82m██[38;2;213;98;65m██████[38;2;82;82;82m██[38;2;82;139;230m██████████[38;2;74;106;172m██████[38;2;82;139;230m████[38;2;49;49;49m██[38;2;0;0;0m              
[38;2;0;0;0m    [38;2;49;49;49m██[38;2;255;255;164m██[38;2;222;189;82m██[38;2;164;74;82m██[38;2;213;98;65m██[38;2;82;82;82m██[38;2;82;139;230m██████[38;2;74;106;172m██[38;2;82;139;230m██[38;2;74;106;172m██[38;2;164;74;82m████[38;2;74;106;172m██[38;2;82;139;230m██[38;2;49;49;49m██[38;2;0;0;0m                
[38;2;0;0;0m      [38;2;49;49;49m██[38;2;255;255;164m██[38;2;222;189;82m██[38;2;213;98;65m██[38;2;82;82;82m██[38;2;82;139;230m████[38;2;82;82;82m██████[38;2;164;74;82m████████[38;2;49;49;49m██[38;2;0;0;0m                  
[38;2;0;0;0m        [38;2;49;49;49m██[38;2;255;255;164m██[38;2;213;98;65m██[38;2;255;255;255m██[38;2;74;106;172m██[38;2;82;82;82m██[38;2;82;139;230m██[38;2;164;74;82m████[38;2;49;49;49m██[38;2;82;82;82m██[38;2;164;74;82m██[38;2;49;49;49m██[38;2;0;0;0m      [38;2;49;49;49m██████[38;2;0;0;0m  [38;2;49;49;49m██[38;2;0;0;0m    
[38;2;0;0;0m        [38;2;49;49;49m██[38;2;255;255;164m████[38;2;82;82;82m██[38;2;255;255;255m██[38;2;74;106;172m██[38;2;115;197;255m██[38;2;82;82;82m██[38;2;49;49;49m██[38;2;0;0;0m  [38;2;49;49;49m██[38;2;213;98;65m██[38;2;49;49;49m████[38;2;0;0;0m  [38;2;49;49;49m██[38;2;115;197;255m██████[38;2;49;49;49m██[38;2;115;197;255m██[38;2;49;49;49m██[38;2;0;0;0m  
[38;2;0;0;0m      [38;2;49;49;49m██[38;2;255;255;164m██████[38;2;49;49;49m██[38;2;255;255;255m██[38;2;82;139;230m██[38;2;115;197;255m██[38;2;49;49;49m██[38;2;0;0;0m      [38;2;49;49;49m██[38;2;115;197;255m████[38;2;49;49;49m██[38;2;115;197;255m████[38;2;255;255;255m██[38;2;115;197;255m██████[38;2;49;49;49m██[38;2;0;0;0m  
[38;2;0;0;0m      [38;2;49;49;49m██[38;2;255;255;164m██[38;2;238;148;131m██[38;2;255;255;164m████[38;2;115;197;255m████[38;2;49;49;49m██[38;2;0;0;0m      [38;2;49;49;49m██[38;2;115;197;255m████████[38;2;255;255;255m████[38;2;115;197;255m████[38;2;255;255;255m██[38;2;49;49;49m██[38;2;0;0;0m    
[38;2;0;0;0m        [38;2;49;49;49m██████[38;2;82;139;230m██[38;2;115;197;255m████[38;2;82;139;230m██[38;2;49;49;49m██[38;2;0;0;0m  [38;2;49;49;49m██[38;2;82;82;82m██[38;2;115;197;255m██[38;2;49;49;49m████[38;2;82;139;230m██[38;2;115;197;255m████████[38;2;82;139;230m██[38;2;49;49;49m██[38;2;0;0;0m    
[38;2;0;0;0m              [38;2;49;49;49m██[38;2;115;197;255m████[38;2;255;255;164m██[38;2;115;197;255m██[38;2;49;49;49m██[38;2;255;255;164m████[38;2;49;49;49m██[38;2;0;0;0m    [38;2;49;49;49m██[38;2;82;139;230m██[38;2;115;197;255m████[38;2;82;139;230m██[38;2;49;49;49m██[38;2;0;0;0m      
[38;2;0;0;0m            [38;2;49;49;49m██[38;2;255;255;164m██[38;2;115;197;255m████[38;2;255;255;164m████████████[38;2;49;49;49m██[38;2;0;0;0m    [38;2;49;49;49m████████[38;2;0;0;0m        
[38;2;0;0;0m          [38;2;49;49;49m██[38;2;82;139;230m██[38;2;115;197;255m████[38;2;82;139;230m██[38;2;255;255;164m████[38;2;222;189;82m██[38;2;82;82;82m██[38;2;255;255;164m████[38;2;49;49;49m██[38;2;0;0;0m                    
[38;2;0;0;0m          [38;2;49;49;49m██[38;2;115;197;255m██[38;2;74;106;172m██[38;2;115;197;255m██[38;2;255;255;164m████[38;2;82;82;82m██████[38;2;222;189;82m██[38;2;255;255;164m██[38;2;222;189;82m██[38;2;49;49;49m██[38;2;0;0;0m                  
[38;2;0;0;0m            [38;2;49;49;49m██[38;2;222;189;82m██[38;2;82;82;82m██[38;2;255;255;164m██[38;2;222;189;82m██[38;2;49;49;49m████[38;2;82;139;230m██[38;2;49;49;49m████[38;2;255;255;164m██[38;2;49;49;49m██[38;2;0;0;0m                  
[38;2;0;0;0m            [38;2;49;49;49m██[38;2;82;139;230m██[38;2;82;82;82m██[38;2;255;255;164m██[38;2;49;49;49m██[38;2;0;0;0m  [38;2;49;49;49m████[38;2;0;0;0m  [38;2;49;49;49m██[38;2;82;139;230m██[38;2;49;49;49m██[38;2;0;0;0m                  
[38;2;0;0;0m            [38;2;49;49;49m██████[38;2;82;139;230m██[38;2;49;49;49m██[38;2;0;0;0m        [38;2;49;49;49m████[38;2;0;0;0m                    
[38;2;0;0;0m                [38;2;49;49;49m████[38;2;0;0;0m                                  
[38;2;0;0;0m                                                      [0m
