
[38;2;0;0;0m                                                          
[38;2;0;0;0m            ██████                ████████                
[38;2;0;0;0m    ████  ██[38;2;206;214;214m████[38;2;148;156;156m██[38;2;0;0;0m██      ████  ██[38;2;173;181;181m██████[38;2;107;123;123m██[38;2;0;0;0m██              
[38;2;0;0;0m  ██[38;2;206;214;214m████[38;2;0;4;0m██[38;2;127;129;127m██[38;2;206;214;214m████[38;2;143;149;151m██[38;2;0;4;8m██[38;2;0;0;0m    ██[38;2;173;181;181m██[38;2;115;121;121m██[38;2;0;0;0m██[38;2;66;66;66m██[38;2;173;181;181m██████[38;2;110;121;121m██[38;2;0;0;0m██  ████        
[38;2;0;0;0m  ██[38;2;206;214;214m██[38;2;173;181;181m██[38;2;255;255;255m██[38;2;127;129;127m██[38;2;115;119;115m██[38;2;145;151;148m██[38;2;214;222;222m██[38;2;143;149;151m██[38;2;0;0;0m████[38;2;173;181;181m████████████████[38;2;165;181;181m██[38;2;110;121;121m██[38;2;0;0;0m██[38;2;173;181;181m██[38;2;107;123;123m██[38;2;0;0;0m██      
[38;2;0;0;0m    ██[38;2;255;255;255m██[38;2;0;0;0m██[38;2;119;127;127m██[38;2;115;115;115m████[38;2;148;156;156m██[38;2;209;211;211m██[38;2;206;214;214m██[38;2;66;66;66m██[38;2;173;181;181m██[38;2;0;0;0m████[38;2;69;71;71m██[38;2;66;66;66m████[38;2;112;124;123m██[38;2;167;181;180m██[38;2;173;181;181m██████████[38;2;107;124;123m██[38;2;0;0;0m██    
[38;2;0;0;0m    ██[38;2;170;170;170m██[38;2;239;255;255m██[38;2;119;127;127m██[38;2;107;206;219m██[38;2;115;115;115m██[38;2;239;239;239m██[38;2;178;184;184m██[38;2;206;214;214m██[38;2;66;66;66m██[38;2;58;60;60m██[38;2;0;0;0m██[38;2;69;71;71m██[38;2;206;214;214m██[38;2;198;214;214m██[38;2;154;165;165m██[38;2;57;66;65m██[38;2;112;124;123m██[38;2;107;124;123m██[38;2;173;181;181m████████[38;2;107;124;123m██[38;2;0;0;0m██    
[38;2;0;0;0m  ██[38;2;206;217;214m████[38;2;74;66;66m██[38;2;99;148;147m████[38;2;74;66;66m██[38;2;164;167;164m██[38;2;247;247;247m██[38;2;66;66;66m██[38;2;206;214;214m████[38;2;66;66;66m██[38;2;148;156;156m██[38;2;206;214;214m████[38;2;148;156;156m██[38;2;66;66;66m██[38;2;181;189;189m██[38;2;173;181;181m██[38;2;118;123;123m██[38;2;173;181;181m████[38;2;107;123;123m██[38;2;0;0;0m██      
[38;2;0;0;0m  ██[38;2;206;217;214m████[38;2;91;121;120m██[38;2;74;66;66m████[38;2;91;121;120m██[38;2;123;127;123m██[38;2;206;207;206m██[38;2;66;66;66m██[38;2;206;214;214m██████████████[38;2;143;148;148m██[38;2;66;66;66m██[38;2;63;66;66m██[38;2;173;181;181m██[38;2;107;124;123m██[38;2;173;181;181m██[38;2;107;123;123m██[38;2;0;0;0m████    
[38;2;0;0;0m    ████[38;2;206;214;214m██[38;2;107;109;107m██[38;2;0;0;0m██[38;2;137;143;137m██[38;2;206;214;214m██████[38;2;66;66;66m██[38;2;206;214;214m████[38;2;57;123;121m██████[38;2;206;214;214m██[38;2;206;217;214m████[38;2;148;156;156m██[38;2;66;66;66m██[38;2;107;124;123m██[38;2;173;181;181m██████[38;2;107;123;123m██[38;2;0;0;0m██  
[38;2;0;0;0m        [38;2;8;4;0m██[38;2;206;214;214m██[38;2;206;214;206m██[38;2;137;143;137m██[38;2;115;115;115m██[38;2;206;214;214m████[38;2;66;66;66m██[38;2;206;214;214m██[38;2;57;123;121m██[38;2;107;206;219m██[38;2;74;151;154m██[38;2;57;123;121m████[38;2;206;217;214m████[38;2;148;156;156m██[38;2;66;66;66m██[38;2;173;181;181m██[38;2;107;124;123m██[38;2;173;181;181m████[38;2;107;123;123m██[38;2;0;0;0m██  
[38;2;0;0;0m        ██[38;2;206;214;214m██[38;2;214;222;222m██[38;2;143;148;148m██[38;2;0;0;0m████[38;2;69;71;71m██[38;2;206;214;214m████[38;2;57;123;121m██[38;2;82;148;154m██████[38;2;58;124;122m██[38;2;206;214;214m██[38;2;148;156;156m██[38;2;66;66;66m██[38;2;173;181;181m██[38;2;0;0;0m████[38;2;173;181;181m████[38;2;107;123;123m██[38;2;0;0;0m██  
[38;2;0;0;0m          ██████    ██[38;2;206;214;214m████[38;2;57;123;121m██[38;2;58;124;122m██[38;2;82;148;154m██[38;2;58;124;122m████[38;2;206;214;214m██[38;2;148;156;156m██[38;2;66;66;66m██[38;2;173;181;181m██[38;2;0;0;0m████[38;2;173;181;181m████[38;2;107;123;123m██[38;2;0;0;0m██  
[38;2;0;0;0m                      ██[38;2;66;70;66m██[38;2;214;222;222m██[38;2;57;123;121m████[38;2;85;118;119m██[38;2;206;214;214m██[38;2;206;217;214m████[38;2;148;156;156m██[38;2;66;66;66m██[38;2;107;124;123m██[38;2;173;181;181m████[38;2;0;0;0m████    
[38;2;0;0;0m                    ██[38;2;173;181;181m██[38;2;165;171;170m██[38;2;66;70;66m██[38;2;206;214;214m████[38;2;145;166;167m██[38;2;85;118;119m██[38;2;206;217;214m████[38;2;148;156;156m██[38;2;66;66;66m██[38;2;173;181;181m████[38;2;0;0;0m██        
[38;2;0;0;0m                    ██[38;2;173;181;181m████[38;2;58;63;60m██[38;2;206;214;214m████[38;2;140;156;156m██[38;2;66;66;66m████████[38;2;173;181;181m██████[38;2;107;123;123m██[38;2;0;0;0m██      
[38;2;0;0;0m                      ██[38;2;0;4;0m██[38;2;173;181;181m██[38;2;66;66;66m██████[38;2;115;126;126m██[38;2;118;124;123m██[38;2;170;181;181m██[38;2;173;181;181m████████[38;2;107;123;123m██[38;2;0;0;0m██      
[38;2;0;0;0m                          ████[38;2;66;66;66m██[38;2;173;181;181m██████[38;2;107;124;123m██[38;2;0;0;0m████[38;2;173;181;181m██[38;2;115;121;121m██[38;2;0;0;0m██        
[38;2;0;0;0m                              ██[38;2;173;181;181m██████[38;2;107;124;123m██[38;2;0;0;0m██  ████          
[38;2;0;0;0m                                ████████                  
[38;2;0;0;0m                                                          [0m
