
        [38;2;0;0;0m▄▄               [0m
     [38;2;0;0;0m▄[38;2;214;189;78m[48;2;164;148;52m▀▀[38;2;164;148;52m[48;2;214;189;70m▀[38;2;214;189;78m▀[38;2;0;0;16m[49m▄[38;2;0;0;0m▄             [0m
    [38;2;0;0;0m[48;2;189;90;85m▀[38;2;189;90;85m▀▀▀[38;2;165;148;53m[48;2;66;66;66m▀[38;2;66;66;66m[48;2;165;148;53m▀[48;2;214;189;78m▀[48;2;214;189;70m▀[38;2;214;189;86m[48;2;71;63;39m▀[48;2;0;0;16m▀[38;2;0;0;0m[49m▀[38;2;0;0;8m[48;2;0;0;8m▀[38;2;206;189;102m[48;2;137;126;71m▀[38;2;0;0;0m[48;2;214;189;78m▀[49m▄▄[48;2;214;189;78m▀[38;2;214;189;78m[48;2;123;119;115m▀[38;2;214;198;94m[48;2;143;133;65m▀[38;2;0;0;0m[49m▄ [0m
   [38;2;0;0;0m[48;2;0;0;24m▀[38;2;189;91;85m[48;2;66;70;74m▀[48;2;181;107;101m▀[48;2;66;66;66m▀[38;2;66;70;74m[48;2;90;88;85m▀[38;2;66;66;58m[48;2;255;255;255m▀[38;2;214;189;70m[48;2;66;61;58m▀[38;2;189;91;85m[48;2;152;117;76m▀[38;2;189;90;85m[48;2;189;90;85m▀[38;2;214;189;70m[48;2;222;173;78m▀[38;2;66;66;66m[48;2;66;57;66m▀[38;2;165;148;53m[48;2;115;107;51m▀[38;2;0;0;8m[49m▄▄[38;2;69;63;53m[48;2;214;189;78m▀[38;2;255;255;247m[48;2;82;74;50m▀[38;2;66;66;58m[48;2;165;148;66m▀[38;2;165;148;66m[48;2;66;66;58m▀[38;2;126;122;115m[48;2;66;66;66m▀[38;2;71;66;47m[48;2;165;148;53m▀[38;2;0;0;0m[49m▄ [0m
  [38;2;214;206;206m[48;2;214;206;206m▀[38;2;66;66;66m▀[38;2;173;167;157m[48;2;173;167;157m▀[38;2;123;121;115m▀[38;2;255;255;255m[48;2;123;119;115m▀[38;2;156;107;100m[48;2;255;255;255m▀[38;2;126;121;115m[48;2;66;66;66m▀[48;2;126;121;115m▀[38;2;165;148;77m[48;2;66;66;74m▀[38;2;189;90;85m[48;2;214;189;78m▀[48;2;189;90;85m▀[38;2;214;189;78m[48;2;214;189;78m▀[38;2;66;66;58m[48;2;66;66;58m▀[38;2;214;189;78m[48;2;214;189;78m▀[38;2;66;66;66m[48;2;66;66;66m▀[38;2;126;121;115m▀[38;2;66;66;66m[48;2;165;148;53m▀[38;2;214;189;78m[48;2;66;66;66m▀[48;2;214;189;78m▀[38;2;66;66;66m[48;2;66;66;66m▀[38;2;80;74;37m[48;2;159;148;66m▀[49m  [0m
  [38;2;0;0;0m▀[38;2;214;206;206m[48;2;0;0;0m▀[38;2;173;165;157m[48;2;173;165;157m▀[38;2;68;66;68m[48;2;58;58;58m▀[38;2;66;66;66m[48;2;173;165;157m▀[38;2;173;165;157m[48;2;66;66;66m▀[38;2;121;115;113m▀▀[38;2;99;99;78m[48;2;77;71;37m▀[38;2;222;181;78m[48;2;222;181;86m▀[38;2;152;117;76m[48;2;152;117;76m▀[38;2;222;181;78m[48;2;222;181;78m▀[38;2;66;66;42m[48;2;77;71;37m▀[38;2;214;189;78m[48;2;214;189;78m▀[48;2;115;107;38m▀[49m [38;2;0;0;0m▀[38;2;115;107;43m[48;2;0;0;0m▀[48;2;66;66;66m▀[38;2;66;66;74m[48;2;0;0;0m▀[38;2;0;0;0m[49m▀  [0m
     [38;2;0;0;0m[48;2;0;0;0m▀[38;2;173;165;157m[48;2;173;165;157m▀[38;2;214;206;206m[48;2;214;206;206m▀[38;2;66;66;66m[48;2;126;121;115m▀[38;2;126;121;115m▀[38;2;0;0;0m[49m▄ [38;2;115;107;39m[48;2;0;0;0m▀▀[38;2;0;0;0m[49m▀▀▀  ▄[48;2;123;119;115m▀[48;2;0;0;0m▀[49m   [0m
   [38;2;0;0;0m▀[38;2;173;173;165m[48;2;126;121;115m▀[38;2;63;63;60m▀[38;2;118;108;73m[48;2;214;189;70m▀[38;2;121;110;83m[48;2;214;189;78m▀[38;2;121;118;113m[48;2;132;121;76m▀[38;2;66;66;66m[48;2;66;66;74m▀[38;2;123;121;115m[48;2;255;255;255m▀[38;2;127;127;123m[48;2;211;210;208m▀[38;2;255;255;255m[48;2;121;115;113m▀[38;2;0;0;0m[48;2;173;165;157m▀[49m▄▄ ▄[48;2;176;170;160m▀[38;2;126;121;115m[48;2;126;121;115m▀[48;2;0;0;0m▀[49m    [0m
 [38;2;0;0;0m▄[38;2;214;189;78m[48;2;107;96;39m▀[38;2;99;99;78m[48;2;66;70;58m▀[38;2;126;121;115m[48;2;126;121;115m▀[48;2;0;0;0m▀[38;2;214;189;78m▀[38;2;214;189;70m[48;2;66;66;66m▀[38;2;165;148;53m▀▀[38;2;66;66;66m[48;2;173;165;157m▀[38;2;255;255;223m[48;2;74;70;50m▀[38;2;126;121;115m[48;2;126;121;115m▀[38;2;66;66;66m▀[38;2;136;127;84m[48;2;66;66;74m▀[38;2;66;66;74m[48;2;206;189;94m▀[38;2;136;127;84m[48;2;66;66;74m▀[38;2;66;66;66m[48;2;126;121;115m▀[38;2;126;121;115m▀[38;2;0;0;0m[49m▀     [0m
 [38;2;0;0;0m▀[38;2;206;189;94m[48;2;123;119;115m▀[38;2;63;60;58m[48;2;137;126;71m▀[38;2;0;0;0m[49m▄ [38;2;181;173;165m[48;2;0;0;0m▀[38;2;126;121;115m[48;2;66;66;66m▀[38;2;66;66;66m[48;2;103;94;51m▀[48;2;0;0;8m▀[38;2;0;0;0m[48;2;137;126;84m▀[38;2;121;110;83m[48;2;231;156;87m▀[38;2;123;119;115m[48;2;214;189;78m▀▀[38;2;66;66;66m[48;2;60;57;55m▀[38;2;0;0;8m[49m▀[38;2;71;66;47m[48;2;0;0;0m▀[38;2;126;121;115m[48;2;154;137;74m▀[38;2;123;119;115m[48;2;143;132;84m▀[49m      [0m
     [38;2;0;0;0m▀▀[38;2;165;148;53m[48;2;0;0;0m▀[38;2;0;0;0m[49m▄[48;2;214;189;78m▀[38;2;206;189;94m[48;2;66;66;74m▀[38;2;189;90;85m[48;2;214;189;78m▀[38;2;176;121;69m[48;2;176;121;69m▀[38;2;66;66;66m[48;2;66;66;66m▀[38;2;87;83;79m[48;2;87;83;79m▀[38;2;0;0;0m[48;2;0;0;0m▀[49m ▀▀      [0m
          [38;2;0;0;0m▀[38;2;0;0;8m▀  [38;2;0;0;0m▀          [0m
