
      [38;2;49;49;49m▄▄              [0m
    [38;2;49;49;49m▄[48;2;82;82;82m▀[38;2;189;90;65m[48;2;189;90;65m▀▀[38;2;49;49;49m[48;2;49;49;49m▀[49m   ▄[48;2;238;106;74m▀▀[49m▄      [0m
   [38;2;49;49;49m▄[48;2;156;74;57m▀[38;2;156;74;57m[48;2;49;49;49m▀[48;2;189;90;65m▀[38;2;49;49;49m[48;2;82;82;82m▀[49m▄   [48;2;49;49;49m▀[38;2;238;106;74m[48;2;189;90;65m▀▀[38;2;49;49;49m▀[49m▄     [0m
  [38;2;49;49;49m▄[48;2;156;74;57m▀[38;2;156;74;57m[48;2;49;49;49m▀[38;2;49;49;49m[49m▀[38;2;82;82;82m[48;2;49;49;49m▀[38;2;189;90;65m[48;2;189;90;65m▀[38;2;49;49;49m▀[49m▄▄[48;2;238;106;74m▀[38;2;238;106;74m▀[48;2;189;90;65m▀[38;2;49;49;49m[48;2;49;49;49m▀[49m▀[38;2;189;90;65m[48;2;49;49;49m▀[38;2;49;49;49m[48;2;238;106;74m▀[49m▄   [0m
  [38;2;49;49;49m▀[38;2;156;74;57m[48;2;49;49;49m▀[38;2;49;49;49m[49m▀ [48;2;49;49;49m▀[38;2;156;74;57m[48;2;238;106;74m▀[38;2;238;106;74m▀▀[38;2;189;90;65m▀[38;2;238;106;74m▀▀[38;2;49;49;49m[48;2;49;49;49m▀[49m   [48;2;49;49;49m▀[38;2;238;106;74m[48;2;238;106;74m▀[38;2;49;49;49m[48;2;49;49;49m▀[49m  [0m
   [38;2;49;49;49m▄[48;2;189;90;65m▀[48;2;82;82;82m▀[38;2;189;90;65m▀[38;2;238;106;74m[48;2;238;106;74m▀▀▀[38;2;189;90;65m[48;2;82;82;82m▀[38;2;82;82;82m[48;2;255;255;255m▀[38;2;189;90;65m[48;2;82;82;82m▀[38;2;238;106;74m[48;2;238;106;74m▀[38;2;49;49;49m[48;2;49;49;49m▀[49m   [48;2;49;49;49m▀[38;2;238;106;74m[48;2;238;106;74m▀[38;2;49;49;49m[48;2;49;49;49m▀[49m [0m
   [38;2;49;49;49m[48;2;49;49;49m▀[38;2;82;82;82m[48;2;82;82;82m▀[38;2;123;123;106m[48;2;123;123;106m▀[48;2;82;82;82m▀[38;2;82;82;82m[48;2;156;90;57m▀▀[38;2;238;106;74m[48;2;82;82;82m▀[38;2;82;82;82m[48;2;123;123;106m▀[38;2;49;49;49m▀[38;2;82;82;82m[48;2;82;82;82m▀[38;2;238;106;74m[48;2;49;49;49m▀[38;2;49;49;49m[49m▀    ▀  [0m
  [38;2;49;49;49m[48;2;49;49;49m▀[38;2;123;123;106m[48;2;82;82;82m▀[38;2;82;82;82m[48;2;123;123;106m▀[38;2;123;123;106m[48;2;82;82;82m▀[38;2;82;82;82m[48;2;49;49;49m▀[38;2;49;49;49m[49m▀[38;2;82;82;82m[48;2;49;49;49m▀[48;2;189;164;82m▀[38;2;123;123;106m[48;2;82;82;82m▀[48;2;123;123;106m▀▀[38;2;49;49;49m[48;2;82;82;82m▀[49m▄▄[48;2;238;106;74m▀[48;2;189;90;65m▀[49m▄   [0m
 [38;2;49;49;49m[48;2;49;49;49m▀[38;2;156;74;57m[48;2;156;74;57m▀[38;2;49;49;49m[48;2;49;49;49m▀[49m▀▀▄[48;2;238;106;74m▀[38;2;246;230;139m[48;2;246;230;139m▀[48;2;238;106;74m▀[38;2;82;82;82m▀[38;2;123;123;106m[48;2;82;82;82m▀[48;2;123;123;106m▀[38;2;82;82;82m▀[38;2;123;123;106m▀[38;2;82;82;82m[48;2;49;49;49m▀[38;2;238;106;74m[48;2;189;90;65m▀[48;2;238;106;74m▀[38;2;49;49;49m[48;2;189;90;65m▀[49m▄  [0m
 [38;2;49;49;49m▀[38;2;156;74;57m[48;2;49;49;49m▀[38;2;49;49;49m[49m▀ [48;2;49;49;49m▀[38;2;238;106;74m[48;2;238;106;74m▀[38;2;123;123;106m[48;2;123;123;106m▀▀[38;2;238;106;74m[48;2;238;106;74m▀[38;2;123;123;106m[48;2;123;123;106m▀▀[38;2;82;82;82m[48;2;82;82;82m▀[48;2;98;98;90m▀[38;2;49;49;49m▀[49m▄[48;2;49;49;49m▀[38;2;238;106;74m[48;2;238;106;74m▀▀[38;2;49;49;49m[48;2;49;49;49m▀[49m  [0m
      [38;2;49;49;49m[48;2;49;49;49m▀[38;2;238;106;74m[48;2;82;82;82m▀[48;2;189;164;82m▀▀[48;2;238;106;74m▀[38;2;82;82;82m[48;2;49;49;49m▀[38;2;49;49;49m[49m▀[38;2;82;82;82m[48;2;49;49;49m▀[38;2;98;98;90m[48;2;98;98;90m▀▀[38;2;82;82;82m[48;2;82;82;82m▀[38;2;238;106;74m[48;2;238;106;74m▀[38;2;189;90;65m[48;2;49;49;49m▀[38;2;49;49;49m[49m▀  [0m
       [38;2;49;49;49m▀▀▀[48;2;49;49;49m▀[38;2;189;90;65m[48;2;189;90;65m▀[38;2;49;49;49m[48;2;49;49;49m▀[49m ▀[38;2;98;98;90m[48;2;49;49;49m▀[38;2;49;49;49m[49m▀[38;2;238;106;74m[48;2;49;49;49m▀[38;2;49;49;49m[49m▀   [0m
           [38;2;49;49;49m▀          [0m
