
[38;2;0;0;0m                                      
[38;2;0;0;0m      [38;2;49;49;49m██████[38;2;0;0;0m                          
[38;2;0;0;0m    [38;2;49;49;49m██[38;2;139;139;123m████[38;2;82;82;82m██[38;2;49;49;49m██[38;2;0;0;0m                        
[38;2;0;0;0m  [38;2;49;49;49m██[38;2;139;139;123m████████[38;2;49;49;49m██[38;2;0;0;0m          [38;2;49;49;49m████[38;2;0;0;0m          
[38;2;0;0;0m  [38;2;49;49;49m██[38;2;139;139;123m████[38;2;82;82;82m██[38;2;139;139;123m██[38;2;49;49;49m██[38;2;0;0;0m        [38;2;49;49;49m██[38;2;139;139;123m████[38;2;49;49;49m██[38;2;0;0;0m        
[38;2;0;0;0m    [38;2;49;49;49m██████[38;2;139;139;123m██[38;2;49;49;49m██[38;2;0;0;0m  [38;2;49;49;49m██████[38;2;82;82;82m██[38;2;139;139;123m██████[38;2;49;49;49m██[38;2;0;0;0m      
[38;2;0;0;0m        [38;2;49;49;49m██[38;2;82;82;82m██[38;2;139;139;123m██[38;2;49;49;49m██[38;2;246;230;164m████[38;2;82;82;82m██[38;2;139;139;123m██[38;2;82;82;82m██[38;2;139;139;123m████[38;2;49;49;49m██[38;2;0;0;0m      
[38;2;0;0;0m          [38;2;49;49;49m██[38;2;139;139;123m██[38;2;82;82;82m██████[38;2;139;139;123m████[38;2;82;82;82m████[38;2;49;49;49m██[38;2;0;0;0m        
[38;2;0;0;0m        [38;2;49;49;49m██[38;2;246;230;164m██[38;2;82;82;82m██[38;2;197;90;74m████[38;2;82;82;82m██[38;2;139;139;123m██[38;2;82;82;82m████[38;2;246;230;164m████[38;2;49;49;49m██[38;2;0;0;0m      
[38;2;0;0;0m      [38;2;49;49;49m██[38;2;246;230;164m██[38;2;82;82;82m████[38;2;148;90;57m██████[38;2;82;82;82m██[38;2;246;123;74m██[38;2;197;90;74m██[38;2;82;82;82m██[38;2;246;230;164m████[38;2;49;49;49m██[38;2;0;0;0m    
[38;2;0;0;0m    [38;2;49;49;49m██[38;2;205;189;115m██[38;2;82;82;82m██[38;2;255;255;255m██[38;2;246;123;74m██[38;2;82;82;82m██████[38;2;246;123;74m██████[38;2;197;90;74m██[38;2;82;82;82m██[38;2;246;230;164m██[38;2;205;189;115m██[38;2;49;49;49m██[38;2;0;0;0m  
[38;2;0;0;0m    [38;2;49;49;49m██[38;2;205;189;115m██[38;2;82;82;82m██[38;2;49;49;49m██[38;2;246;123;74m████████[38;2;255;255;255m██[38;2;246;123;74m██████[38;2;82;82;82m██[38;2;205;189;115m████[38;2;49;49;49m██[38;2;0;0;0m  
[38;2;0;0;0m      [38;2;49;49;49m██[38;2;205;189;115m██[38;2;82;82;82m██████[38;2;246;123;74m████[38;2;49;49;49m██[38;2;246;123;74m████[38;2;82;82;82m████[38;2;205;189;115m████[38;2;49;49;49m██[38;2;0;0;0m  
[38;2;0;0;0m        [38;2;49;49;49m██[38;2;148;90;57m██[38;2;197;90;74m██[38;2;148;90;57m██[38;2;82;82;82m██[38;2;246;123;74m████[38;2;197;90;74m██[38;2;82;82;82m████[38;2;205;189;115m████[38;2;49;49;49m██[38;2;0;0;0m    
[38;2;0;0;0m      [38;2;49;49;49m██[38;2;82;82;82m████[38;2;148;90;57m████[38;2;82;82;82m████████[38;2;205;189;115m██████[38;2;49;49;49m██[38;2;0;0;0m      
[38;2;0;0;0m    [38;2;49;49;49m██[38;2;139;139;123m████[38;2;197;90;74m██[38;2;82;82;82m████[38;2;246;230;164m██████████[38;2;82;82;82m████[38;2;49;49;49m██[38;2;0;0;0m      
[38;2;0;0;0m    [38;2;49;49;49m██[38;2;139;139;123m████[38;2;197;90;74m██[38;2;205;189;115m████[38;2;82;82;82m████[38;2;246;230;164m██[38;2;205;189;115m██[38;2;82;82;82m██[38;2;246;123;74m████[38;2;49;49;49m██[38;2;0;0;0m      
[38;2;0;0;0m      [38;2;49;49;49m████[38;2;246;123;74m██[38;2;246;230;164m██[38;2;82;82;82m██[38;2;139;139;123m████[38;2;82;82;82m████[38;2;246;123;74m██████[38;2;49;49;49m██[38;2;0;0;0m      
[38;2;0;0;0m          [38;2;49;49;49m████[38;2;82;82;82m██[38;2;139;139;123m████[38;2;82;82;82m██[38;2;246;123;74m██████[38;2;49;49;49m██[38;2;0;0;0m        
[38;2;0;0;0m            [38;2;49;49;49m██[38;2;115;115;106m██[38;2;82;82;82m██[38;2;49;49;49m██[38;2;205;189;115m██[38;2;197;90;74m████[38;2;82;82;82m██[38;2;49;49;49m██[38;2;0;0;0m        
[38;2;0;0;0m              [38;2;49;49;49m████[38;2;0;0;0m  [38;2;49;49;49m██[38;2;82;82;82m██[38;2;115;115;106m████[38;2;49;49;49m██[38;2;0;0;0m        
[38;2;0;0;0m                    [38;2;49;49;49m██[38;2;115;115;106m████[38;2;49;49;49m██[38;2;0;0;0m          
[38;2;0;0;0m                      [38;2;49;49;49m████[38;2;0;0;0m            
[38;2;0;0;0m                                      [0m
