
        [38;2;49;49;49m▄▄▄                [0m
      [38;2;49;49;49m▄[48;2;197;148;90m▀[38;2;230;189;123m[48;2;230;189;123m▀▀[38;2;197;148;90m[48;2;82;82;82m▀[38;2;49;49;49m[48;2;230;189;123m▀[48;2;197;148;90m▀[49m▄             [0m
     [38;2;49;49;49m▄[48;2;255;255;255m▀[38;2;230;189;123m[48;2;82;82;82m▀[48;2;230;189;123m▀[38;2;148;106;74m[48;2;197;148;90m▀[38;2;230;189;123m[48;2;230;189;123m▀▀[48;2;197;148;90m▀[38;2;197;148;90m[48;2;82;82;82m▀[38;2;49;49;49m[48;2;49;49;49m▀[49m            [0m
 [38;2;49;49;49m▄[48;2;230;189;123m▀[48;2;197;148;90m▀[49m▄[48;2;115;115;115m▀[38;2;115;115;115m[48;2;82;82;82m▀[38;2;82;82;82m▀[48;2;230;189;123m▀[48;2;82;82;82m▀[38;2;255;255;255m[48;2;115;115;115m▀[38;2;82;82;82m[48;2;82;82;82m▀▀▀[38;2;230;189;123m[48;2;230;189;123m▀[38;2;49;49;49m▀[49m▄          [0m
 [38;2;49;49;49m[48;2;49;49;49m▀[38;2;115;115;115m[48;2;230;189;123m▀[38;2;230;189;123m[48;2;197;148;90m▀[48;2;230;189;123m▀[48;2;115;115;115m▀[48;2;230;189;123m▀[38;2;115;115;115m▀▀[38;2;230;189;123m[48;2;197;148;90m▀[38;2;82;82;82m▀▀▀[38;2;230;189;123m[48;2;82;82;82m▀[48;2;230;189;123m▀[48;2;197;148;90m▀[38;2;49;49;49m[48;2;49;49;49m▀[49m          [0m
  [38;2;49;49;49m▀[38;2;255;255;255m[48;2;49;49;49m▀[38;2;49;49;49m[49m▀[38;2;230;189;123m[48;2;49;49;49m▀[48;2;255;255;255m▀[38;2;197;148;90m[48;2;82;82;82m▀▀[38;2;82;82;82m[48;2;222;123;156m▀▀[38;2;255;255;255m[48;2;82;82;82m▀[38;2;82;82;82m[48;2;197;148;90m▀[38;2;197;148;90m[48;2;82;82;82m▀[48;2;230;189;123m▀[38;2;49;49;49m▀[49m▄  ▄ ▄[48;2;115;115;115m▀[49m▄▄▄ [0m
      [38;2;49;49;49m▀▀[38;2;197;148;90m[48;2;49;49;49m▀[38;2;115;115;115m[48;2;82;82;82m▀[48;2;230;189;123m▀[38;2;82;82;82m▀[48;2;115;115;115m▀[38;2;230;189;123m[48;2;230;189;123m▀[48;2;82;82;82m▀[38;2;197;148;90m▀[38;2;49;49;49m[48;2;148;106;74m▀[49m▄[48;2;82;82;82m▀[38;2;115;115;115m▀[38;2;49;49;49m▀[38;2;82;82;82m[48;2;230;189;123m▀[48;2;197;148;90m▀[48;2;115;115;115m▀[38;2;230;189;123m[48;2;49;49;49m▀[38;2;49;49;49m[49m▀ [0m
       [38;2;49;49;49m[48;2;49;49;49m▀[38;2;115;115;115m[48;2;230;189;123m▀[38;2;148;106;74m[48;2;148;106;74m▀[38;2;82;82;82m[48;2;222;123;156m▀[38;2;115;115;115m[48;2;82;82;82m▀▀[38;2;82;82;82m[48;2;222;123;156m▀[48;2;148;106;74m▀[38;2;148;106;74m[48;2;230;189;123m▀[38;2;230;189;123m▀[38;2;82;82;82m▀[38;2;230;189;123m[48;2;82;82;82m▀[38;2;197;148;90m[48;2;230;189;123m▀[38;2;115;115;115m[48;2;115;115;115m▀▀[38;2;230;189;123m[48;2;49;49;49m▀[38;2;49;49;49m[49m▀   [0m
      [38;2;49;49;49m[48;2;49;49;49m▀[38;2;189;189;189m▀[38;2;82;82;82m[48;2;255;255;255m▀[38;2;197;148;90m[48;2;197;148;90m▀[38;2;115;115;115m[48;2;49;49;49m▀[38;2;222;123;156m▀▀[38;2;148;106;74m[48;2;148;106;74m▀[38;2;197;148;90m[48;2;230;189;123m▀[38;2;115;115;115m▀▀[38;2;230;189;123m[48;2;197;148;90m▀[38;2;82;82;82m[48;2;82;82;82m▀[38;2;230;189;123m[48;2;49;49;49m▀[38;2;49;49;49m[49m▀▀     [0m
       [38;2;49;49;49m▀▀▀   ▀[38;2;148;106;74m[48;2;49;49;49m▀[38;2;197;148;90m[48;2;82;82;82m▀[38;2;148;106;74m[48;2;197;148;90m▀[38;2;82;82;82m▀[38;2;49;49;49m[48;2;49;49;49m▀[49m        [0m
              [38;2;49;49;49m[48;2;49;49;49m▀[38;2;255;255;255m▀[38;2;49;49;49m[49m▀[38;2;255;255;255m[48;2;49;49;49m▀[38;2;49;49;49m[49m▀        [0m
                           [0m
