
[38;2;0;0;0m                                        
[38;2;0;0;0m                ██                      
[38;2;0;0;0m              ██[38;2;180;174;164m██[38;2;0;0;0m██                    
[38;2;0;0;0m    ████    ██[38;2;180;174;164m████[38;2;65;64;65m██[38;2;0;0;0m████                
[38;2;0;0;0m  ██[38;2;123;123;111m████[38;2;0;0;0m██[38;2;0;0;8m██[38;2;126;124;117m██[38;2;180;175;164m██[38;2;123;120;115m██[38;2;123;121;115m██[38;2;185;174;168m██[38;2;189;178;172m██[38;2;0;4;8m██[38;2;0;0;0m              
[38;2;0;0;0m  ██[38;2;123;123;111m██████[38;2;63;62;63m████[38;2;65;64;65m████[38;2;185;174;168m████[38;2;63;62;63m████[38;2;0;0;0m████          
[38;2;0;0;0m  ██[38;2;123;123;111m██[38;2;117;121;120m██[38;2;65;64;65m██[38;2;255;255;255m██████[38;2;167;176;178m██[38;2;65;64;65m████[38;2;123;120;115m██[38;2;65;64;65m██[38;2;183;175;167m████[38;2;0;0;0m██        
[38;2;0;0;0m    ██[38;2;65;64;65m██[38;2;169;178;175m██[38;2;255;255;255m████[38;2;167;176;178m██[38;2;255;255;255m██████[38;2;65;64;65m██[38;2;180;175;164m██[38;2;183;175;167m████[38;2;123;123;111m██[38;2;0;0;0m██      
[38;2;0;0;0m    ██[38;2;255;255;255m██████████████[38;2;160;163;164m████[38;2;65;72;74m██[38;2;180;178;164m██[38;2;123;121;115m██[38;2;123;123;111m██[38;2;0;0;0m██      
[38;2;0;0;0m    ██[38;2;255;255;255m██[38;2;65;64;65m██[38;2;255;255;255m████████[38;2;65;72;74m██[38;2;255;255;255m██████[38;2;65;64;65m██[38;2;123;121;115m██[38;2;0;0;0m██        
[38;2;0;0;0m  ██[38;2;123;123;111m██[38;2;82;82;82m██[38;2;246;246;246m██[38;2;65;64;65m██[38;2;255;255;246m██[38;2;160;161;160m██[38;2;65;68;65m██[38;2;255;250;255m████[38;2;164;165;164m██[38;2;65;64;65m██[38;2;126;124;115m██[38;2;65;64;65m██[38;2;0;0;0m██        
[38;2;0;0;0m    ██[38;2;164;164;164m██[38;2;0;0;0m██[38;2;160;159;156m██[38;2;65;64;65m██[38;2;65;68;65m██[38;2;255;255;255m██[38;2;0;0;0m██[38;2;84;83;84m██[38;2;65;64;65m██[38;2;164;165;164m██[38;2;156;153;139m██[38;2;65;64;65m██[38;2;164;178;180m██[38;2;0;0;0m██      
[38;2;0;0;0m  ██[38;2;123;123;111m██[38;2;164;153;148m████[38;2;0;0;0m██[38;2;230;230;172m██[38;2;159;153;128m██[38;2;0;0;8m██[38;2;65;64;65m██[38;2;164;153;148m██[38;2;164;155;148m████[38;2;164;153;148m████[38;2;65;64;65m██[38;2;164;178;175m██[38;2;0;0;0m██    
[38;2;0;0;0m    ████[38;2;164;153;148m██[38;2;230;230;172m██[38;2;76;76;57m██[38;2;238;230;189m██[38;2;159;153;128m██[38;2;164;153;148m████[38;2;164;155;148m████[38;2;65;64;65m████[38;2;164;178;175m████[38;2;164;178;180m██[38;2;0;0;0m██  
[38;2;0;0;0m        ██[38;2;65;64;65m██[38;2;169;161;98m██[38;2;164;157;106m██[38;2;131;126;93m██[38;2;123;122;112m██[38;2;65;64;65m██[38;2;117;113;106m██[38;2;172;165;156m██[38;2;164;153;148m██[38;2;0;0;0m██[38;2;164;178;180m████[38;2;0;0;0m██    
[38;2;0;0;0m      ██[38;2;123;123;111m██[38;2;65;64;65m██████████[38;2;123;122;112m██[38;2;8;8;8m██[38;2;63;60;57m██[38;2;0;0;0m██  ██[38;2;164;178;180m██[38;2;0;0;0m██    
[38;2;0;0;0m    ██[38;2;123;122;112m████[38;2;65;64;65m██[38;2;175;175;175m██[38;2;255;246;246m██[38;2;65;64;65m██[38;2;123;121;115m████[38;2;120;118;109m██[38;2;0;0;0m██      ██      
[38;2;0;0;0m    ██[38;2;123;122;112m██[38;2;65;64;65m██[38;2;175;175;175m██[38;2;65;64;65m████[38;2;191;186;186m██[38;2;180;178;164m██[38;2;65;64;65m██[38;2;180;178;164m██[38;2;120;118;109m██[38;2;0;0;0m██            
[38;2;0;0;0m      ██[38;2;65;64;65m████[38;2;180;175;164m██[38;2;180;174;164m████[38;2;131;124;120m██[38;2;65;64;65m██[38;2;180;174;172m████[38;2;0;0;0m██            
[38;2;0;0;0m        ██[38;2;123;120;115m██[38;2;65;64;65m██[38;2;65;66;65m██[38;2;123;120;115m██[38;2;164;153;148m████[38;2;60;60;63m██[38;2;0;4;8m██[38;2;0;0;0m              
[38;2;0;0;0m      ██[38;2;65;64;65m██[38;2;123;123;111m████[38;2;0;0;0m██[38;2;65;64;65m██[38;2;164;153;148m██████[38;2;0;0;0m██              
[38;2;0;0;0m        ██████  ██[38;2;164;153;148m██[38;2;65;64;65m██[38;2;164;153;148m██[38;2;0;0;0m██              
[38;2;0;0;0m                  ██████                
[38;2;0;0;0m                                        [0m
