
               [38;2;49;49;49m▄▄                  [0m
             [38;2;49;49;49m▄[48;2;246;74;57m▀[38;2;246;74;57m[48;2;65;90;148m▀▀[38;2;49;49;49m[48;2;180;74;57m▀[49m▄  ▄▄[48;2;65;90;148m▀▀▀[49m▄        [0m
  [38;2;49;49;49m▄[48;2;189;189;180m▀[48;2;139;139;131m▀[48;2;189;189;180m▀[49m▄    ▄[48;2;82;82;82m▀[38;2;180;74;57m▀[38;2;65;90;148m▀[48;2;65;90;148m▀▀[38;2;180;74;57m▀[38;2;49;49;49m[48;2;180;74;57m▀[49m▄[48;2;49;49;49m▀[38;2;65;90;148m[48;2;82;82;82m▀▀[48;2;49;49;49m▀[38;2;49;49;49m[49m▀▀         [0m
 [38;2;49;49;49m[48;2;49;49;49m▀[38;2;189;189;180m[48;2;65;90;148m▀[38;2;65;90;148m[48;2;180;74;57m▀▀[38;2;180;74;57m[48;2;65;90;148m▀[38;2;65;90;148m[48;2;180;74;57m▀[38;2;49;49;49m[48;2;65;90;148m▀[49m▄[48;2;106;148;230m▀▀[38;2;90;115;189m▀[48;2;90;115;189m▀▀▀▀▀[38;2;82;82;82m▀▀[48;2;82;82;82m▀[48;2;246;74;57m▀[38;2;246;74;57m[48;2;90;115;189m▀▀[38;2;82;82;82m[48;2;246;74;57m▀[38;2;49;49;49m[48;2;82;82;82m▀[48;2;90;115;189m▀[48;2;49;49;49m▀[49m ▄[48;2;90;115;189m▀[48;2;82;82;82m▀▀[49m▄▄ [0m
  [38;2;49;49;49m▀[38;2;65;90;148m▀[48;2;49;49;49m▀[38;2;180;74;57m▀[38;2;65;90;148m▀[38;2;82;82;82m[48;2;90;115;189m▀[38;2;106;148;230m▀[48;2;106;148;230m▀▀▀[48;2;189;189;180m▀[38;2;90;115;189m[48;2;255;255;255m▀[48;2;189;189;180m▀[48;2;90;115;189m▀▀[48;2;82;82;82m▀[38;2;82;82;82m[48;2;246;74;57m▀[38;2;246;74;57m[48;2;90;115;189m▀[38;2;90;115;189m▀▀[38;2;246;74;57m▀[38;2;82;82;82m[48;2;255;255;255m▀[38;2;90;115;189m[48;2;82;82;82m▀[38;2;82;82;82m[48;2;90;115;189m▀[38;2;49;49;49m▀▀[38;2;90;115;189m▀[38;2;82;82;82m▀[38;2;90;115;189m▀[48;2;49;49;49m▀▀[38;2;49;49;49m[49m▀ [0m
     [38;2;49;49;49m▄[48;2;90;115;189m▀[38;2;90;115;189m▀▀▀[38;2;189;189;180m▀[38;2;255;255;255m[48;2;189;189;180m▀[48;2;255;255;255m▀▀[48;2;189;189;180m▀[38;2;189;189;180m[48;2;90;115;189m▀[38;2;90;115;189m▀[38;2;82;82;82m▀[38;2;246;74;57m[48;2;82;82;82m▀[38;2;90;115;189m[48;2;246;74;57m▀[48;2;65;90;148m▀[38;2;255;255;255m[48;2;189;189;180m▀[38;2;65;90;148m[48;2;49;49;49m▀[38;2;189;189;180m▀[38;2;49;49;49m[49m▀▀[38;2;90;115;189m[48;2;49;49;49m▀▀▀▀[38;2;49;49;49m[49m▀    [0m
     [38;2;49;49;49m[48;2;49;49;49m▀[38;2;90;115;189m[48;2;246;74;57m▀[48;2;90;115;189m▀▀▀▀▀[48;2;246;74;57m▀▀▀[48;2;90;115;189m▀[38;2;255;255;255m▀[38;2;189;189;180m▀[38;2;90;115;189m▀[38;2;82;82;82m[48;2;82;82;82m▀[38;2;180;74;57m[48;2;180;74;57m▀[38;2;49;49;49m[48;2;49;49;49m▀[49m             [0m
      [38;2;49;49;49m▀[38;2;246;74;57m[48;2;49;49;49m▀[48;2;189;189;180m▀[38;2;90;115;189m[48;2;246;74;57m▀▀[38;2;246;74;57m▀[38;2;49;49;49m[48;2;180;74;57m▀[38;2;246;238;74m[48;2;49;49;49m▀[38;2;49;49;49m[48;2;180;74;57m▀[38;2;246;74;57m[48;2;189;189;180m▀▀[38;2;90;115;189m[48;2;246;74;57m▀[48;2;82;82;82m▀[48;2;90;115;189m▀▀[48;2;246;74;57m▀[38;2;49;49;49m▀▀[48;2;90;115;189m▀▀[49m▄▄       [0m
        [38;2;49;49;49m▀▀[38;2;189;189;180m[48;2;49;49;49m▀▀▀▀▀[38;2;49;49;49m[49m▀▀▀▀[38;2;90;115;189m[48;2;49;49;49m▀[38;2;246;74;57m[48;2;90;115;189m▀[38;2;90;115;189m[48;2;246;74;57m▀▀▀[38;2;246;74;57m[48;2;90;115;189m▀▀[38;2;82;82;82m[48;2;82;82;82m▀[38;2;189;189;180m▀[38;2;49;49;49m[48;2;49;49;49m▀[49m      [0m
                   [38;2;49;49;49m▀[38;2;90;115;189m[48;2;49;49;49m▀[48;2;90;115;189m▀[38;2;246;74;57m[48;2;82;82;82m▀[38;2;90;115;189m▀[38;2;246;74;57m▀[38;2;82;82;82m▀[48;2;255;255;255m▀[38;2;189;189;180m[48;2;49;49;49m▀[38;2;49;49;49m[49m▀      [0m
                     [38;2;49;49;49m▀▀[38;2;255;255;255m[48;2;49;49;49m▀▀[38;2;49;49;49m[49m▀▀        [0m
                                   [0m
