
[38;2;0;0;0m                                                                                                  
[38;2;0;0;0m                                                                              ████                
[38;2;0;0;0m                                ████                                        ██[38;2;206;239;246m██[38;2;118;133;134m██[38;2;8;4;8m██[38;2;0;0;0m              
[38;2;0;0;0m                            ████[38;2;206;239;254m████[38;2;0;0;0m██  ██                            ██  ██[38;2;206;239;246m██[38;2;137;159;164m██[38;2;173;198;197m████[38;2;0;0;0m██            
[38;2;0;0;0m                          ██[38;2;239;247;247m██[38;2;80;82;82m██[38;2;206;239;254m██████[38;2;0;0;0m██[38;2;206;239;254m██[38;2;0;0;0m██                        [38;2;8;8;8m██[38;2;214;247;254m██[38;2;0;0;0m██[38;2;206;239;254m██[38;2;206;239;246m██[38;2;135;148;148m██[38;2;172;164;112m██[38;2;90;107;114m██[38;2;137;159;164m██[38;2;0;0;0m████        
[38;2;0;0;0m                            ██[38;2;159;165;165m██[38;2;136;148;148m██[38;2;206;239;254m████████[38;2;0;0;0m██                      ██[38;2;214;247;254m██[38;2;145;167;172m██[38;2;206;239;254m████[38;2;135;148;148m██[38;2;170;194;197m██[38;2;90;107;114m██[38;2;255;222;111m██[38;2;206;239;246m████[38;2;255;255;255m██[38;2;0;0;0m██      
[38;2;0;0;0m            ██              ██[38;2;165;189;189m████[38;2;136;146;148m██[38;2;206;239;254m████[38;2;66;66;66m████[38;2;0;0;0m██                    ██[38;2;209;239;254m████[38;2;206;239;254m██[38;2;164;193;188m██[38;2;135;148;148m██[38;2;170;194;197m██[38;2;90;107;114m██[38;2;255;222;111m██[38;2;206;231;246m██[38;2;74;77;82m██[38;2;0;0;0m██        
[38;2;0;0;0m          ██[38;2;206;239;254m██[38;2;0;0;0m██            ██[38;2;165;189;189m██[38;2;136;146;148m██[38;2;165;189;189m██[38;2;66;66;66m████[38;2;206;239;254m████[38;2;0;0;0m██                    [38;2;66;66;66m██[38;2;209;239;254m████[38;2;164;193;188m██[38;2;206;239;254m██[38;2;206;239;246m██[38;2;135;148;148m██[38;2;172;164;112m██[38;2;90;107;114m██[38;2;140;154;164m██[38;2;8;0;0m██[38;2;0;0;0m          
[38;2;0;0;0m        ██[38;2;206;239;254m██[38;2;206;239;246m██[38;2;135;148;148m██[38;2;0;0;0m██  ████  ██[38;2;255;255;255m██[38;2;66;66;66m██████[38;2;206;239;254m████[38;2;132;148;148m██[38;2;66;66;66m██[38;2;0;0;0m██                  ██[38;2;206;239;254m██████[38;2;164;193;188m██[38;2;206;239;254m████[38;2;136;148;148m██[38;2;165;189;189m████[38;2;0;0;0m██            
[38;2;0;0;0m        ██[38;2;206;239;254m██[38;2;135;148;148m██[38;2;170;194;197m██[38;2;82;78;70m██[38;2;0;0;0m██[38;2;255;239;71m██[38;2;0;0;0m██  ██[38;2;66;66;66m████[38;2;206;239;254m██████[38;2;136;148;148m██[38;2;66;66;66m██[38;2;165;189;189m██[38;2;206;239;254m██[38;2;0;0;0m██    ████████    ██[38;2;206;239;254m████[38;2;164;193;188m██[38;2;206;239;254m██████[38;2;136;148;148m██[38;2;165;189;189m████[38;2;0;0;0m██            
[38;2;0;0;0m      ██[38;2;209;239;254m████[38;2;136;146;148m██[38;2;165;189;189m██[38;2;135;146;147m██[38;2;255;239;71m██[38;2;231;239;167m██[38;2;57;66;81m██[38;2;0;0;0m██[38;2;206;239;254m██[38;2;209;239;254m████[38;2;206;239;246m██[38;2;135;148;148m██[38;2;137;152;148m██[38;2;82;78;66m██[38;2;165;189;189m████[38;2;181;198;189m██[38;2;90;90;82m██[38;2;0;0;0m████[38;2;198;198;190m████████[38;2;0;0;0m████[38;2;66;66;66m██[38;2;206;239;254m████[38;2;136;148;148m████[38;2;206;239;254m██[38;2;206;239;246m██[38;2;135;148;148m██[38;2;172;164;112m██[38;2;90;107;114m██[38;2;137;159;164m██[38;2;0;0;0m████        
[38;2;0;0;0m      ██[38;2;209;239;254m████[38;2;136;146;148m████[38;2;255;239;71m████[38;2;144;152;124m██[38;2;231;239;167m██[38;2;206;239;254m████[38;2;209;239;254m████[38;2;135;148;148m██[38;2;170;194;197m██[38;2;82;78;66m██[38;2;165;189;189m██[38;2;94;96;94m██[38;2;165;189;189m██[38;2;90;90;82m██[38;2;181;198;189m██[38;2;198;198;190m████[38;2;140;142;128m██[38;2;198;198;190m██[38;2;66;66;66m████[38;2;198;198;190m██[38;2;66;66;63m██[38;2;206;239;254m████[38;2;136;148;148m██[38;2;206;239;254m████[38;2;136;148;148m██[38;2;135;148;148m██[38;2;170;194;197m██[38;2;90;107;114m██[38;2;255;222;111m██[38;2;206;239;246m████[38;2;255;255;255m██[38;2;0;0;0m██      
[38;2;0;0;0m      ██[38;2;206;239;254m████[38;2;135;146;147m██[38;2;255;239;71m████[38;2;135;146;147m██[38;2;209;239;254m████[38;2;206;239;254m████[38;2;206;239;246m██[38;2;135;148;148m██[38;2;165;189;189m██[38;2;82;79;69m██[38;2;206;239;254m██[38;2;82;82;82m██[38;2;206;239;254m██[38;2;82;82;66m██[38;2;198;198;190m████[38;2;140;142;128m████[38;2;136;132;128m██[38;2;66;66;66m██[38;2;136;148;148m██[38;2;206;239;254m██[38;2;66;66;66m██[38;2;206;239;254m████[38;2;136;148;148m██[38;2;209;239;254m████████[38;2;135;148;148m██[38;2;170;194;197m██[38;2;90;107;114m██[38;2;255;222;111m██[38;2;206;239;254m██[38;2;0;0;0m████        
[38;2;0;0;0m      ██[38;2;206;239;254m██[38;2;136;148;148m██[38;2;255;239;71m██████[38;2;135;146;147m██[38;2;209;239;254m████[38;2;206;239;254m██[38;2;136;148;148m██[38;2;135;148;148m██[38;2;170;194;197m██[38;2;165;189;189m████[38;2;82;82;82m██[38;2;206;239;254m██████[38;2;99;103;99m██[38;2;132;135;129m██[38;2;198;198;190m████[38;2;206;198;190m██[38;2;66;66;66m██[38;2;206;239;254m████████[38;2;136;148;148m██[38;2;206;239;254m██[38;2;209;239;254m████████[38;2;206;239;246m██[38;2;135;148;148m██[38;2;172;164;112m██[38;2;90;107;114m██[38;2;0;0;0m██            
[38;2;0;0;0m      ██[38;2;206;239;254m██[38;2;136;148;148m██[38;2;255;239;71m██[38;2;162;178;186m██[38;2;136;148;148m██[38;2;206;239;254m██████[38;2;137;152;148m██[38;2;165;189;189m██████[38;2;66;66;66m████[38;2;206;239;254m████[38;2;93;99;96m████[38;2;198;198;190m████[38;2;206;198;190m██[38;2;137;133;129m██[38;2;74;70;66m██[38;2;140;154;156m██[38;2;206;239;254m████[38;2;136;148;148m████[38;2;209;239;254m████[38;2;206;239;254m██[38;2;0;0;0m████████[38;2;206;239;254m██[38;2;118;133;131m██[38;2;8;4;0m██[38;2;0;0;0m  ██████      
[38;2;0;0;0m    ██[38;2;206;239;254m████[38;2;136;148;148m██[38;2;162;178;186m████[38;2;206;239;254m████[38;2;165;187;191m██[38;2;82;82;66m██[38;2;82;78;66m████[38;2;66;66;66m████[38;2;165;189;189m████[38;2;96;98;96m████[38;2;198;198;190m██████[38;2;140;142;128m██[38;2;137;133;129m██[38;2;69;69;69m██[38;2;206;239;246m██[38;2;74;70;66m██[38;2;136;148;148m██[38;2;206;239;254m██████[38;2;209;239;254m████[38;2;0;0;0m██        ██[38;2;63;69;66m██[38;2;173;198;197m██[38;2;0;0;0m██[38;2;165;189;189m██████[38;2;0;0;0m██    
[38;2;0;0;0m    ██[38;2;206;239;254m██[38;2;136;148;148m████[38;2;209;239;254m████[38;2;187;175;107m██[38;2;82;82;82m██[38;2;82;82;66m██[38;2;255;206;71m██[38;2;82;79;69m██[38;2;165;189;189m██[38;2;66;61;66m██[38;2;165;189;189m██[38;2;94;98;98m████[38;2;198;198;190m████[38;2;206;198;190m██[38;2;99;103;99m██[38;2;94;98;98m████[38;2;74;70;66m██[38;2;214;239;254m██[38;2;165;189;189m████[38;2;82;79;69m██[38;2;165;189;189m██[38;2;206;239;254m████[38;2;66;66;66m████[38;2;198;198;190m██[38;2;0;0;0m██    [38;2;8;0;0m██[38;2;165;189;189m██████████[38;2;0;0;0m████      
[38;2;0;0;0m    ██[38;2;206;239;254m██[38;2;136;148;148m██[38;2;206;239;254m██[38;2;209;239;254m████[38;2;82;82;82m██[38;2;239;222;119m██[38;2;255;206;71m██[38;2;82;82;66m██[38;2;165;189;189m████[38;2;66;61;66m██[38;2;99;104;107m██[38;2;140;140;132m████[38;2;93;99;96m████[38;2;99;103;99m██[38;2;135;135;129m██[38;2;140;140;132m████[38;2;121;126;129m██[38;2;74;70;66m██[38;2;82;79;69m████[38;2;165;189;189m████[38;2;159;183;191m██[38;2;66;70;66m██[38;2;198;198;190m████████[38;2;0;0;0m████[38;2;165;189;189m██[38;2;60;63;63m██[38;2;66;66;66m██[38;2;165;189;189m████[38;2;0;0;0m██          
[38;2;0;0;0m  ██[38;2;206;239;254m██[38;2;66;66;66m██[38;2;206;239;254m████[38;2;231;247;255m██[38;2;82;82;66m██[38;2;82;82;74m████[38;2;82;86;74m████[38;2;159;185;191m████[38;2;110;121;121m██[38;2;66;66;66m██[38;2;99;99;99m████[38;2;140;140;132m████[38;2;66;66;66m████[38;2;94;98;98m██[38;2;140;140;132m██[38;2;140;140;128m████[38;2;66;66;66m██[38;2;132;148;148m██[38;2;165;189;189m████[38;2;136;148;148m██[38;2;206;239;254m██[38;2;74;74;66m██[38;2;173;189;191m██[38;2;198;198;190m██[38;2;140;142;128m██[38;2;140;140;132m██[38;2;63;63;65m██[38;2;102;98;96m██[38;2;137;136;127m██[38;2;102;102;96m██[38;2;66;66;66m██[38;2;165;189;189m██[38;2;0;0;0m██  ████    
[38;2;0;0;0m  ██[38;2;206;239;254m██[38;2;66;66;66m██[38;2;206;239;254m██[38;2;82;82;66m████[38;2;231;247;255m██[38;2;140;140;134m██[38;2;255;255;255m██[38;2;82;86;74m██[38;2;206;239;254m██[38;2;214;247;254m██[38;2;104;123;128m██[38;2;132;148;148m████[38;2;66;66;66m██[38;2;0;0;0m████[38;2;70;70;66m██[38;2;165;189;189m██[38;2;66;66;66m██[38;2;140;140;132m██[38;2;94;98;98m██[38;2;140;140;128m██[38;2;66;66;66m██[38;2;165;189;189m██[38;2;132;148;148m██[38;2;165;189;189m██[38;2;94;96;94m██[38;2;136;148;148m████[38;2;222;247;254m██[38;2;74;74;66m██[38;2;140;142;128m████[38;2;101;101;99m██[38;2;140;140;132m██[38;2;66;61;66m██[38;2;102;98;96m██[38;2;137;137;127m██[38;2;66;66;66m██[38;2;165;189;189m████[38;2;0;0;0m██[38;2;165;189;189m████[38;2;0;0;0m██  
[38;2;0;0;0m  ██[38;2;86;94;94m██[38;2;173;189;189m██[38;2;66;66;66m██[38;2;165;189;205m██[38;2;170;192;202m██[38;2;99;99;99m██[38;2;96;98;96m████[38;2;206;239;246m██[38;2;135;148;148m██[38;2;99;115;123m██[38;2;132;152;156m██[38;2;137;143;148m██[38;2;69;71;74m██[38;2;0;0;0m██    ██[38;2;165;189;189m██[38;2;66;66;66m██[38;2;140;140;128m████[38;2;66;66;66m██[38;2;165;189;189m██[38;2;136;146;148m██[38;2;165;189;189m████[38;2;82;78;66m██[38;2;137;148;148m████[38;2;206;231;246m██[38;2;82;78;66m██[38;2;140;140;132m████[38;2;94;98;98m██[38;2;140;140;132m██[38;2;66;66;66m██[38;2;140;140;128m██[38;2;86;94;94m██[38;2;165;189;189m██████[38;2;173;189;189m██[38;2;86;94;94m██[38;2;0;0;0m██    
[38;2;0;0;0m    ████[38;2;165;189;205m██[38;2;66;66;66m██[38;2;206;239;254m████████[38;2;135;148;148m██[38;2;170;194;197m██[38;2;165;189;189m██[38;2;99;115;123m██[38;2;0;0;0m████      ██[38;2;132;148;148m████[38;2;66;66;66m██[38;2;140;140;128m██[38;2;66;66;66m██[38;2;165;189;189m██[38;2;136;146;148m██[38;2;165;189;189m██[38;2;82;78;66m██[38;2;137;152;148m██[38;2;99;99;99m██[38;2;137;148;148m██[38;2;144;154;156m██[38;2;82;78;66m██[38;2;140;140;132m██[38;2;94;98;98m██[38;2;140;140;132m████[38;2;140;140;128m██[38;2;66;66;66m██[38;2;165;189;189m██[38;2;8;0;0m██[38;2;165;189;189m████[38;2;0;0;0m████      
[38;2;0;0;0m        [38;2;66;66;66m██[38;2;0;0;0m██████[38;2;137;148;148m████[38;2;165;189;189m██[38;2;0;0;0m██████        ██[38;2;99;99;99m██[38;2;52;60;60m██[38;2;156;181;180m██[38;2;66;61;66m██[38;2;99;104;107m██[38;2;66;61;66m██[38;2;165;189;189m██[38;2;136;146;148m██[38;2;165;189;189m██[38;2;82;79;69m██████[38;2;140;143;137m██[38;2;82;79;69m██[38;2;140;139;129m██[38;2;140;140;132m██[38;2;94;98;98m██[38;2;140;140;129m████[38;2;94;98;98m██[38;2;140;140;132m██[38;2;0;0;0m██  ████          
[38;2;0;0;0m                ██████            ██[38;2;66;66;66m██[38;2;99;99;99m██[38;2;104;121;120m██[38;2;0;0;0m██[38;2;165;189;189m██[38;2;66;61;66m██[38;2;99;104;107m██[38;2;66;61;66m██[38;2;136;146;148m██[38;2;165;189;189m██[38;2;82;79;69m██[38;2;140;139;129m██[38;2;140;143;137m██[38;2;82;79;69m████[38;2;140;139;129m██[38;2;140;140;132m██[38;2;94;98;98m██[38;2;140;140;129m████[38;2;94;98;98m██[38;2;140;140;132m██[38;2;0;0;0m██                
[38;2;0;0;0m                            ██████[38;2;94;99;94m████[38;2;0;0;0m████  ██[38;2;66;66;66m██████[38;2;52;55;55m██[38;2;140;148;148m██[38;2;165;189;189m██[38;2;60;68;63m██[38;2;140;139;129m████[38;2;52;52;49m██[38;2;96;96;91m██[38;2;140;140;132m████[38;2;102;102;96m██[38;2;66;66;66m██[38;2;143;143;127m██[38;2;0;0;0m██                  
[38;2;0;0;0m                          ██[38;2;198;198;190m██[38;2;66;66;63m██[38;2;94;99;94m████[38;2;0;0;0m██        ██[38;2;94;99;94m████[38;2;96;101;101m██[38;2;8;8;8m██[38;2;8;8;0m██[38;2;165;189;189m██[38;2;82;79;69m████[38;2;140;140;132m██[38;2;8;8;8m██[38;2;0;0;0m██[38;2;70;70;66m██[38;2;66;66;66m██[38;2;137;137;127m██[38;2;143;143;127m██[38;2;0;0;0m██                  
[38;2;0;0;0m                            ██[38;2;198;198;190m██[38;2;0;0;0m████            ██[38;2;94;99;94m██[38;2;0;0;0m██    ██[38;2;143;143;127m████[38;2;0;0;0m██    ██[38;2;140;140;129m████[38;2;0;0;0m██                    
[38;2;0;0;0m                            ████            ████[38;2;94;99;94m████[38;2;0;0;0m██  ██[38;2;140;140;132m██[38;2;143;143;127m██[38;2;0;0;0m██      ██[38;2;140;140;129m████[38;2;0;0;0m██                    
[38;2;0;0;0m                                          ██[38;2;198;198;190m██[38;2;93;99;96m██[38;2;198;198;190m██[38;2;0;0;0m██  ██[38;2;85;85;82m████[38;2;0;0;0m██      ██[38;2;123;127;123m██[38;2;90;94;90m██[38;2;145;148;142m██[38;2;0;0;0m██                    
[38;2;0;0;0m                                        ██[38;2;198;198;190m██[38;2;93;99;96m██[38;2;198;198;190m██[38;2;0;0;0m██  ██[38;2;255;255;255m██[38;2;0;0;0m██[38;2;255;255;247m██[38;2;0;0;0m██    ██[38;2;247;255;247m██[38;2;123;127;123m██[38;2;255;255;247m██[38;2;90;94;90m██[38;2;255;255;255m██[38;2;0;0;0m██                  
[38;2;0;0;0m                                          ██████    ████  ██    ██[38;2;255;255;255m██[38;2;85;88;85m██[38;2;255;255;255m████[38;2;0;0;0m██[38;2;255;255;255m██[38;2;0;0;0m██                  
[38;2;0;0;0m                                                                  ██[38;2;0;4;0m████[38;2;0;0;0m██  ██                    
[38;2;0;0;0m                                                                                                  [0m
