
                      [38;2;0;0;0m▄▄▄                [0m
            [38;2;0;0;0m▄▄▄▄   ▄[48;2;148;181;252m▀[48;2;165;173;189m▀[38;2;222;189;86m▀[38;2;239;214;111m[48;2;255;255;255m▀[48;2;244;222;138m▀[38;2;0;0;0m[48;2;0;0;0m▀[49m               [0m
          [38;2;0;0;0m▄[48;2;140;181;252m▀[38;2;148;181;252m[48;2;70;92;126m▀[48;2;0;0;0m▀▀[48;2;115;148;227m▀[38;2;0;0;0m▀[38;2;0;4;0m[49m▄[38;2;0;0;0m[48;2;123;165;243m▀[38;2;148;181;252m[48;2;0;0;0m▀[38;2;0;0;0m[49m▀▀[38;2;165;173;189m[48;2;0;0;0m▀[38;2;244;222;138m▀[38;2;239;206;79m▀[38;2;0;0;0m[49m▀               [0m
   [38;2;0;0;0m▄▄[48;2;255;243;131m▀▀[48;2;255;239;151m▀[49m▄[48;2;74;74;61m▀[38;2;148;181;252m▀[38;2;70;92;126m[48;2;0;0;0m▀[38;2;0;4;0m[49m▀  [38;2;0;0;0m▀[38;2;115;148;227m[48;2;0;0;0m▀[38;2;123;165;243m[48;2;115;148;227m▀[38;2;82;111;162m▀[38;2;0;0;0m[48;2;0;0;0m▀[49m               [38;2;8;0;0m▄▄[38;2;0;0;0m[48;2;132;165;244m▀[49m▄  [0m
  [38;2;0;0;0m[48;2;0;0;0m▀[38;2;239;214;111m[48;2;255;239;127m▀[48;2;255;247;187m▀[38;2;255;247;183m[48;2;255;255;255m▀▀[38;2;255;239;151m▀[48;2;255;244;183m▀[38;2;222;198;102m[48;2;255;239;151m▀[38;2;0;12;40m[48;2;0;0;0m▀[49m      [38;2;0;0;0m[48;2;16;8;0m▀[38;2;115;148;227m[48;2;115;148;227m▀▀[38;2;0;0;0m[48;2;60;96;124m▀[48;2;145;176;252m▀▀[48;2;148;181;252m▀[49m▄▄▄       [48;2;0;0;0m▀[38;2;55;60;81m[48;2;148;181;252m▀[38;2;148;181;244m[48;2;115;148;227m▀[38;2;132;165;244m▀[38;2;0;0;0m[48;2;0;0;0m▀[49m  [0m
 [38;2;0;0;0m[48;2;0;0;0m▀[38;2;255;239;135m[48;2;255;239;135m▀[38;2;255;247;187m[48;2;255;247;183m▀[38;2;255;255;247m[48;2;255;255;255m▀[38;2;255;255;255m▀▀▀▀[38;2;255;239;151m[48;2;255;247;183m▀[48;2;247;231;148m▀[38;2;0;0;0m[48;2;0;0;0m▀[49m   ▄[48;2;148;181;252m▀[38;2;49;55;76m▀[38;2;115;148;227m[48;2;74;125;166m▀[48;2;115;148;227m▀[38;2;60;96;124m[48;2;148;181;252m▀[38;2;145;176;252m[48;2;145;176;252m▀▀[38;2;148;181;252m▀▀▀▀[38;2;0;0;0m▀▀[49m▄   [48;2;0;0;0m▀[38;2;148;181;252m[48;2;123;156;235m▀[48;2;112;148;227m▀[38;2;115;148;227m▀[38;2;0;0;0m[48;2;0;0;0m▀[49m   [0m
 [38;2;0;0;0m▀[38;2;255;239;135m[48;2;0;0;0m▀[38;2;255;247;183m[48;2;247;236;143m▀[38;2;255;255;255m[48;2;255;255;175m▀[48;2;255;255;255m▀▀[48;2;255;255;247m▀[48;2;255;247;187m▀[38;2;255;247;183m[48;2;239;214;111m▀[38;2;231;198;79m[48;2;0;0;0m▀[38;2;0;0;0m[49m▀ ▄[48;2;181;206;253m▀[38;2;148;181;252m▀▀[48;2;145;180;252m▀▀[48;2;145;176;252m▀▀[38;2;145;176;252m[48;2;148;181;252m▀▀[48;2;145;176;252m▀▀▀▀▀▀[38;2;148;181;252m▀[38;2;0;0;0m▀[38;2;8;8;0m[49m▄[38;2;0;0;0m[48;2;41;55;73m▀[38;2;123;156;235m[48;2;115;148;227m▀▀[38;2;112;148;227m▀[48;2;0;0;0m▀[38;2;0;0;0m[49m▀   [0m
  [38;2;0;0;0m▀[38;2;231;198;79m[48;2;0;0;0m▀[38;2;247;236;143m▀[38;2;255;247;183m[48;2;255;239;135m▀▀[38;2;255;247;187m▀[38;2;255;239;127m[48;2;0;0;0m▀[38;2;239;214;111m▀[38;2;0;0;0m[49m▀ [48;2;0;0;0m▀[38;2;181;206;253m[48;2;145;180;252m▀[48;2;181;206;253m▀▀▀[48;2;148;181;252m▀[38;2;145;180;252m▀[38;2;145;176;252m[48;2;255;239;135m▀▀[38;2;255;239;135m[48;2;148;140;60m▀▀[38;2;145;176;252m[48;2;231;214;111m▀[48;2;148;181;252m▀[48;2;145;176;252m▀▀▀▀[48;2;148;181;252m▀▀[38;2;107;148;219m[48;2;115;148;227m▀[38;2;74;101;146m▀[38;2;60;96;124m[48;2;112;148;227m▀[38;2;115;148;227m▀[48;2;115;148;227m▀[38;2;0;0;0m[48;2;0;0;0m▀[49m    [0m
     [38;2;0;0;0m▀▀▀   [48;2;0;0;0m▀[38;2;255;239;135m[48;2;255;239;135m▀[38;2;145;180;252m[48;2;255;239;132m▀▀▀▀[38;2;255;239;135m▀▀[48;2;134;132;89m▀[38;2;145;137;57m[48;2;255;255;231m▀[38;2;255;255;255m[48;2;189;61;93m▀[48;2;255;255;255m▀[38;2;231;214;111m▀[48;2;255;238;131m▀[38;2;145;176;252m[48;2;145;176;252m▀▀[48;2;148;181;252m▀▀[38;2;148;181;252m[48;2;115;148;227m▀[38;2;115;148;227m[48;2;148;181;252m▀[38;2;148;181;252m[48;2;115;148;227m▀[38;2;115;148;227m[48;2;148;181;252m▀[38;2;112;148;227m[48;2;115;148;227m▀[48;2;66;66;66m▀[38;2;115;148;227m[48;2;115;148;227m▀▀[38;2;0;0;0m[48;2;148;133;57m▀[48;2;222;198;86m▀[49m▄ [0m
           [38;2;0;0;0m[48;2;0;0;0m▀[38;2;255;239;135m[48;2;255;239;135m▀[38;2;255;239;132m[48;2;255;239;132m▀▀▀▀▀▀[38;2;134;132;89m[48;2;167;98;74m▀[38;2;74;70;18m▀[38;2;189;61;93m[48;2;255;247;175m▀[38;2;255;255;255m▀[38;2;255;238;131m[48;2;255;239;135m▀[48;2;148;181;252m▀[38;2;145;176;252m▀[48;2;115;148;227m▀[38;2;115;148;227m[48;2;127;158;199m▀[48;2;41;86;145m▀[48;2;115;148;227m▀▀▀▀[38;2;66;66;66m[48;2;0;0;0m▀[38;2;115;148;227m[48;2;148;140;60m▀[48;2;145;137;57m▀[38;2;148;140;60m[48;2;222;189;86m▀[38;2;222;198;86m▀[38;2;0;4;0m▀[38;2;0;0;0m[49m▄ [0m
            [38;2;0;0;0m▀[38;2;255;239;132m[48;2;0;0;0m▀▀[48;2;255;239;135m▀▀▀▀[38;2;255;239;135m[48;2;74;74;66m▀▀[38;2;255;247;175m[48;2;82;82;66m▀[38;2;85;82;69m[48;2;115;148;227m▀[38;2;148;181;252m[48;2;112;148;227m▀▀[38;2;115;148;227m[48;2;115;148;227m▀[48;2;60;96;124m▀[38;2;127;158;199m[48;2;231;247;255m▀[38;2;214;231;254m▀[38;2;66;66;66m▀[38;2;115;148;227m[48;2;66;66;66m▀[48;2;0;0;0m▀[38;2;0;0;0m[49m▀ ▀[38;2;222;189;86m[48;2;0;0;0m▀[48;2;222;189;86m▀▀[38;2;0;0;0m▀[49m▄ [0m
               [38;2;0;0;0m▀▀[38;2;66;66;66m[48;2;0;0;0m▀[48;2;181;206;253m▀[38;2;74;74;66m▀[38;2;115;148;227m[48;2;0;0;0m▀▀[48;2;115;148;227m▀[38;2;112;148;227m▀▀[38;2;115;148;227m▀[48;2;0;0;0m▀[38;2;66;66;66m▀[38;2;231;247;255m▀[48;2;231;247;255m▀▀▀[38;2;0;0;0m[48;2;0;0;0m▀[49m   ▀▀▀  [0m
                  [38;2;0;0;0m▀▀  ▀▀▀▀   ▀▀▀         [0m
