
       [38;2;0;0;0m▄▄        [0m
      [38;2;0;0;0m[48;2;0;0;0m▀[38;2;214;255;142m[48;2;173;230;121m▀[38;2;173;230;121m[48;2;132;206;100m▀[38;2;0;0;0m[48;2;0;0;0m▀[49m       [0m
     [38;2;0;0;0m[48;2;0;0;0m▀[38;2;156;222;108m[48;2;156;222;108m▀[38;2;173;239;109m[48;2;131;197;107m▀[38;2;131;197;107m▀[38;2;0;0;0m[48;2;0;0;0m▀[49m       [0m
   [38;2;0;0;0m▄[48;2;173;239;109m▀[38;2;66;70;66m[48;2;137;188;95m▀[38;2;173;247;109m[48;2;173;247;109m▀[38;2;132;198;108m[48;2;173;239;109m▀▀[38;2;0;0;0m[48;2;132;198;108m▀[49m▄      [0m
 [38;2;0;0;0m▄[48;2;173;239;109m▀[38;2;214;255;158m[48;2;214;255;158m▀▀[38;2;173;239;109m[48;2;173;239;109m▀[48;2;131;197;107m▀[48;2;173;239;109m▀[48;2;66;66;66m▀[38;2;173;247;109m[48;2;66;70;66m▀[38;2;137;188;95m[48;2;173;247;109m▀[38;2;0;0;0m[48;2;0;0;0m▀[49m     [0m
 [38;2;0;0;0m[48;2;0;0;0m▀[38;2;156;222;108m[48;2;156;222;108m▀[38;2;173;239;109m[48;2;173;239;109m▀▀[38;2;137;188;95m[48;2;173;247;109m▀[38;2;173;247;109m[48;2;66;70;66m▀[38;2;41;0;1m[48;2;112;85;86m▀[38;2;255;255;255m[48;2;255;255;255m▀[38;2;66;66;66m[48;2;66;66;66m▀[38;2;173;239;109m[48;2;173;239;109m▀[38;2;156;222;108m[48;2;156;222;108m▀[38;2;8;0;16m[48;2;57;74;47m▀[38;2;0;0;0m[48;2;173;239;109m▀[49m▄  [0m
 [38;2;0;0;0m▄[48;2;132;198;108m▀[38;2;110;146;94m[48;2;66;61;66m▀[48;2;132;189;108m▀[38;2;173;239;109m[48;2;107;140;99m▀[48;2;173;239;109m▀[38;2;137;188;95m[48;2;173;247;109m▀[38;2;66;70;66m▀[38;2;173;239;109m[48;2;173;239;109m▀[48;2;131;197;107m▀[48;2;173;239;109m▀[38;2;66;66;66m▀[38;2;110;146;94m[48;2;66;61;66m▀[48;2;132;189;108m▀[38;2;0;0;0m[48;2;0;0;0m▀[49m [0m
 [38;2;0;0;0m▀[38;2;66;66;66m[48;2;0;0;0m▀[38;2;132;198;108m[48;2;132;198;108m▀[38;2;66;66;66m[48;2;66;66;66m▀[38;2;101;131;85m[48;2;222;82;78m▀▀[38;2;173;239;109m[48;2;173;239;109m▀[48;2;107;140;99m▀[48;2;173;239;109m▀[38;2;107;140;99m▀[38;2;173;239;109m[48;2;66;66;66m▀[48;2;173;239;109m▀▀[38;2;58;80;47m[48;2;0;0;16m▀[38;2;0;0;0m[49m▀ [0m
  [38;2;0;0;0m▄[38;2;0;8;0m[48;2;189;231;189m▀[38;2;126;157;126m[48;2;126;157;126m▀[38;2;162;61;58m[48;2;8;4;0m▀[38;2;239;90;87m[48;2;162;61;58m▀[38;2;107;140;99m[48;2;107;140;99m▀[38;2;173;239;109m[48;2;173;239;109m▀▀[48;2;131;197;107m▀[38;2;132;198;108m[48;2;132;198;108m▀[38;2;49;66;47m[48;2;8;0;16m▀[38;2;0;0;0m[49m▀▀  [0m
   [38;2;0;0;0m▀▀ ▀▀[38;2;107;140;99m[48;2;0;0;0m▀[38;2;132;197;108m[48;2;198;206;214m▀▀[38;2;107;140;99m[48;2;0;0;0m▀[38;2;0;0;0m[49m▀    [0m
         [38;2;0;0;0m▀▀      [0m
