
     [38;2;49;49;49m▄▄   ▄▄▄                [0m
   [38;2;49;49;49m▄[48;2;189;189;189m▀[38;2;189;189;189m▀[38;2;49;49;49m[48;2;82;82;82m▀[49m▄[48;2;255;255;255m▀▀[38;2;255;255;255m[48;2;189;189;189m▀[48;2;49;49;49m▀[38;2;49;49;49m[49m▀                [0m
  [38;2;49;49;49m▄[48;2;82;82;82m▀[38;2;82;82;82m[48;2;255;123;98m▀▀[48;2;82;82;82m▀[38;2;255;255;255m[48;2;255;255;255m▀▀▀[48;2;49;49;49m▀[38;2;49;49;49m[49m▀             ▄[48;2;255;123;98m▀[48;2;49;49;49m▀[49m [0m
 [38;2;49;49;49m▄[48;2;255;255;255m▀[38;2;255;255;255m▀[48;2;255;123;98m▀[38;2;255;123;98m▀[48;2;49;49;49m▀[48;2;255;255;255m▀[38;2;189;189;189m[48;2;189;189;189m▀[38;2;255;255;255m[48;2;255;255;255m▀[38;2;49;49;49m[48;2;49;49;49m▀[49m           ▄[48;2;164;74;65m▀[48;2;255;123;98m▀[38;2;255;123;98m[48;2;205;90;74m▀[38;2;49;49;49m▀[49m▄ [0m
 [38;2;49;49;49m[48;2;49;49;49m▀[38;2;255;123;98m[48;2;255;123;98m▀▀[48;2;205;90;74m▀[38;2;246;230;57m▀[38;2;49;49;49m[48;2;255;255;255m▀[38;2;255;255;255m[48;2;189;189;189m▀[38;2;189;189;189m[48;2;255;255;255m▀[38;2;255;255;255m[48;2;189;189;189m▀[38;2;189;189;189m▀[38;2;49;49;49m[48;2;49;49;49m▀[49m       ▄▄[48;2;255;123;98m▀[38;2;255;123;98m[48;2;205;90;74m▀[38;2;205;90;74m▀[48;2;49;49;49m▀[38;2;49;49;49m[49m▀▀  [0m
  [38;2;49;49;49m▀▀[38;2;189;189;189m[48;2;49;49;49m▀▀▀[48;2;189;189;189m▀▀▀▀▀[38;2;49;49;49m[48;2;255;255;255m▀[49m▄▄ ▄[48;2;255;123;98m▀[48;2;164;74;65m▀[38;2;255;123;98m[48;2;205;90;74m▀[38;2;205;90;74m▀▀[48;2;49;49;49m▀[38;2;49;49;49m[49m▀     [0m
       [38;2;49;49;49m▀▀[38;2;189;189;189m[48;2;49;49;49m▀[48;2;189;189;189m▀[48;2;255;255;255m▀[38;2;255;255;255m▀▀▀[38;2;49;49;49m▀[38;2;255;123;98m[48;2;164;74;65m▀▀[48;2;255;123;98m▀[38;2;205;90;74m▀[48;2;205;90;74m▀[38;2;164;74;65m[48;2;49;49;49m▀[38;2;49;49;49m[49m▀      [0m
        [38;2;49;49;49m▄[48;2;189;189;189m▀[38;2;82;82;82m[48;2;82;82;82m▀[38;2;255;255;255m[48;2;255;255;255m▀[48;2;255;123;98m▀[48;2;255;255;255m▀[48;2;156;156;156m▀[38;2;156;156;156m[48;2;255;255;255m▀▀[38;2;189;189;189m[48;2;82;82;82m▀[38;2;164;74;65m[48;2;255;123;98m▀[38;2;255;123;98m▀[48;2;205;90;74m▀[38;2;164;74;65m▀[38;2;49;49;49m[48;2;49;49;49m▀[49m      [0m
     [38;2;49;49;49m▄[48;2;164;74;65m▀▀▀[38;2;82;82;82m▀[38;2;255;255;255m[48;2;49;49;49m▀[38;2;255;123;98m[48;2;255;123;98m▀[48;2;82;172;246m▀[48;2;255;123;98m▀[38;2;255;255;255m[48;2;205;90;74m▀[38;2;82;82;82m[48;2;189;189;189m▀[38;2;255;255;255m[48;2;82;82;82m▀▀[38;2;82;82;82m[48;2;189;189;189m▀[38;2;164;74;65m[48;2;82;82;82m▀[38;2;205;90;74m[48;2;205;90;74m▀[48;2;49;49;49m▀[38;2;49;49;49m[49m▀      [0m
    [38;2;49;49;49m▀[38;2;255;255;255m[48;2;49;49;49m▀[38;2;164;74;65m▀▀▀[38;2;49;49;49m[49m▀ ▀[38;2;205;90;74m[48;2;49;49;49m▀[38;2;82;172;246m▀[38;2;82;82;82m[48;2;205;90;74m▀[48;2;255;123;98m▀[38;2;255;123;98m▀[48;2;205;90;74m▀[38;2;82;82;82m[48;2;49;49;49m▀[38;2;205;90;74m▀[38;2;82;82;82m[48;2;164;74;65m▀▀[38;2;49;49;49m▀[49m▄     [0m
             [38;2;49;49;49m▀[38;2;255;255;255m[48;2;49;49;49m▀[38;2;164;74;65m▀[38;2;255;255;255m▀[38;2;49;49;49m[49m▀  ▀[38;2;164;74;65m[48;2;49;49;49m▀▀[38;2;49;49;49m[49m▀     [0m
                             [0m
