
    [38;2;49;49;49m▄                [0m
  [38;2;49;49;49m▄[48;2;49;49;49m▀[49m▀     ▄[48;2;49;49;49m▀[49m         [0m
 [38;2;49;49;49m[48;2;49;49;49m▀▀[49m▀  ▄▄▄[48;2;49;49;49m▀▀[49m▀         [0m
 [38;2;49;49;49m▀[48;2;49;49;49m▀[49m▄[48;2;255;123;115m▀▀[38;2;255;123;115m▀[38;2;49;49;49m[48;2;49;49;49m▀▀[48;2;255;123;115m▀[48;2;172;49;57m▀[49m▄         [0m
 [38;2;49;49;49m▄[48;2;255;255;255m▀[38;2;82;82;82m[48;2;82;82;82m▀▀[38;2;255;123;115m[48;2;255;123;115m▀[38;2;49;49;49m[48;2;49;49;49m▀[38;2;82;82;82m[48;2;57;131;246m▀[38;2;255;123;115m[48;2;49;49;49m▀[48;2;255;123;115m▀▀[38;2;172;49;57m[48;2;222;82;98m▀[38;2;49;49;49m[48;2;49;49;49m▀[49m ▄▄▄    [0m
 [38;2;49;49;49m[48;2;49;49;49m▀[38;2;205;238;230m[48;2;57;131;246m▀[38;2;255;123;115m[48;2;255;123;115m▀▀▀[38;2;255;255;255m[48;2;205;238;230m▀[48;2;123;180;255m▀[38;2;41;82;156m[48;2;41;82;156m▀[38;2;49;49;49m[48;2;49;49;49m▀[38;2;255;123;115m[48;2;222;82;98m▀[38;2;222;82;98m▀[38;2;82;82;82m[48;2;82;82;82m▀[38;2;49;49;49m[48;2;222;82;98m▀[38;2;222;82;98m[48;2;189;164;65m▀▀▀[38;2;49;49;49m[48;2;172;49;57m▀[49m▄  [0m
 [38;2;49;49;49m▀[38;2;41;82;156m[48;2;49;49;49m▀[38;2;255;123;115m[48;2;255;123;115m▀▀[48;2;238;238;123m▀[38;2;41;82;156m[48;2;49;49;49m▀[38;2;57;131;246m[48;2;41;82;156m▀[38;2;41;82;156m[48;2;238;238;123m▀[38;2;238;238;123m[48;2;189;164;65m▀[38;2;222;82;98m[48;2;172;49;57m▀[38;2;82;82;82m[48;2;82;82;82m▀[38;2;222;82;98m▀[38;2;189;164;65m[48;2;189;164;65m▀[48;2;123;180;255m▀[38;2;123;180;255m[48;2;205;238;230m▀▀[38;2;205;238;230m▀▀[38;2;49;49;49m[48;2;49;49;49m▀[49m [0m
   [38;2;49;49;49m▀[38;2;238;238;123m[48;2;49;49;49m▀▀[48;2;82;82;82m▀[38;2;189;164;65m▀[38;2;82;82;82m[48;2;189;164;65m▀▀[48;2;82;82;82m▀[38;2;255;255;255m[48;2;255;255;255m▀[48;2;189;189;189m▀[38;2;82;82;82m[48;2;82;82;82m▀[38;2;205;238;230m[48;2;172;49;57m▀[48;2;205;238;230m▀▀▀[48;2;49;49;49m▀[38;2;49;49;49m[49m▀ [0m
     [38;2;49;49;49m▀[38;2;189;189;189m[48;2;49;49;49m▀[38;2;82;82;82m▀[38;2;238;238;123m[48;2;123;106;49m▀[38;2;189;164;65m[48;2;238;238;123m▀[38;2;238;238;123m[48;2;189;164;65m▀[38;2;82;82;82m[48;2;49;49;49m▀[48;2;189;189;189m▀[38;2;189;189;189m▀[38;2;172;49;57m[48;2;82;82;82m▀[38;2;82;82;82m[48;2;49;49;49m▀[38;2;49;49;49m[49m▀▀   [0m
        [38;2;49;49;49m[48;2;49;49;49m▀[38;2;82;82;82m[48;2;222;82;98m▀[38;2;123;106;49m[48;2;172;49;57m▀[38;2;82;82;82m[48;2;49;49;49m▀[38;2;49;49;49m[49m▀[48;2;49;49;49m▀[38;2;82;82;82m[48;2;82;82;82m▀[38;2;172;49;57m[48;2;172;49;57m▀[38;2;49;49;49m[48;2;49;49;49m▀[49m    [0m
         [38;2;49;49;49m▀▀  ▀[38;2;222;82;98m[48;2;49;49;49m▀[38;2;172;49;57m▀[38;2;49;49;49m[49m▀    [0m
                     [0m
