
[38;2;0;0;0m                                                                      
[38;2;0;0;0m                                                  ████                
[38;2;0;0;0m                                                  ██[38;2;148;103;148m██[38;2;0;0;0m██              
[38;2;0;0;0m                                                    ██[38;2;148;103;148m██[38;2;0;0;0m██  ████      
[38;2;0;0;0m                                                    ██[38;2;154;99;154m████[38;2;0;8;0m██[38;2;74;57;74m██[38;2;154;99;154m██[38;2;0;0;0m██    
[38;2;0;0;0m                                                      ██[38;2;154;99;154m██[38;2;148;107;148m██[38;2;74;57;74m██[38;2;154;99;154m██[38;2;0;0;0m██    
[38;2;0;0;0m                                                  ████[38;2;66;66;66m██[38;2;152;99;152m██[38;2;151;101;151m████[38;2;154;99;154m██[38;2;0;0;0m██    
[38;2;0;0;0m                                              ████[38;2;154;99;154m████[38;2;152;99;152m████[38;2;151;101;151m████[38;2;154;99;154m████[38;2;0;0;0m██  
[38;2;0;0;0m                                              [38;2;8;4;0m██[38;2;156;103;156m██[38;2;127;78;107m██[38;2;0;0;0m████[38;2;148;103;148m██[38;2;151;101;151m████████[38;2;0;0;0m██  
[38;2;0;0;0m        ██                                  ██[38;2;156;103;156m██[38;2;107;70;104m██[38;2;0;0;0m██    ██[38;2;151;101;151m████████[38;2;0;0;0m██  
[38;2;0;0;0m      ██[38;2;127;78;107m██[38;2;0;0;0m██                    ████        ██[38;2;154;99;154m██[38;2;0;0;0m██        ██[38;2;154;99;154m██[38;2;152;100;152m████[38;2;0;0;0m██  
[38;2;0;0;0m    ██[38;2;127;78;107m██████[38;2;0;0;0m██              ████[38;2;148;103;148m████[38;2;0;0;0m██      ██[38;2;154;99;154m██[38;2;0;0;0m██        ██[38;2;154;99;154m██[38;2;152;100;152m██[38;2;132;78;108m██[38;2;0;0;0m██  
[38;2;0;0;0m    ██[38;2;129;78;107m████████[38;2;0;0;0m████████  ████[38;2;154;99;154m██[38;2;152;100;152m████[38;2;0;0;0m██        ██[38;2;154;99;154m██[38;2;0;0;0m██          ██[38;2;129;78;107m████[38;2;0;0;0m██  
[38;2;0;0;0m  ██[38;2;127;78;107m██[38;2;129;78;107m████████[38;2;154;99;154m████████[38;2;0;0;0m██[38;2;148;103;148m██[38;2;154;99;154m████[38;2;247;140;167m██[38;2;152;100;152m██[38;2;0;0;0m██        ██[38;2;154;99;154m██[38;2;0;0;0m██          ██[38;2;129;78;107m████[38;2;0;0;0m██  
[38;2;0;0;0m  ██[38;2;247;140;167m██[38;2;129;77;110m████[38;2;151;101;151m████████████[38;2;152;100;152m████[38;2;247;140;164m████[38;2;154;99;154m██[38;2;0;0;0m██            ██[38;2;148;103;148m██[38;2;0;0;0m██        ██[38;2;127;78;107m██[38;2;0;0;0m██    
[38;2;0;0;0m  ██[38;2;247;140;167m██[38;2;129;77;110m██[38;2;255;206;71m██[38;2;151;101;151m████████████[38;2;247;140;167m████[38;2;247;140;164m████[38;2;154;99;154m██[38;2;0;0;0m██              ██[38;2;148;103;148m██[38;2;0;0;0m██      ██[38;2;127;78;107m██[38;2;0;0;0m██    
[38;2;0;0;0m  ██[38;2;247;140;167m██[38;2;211;137;142m██[38;2;255;206;79m██[38;2;151;101;154m██[38;2;255;206;71m██[38;2;152;100;152m██[38;2;247;140;167m██[38;2;247;140;164m████[38;2;247;140;167m██████[38;2;152;100;152m██[38;2;0;0;0m██                ██[38;2;154;99;154m██[38;2;0;0;0m██    ██[38;2;127;78;107m██[38;2;0;0;0m██      
[38;2;0;0;0m    ██[38;2;211;137;142m██[38;2;189;103;173m██[38;2;151;101;154m██[38;2;255;206;71m██[38;2;247;140;167m████[38;2;247;140;164m████[38;2;93;99;93m██[38;2;247;140;167m████[38;2;152;100;152m██[38;2;0;0;0m██                  ██[38;2;154;99;154m██[38;2;0;0;0m██  ████        
[38;2;0;0;0m    ██[38;2;247;140;167m██[38;2;152;100;152m████[38;2;247;140;167m██████[38;2;66;82;58m████[38;2;189;72;137m██[38;2;247;140;167m██[38;2;157;101;154m██[38;2;115;84;110m██[38;2;0;0;0m██                  ██[38;2;127;78;107m██[38;2;0;0;0m██              
[38;2;0;0;0m  ██[38;2;148;103;148m██[38;2;152;100;152m██████[38;2;247;140;167m██[38;2;82;52;61m██[38;2;0;8;8m██[38;2;126;140;121m██[38;2;247;255;247m██[38;2;189;72;137m██[38;2;247;140;167m██[38;2;157;101;154m██[38;2;74;66;66m██[38;2;0;0;0m██                  ██[38;2;127;78;107m██[38;2;0;0;0m██              
[38;2;0;0;0m  ██[38;2;247;140;167m██[38;2;152;100;152m████[38;2;222;126;129m██[38;2;206;82;158m██[38;2;137;148;105m██[38;2;0;0;0m██[38;2;151;129;114m██[38;2;255;255;255m██[38;2;164;117;88m██[38;2;74;53;82m██[38;2;66;66;66m████[38;2;255;206;71m██[38;2;0;0;0m██              ██[38;2;127;78;107m██[38;2;0;0;0m██                
[38;2;0;0;0m    ██[38;2;247;140;167m████[38;2;255;214;71m████[38;2;137;148;105m████[38;2;255;255;255m██[38;2;151;129;114m██[38;2;74;53;82m██[38;2;255;181;95m██[38;2;255;206;71m████[38;2;0;0;0m██      ██████████[38;2;127;78;107m████[38;2;0;0;0m██                
[38;2;0;0;0m      ██[38;2;189;148;69m██████[38;2;99;99;99m██[38;2;192;148;70m██[38;2;192;148;69m████[38;2;255;206;71m██[38;2;66;66;66m██[38;2;85;69;34m██[38;2;0;0;16m██[38;2;0;0;0m      ██[38;2;151;101;154m██████[38;2;255;206;71m██[38;2;60;45;58m██[38;2;113;78;107m██[38;2;0;0;0m██                  
[38;2;0;0;0m        ██████[38;2;192;148;70m████[38;2;66;66;66m██████[38;2;255;206;71m██████[38;2;0;0;0m██████[38;2;148;103;148m██[38;2;255;206;71m████[38;2;151;101;154m████[38;2;165;111;157m██[38;2;8;12;8m██[38;2;0;0;0m                    
[38;2;0;0;0m              ██[38;2;189;148;69m██[38;2;193;146;69m████[38;2;115;85;94m██[38;2;74;57;90m██[38;2;74;61;90m████[38;2;66;66;66m██[38;2;152;99;152m██[38;2;151;101;154m██[38;2;255;206;71m██[38;2;151;101;154m████[38;2;255;206;71m██[38;2;151;101;154m████[38;2;255;206;71m██[38;2;0;0;0m██                  
[38;2;0;0;0m              ██[38;2;189;148;69m██[38;2;255;206;71m████[38;2;198;140;102m██[38;2;157;112;98m██[38;2;134;109;89m██[38;2;255;206;87m██[38;2;152;99;152m████[38;2;151;101;154m████[38;2;255;206;71m████[38;2;151;101;154m████[38;2;255;206;71m██[38;2;151;101;154m██[38;2;0;0;0m██                  
[38;2;0;0;0m            ██[38;2;129;77;110m████[38;2;255;206;68m████[38;2;151;101;154m████[38;2;255;206;71m██[38;2;151;101;154m██[38;2;255;206;71m██[38;2;151;101;154m██████████████[38;2;165;121;101m██[38;2;247;181;135m██[38;2;0;0;0m██                  
[38;2;0;0;0m            ██[38;2;129;77;110m██[38;2;255;206;71m██[38;2;255;206;68m████[38;2;255;206;71m██[38;2;151;101;154m██[38;2;255;206;71m██[38;2;151;101;154m██[38;2;255;206;71m██[38;2;151;101;154m██[38;2;189;148;69m██████[38;2;151;101;154m████[38;2;255;206;71m██[38;2;165;121;101m██[38;2;0;0;32m██[38;2;0;0;0m                    
[38;2;0;0;0m            ██[38;2;123;82;107m██[38;2;82;56;71m██[38;2;255;206;71m████[38;2;66;66;66m██[38;2;152;99;152m██[38;2;151;101;154m██[38;2;255;206;71m██[38;2;154;99;154m████[38;2;66;66;66m██████[38;2;192;148;69m██[38;2;151;100;154m████[38;2;126;93;65m██[38;2;0;0;8m██[38;2;0;0;0m                    
[38;2;0;0;0m              [38;2;0;4;0m██[38;2;123;82;107m██[38;2;66;61;66m██[38;2;192;158;69m██[38;2;66;66;66m██[38;2;152;99;152m██[38;2;151;101;154m████[38;2;154;99;154m██[38;2;0;0;0m██[38;2;94;99;94m████[38;2;66;66;66m████[38;2;129;76;110m████[38;2;189;140;93m██[38;2;0;0;8m██[38;2;0;0;0m                    
[38;2;0;0;0m                ██[38;2;121;85;86m██[38;2;82;57;90m██[38;2;66;66;66m██[38;2;192;148;69m██[38;2;145;99;134m██[38;2;200;152;99m██[38;2;0;0;0m██  ██[38;2;94;99;94m██[38;2;99;99;99m██[38;2;66;66;66m██[38;2;0;0;0m██[38;2;189;148;69m██[38;2;192;148;67m████[38;2;0;0;0m██                  
[38;2;0;0;0m                ██[38;2;198;140;78m██[38;2;121;85;86m██[38;2;192;148;69m██[38;2;66;66;66m██[38;2;255;206;63m████[38;2;0;0;0m██    ██[38;2;99;99;99m██[38;2;0;0;0m██  ██[38;2;192;148;67m████[38;2;0;0;0m██                  
[38;2;0;0;0m                  ██[38;2;189;148;69m██[38;2;192;154;69m██[38;2;66;66;66m██[38;2;255;206;71m████[38;2;0;0;0m██    ████      ██[38;2;189;148;69m██[38;2;0;0;0m██                  
[38;2;0;0;0m                  ██[38;2;189;148;69m██[38;2;66;66;66m██[38;2;255;198;71m██[38;2;255;206;71m██[38;2;0;0;0m██                ████                    
[38;2;0;0;0m                    ████[38;2;189;148;69m██[38;2;255;206;71m██[38;2;0;0;0m██                                        
[38;2;0;0;0m                        ████                                          
[38;2;0;0;0m                                                                      [0m
