
          [38;2;49;49;49m▄▄       [0m
  [38;2;49;49;49m▄▄▄[48;2;230;139;65m▀[49m▄[48;2;230;139;65m▀[48;2;255;255;255m▀[49m▄[48;2;246;230;41m▀[38;2;230;139;65m[48;2;205;90;24m▀[38;2;49;49;49m[48;2;230;139;65m▀[48;2;49;49;49m▀[49m▄    [0m
  [38;2;49;49;49m[48;2;49;49;49m▀[38;2;123;197;74m[48;2;123;197;74m▀[38;2;82;82;82m[48;2;74;156;57m▀[38;2;230;139;65m[48;2;82;82;82m▀[48;2;230;139;65m▀▀[48;2;205;90;24m▀[38;2;205;90;24m[48;2;230;139;65m▀[38;2;246;230;41m[48;2;255;255;255m▀[48;2;246;230;41m▀[38;2;205;90;24m▀[38;2;230;139;65m[48;2;82;82;82m▀[38;2;49;49;49m[48;2;49;49;49m▀[49m    [0m
   [38;2;49;49;49m[48;2;49;49;49m▀[38;2;123;197;74m[48;2;82;82;82m▀[38;2;74;156;57m[48;2;65;123;57m▀[38;2;82;82;82m▀[38;2;205;90;24m[48;2;230;139;65m▀[38;2;230;139;65m▀[38;2;255;255;255m▀[38;2;230;139;65m▀[38;2;205;90;24m[48;2;205;90;24m▀[48;2;230;139;65m▀[38;2;255;255;255m▀[38;2;205;90;24m▀[38;2;49;49;49m[48;2;49;49;49m▀[49m   [0m
   [38;2;49;49;49m▀[38;2;205;246;156m[48;2;49;49;49m▀[48;2;148;189;74m▀[38;2;148;189;74m[48;2;255;255;255m▀[38;2;82;82;82m[48;2;148;189;74m▀[38;2;230;139;65m[48;2;82;82;82m▀▀[38;2;205;90;24m▀[38;2;82;82;82m[48;2;148;189;74m▀[38;2;205;90;24m[48;2;74;156;57m▀[38;2;230;139;65m[48;2;205;90;24m▀▀[48;2;49;49;49m▀[38;2;49;49;49m[49m▀  [0m
   [38;2;49;49;49m▄[48;2;205;246;156m▀[38;2;148;189;74m[48;2;82;82;82m▀[38;2;230;139;65m[48;2;205;213;222m▀[38;2;255;255;255m[48;2;255;255;255m▀▀[48;2;230;139;65m▀[38;2;205;213;222m[48;2;255;255;255m▀[38;2;205;246;156m[48;2;205;246;156m▀[38;2;82;82;82m[48;2;82;82;82m▀[38;2;123;197;74m[48;2;65;123;57m▀[38;2;74;156;57m[48;2;123;197;74m▀▀[38;2;49;49;49m▀[49m▄ [0m
   [38;2;49;49;49m[48;2;49;49;49m▀[38;2;205;246;156m[48;2;82;82;82m▀[38;2;82;82;82m[48;2;123;197;74m▀[38;2;131;131;131m[48;2;65;123;57m▀[38;2;205;213;222m[48;2;180;164;90m▀[48;2;131;131;131m▀▀[38;2;131;131;131m[48;2;246;230;41m▀[38;2;180;213;57m[48;2;82;82;82m▀[38;2;205;246;156m[48;2;205;246;156m▀[38;2;82;82;82m[48;2;82;82;82m▀[38;2;65;123;57m[48;2;148;189;74m▀[38;2;49;49;49m[48;2;49;49;49m▀[49m▀▀ [0m
  [38;2;49;49;49m[48;2;49;49;49m▀[38;2;123;197;74m[48;2;82;82;82m▀[48;2;65;123;57m▀[38;2;65;123;57m[48;2;205;246;156m▀[38;2;148;189;74m[48;2;148;189;74m▀[48;2;205;246;156m▀[38;2;246;230;41m▀[38;2;180;164;90m[48;2;180;213;57m▀[38;2;82;82;82m[48;2;82;82;82m▀[38;2;123;197;74m[48;2;123;197;74m▀[38;2;82;82;82m▀[38;2;148;189;74m[48;2;82;82;82m▀[48;2;148;189;74m▀▀[38;2;49;49;49m[48;2;49;49;49m▀[49m  [0m
 [38;2;49;49;49m[48;2;49;49;49m▀[38;2;74;156;57m[48;2;74;156;57m▀[48;2;65;123;57m▀[38;2;205;246;156m[48;2;205;246;156m▀[38;2;148;189;74m[48;2;148;189;74m▀[38;2;205;246;156m[48;2;205;246;156m▀▀▀▀[38;2;180;213;57m▀[38;2;82;82;82m[48;2;148;189;74m▀[38;2;123;197;74m[48;2;82;82;82m▀▀[38;2;82;82;82m[48;2;74;156;57m▀[38;2;65;123;57m▀[38;2;49;49;49m[48;2;49;49;49m▀[49m  [0m
 [38;2;49;49;49m▀▀▀[38;2;148;189;74m[48;2;49;49;49m▀[38;2;180;213;57m[48;2;82;82;82m▀[38;2;148;189;74m[48;2;246;230;41m▀[38;2;205;246;156m[48;2;148;189;74m▀▀[48;2;180;213;57m▀[38;2;180;213;57m[48;2;148;189;74m▀[38;2;148;189;74m[48;2;205;246;156m▀[38;2;205;246;156m[48;2;180;213;57m▀[38;2;180;213;57m[48;2;82;82;82m▀[38;2;82;82;82m[48;2;49;49;49m▀[38;2;74;156;57m[48;2;74;156;57m▀▀[38;2;49;49;49m[48;2;49;49;49m▀[49m [0m
     [38;2;49;49;49m▀▀[38;2;82;82;82m[48;2;49;49;49m▀[38;2;246;230;41m▀[38;2;49;49;49m[49m▀[38;2;180;164;90m[48;2;49;49;49m▀[38;2;246;230;41m▀[38;2;49;49;49m[49m▀▀ ▀▀▀ [0m
                   [0m
