
      [38;2;49;49;49m▄   ▄▄                [0m
     [38;2;49;49;49m[48;2;49;49;49m▀[38;2;255;246;156m[48;2;255;246;156m▀[38;2;49;49;49m[48;2;49;49;49m▀[49m▄[48;2;164;106;74m▀[38;2;164;106;74m▀▀[38;2;49;49;49m[48;2;82;82;82m▀[49m▄[48;2;82;82;82m▀[48;2;189;131;98m▀[49m▄           [0m
     [38;2;49;49;49m[48;2;49;49;49m▀[38;2;255;246;156m[48;2;255;246;156m▀▀[38;2;82;82;82m[48;2;82;82;82m▀[38;2;164;106;74m[48;2;164;106;74m▀[38;2;82;82;82m[48;2;82;82;82m▀[38;2;164;106;74m▀[38;2;82;82;82m▀[48;2;255;246;156m▀[38;2;255;246;156m▀[38;2;82;82;82m[48;2;82;82;82m▀[38;2;189;131;98m[48;2;189;131;98m▀[38;2;49;49;49m▀[49m▄         [0m
     [38;2;49;49;49m▄[48;2;82;82;82m▀[38;2;255;246;156m[48;2;255;246;156m▀[48;2;82;82;82m▀[38;2;82;82;82m[48;2;189;131;98m▀[38;2;189;131;98m▀[38;2;82;82;82m[48;2;82;82;82m▀[38;2;255;246;156m[48;2;255;246;156m▀▀[38;2;82;82;82m[48;2;82;82;82m▀[38;2;189;131;98m[48;2;255;246;156m▀[48;2;189;131;98m▀▀[38;2;255;246;156m[48;2;205;189;115m▀[38;2;49;49;49m[48;2;49;49;49m▀[49m        [0m
    [38;2;49;49;49m▄[48;2;205;189;115m▀[38;2;205;189;115m▀[38;2;82;82;82m[48;2;82;82;82m▀[38;2;189;131;98m[48;2;189;131;98m▀▀[38;2;82;82;82m[48;2;82;82;82m▀[38;2;255;246;156m[48;2;255;246;156m▀[48;2;82;82;82m▀[38;2;82;82;82m[48;2;189;131;98m▀[38;2;189;131;98m▀[38;2;82;82;82m[48;2;82;82;82m▀[38;2;255;246;156m[48;2;255;246;156m▀[38;2;189;131;98m▀[48;2;189;131;98m▀[38;2;255;246;156m[48;2;255;246;156m▀[38;2;49;49;49m▀[49m▄      [0m
 [38;2;49;49;49m▄[48;2;205;189;115m▀▀[38;2;205;189;115m▀▀[38;2;82;82;82m[48;2;82;82;82m▀[38;2;189;131;98m[48;2;189;131;98m▀▀▀▀[38;2;82;82;82m▀[38;2;189;131;98m[48;2;255;255;255m▀[48;2;246;123;139m▀[48;2;189;131;98m▀[38;2;82;82;82m[48;2;164;106;74m▀[38;2;255;246;156m[48;2;82;82;82m▀[48;2;255;246;156m▀▀▀▀[38;2;49;49;49m▀[49m▄     [0m
 [38;2;49;49;49m▀[38;2;205;189;115m[48;2;49;49;49m▀[48;2;82;82;82m▀[48;2;205;189;115m▀▀[38;2;82;82;82m▀[38;2;189;131;98m[48;2;82;82;82m▀[48;2;246;123;139m▀[48;2;189;131;98m▀▀[38;2;82;82;82m[48;2;82;82;82m▀[38;2;49;49;49m[48;2;246;123;139m▀[38;2;246;123;139m▀[38;2;164;106;74m[48;2;164;106;74m▀[48;2;49;49;49m▀[38;2;82;82;82m▀[38;2;255;246;156m[48;2;255;246;156m▀▀▀▀▀[38;2;49;49;49m▀[49m▄    [0m
   [38;2;49;49;49m▀[38;2;205;189;115m[48;2;49;49;49m▀▀[38;2;49;49;49m[49m▀▄[38;2;82;82;82m[48;2;82;82;82m▀[48;2;205;189;115m▀[38;2;164;106;74m[48;2;82;82;82m▀▀▀[38;2;82;82;82m[48;2;164;106;74m▀[38;2;49;49;49m[48;2;82;82;82m▀[49m▄ [48;2;49;49;49m▀[38;2;255;246;156m[48;2;255;246;156m▀▀▀▀▀[38;2;49;49;49m▀▀[49m▄  [0m
       [38;2;49;49;49m[48;2;49;49;49m▀[38;2;205;189;115m[48;2;82;82;82m▀[48;2;205;189;115m▀[38;2;255;246;156m[48;2;255;246;156m▀▀[48;2;205;189;115m▀[38;2;82;82;82m[48;2;82;82;82m▀[38;2;189;131;98m[48;2;189;131;98m▀[48;2;139;82;65m▀[38;2;49;49;49m▀[38;2;82;82;82m[48;2;82;82;82m▀[38;2;255;246;156m[48;2;205;189;115m▀[48;2;255;246;156m▀▀▀▀▀▀▀[38;2;49;49;49m[48;2;49;49;49m▀[49m [0m
        [38;2;49;49;49m▀▀[38;2;189;131;98m[48;2;49;49;49m▀[48;2;82;82;82m▀[38;2;82;82;82m▀[38;2;164;106;74m[48;2;164;106;74m▀[38;2;139;82;65m[48;2;255;246;156m▀[38;2;189;131;98m[48;2;139;82;65m▀[48;2;189;131;98m▀[38;2;82;82;82m[48;2;49;49;49m▀[38;2;255;246;156m[48;2;255;246;156m▀▀▀▀▀▀[38;2;205;189;115m▀[38;2;49;49;49m[48;2;49;49;49m▀[49m  [0m
           [38;2;49;49;49m▀[38;2;205;189;115m[48;2;49;49;49m▀[38;2;82;82;82m▀[38;2;255;246;156m[48;2;82;82;82m▀[48;2;255;246;156m▀[38;2;49;49;49m[48;2;49;49;49m▀[49m ▀[38;2;255;246;156m[48;2;49;49;49m▀▀[38;2;49;49;49m[49m▀[38;2;255;246;156m[48;2;49;49;49m▀▀[38;2;49;49;49m[49m▀   [0m
              [38;2;49;49;49m▀▀            [0m
