
       [38;2;0;0;0m▄▄▄▄▄▄      [0m
   [38;2;0;0;0m▄[48;2;107;198;107m▀[48;2;99;173;99m▀▀[38;2;99;173;99m[48;2;82;115;82m▀▀[48;2;77;137;77m▀▀[48;2;0;0;0m▀[38;2;0;0;0m[49m▀      [0m
 [38;2;0;0;0m▄[48;2;115;222;115m▀[38;2;107;198;107m[48;2;82;118;82m▀[38;2;71;132;71m▀[38;2;82;115;82m[48;2;99;173;99m▀[48;2;115;222;115m▀▀[38;2;115;222;115m[48;2;99;173;99m▀[38;2;115;206;115m[48;2;82;115;82m▀[38;2;0;0;0m▀[49m▄▄[48;2;99;176;99m▀▀[48;2;66;66;66m▀[48;2;115;222;115m▀[48;2;0;0;0m▀[49m [0m
 [38;2;0;0;0m[48;2;0;0;0m▀[38;2;115;222;115m[48;2;99;173;99m▀[38;2;66;63;66m[48;2;115;222;115m▀[38;2;99;173;99m[48;2;66;66;66m▀[38;2;115;222;115m▀[38;2;99;173;99m[48;2;115;222;115m▀▀▀[38;2;115;222;115m▀[48;2;99;170;99m▀[48;2;66;66;66m▀▀[38;2;66;66;66m[48;2;115;222;115m▀▀[38;2;115;222;115m[48;2;99;173;99m▀[38;2;99;170;99m▀[38;2;0;0;0m[48;2;0;0;0m▀[49m [0m
 [38;2;0;0;0m▀[38;2;99;173;99m[48;2;0;0;0m▀[38;2;99;170;99m[48;2;99;173;123m▀[38;2;115;222;115m▀[48;2;99;173;99m▀[38;2;66;66;66m[48;2;115;222;115m▀▀▀▀▀[38;2;115;222;115m[48;2;99;173;99m▀▀[38;2;99;173;99m[48;2;77;135;127m▀[48;2;66;74;58m▀[48;2;0;0;0m▀[38;2;0;0;0m[49m▀  [0m
  [38;2;0;0;0m▄[38;2;0;0;16m[48;2;247;239;143m▀[38;2;66;115;87m[48;2;82;148;170m▀[38;2;99;173;99m[48;2;49;115;153m▀▀[48;2;247;255;255m▀[48;2;0;4;8m▀[48;2;255;255;255m▀[48;2;66;132;162m▀[48;2;49;107;145m▀[38;2;49;107;145m[48;2;82;148;170m▀[38;2;77;135;127m[48;2;74;148;170m▀[38;2;82;165;162m▀[38;2;49;107;145m[48;2;123;181;195m▀[38;2;0;0;0m[48;2;0;0;0m▀[49m  [0m
  [38;2;0;0;0m▀[38;2;247;239;143m[48;2;0;0;0m▀[48;2;247;231;87m▀[38;2;189;173;101m▀[38;2;96;134;136m▀[38;2;165;171;173m[48;2;255;239;103m▀[38;2;247;255;255m[48;2;170;159;69m▀[38;2;129;173;193m[48;2;99;165;187m▀[38;2;66;132;162m[48;2;66;110;127m▀[38;2;82;148;170m[48;2;85;148;167m▀[48;2;46;74;84m▀[38;2;68;119;135m[48;2;123;181;195m▀[38;2;57;61;65m[48;2;0;0;0m▀[38;2;0;0;0m[49m▀   [0m
    [38;2;0;0;0m▀▀▀▀▀[38;2;0;0;8m▀[38;2;99;165;187m[48;2;0;0;0m▀[38;2;85;148;167m▀[38;2;8;0;0m[49m▀[38;2;0;0;0m▀     [0m
                   [0m
