
     [38;2;49;49;49m▄▄                           [0m
  [38;2;49;49;49m▄▄[48;2;255;255;255m▀[38;2;255;255;255m[48;2;172;172;205m▀▀[38;2;49;49;49m[48;2;255;255;255m▀▀[49m▄                        [0m
 [38;2;49;49;49m[48;2;49;49;49m▀[38;2;255;255;255m[48;2;255;255;255m▀[38;2;82;82;82m[48;2;172;172;205m▀[38;2;255;255;255m[48;2;255;255;255m▀[38;2;172;172;205m▀[38;2;255;255;255m▀[48;2;172;172;205m▀[38;2;172;172;205m[48;2;49;49;49m▀[38;2;49;49;49m[49m▀                 ▄[48;2;255;255;255m▀▀[49m▄▄  [0m
 [38;2;49;49;49m[48;2;49;49;49m▀[38;2;255;255;255m[48;2;255;255;255m▀▀▀▀▀[48;2;49;49;49m▀[38;2;49;49;49m[49m▀                ▄▄[48;2;172;172;205m▀[38;2;255;255;255m[48;2;255;255;255m▀▀[38;2;82;82;82m▀[38;2;255;255;255m▀[38;2;49;49;49m[48;2;49;49;49m▀[49m [0m
  [38;2;49;49;49m[48;2;49;49;49m▀[38;2;255;255;255m[48;2;255;255;255m▀▀▀▀[38;2;49;49;49m[48;2;49;49;49m▀[49m         ▄▄ ▄▄  [48;2;49;49;49m▀[38;2;255;255;255m[48;2;255;255;255m▀▀[38;2;123;123;139m[48;2;123;123;139m▀[38;2;255;255;255m[48;2;255;255;255m▀▀▀[48;2;172;172;205m▀[38;2;49;49;49m[48;2;49;49;49m▀[49m [0m
   [38;2;49;49;49m[48;2;49;49;49m▀[38;2;255;255;255m[48;2;82;82;82m▀[48;2;255;255;255m▀[48;2;82;82;82m▀[38;2;172;172;205m▀[38;2;49;49;49m[48;2;255;255;255m▀▀[48;2;49;49;49m▀[49m     ▄[48;2;255;255;255m▀[38;2;90;115;255m▀[38;2;49;49;49m[48;2;205;213;230m▀[38;2;90;115;255m[48;2;65;82;189m▀[38;2;49;49;49m[48;2;172;172;205m▀[49m▄[48;2;82;82;82m▀[38;2;255;255;255m[48;2;255;255;255m▀▀[38;2;123;123;139m[48;2;172;172;205m▀[38;2;172;172;205m[48;2;255;255;255m▀[38;2;255;255;255m▀▀[38;2;172;172;205m▀[38;2;255;255;255m[48;2;49;49;49m▀[38;2;49;49;49m[49m▀ [0m
  [38;2;49;49;49m[48;2;49;49;49m▀[38;2;90;115;255m[48;2;90;115;255m▀[38;2;82;82;82m[48;2;82;82;82m▀[48;2;255;255;255m▀[38;2;255;255;255m▀▀▀[48;2;65;82;189m▀[38;2;49;49;49m[48;2;90;115;255m▀[48;2;49;49;49m▀[49m     ▀▀[38;2;255;255;255m[48;2;49;49;49m▀[48;2;172;172;205m▀[48;2;205;213;230m▀[38;2;82;82;82m[48;2;82;82;82m▀[38;2;255;255;255m[48;2;255;255;255m▀▀[38;2;172;172;205m▀[38;2;255;255;255m▀▀▀▀[38;2;172;172;205m[48;2;49;49;49m▀[38;2;49;49;49m[49m▀  [0m
 [38;2;49;49;49m[48;2;49;49;49m▀[38;2;90;115;255m[48;2;90;115;255m▀[38;2;65;82;189m[48;2;172;172;205m▀[38;2;255;255;255m[48;2;255;255;255m▀▀▀[48;2;65;82;189m▀[38;2;65;82;189m[48;2;90;115;255m▀[38;2;90;115;255m▀[38;2;49;49;49m[48;2;49;49;49m▀[49m▄[48;2;49;49;49m▀[48;2;90;115;255m▀[49m▄  ▄▄ [48;2;49;49;49m▀[38;2;82;82;82m[48;2;255;255;255m▀[38;2;255;255;255m▀▀▀▀▀[48;2;82;82;82m▀[48;2;49;49;49m▀[38;2;49;49;49m[49m▀    [0m
 [38;2;49;49;49m[48;2;49;49;49m▀[38;2;90;115;255m[48;2;82;82;82m▀[38;2;255;255;255m[48;2;255;255;255m▀▀▀[38;2;65;82;189m[48;2;90;115;255m▀[38;2;90;115;255m[48;2;255;255;255m▀[48;2;90;115;255m▀[38;2;82;82;82m[48;2;172;172;205m▀[38;2;172;172;205m▀[48;2;205;213;230m▀[38;2;205;213;230m[48;2;255;255;255m▀[38;2;82;82;82m▀[38;2;49;49;49m▀[49m▄[48;2;65;82;189m▀[38;2;90;115;255m[48;2;82;82;82m▀[38;2;49;49;49m[48;2;255;255;255m▀▀[38;2;255;255;255m▀▀▀[48;2;49;49;49m▀▀[38;2;82;82;82m[48;2;255;255;255m▀▀[38;2;49;49;49m[48;2;49;49;49m▀[49m      [0m
  [38;2;49;49;49m[48;2;49;49;49m▀[38;2;255;255;255m[48;2;123;123;139m▀[48;2;255;255;255m▀[38;2;172;172;205m[48;2;172;172;205m▀[38;2;49;49;49m[48;2;255;255;255m▀[38;2;255;255;255m[48;2;172;172;205m▀[38;2;172;172;205m[48;2;49;49;49m▀[38;2;49;49;49m[49m▀▀[38;2;205;213;230m[48;2;49;49;49m▀[38;2;255;255;255m[48;2;255;255;255m▀▀▀▀[38;2;172;172;205m[48;2;172;172;205m▀[38;2;123;123;139m[48;2;255;255;255m▀[38;2;255;255;255m▀▀[48;2;82;82;82m▀[48;2;49;49;49m▀[38;2;49;49;49m[49m▀▄[48;2;205;213;230m▀[38;2;255;255;255m[48;2;255;255;255m▀[48;2;205;213;230m▀[38;2;205;213;230m▀[38;2;49;49;49m[48;2;49;49;49m▀[49m     [0m
   [38;2;49;49;49m▀[38;2;255;255;255m[48;2;49;49;49m▀[38;2;205;213;230m▀[38;2;49;49;49m[49m▀▀   ▄[48;2;172;172;205m▀[38;2;255;255;255m[48;2;115;164;238m▀[48;2;255;255;255m▀[48;2;115;164;238m▀[48;2;82;139;230m▀[48;2;255;255;255m▀▀[38;2;123;123;139m▀[38;2;172;172;205m▀[48;2;205;213;230m▀[38;2;49;49;49m[48;2;172;172;205m▀[38;2;205;213;230m[48;2;82;82;82m▀[48;2;205;213;230m▀▀[48;2;172;172;205m▀[38;2;172;172;205m[48;2;49;49;49m▀[38;2;49;49;49m[49m▀     [0m
           [38;2;49;49;49m[48;2;49;49;49m▀[38;2;205;213;230m[48;2;205;213;230m▀[38;2;82;139;230m[48;2;82;139;230m▀[38;2;115;164;238m[48;2;115;164;238m▀▀[38;2;82;139;230m▀[48;2;82;139;230m▀[38;2;172;172;205m[48;2;123;123;139m▀[38;2;255;255;255m[48;2;255;255;255m▀▀▀▀[38;2;82;82;82m[48;2;172;172;205m▀[38;2;172;172;205m[48;2;82;82;82m▀[48;2;172;172;205m▀[48;2;49;49;49m▀[38;2;49;49;49m[49m▀      [0m
            [38;2;49;49;49m▀[38;2;205;213;230m[48;2;49;49;49m▀[38;2;82;139;230m▀[38;2;115;164;238m[48;2;82;139;230m▀▀[38;2;82;139;230m▀[38;2;82;82;82m▀[38;2;205;213;230m[48;2;82;82;82m▀[38;2;255;255;255m[48;2;205;213;230m▀▀[38;2;205;213;230m[48;2;172;172;205m▀[38;2;172;172;205m▀[38;2;49;49;49m[48;2;49;49;49m▀[49m▀        [0m
               [38;2;49;49;49m[48;2;49;49;49m▀[38;2;172;172;205m[48;2;205;213;230m▀[38;2;123;123;139m▀[38;2;82;82;82m[48;2;49;49;49m▀[38;2;49;49;49m[49m▀▀▀[38;2;172;172;205m[48;2;49;49;49m▀[48;2;205;213;230m▀[48;2;172;172;205m▀[38;2;49;49;49m[48;2;49;49;49m▀[49m        [0m
                [38;2;49;49;49m▀▀    ▀[38;2;255;255;255m[48;2;49;49;49m▀▀[38;2;49;49;49m[49m▀        [0m
                                  [0m
