
    [38;2;49;49;49m▄                   [0m
   [38;2;49;49;49m[48;2;49;49;49m▀[38;2;123;180;222m[48;2;123;180;222m▀[38;2;49;49;49m[48;2;49;49;49m▀[49m       ▄[48;2;156;213;255m▀▀[49m▄       [0m
  [38;2;49;49;49m▄[48;2;123;180;222m▀[38;2;123;180;222m▀[38;2;49;49;49m▀[49m▄    ▄[48;2;156;213;255m▀[38;2;156;213;255m[48;2;98;123;131m▀[48;2;49;49;49m▀[38;2;98;123;131m▀[38;2;49;49;49m[49m▀       [0m
  [38;2;49;49;49m[48;2;49;49;49m▀[38;2;74;90;106m[48;2;74;90;106m▀[38;2;123;180;222m▀[48;2;123;180;222m▀[48;2;82;82;82m▀[38;2;49;49;49m▀[49m▄▄[48;2;98;123;131m▀[38;2;98;123;131m▀[38;2;123;180;222m▀[38;2;156;213;255m[48;2;123;180;222m▀[48;2;156;213;255m▀▀[38;2;49;49;49m[48;2;49;49;49m▀[49m  ▄[48;2;98;123;131m▀▀[49m▄ [0m
  [38;2;49;49;49m[48;2;49;49;49m▀[38;2;74;90;106m[48;2;74;90;106m▀[48;2;82;82;82m▀[38;2;82;82;82m[48;2;156;213;255m▀[38;2;98;123;131m▀[48;2;123;180;222m▀[48;2;82;82;82m▀[38;2;82;82;82m[48;2;98;123;131m▀[38;2;98;123;131m▀▀▀[38;2;123;180;222m[48;2;156;213;255m▀[38;2;156;213;255m[48;2;49;49;49m▀[38;2;49;49;49m[49m▀  [48;2;49;49;49m▀[38;2;82;82;82m[48;2;230;115;156m▀[38;2;230;115;156m▀[38;2;98;123;131m[48;2;98;123;131m▀[38;2;49;49;49m[48;2;49;49;49m▀[49m [0m
   [38;2;49;49;49m[48;2;49;49;49m▀[38;2;123;180;222m[48;2;98;123;131m▀[38;2;98;123;131m▀▀[38;2;156;213;255m▀[48;2;123;180;222m▀[38;2;82;82;82m[48;2;156;213;255m▀[38;2;98;123;131m[48;2;82;82;82m▀▀[38;2;123;180;222m[48;2;156;213;255m▀[38;2;156;213;255m▀[38;2;49;49;49m▀[49m▄  [48;2;49;49;49m▀[38;2;230;115;156m[48;2;98;123;131m▀[38;2;98;123;131m▀[38;2;49;49;49m[48;2;49;49;49m▀[49m  [0m
  [38;2;49;49;49m[48;2;49;49;49m▀[38;2;98;123;131m[48;2;156;213;255m▀[48;2;98;123;131m▀[48;2;156;213;255m▀[38;2;156;213;255m▀[38;2;98;123;131m▀[48;2;98;123;131m▀[38;2;156;213;255m[48;2;123;180;222m▀[38;2;82;82;82m[48;2;82;82;82m▀[38;2;98;123;131m[48;2;98;123;131m▀[38;2;82;82;82m▀[38;2;156;213;255m[48;2;82;82;82m▀▀[38;2;82;82;82m[48;2;123;180;222m▀[38;2;49;49;49m[48;2;82;82;82m▀[48;2;74;90;106m▀[38;2;74;90;106m▀[48;2;49;49;49m▀[38;2;49;49;49m[49m▀   [0m
 [38;2;49;49;49m[48;2;49;49;49m▀[38;2;156;213;255m[48;2;156;213;255m▀▀[38;2;123;180;222m▀[38;2;255;255;255m[48;2;230;115;156m▀[38;2;49;49;49m[48;2;49;49;49m▀[38;2;230;115;156m[48;2;230;115;156m▀[38;2;98;123;131m[48;2;98;123;131m▀▀[38;2;156;213;255m[48;2;156;213;255m▀[38;2;82;82;82m[48;2;82;82;82m▀[38;2;98;123;131m[48;2;98;123;131m▀▀▀[38;2;123;180;222m[48;2;156;213;255m▀[38;2;156;213;255m▀[38;2;49;49;49m[48;2;49;49;49m▀[49m▀     [0m
  [38;2;49;49;49m▀[38;2;156;213;255m[48;2;49;49;49m▀[48;2;82;82;82m▀[48;2;156;213;255m▀[38;2;230;115;156m[48;2;98;123;131m▀[38;2;98;123;131m▀▀[38;2;123;180;222m[48;2;156;213;255m▀[38;2;156;213;255m[48;2;123;180;222m▀[38;2;98;123;131m[48;2;98;123;131m▀[38;2;82;82;82m▀[38;2;98;123;131m[48;2;82;82;82m▀[38;2;123;180;222m[48;2;156;213;255m▀[38;2;156;213;255m[48;2;49;49;49m▀[38;2;49;49;49m[49m▀       [0m
    [38;2;49;49;49m▀[38;2;98;123;131m[48;2;49;49;49m▀[48;2;82;82;82m▀▀[38;2;156;213;255m[48;2;98;123;131m▀[38;2;123;180;222m▀[38;2;98;123;131m▀[48;2;49;49;49m▀▀[38;2;49;49;49m[49m▀[38;2;156;213;255m[48;2;49;49;49m▀[38;2;123;180;222m[48;2;156;213;255m▀[38;2;49;49;49m[48;2;49;49;49m▀[49m       [0m
     [38;2;49;49;49m[48;2;49;49;49m▀[38;2;123;180;222m[48;2;123;180;222m▀[38;2;82;82;82m[48;2;82;82;82m▀[38;2;156;213;255m[48;2;156;213;255m▀[38;2;82;82;82m▀[38;2;49;49;49m[48;2;49;49;49m▀[49m    ▀▀       [0m
      [38;2;49;49;49m▀▀[38;2;123;180;222m[48;2;49;49;49m▀[38;2;156;213;255m▀[38;2;49;49;49m[49m▀             [0m
                        [0m
