
[38;2;0;0;0m                            
[38;2;0;0;0m              [38;2;49;49;49m████████[38;2;0;0;0m      
[38;2;0;0;0m            [38;2;49;49;49m██[38;2;148;82;82m██[38;2;255;180;164m████[38;2;148;82;82m██[38;2;49;49;49m██[38;2;0;0;0m    
[38;2;0;0;0m          [38;2;49;49;49m██[38;2;189;106;106m██[38;2;255;180;164m██[38;2;246;123;139m██████[38;2;49;49;49m██[38;2;0;0;0m    
[38;2;0;0;0m          [38;2;49;49;49m██[38;2;255;180;164m██[38;2;246;123;139m████████[38;2;189;106;106m██[38;2;49;49;49m██[38;2;0;0;0m  
[38;2;0;0;0m        [38;2;49;49;49m██[38;2;189;106;106m██[38;2;255;180;164m██[38;2;246;123;139m██████████[38;2;49;49;49m██[38;2;0;0;0m  
[38;2;0;0;0m        [38;2;49;49;49m██[38;2;255;180;164m██[38;2;246;123;139m████████████[38;2;49;49;49m██[38;2;0;0;0m  
[38;2;0;0;0m      [38;2;49;49;49m██[38;2;255;180;164m████[38;2;246;123;139m██[38;2;49;49;49m██[38;2;189;106;106m██[38;2;246;123;139m████[38;2;189;106;106m██[38;2;49;49;49m██[38;2;0;0;0m  
[38;2;0;0;0m      [38;2;49;49;49m██[38;2;255;180;164m██[38;2;246;123;139m██[38;2;189;106;106m██[38;2;255;255;255m██[38;2;49;49;49m██[38;2;246;123;139m████[38;2;148;82;82m██[38;2;49;49;49m██[38;2;0;0;0m  
[38;2;0;0;0m    [38;2;49;49;49m██[38;2;246;213;197m████[38;2;246;123;139m████[38;2;57;82;106m██[38;2;189;106;106m██[38;2;246;123;139m████[38;2;49;49;49m██[38;2;0;0;0m    
[38;2;0;0;0m  [38;2;49;49;49m██[38;2;246;213;197m██[38;2;131;131;115m████[38;2;246;213;197m██[38;2;246;123;139m██████[38;2;246;213;197m██[38;2;246;123;139m██[38;2;49;49;49m██[38;2;0;0;0m    
[38;2;0;0;0m    [38;2;49;49;49m██[38;2;246;213;197m████[38;2;246;123;139m████████[38;2;246;213;197m██[38;2;246;123;139m██[38;2;189;106;106m██[38;2;49;49;49m██[38;2;0;0;0m  
[38;2;0;0;0m      [38;2;49;49;49m██[38;2;246;123;139m████████████████[38;2;49;49;49m██[38;2;0;0;0m  
[38;2;0;0;0m        [38;2;49;49;49m██[38;2;246;123;139m██████████████[38;2;49;49;49m██[38;2;0;0;0m  
[38;2;0;0;0m        [38;2;49;49;49m██[38;2;189;106;106m██[38;2;246;123;139m██████████[38;2;189;106;106m██[38;2;49;49;49m██[38;2;0;0;0m  
[38;2;0;0;0m          [38;2;49;49;49m██[38;2;189;106;106m██[38;2;246;123;139m████████[38;2;49;49;49m██[38;2;0;0;0m    
[38;2;0;0;0m            [38;2;49;49;49m██[38;2;148;82;82m██[38;2;246;123;139m████[38;2;148;82;82m██[38;2;49;49;49m██[38;2;0;0;0m    
[38;2;0;0;0m              [38;2;49;49;49m████████[38;2;0;0;0m      
[38;2;0;0;0m                            [0m
