
[38;2;0;0;0m                                                                
[38;2;0;0;0m            [38;2;49;49;49m██[38;2;0;0;0m                                                  
[38;2;0;0;0m      [38;2;49;49;49m██████[38;2;106;106;98m██[38;2;49;49;49m██[38;2;0;0;0m                                                
[38;2;0;0;0m    [38;2;49;49;49m██[38;2;82;82;82m██[38;2;106;156;230m██[38;2;82;82;82m██[38;2;106;106;98m████[38;2;49;49;49m██[38;2;0;0;0m          [38;2;49;49;49m████[38;2;0;0;0m                                
[38;2;0;0;0m    [38;2;49;49;49m██[38;2;106;156;230m████[38;2;82;82;82m██[38;2;106;106;98m██████[38;2;49;49;49m████[38;2;0;0;0m    [38;2;49;49;49m██[38;2;123;197;255m██[38;2;106;156;230m██[38;2;49;49;49m██[38;2;0;0;0m            [38;2;49;49;49m████████[38;2;0;0;0m          
[38;2;0;0;0m    [38;2;49;49;49m██[38;2;106;156;230m████[38;2;82;82;82m████[38;2;106;106;98m████████[38;2;49;49;49m████[38;2;123;197;255m██████[38;2;49;49;49m██[38;2;0;0;0m        [38;2;49;49;49m████[38;2;106;106;98m██████[38;2;82;82;82m██[38;2;49;49;49m██[38;2;0;0;0m        
[38;2;0;0;0m    [38;2;49;49;49m██[38;2;106;156;230m██[38;2;82;82;82m██[38;2;106;106;98m██[38;2;82;82;82m████[38;2;106;106;98m████████[38;2;82;82;82m██[38;2;123;197;255m██[38;2;189;164;65m██[38;2;123;197;255m██[38;2;49;49;49m██[38;2;0;0;0m      [38;2;49;49;49m██[38;2;82;82;82m██████[38;2;49;49;49m████[38;2;106;106;98m██[38;2;82;82;82m██[38;2;49;49;49m██[38;2;0;0;0m      
[38;2;0;0;0m      [38;2;49;49;49m██[38;2;106;106;98m██████████[38;2;82;82;82m██[38;2;106;106;98m██[38;2;82;82;82m██[38;2;123;197;255m██[38;2;189;164;65m██[38;2;246;205;41m██[38;2;106;156;230m██[38;2;49;49;49m██[38;2;0;0;0m    [38;2;49;49;49m██[38;2;82;82;82m████[38;2;49;49;49m████[38;2;0;0;0m    [38;2;49;49;49m██[38;2;106;106;98m██[38;2;49;49;49m██[38;2;0;0;0m      
[38;2;0;0;0m      [38;2;49;49;49m██[38;2;106;106;98m████████[38;2;82;82;82m██[38;2;123;197;255m██[38;2;82;82;82m████[38;2;123;197;255m██[38;2;246;205;41m██[38;2;123;197;255m██[38;2;49;49;49m██[38;2;0;0;0m      [38;2;49;49;49m██[38;2;82;82;82m██[38;2;49;49;49m██[38;2;0;0;0m      [38;2;49;49;49m████[38;2;106;106;98m██[38;2;49;49;49m██[38;2;0;0;0m      
[38;2;0;0;0m    [38;2;49;49;49m██[38;2;106;156;230m██[38;2;106;106;98m██████[38;2;82;82;82m██[38;2;123;197;255m██████[38;2;82;82;82m██[38;2;106;156;230m██[38;2;123;197;255m██[38;2;82;82;82m██[38;2;49;49;49m██[38;2;0;0;0m  [38;2;49;49;49m████[38;2;106;106;98m██[38;2;49;49;49m██[38;2;0;0;0m        [38;2;49;49;49m██[38;2;246;205;41m██[38;2;49;49;49m████████[38;2;0;0;0m  
[38;2;0;0;0m    [38;2;49;49;49m██[38;2;106;156;230m██[38;2;106;106;98m██████[38;2;82;82;82m██[38;2;246;205;41m██[38;2;189;164;65m██[38;2;255;255;255m██[38;2;123;197;255m██[38;2;82;82;82m████[38;2;49;49;49m██[38;2;0;0;0m  [38;2;49;49;49m██[38;2;106;106;98m██[38;2;82;82;82m████[38;2;49;49;49m████[38;2;0;0;0m      [38;2;49;49;49m██[38;2;246;205;41m██[38;2;189;164;65m██[38;2;246;205;41m████[38;2;49;49;49m██[38;2;0;0;0m  
[38;2;0;0;0m    [38;2;49;49;49m██[38;2;106;156;230m██[38;2;106;106;98m████[38;2;82;82;82m██[38;2;123;197;255m██[38;2;82;82;82m██[38;2;246;205;41m██[38;2;255;255;255m██[38;2;123;197;255m████[38;2;106;106;98m████[38;2;49;49;49m████[38;2;82;82;82m████[38;2;106;106;98m████[38;2;49;49;49m██[38;2;0;0;0m    [38;2;49;49;49m██[38;2;246;205;41m████████[38;2;49;49;49m██[38;2;0;0;0m    
[38;2;0;0;0m  [38;2;49;49;49m██[38;2;82;82;82m████[38;2;238;98;57m████[38;2;123;197;255m████[38;2;255;255;255m████[38;2;123;197;255m████[38;2;82;82;82m██[38;2;106;106;98m██████[38;2;82;82;82m██[38;2;106;106;98m██[38;2;82;82;82m██[38;2;106;106;98m██[38;2;49;49;49m██[38;2;0;0;0m    [38;2;49;49;49m██[38;2;246;205;41m████[38;2;189;164;65m██[38;2;246;205;41m██[38;2;49;49;49m██[38;2;0;0;0m      
[38;2;0;0;0m    [38;2;49;49;49m██████[38;2;106;156;230m██[38;2;123;197;255m████████[38;2;82;82;82m████[38;2;106;106;98m██████[38;2;82;82;82m██[38;2;106;106;98m██████[38;2;82;82;82m██[38;2;106;106;98m██[38;2;49;49;49m██[38;2;0;0;0m  [38;2;49;49;49m██████[38;2;82;82;82m██[38;2;246;205;41m██[38;2;49;49;49m██[38;2;0;0;0m      
[38;2;0;0;0m          [38;2;49;49;49m████[38;2;82;82;82m██████[38;2;106;106;98m██[38;2;82;82;82m████████[38;2;123;197;255m██[38;2;106;106;98m██████[38;2;49;49;49m████[38;2;0;0;0m          [38;2;49;49;49m██████[38;2;0;0;0m      
[38;2;0;0;0m            [38;2;49;49;49m██[38;2;189;164;65m██[38;2;82;82;82m██[38;2;106;106;98m████[38;2;82;82;82m████[38;2;123;197;255m██████[38;2;106;156;230m██[38;2;106;106;98m████[38;2;49;49;49m██[38;2;0;0;0m                        
[38;2;0;0;0m            [38;2;49;49;49m██[38;2;82;82;82m████[38;2;106;106;98m██[38;2;82;82;82m██[38;2;106;106;98m██[38;2;82;82;82m██[38;2;123;197;255m████████[38;2;106;106;98m██[38;2;82;82;82m████[38;2;49;49;49m██[38;2;0;0;0m                      
[38;2;0;0;0m          [38;2;49;49;49m██[38;2;74;115;180m██[38;2;189;164;65m████[38;2;49;49;49m████[38;2;106;106;98m██[38;2;246;205;41m████[38;2;123;197;255m██[38;2;49;49;49m████[38;2;82;82;82m██████[38;2;49;49;49m██[38;2;0;0;0m                      
[38;2;0;0;0m          [38;2;49;49;49m██[38;2;106;156;230m██████[38;2;49;49;49m██[38;2;0;0;0m  [38;2;49;49;49m██[38;2;189;164;65m████[38;2;49;49;49m██[38;2;0;0;0m    [38;2;49;49;49m██[38;2;106;156;230m████[38;2;49;49;49m██[38;2;0;0;0m                      
[38;2;0;0;0m            [38;2;49;49;49m██████[38;2;0;0;0m  [38;2;49;49;49m██[38;2;106;156;230m██[38;2;246;205;41m████[38;2;49;49;49m██[38;2;0;0;0m      [38;2;49;49;49m████[38;2;0;0;0m                        
[38;2;0;0;0m                    [38;2;49;49;49m██[38;2;123;197;255m██[38;2;106;156;230m██[38;2;123;197;255m██[38;2;49;49;49m██[38;2;0;0;0m                                  
[38;2;0;0;0m                      [38;2;49;49;49m██████[38;2;0;0;0m                                    
[38;2;0;0;0m                                                                [0m
