
      [38;2;32;32;32m▄        ▄           [0m
     [38;2;32;32;32m[48;2;32;32;32m▀[38;2;106;106;74m[48;2;106;106;74m▀[38;2;32;32;32m▀[49m▄ ▄[48;2;106;106;74m▀[49m▄▄[48;2;255;255;255m▀[38;2;255;255;255m▀[38;2;32;32;32m[48;2;32;32;32m▀[49m  ▄[48;2;82;82;82m▀[48;2;213;213;197m▀▀[49m▄   [0m
     [38;2;32;32;32m[48;2;32;32;32m▀[38;2;222;148;164m[48;2;222;148;164m▀[38;2;106;106;74m[48;2;164;139;106m▀[38;2;32;32;32m[48;2;213;180;148m▀[49m▄[48;2;32;32;32m▀[38;2;106;106;74m[48;2;222;148;164m▀[38;2;82;82;82m[48;2;106;106;74m▀[38;2;255;255;255m[48;2;82;82;82m▀[48;2;255;255;255m▀▀[38;2;32;32;32m▀▀▀[38;2;213;213;197m[48;2;82;82;82m▀[48;2;213;213;197m▀▀[38;2;82;82;82m▀[38;2;32;32;32m[48;2;164;164;131m▀[49m▄  [0m
   [38;2;32;32;32m▄▄[48;2;164;139;106m▀[38;2;164;139;106m[48;2;213;180;148m▀▀[38;2;213;180;148m▀▀[38;2;82;82;82m[48;2;164;139;106m▀[38;2;222;148;164m▀[38;2;164;139;106m[48;2;213;180;148m▀[38;2;82;82;82m▀[38;2;255;255;255m[48;2;82;82;82m▀[48;2;255;255;255m▀[48;2;82;82;82m▀[48;2;106;106;74m▀[38;2;82;82;82m▀▀▀[48;2;82;82;82m▀[38;2;213;213;197m[48;2;213;213;197m▀▀[38;2;32;32;32m[48;2;164;164;131m▀[49m▄ [0m
  [38;2;32;32;32m[48;2;32;32;32m▀[38;2;164;139;106m[48;2;82;82;82m▀[48;2;164;139;106m▀[38;2;255;255;255m[48;2;255;255;255m▀[38;2;213;180;148m[48;2;213;180;148m▀▀[48;2;255;255;255m▀[38;2;255;255;255m[48;2;82;131;180m▀[38;2;213;180;148m[48;2;82;82;82m▀[48;2;164;139;106m▀[48;2;213;180;148m▀[38;2;82;82;82m▀▀[38;2;255;255;255m[48;2;82;82;82m▀[38;2;82;82;82m[48;2;255;255;255m▀[38;2;106;106;74m[48;2;82;82;82m▀▀[38;2;82;82;82m[48;2;255;255;255m▀[48;2;82;82;82m▀[38;2;213;213;197m[48;2;213;213;197m▀▀▀▀[38;2;32;32;32m[48;2;32;32;32m▀[49m [0m
 [38;2;32;32;32m▀[38;2;164;139;106m[48;2;32;32;32m▀▀[38;2;82;82;82m[48;2;255;255;255m▀[38;2;213;180;148m▀▀[38;2;255;255;255m▀[38;2;32;32;32m▀[38;2;82;131;180m[48;2;90;172;230m▀[38;2;90;172;230m[48;2;213;213;197m▀[38;2;255;255;255m[48;2;255;255;255m▀[38;2;164;139;106m[48;2;164;139;106m▀[38;2;213;180;148m[48;2;213;180;148m▀[48;2;82;82;82m▀▀[38;2;82;82;82m[48;2;255;255;255m▀[38;2;255;255;255m▀▀[48;2;82;82;82m▀[48;2;32;32;32m▀[38;2;32;32;32m[49m▀[38;2;213;213;197m[48;2;32;32;32m▀[48;2;213;213;197m▀[38;2;164;164;131m[48;2;32;32;32m▀[38;2;32;32;32m[49m▀ [0m
  [38;2;32;32;32m▀[38;2;82;82;82m[48;2;32;32;32m▀[48;2;82;82;82m▀[48;2;213;213;197m▀[38;2;255;255;255m▀▀▀[48;2;164;139;106m▀[48;2;213;180;148m▀[38;2;164;139;106m▀[38;2;213;180;148m▀[48;2;164;139;106m▀[48;2;82;82;82m▀▀[38;2;82;82;82m[48;2;213;213;197m▀[38;2;213;213;197m▀[38;2;82;82;82m▀[38;2;164;139;106m[48;2;82;82;82m▀[38;2;32;32;32m[48;2;32;32;32m▀[49m ▀[38;2;213;213;197m[48;2;32;32;32m▀[38;2;32;32;32m[49m▀  [0m
    [38;2;32;32;32m▀▀▀[38;2;213;213;197m[48;2;32;32;32m▀[38;2;82;82;82m[48;2;82;82;82m▀[48;2;213;213;197m▀[38;2;164;139;106m▀[38;2;213;180;148m[48;2;164;139;106m▀▀[38;2;82;82;82m[48;2;82;82;82m▀[38;2;213;213;197m[48;2;213;213;197m▀[48;2;106;106;74m▀[38;2;82;82;82m▀[48;2;82;82;82m▀[48;2;164;139;106m▀[38;2;164;139;106m▀[38;2;32;32;32m[48;2;213;213;197m▀[49m▄     [0m
       [38;2;32;32;32m▀[38;2;164;139;106m[48;2;32;32;32m▀[38;2;82;82;82m[48;2;164;139;106m▀[38;2;213;213;197m[48;2;32;32;32m▀[48;2;213;213;197m▀[48;2;82;82;82m▀[38;2;164;139;106m[48;2;164;139;106m▀[38;2;82;82;82m▀▀[38;2;106;106;74m[48;2;32;32;32m▀▀[38;2;32;32;32m[49m▀[38;2;213;213;197m[48;2;32;32;32m▀[48;2;213;213;197m▀[38;2;32;32;32m[48;2;32;32;32m▀[49m     [0m
        [38;2;32;32;32m▀[38;2;82;82;82m[48;2;32;32;32m▀[38;2;213;213;197m[48;2;213;213;197m▀[38;2;32;32;32m[48;2;32;32;32m▀[49m▀[38;2;164;139;106m[48;2;32;32;32m▀[48;2;213;213;197m▀[38;2;213;213;197m▀[38;2;32;32;32m[48;2;32;32;32m▀[49m  [48;2;32;32;32m▀[38;2;106;106;74m▀[38;2;32;32;32m[49m▀     [0m
        [38;2;32;32;32m▀[38;2;106;106;74m[48;2;32;32;32m▀[38;2;82;82;82m▀[38;2;32;32;32m[49m▀▄[48;2;106;106;74m▀[38;2;255;255;255m[48;2;255;255;255m▀[38;2;32;32;32m[48;2;32;32;32m▀[49m           [0m
            [38;2;32;32;32m▀[48;2;32;32;32m▀[38;2;106;106;74m▀[38;2;32;32;32m[49m▀           [0m
                           [0m
