
[38;2;0;0;0m                                                        
[38;2;0;0;0m                      ████████                          
[38;2;0;0;0m                  ██[38;2;0;0;8m██[38;2;80;77;58m██[38;2;195;181;115m████[38;2;85;80;58m██[38;2;0;0;8m██[38;2;0;0;0m                        
[38;2;0;0;0m                ██[38;2;247;231;151m██[38;2;80;77;58m██[38;2;239;231;159m██[38;2;74;66;58m██[38;2;255;239;143m██[38;2;255;239;159m██[38;2;170;159;109m██[38;2;0;0;0m██                      
[38;2;0;0;0m              ██[38;2;255;239;143m██[38;2;66;66;66m██[38;2;247;231;151m██[38;2;66;66;66m██[38;2;255;239;143m██[38;2;195;181;115m██[38;2;63;63;68m██[38;2;0;4;0m██[38;2;0;0;0m██                      
[38;2;0;0;0m              ██[38;2;192;181;117m██[38;2;66;66;66m██[38;2;247;231;151m██[38;2;66;66;66m██[38;2;195;181;115m██[38;2;74;66;58m██[38;2;189;181;205m████[38;2;0;0;0m██                      
[38;2;0;0;0m                ██[38;2;63;60;68m██[38;2;198;181;158m██[38;2;66;66;66m████[38;2;189;181;205m██████[38;2;137;132;153m██[38;2;0;0;0m██[38;2;0;4;0m████[38;2;0;0;0m                
[38;2;0;0;0m                ██[38;2;189;181;205m██[38;2;66;66;66m██[38;2;198;181;158m██[38;2;189;181;205m████[38;2;66;66;66m████[38;2;137;132;153m██[38;2;69;66;77m██[38;2;148;140;164m██[38;2;99;95;109m██[38;2;0;0;0m████            
[38;2;0;0;0m            ████[38;2;189;181;205m████████[38;2;247;173;183m██[38;2;16;0;0m██[38;2;178;178;189m██[38;2;140;140;156m██[38;2;140;132;156m██[38;2;66;66;66m██[38;2;140;131;156m██[38;2;107;107;123m██[38;2;140;131;156m████[38;2;0;4;0m████[38;2;0;0;0m        
[38;2;0;0;0m      ██████[38;2;137;132;153m██[38;2;69;66;77m██[38;2;189;181;205m████████[38;2;16;0;0m██[38;2;170;115;122m██[38;2;255;255;255m██[38;2;140;140;156m██[38;2;140;132;156m████[38;2;140;131;156m████[38;2;107;107;123m██[38;2;140;131;156m██[38;2;148;140;164m██[38;2;99;95;109m██[38;2;0;0;0m██      
[38;2;0;0;0m    [38;2;8;4;8m██[38;2;135;127;145m██[38;2;189;181;205m██[38;2;66;61;66m██[38;2;66;66;66m██[38;2;140;132;156m██[38;2;66;66;66m██[38;2;189;181;205m██[38;2;66;66;66m██[38;2;140;132;156m██████████[38;2;66;66;66m██[38;2;140;132;156m████████[38;2;115;110;126m██[38;2;99;53;43m██[38;2;203;122;120m██[38;2;189;181;205m██[38;2;0;0;0m██    
[38;2;0;0;0m  ██[38;2;135;127;145m██[38;2;198;189;214m██[38;2;148;141;159m██[38;2;189;181;205m██[38;2;66;66;66m██[38;2;115;110;126m██[38;2;66;66;66m████[38;2;140;132;156m████████[38;2;66;66;66m████[38;2;140;132;156m████[38;2;66;66;66m██[38;2;140;132;156m██[38;2;66;66;66m████[38;2;203;122;120m██[38;2;255;156;159m██[38;2;189;181;205m████[38;2;0;0;0m██  
[38;2;0;0;0m  ██[38;2;189;181;205m██[38;2;140;132;156m██[38;2;181;173;205m██[38;2;143;136;159m██[38;2;66;66;66m██[38;2;140;132;156m██[38;2;66;66;66m██[38;2;189;181;205m██[38;2;66;66;66m██████[38;2;255;255;255m██[38;2;66;66;66m██[38;2;189;181;205m██[38;2;140;132;156m██████[38;2;66;66;66m██[38;2;140;132;156m██[38;2;189;181;205m██████[38;2;231;127;127m████[38;2;0;0;0m██  
[38;2;0;0;0m  ██[38;2;140;132;156m██[38;2;189;181;205m██[38;2;143;136;159m██[38;2;66;61;66m██[38;2;140;132;156m████[38;2;66;66;66m██[38;2;189;181;205m████[38;2;107;104;112m██[38;2;192;192;192m██[38;2;66;66;66m██[38;2;189;181;205m████[38;2;140;132;156m██████[38;2;66;66;66m██[38;2;189;181;205m██[38;2;140;132;156m██[38;2;189;181;205m████[38;2;231;127;127m██[38;2;0;0;0m██    
[38;2;0;0;0m    ██[38;2;140;132;156m██████████[38;2;0;0;0m██[38;2;140;132;156m██[38;2;189;181;205m██[38;2;107;107;123m██[38;2;189;181;205m██████[38;2;140;132;156m██████[38;2;69;60;45m██[38;2;0;0;8m██[38;2;126;122;145m██[38;2;189;181;213m██[38;2;135;127;145m██[38;2;198;189;214m██[38;2;140;132;156m██[38;2;0;0;0m██    
[38;2;0;0;0m      ████[38;2;140;132;156m████[38;2;0;0;0m██  ██[38;2;134;132;150m████[38;2;107;107;123m██[38;2;134;132;150m██[38;2;140;132;156m████[38;2;66;66;66m████[38;2;206;181;118m██[38;2;0;0;8m██[38;2;0;4;8m██[38;2;189;181;213m██[38;2;135;127;145m██[38;2;8;4;8m██[38;2;0;0;0m██      
[38;2;0;0;0m          ████    ██[38;2;206;181;110m██[38;2;66;66;66m██[38;2;236;173;119m██[38;2;239;239;151m██[38;2;195;181;115m██[38;2;74;66;58m██[38;2;206;181;110m████[38;2;0;0;0m██    ████          
[38;2;0;0;0m                ██[38;2;140;132;156m██[38;2;66;66;66m██[38;2;206;181;110m██[38;2;239;239;151m██[38;2;234;107;87m██[38;2;255;239;143m██[38;2;195;181;115m██[38;2;66;66;66m████[38;2;0;0;0m██                  
[38;2;0;0;0m                ██[38;2;137;132;153m██[38;2;140;132;156m████[38;2;173;166;101m██[38;2;255;247;151m██[38;2;206;181;118m██[38;2;69;63;50m██[38;2;66;66;66m████[38;2;140;132;156m██[38;2;0;0;0m██                
[38;2;0;0;0m                ██[38;2;69;66;77m██[38;2;140;132;156m████[38;2;8;4;0m████[38;2;0;4;16m██[38;2;69;63;50m██[38;2;66;66;66m██[38;2;140;132;156m██████[38;2;0;0;0m██              
[38;2;0;0;0m                  ██████      ██[38;2;140;140;164m██[38;2;93;95;112m██[38;2;106;107;122m████[38;2;0;0;0m██              
[38;2;0;0;0m                                [38;2;0;4;8m██[38;2;140;140;164m██[38;2;189;181;205m██[38;2;106;107;122m██[38;2;189;181;205m██[38;2;0;0;0m██            
[38;2;0;0;0m                                  ██████████            
[38;2;0;0;0m                                                        [0m
