
[38;2;0;0;0m                                                          
[38;2;0;0;0m      ██████                                              
[38;2;0;0;0m    [38;2;94;99;102m██[38;2;189;206;205m████[38;2;85;93;101m██[38;2;189;206;205m██[38;2;0;0;0m██          ██████          ██[38;2;189;206;205m██[38;2;0;0;0m██[38;2;189;206;205m██[38;2;0;0;0m██      
[38;2;0;0;0m  ██[38;2;94;99;102m██[38;2;189;206;205m██[38;2;85;93;101m██[38;2;189;206;205m████[38;2;0;0;0m██    ██████[38;2;206;165;134m██████[38;2;0;0;0m██        [38;2;189;206;205m████████[38;2;94;103;102m██[38;2;0;0;0m██    
[38;2;0;0;0m    ████[38;2;107;113;120m██[38;2;66;66;74m██[38;2;143;159;164m██[38;2;137;159;159m██[38;2;0;0;0m  ██[38;2;206;165;134m██[38;2;69;60;50m██[38;2;203;168;131m████[38;2;66;66;66m██[38;2;206;165;134m████[38;2;0;0;0m██      ██[38;2;66;66;74m██[38;2;57;57;65m██[38;2;101;107;112m██[38;2;189;206;205m████[38;2;0;0;0m    
[38;2;0;0;0m        [38;2;99;119;131m████[38;2;66;66;66m████[38;2;0;4;8m██[38;2;206;173;134m██[38;2;66;66;66m██[38;2;203;168;131m██[38;2;206;165;134m██[38;2;66;66;66m██[38;2;206;165;134m██[38;2;203;168;131m██████[38;2;0;0;0m██    [38;2;137;159;159m██[38;2;137;162;166m██[38;2;94;119;134m██[38;2;66;66;66m██[38;2;189;206;205m██[38;2;66;66;66m██[38;2;0;0;0m    
[38;2;0;0;0m        ██[38;2;99;119;131m██[38;2;96;120;133m██[38;2;94;119;134m██[38;2;203;168;131m████[38;2;66;66;66m██[38;2;206;165;134m██[38;2;66;66;66m██[38;2;206;165;134m████[38;2;66;66;66m████[38;2;170;165;149m██[38;2;52;58;60m██[38;2;0;0;0m    ██[38;2;66;66;66m██[38;2;96;120;133m████[38;2;140;165;164m██[38;2;0;0;0m██    
[38;2;0;0;0m          ██[38;2;96;120;133m██[38;2;94;119;134m██[38;2;203;168;131m████[38;2;206;165;134m████[38;2;66;66;66m██[38;2;206;165;134m██[38;2;66;66;66m██[38;2;189;206;205m████[38;2;66;66;66m██[38;2;140;165;164m██[38;2;0;0;0m████[38;2;140;165;164m██[38;2;137;165;164m██[38;2;96;120;133m████[38;2;96;121;131m██[38;2;140;165;164m██[38;2;0;0;0m    
[38;2;0;0;0m              [38;2;8;4;0m██[38;2;203;168;131m████[38;2;206;165;134m██████[38;2;66;66;66m██[38;2;239;255;255m██[38;2;137;163;166m██[38;2;189;206;205m██[38;2;90;119;130m██[38;2;137;159;167m██[38;2;137;160;164m████[38;2;99;119;131m████[38;2;94;119;134m████[38;2;96;120;133m██[38;2;99;119;131m██[38;2;0;0;0m██  
[38;2;0;0;0m              ██[38;2;66;66;66m██[38;2;206;165;134m████[38;2;66;66;66m██[38;2;231;140;111m██[38;2;0;8;16m██[38;2;255;255;255m████[38;2;145;164;172m██[38;2;255;247;183m██[38;2;66;66;66m██[38;2;142;163;169m██[38;2;96;121;133m██[38;2;189;206;205m████[38;2;94;119;134m████[38;2;99;119;131m████[38;2;0;0;0m    
[38;2;0;0;0m            ██[38;2;137;165;164m██[38;2;206;198;134m██[38;2;57;70;89m██[38;2;206;165;134m██[38;2;66;66;66m██[38;2;57;74;81m██[38;2;255;255;255m████[38;2;96;118;130m██[38;2;255;247;183m██[38;2;160;154;116m██[38;2;66;66;66m██[38;2;189;206;205m██████████[38;2;0;0;0m██        
[38;2;0;0;0m            [38;2;86;94;102m██[38;2;137;165;164m██[38;2;206;198;134m██[38;2;107;113;104m██[38;2;66;66;66m██[38;2;170;165;149m██[38;2;123;134;139m████[38;2;96;118;133m██[38;2;255;247;183m████[38;2;66;61;58m██[38;2;189;206;205m████████████[38;2;0;0;0m██        
[38;2;0;0;0m    ██[38;2;63;69;68m██[38;2;189;206;205m████[38;2;94;119;134m██[38;2;66;66;66m██[38;2;120;126;112m██[38;2;57;66;73m██[38;2;255;247;183m██████████[38;2;85;93;104m████[38;2;66;66;66m██[38;2;189;206;205m██████[38;2;137;163;166m██[38;2;142;163;169m██[38;2;189;206;205m████[38;2;0;0;0m        
[38;2;0;0;0m    ██[38;2;189;206;205m██[38;2;181;206;205m██[38;2;82;90;106m██[38;2;66;66;66m██[38;2;189;206;205m██[38;2;52;60;65m██[38;2;104;121;131m██[38;2;255;247;183m████[38;2;85;93;101m██████[38;2;206;198;126m████[38;2;189;206;205m████████[38;2;132;156;164m██[38;2;96;121;133m██[38;2;189;206;205m████[38;2;0;0;0m██      
[38;2;0;0;0m    [38;2;189;206;205m████[38;2;85;93;104m██[38;2;96;117;133m██[38;2;96;120;133m██[38;2;86;94;102m██[38;2;0;0;0m    [38;2;140;165;164m██[38;2;137;165;164m██[38;2;66;66;69m████[38;2;66;66;66m██[38;2;189;206;205m████████[38;2;137;165;164m██[38;2;0;0;0m██  ██[38;2;181;198;205m██[38;2;57;61;65m██[38;2;66;66;66m██[38;2;0;0;0m██    
[38;2;0;0;0m    ██[38;2;85;93;101m██[38;2;96;117;133m████[38;2;96;120;133m██[38;2;0;0;0m██    ██[38;2;137;165;164m██[38;2;132;165;172m██[38;2;99;115;120m██[38;2;137;165;164m██[38;2;137;163;166m████[38;2;189;206;205m████[38;2;137;165;164m██[38;2;0;0;0m████[38;2;189;206;205m██[38;2;57;61;65m██[38;2;98;107;112m██[38;2;189;206;205m████[38;2;0;0;0m    
[38;2;0;0;0m      ██                [38;2;137;160;164m██████[38;2;99;119;131m██████[38;2;137;160;164m██[38;2;0;0;0m██  ██[38;2;189;206;205m██[38;2;57;61;65m██[38;2;98;107;112m██[38;2;85;93;101m██[38;2;94;103;102m██[38;2;0;0;0m    
[38;2;0;0;0m                        [38;2;82;103;122m██[38;2;137;140;118m██[38;2;132;148;156m██[38;2;140;165;164m████[38;2;137;162;166m██[38;2;88;96;106m██[38;2;0;0;0m██    ██[38;2;57;61;65m██[38;2;181;198;205m██[38;2;189;206;205m████[38;2;0;0;0m    
[38;2;0;0;0m                      [38;2;8;4;0m██[38;2;88;93;104m████[38;2;189;127;93m██[38;2;255;214;87m██[38;2;90;94;98m██[38;2;82;86;90m██[38;2;98;107;112m██[38;2;63;69;68m██[38;2;0;0;0m██    ██[38;2;189;206;205m████[38;2;0;0;0m██    
[38;2;0;0;0m                    ██[38;2;99;119;131m██[38;2;66;66;66m██[38;2;88;93;104m██[38;2;233;207;52m██[38;2;145;134;94m██[38;2;90;94;98m██[38;2;82;86;90m██[38;2;57;61;65m██[38;2;189;206;205m████[38;2;0;0;0m      ████      
[38;2;0;0;0m                    [38;2;99;119;131m██[38;2;96;120;133m██[38;2;94;119;134m████[38;2;0;0;0m██████[38;2;98;115;120m██[38;2;189;206;205m██████[38;2;0;0;0m██              
[38;2;0;0;0m                    ██[38;2;82;93;101m██[38;2;99;119;131m██[38;2;0;0;0m██      [38;2;140;165;164m██[38;2;143;159;164m██[38;2;189;206;205m██████[38;2;0;0;0m██            
[38;2;0;0;0m                    ████            ██[38;2;137;166;172m████[38;2;57;60;63m██[38;2;0;0;0m██            
[38;2;0;0;0m                                    ██[38;2;102;118;123m██[38;2;66;70;74m██[38;2;16;8;8m██[38;2;0;0;0m              
[38;2;0;0;0m                                      ██████              
[38;2;0;0;0m                                                          [0m
