
      [38;2;0;0;0m▄▄▄▄▄       [0m
    [38;2;0;0;0m▄[38;2;0;0;8m[48;2;247;231;151m▀[38;2;247;231;151m[48;2;82;77;56m▀[38;2;66;66;66m[48;2;247;231;151m▀[38;2;247;231;151m[48;2;66;66;66m▀[38;2;66;61;58m[48;2;247;231;143m▀[38;2;247;231;143m[48;2;187;174;115m▀[38;2;0;0;0m[48;2;189;165;85m▀[49m▄     [0m
   [38;2;0;0;0m[48;2;0;0;0m▀[38;2;255;239;143m[48;2;170;159;95m▀[38;2;66;66;66m[48;2;66;66;66m▀[38;2;247;231;151m[48;2;247;231;151m▀[38;2;66;66;66m[48;2;66;66;66m▀[38;2;247;231;135m[48;2;187;176;112m▀[38;2;157;165;130m[48;2;74;66;58m▀[38;2;74;66;58m[48;2;198;214;166m▀[38;2;63;69;66m[48;2;173;206;197m▀[38;2;8;0;0m[48;2;63;69;66m▀[38;2;0;0;0m[49m▄    [0m
  [38;2;0;0;0m▄▄[48;2;66;66;66m▀[38;2;74;66;58m[48;2;198;214;166m▀[38;2;157;165;130m[48;2;74;66;58m▀[38;2;66;66;66m[48;2;173;206;197m▀▀[38;2;178;200;194m[48;2;255;255;255m▀[48;2;140;173;164m▀[38;2;173;206;197m[48;2;173;206;197m▀▀[38;2;0;0;0m[48;2;0;0;0m▀[49m    [0m
 [38;2;0;0;0m[48;2;0;0;0m▀[38;2;69;80;79m[48;2;137;159;159m▀[38;2;137;165;159m[48;2;66;66;66m▀[38;2;66;66;66m[48;2;173;214;205m▀[38;2;173;206;197m[48;2;173;206;197m▀▀[38;2;189;198;189m[48;2;189;198;189m▀[38;2;111;99;95m[48;2;33;0;1m▀[38;2;198;78;62m[48;2;198;78;62m▀[38;2;255;255;255m[48;2;255;255;255m▀[38;2;137;166;159m[48;2;137;166;159m▀[38;2;173;214;205m[48;2;66;70;66m▀[38;2;66;74;71m[48;2;123;148;142m▀[38;2;8;0;0m[48;2;181;222;213m▀[38;2;0;0;0m[49m▄  [0m
 [38;2;0;0;0m[48;2;0;0;0m▀[38;2;137;159;159m[48;2;69;80;79m▀[38;2;66;66;66m[48;2;137;165;159m▀[38;2;173;214;205m[48;2;66;66;66m▀[38;2;112;123;126m[48;2;143;165;161m▀[38;2;173;206;197m▀[48;2;140;167;164m▀[38;2;140;167;164m▀[38;2;140;165;164m[48;2;140;165;164m▀▀[48;2;66;66;66m▀[38;2;66;66;66m[48;2;140;165;164m▀[38;2;173;206;197m[48;2;173;206;197m▀▀▀[38;2;0;0;0m[48;2;0;0;0m▀[49m [0m
  [38;2;0;0;0m▀▀[38;2;140;165;164m[48;2;0;0;0m▀[38;2;63;69;66m[48;2;8;0;0m▀[48;2;173;206;197m▀[38;2;140;165;164m[48;2;173;209;197m▀▀[38;2;115;123;123m[48;2;170;206;200m▀[48;2;143;164;161m▀[38;2;140;165;164m[48;2;140;165;164m▀▀[38;2;112;123;126m[48;2;143;165;161m▀[38;2;173;206;197m▀[38;2;140;165;164m[48;2;0;0;0m▀[38;2;0;0;0m[49m▀ [0m
     [38;2;0;0;0m▄[48;2;173;206;197m▀[38;2;173;206;197m▀▀[38;2;107;118;118m[48;2;173;214;205m▀[38;2;74;70;74m[48;2;140;166;161m▀[38;2;140;165;164m[48;2;0;0;0m▀[38;2;0;0;0m[49m▀▀▀   [0m
   [38;2;0;0;0m▄[48;2;140;165;164m▀[38;2;52;58;60m▀[38;2;140;165;164m[48;2;8;4;8m▀[38;2;173;209;197m[48;2;140;165;164m▀▀[38;2;115;132;131m▀[38;2;66;66;66m▀[38;2;0;0;0m▀[49m▄     [0m
    [38;2;0;0;0m▀▀ ▀▀[38;2;129;151;150m[48;2;8;8;8m▀[48;2;189;222;221m▀[38;2;123;145;139m[48;2;181;214;205m▀[38;2;8;8;8m▀[38;2;0;0;0m[49m▄    [0m
          [38;2;0;0;0m▀▀▀     [0m
