
   [38;2;49;49;49m▄▄   ▄▄                 [0m
  [38;2;49;49;49m[48;2;49;49;49m▀[38;2;197;90;90m[48;2;197;90;90m▀[38;2;49;49;49m▀[49m▄ ▀[38;2;246;222;49m[48;2;49;49;49m▀[48;2;246;222;49m▀[38;2;49;49;49m[48;2;246;164;49m▀[49m▄    [48;2;49;49;49m▀[48;2;246;106;49m▀[49m▄        [0m
   [38;2;49;49;49m[48;2;49;49;49m▀[38;2;197;90;90m[48;2;197;90;90m▀▀[38;2;49;49;49m[48;2;82;82;82m▀[48;2;246;222;49m▀[38;2;246;222;49m▀▀[48;2;246;106;49m▀[38;2;49;49;49m[48;2;82;82;82m▀[49m▄[48;2;197;90;90m▀[49m▄▄[48;2;246;106;49m▀[38;2;246;106;49m▀[38;2;49;49;49m▀[49m▄       [0m
  [38;2;49;49;49m[48;2;49;49;49m▀[38;2;197;90;90m[48;2;197;90;90m▀▀[38;2;82;82;82m[48;2;82;82;82m▀[38;2;246;164;49m[48;2;246;222;49m▀[38;2;246;222;49m▀▀[48;2;246;164;49m▀[48;2;246;106;49m▀[38;2;246;106;49m▀[38;2;82;82;82m[48;2;197;90;90m▀[38;2;197;90;90m▀[38;2;82;82;82m[48;2;82;82;82m▀[38;2;246;106;49m[48;2;246;106;49m▀▀▀[48;2;49;49;49m▀[38;2;49;49;49m[49m▀  [48;2;49;49;49m▀[48;2;197;90;90m▀[49m▄  [0m
  [38;2;49;49;49m▀[38;2;197;90;90m[48;2;49;49;49m▀[38;2;82;82;82m[48;2;82;82;82m▀[38;2;246;106;49m[48;2;246;106;49m▀[38;2;246;222;49m▀[48;2;246;222;49m▀[38;2;246;106;49m[48;2;246;106;49m▀▀▀[48;2;82;82;82m▀[38;2;197;90;90m▀[38;2;82;82;82m[48;2;246;106;49m▀[38;2;246;106;49m▀▀▀▀[38;2;49;49;49m[48;2;197;90;90m▀[49m▄ ▄[48;2;197;90;90m▀[38;2;197;90;90m▀▀[38;2;49;49;49m[48;2;49;49;49m▀[49m [0m
  [38;2;49;49;49m[48;2;49;49;49m▀[38;2;82;82;82m[48;2;115;115;106m▀[38;2;189;164;65m[48;2;82;82;82m▀[38;2;82;82;82m[48;2;205;123;123m▀[38;2;246;106;49m[48;2;82;82;82m▀▀▀[38;2;49;49;49m▀[38;2;255;255;255m▀[38;2;82;82;82m[48;2;205;123;123m▀[48;2;82;82;82m▀[38;2;246;106;49m[48;2;197;90;90m▀[48;2;246;106;49m▀▀▀[48;2;197;90;90m▀[38;2;197;90;90m▀[38;2;82;82;82m[48;2;82;82;82m▀[38;2;49;49;49m[48;2;197;90;90m▀[38;2;197;90;90m▀▀▀[38;2;49;49;49m[48;2;49;49;49m▀[49m  [0m
  [38;2;49;49;49m▄[48;2;189;164;65m▀[38;2;115;115;106m[48;2;82;82;82m▀[38;2;82;82;82m▀[38;2;255;156;139m▀[38;2;205;123;123m[48;2;255;156;139m▀▀[38;2;255;156;139m[48;2;205;123;123m▀[38;2;205;123;123m[48;2;82;82;82m▀[38;2;82;82;82m▀[48;2;197;90;90m▀[48;2;189;164;65m▀[38;2;197;90;90m[48;2;82;82;82m▀▀▀▀[38;2;82;82;82m▀[38;2;197;90;90m[48;2;197;90;90m▀▀▀▀▀▀[38;2;49;49;49m[48;2;49;49;49m▀[49m [0m
 [38;2;49;49;49m[48;2;49;49;49m▀[38;2;189;164;65m[48;2;115;115;106m▀[48;2;189;164;65m▀[48;2;82;82;82m▀[38;2;82;82;82m[48;2;205;123;123m▀[38;2;246;222;49m[48;2;82;82;82m▀[38;2;82;82;82m[48;2;246;222;49m▀[48;2;246;106;49m▀▀[38;2;197;90;90m[48;2;197;90;90m▀[38;2;246;222;49m[48;2;246;222;49m▀▀[38;2;189;164;65m[48;2;82;82;82m▀▀[38;2;82;82;82m▀[38;2;246;222;49m[48;2;115;115;106m▀▀[38;2;115;115;106m[48;2;82;82;82m▀[38;2;82;82;82m▀[38;2;197;90;90m▀[48;2;197;90;90m▀[48;2;49;49;49m▀[38;2;49;49;49m[49m▀▀  [0m
  [38;2;49;49;49m▀▀[48;2;49;49;49m▀[38;2;205;123;123m[48;2;82;82;82m▀[38;2;82;82;82m[48;2;205;123;123m▀[38;2;246;106;49m[48;2;82;82;82m▀[38;2;197;90;90m[48;2;246;222;49m▀▀[38;2;246;222;49m▀[48;2;82;82;82m▀[38;2;82;82;82m[48;2;255;156;139m▀[38;2;255;156;139m▀▀[38;2;82;82;82m[48;2;82;82;82m▀[48;2;246;222;49m▀▀▀[38;2;246;222;49m▀[38;2;82;82;82m[48;2;189;164;65m▀[38;2;197;90;90m[48;2;49;49;49m▀[38;2;49;49;49m[49m▀    [0m
    [38;2;49;49;49m▄[48;2;189;189;189m▀[38;2;82;82;82m[48;2;197;90;90m▀▀[38;2;49;49;49m[48;2;49;49;49m▀[49m▀[38;2;189;164;65m[48;2;49;49;49m▀[38;2;82;82;82m▀[38;2;255;156;139m▀[48;2;205;123;123m▀▀[38;2;205;123;123m[48;2;82;82;82m▀[38;2;82;82;82m▀[38;2;246;222;49m[48;2;246;222;49m▀[38;2;189;164;65m[48;2;49;49;49m▀[38;2;246;222;49m▀[38;2;49;49;49m[49m▀      [0m
     [38;2;49;49;49m▀▀▀     [48;2;49;49;49m▀[38;2;82;82;82m[48;2;255;255;255m▀[38;2;246;106;49m[48;2;82;82;82m▀[38;2;197;90;90m[48;2;255;255;255m▀[38;2;49;49;49m[48;2;49;49;49m▀[49m         [0m
              [38;2;49;49;49m▀▀▀          [0m
