
[38;2;0;0;0m                                                    
[38;2;0;0;0m                      ████                          
[38;2;0;0;0m    ████            ██[38;2;80;120;208m██[38;2;0;0;0m██                          
[38;2;0;0;0m  ██[38;2;200;200;192m██[38;2;0;0;0m████  ████████[38;2;200;200;192m██[38;2;0;0;0m██  ████    ████              
[38;2;0;0;0m  ████[38;2;64;64;64m██[38;2;0;0;0m████[38;2;160;192;248m██████[38;2;64;64;64m██[38;2;200;200;192m██[38;2;64;64;64m██[38;2;0;0;0m██[38;2;168;80;80m██[38;2;0;0;0m██  ██[38;2;200;200;192m██[38;2;128;128;112m██[38;2;0;0;0m██            
[38;2;0;0;0m    ████[38;2;64;64;64m██[38;2;160;192;248m████████[38;2;64;64;64m██[38;2;128;128;112m██████[38;2;0;0;0m██  ████[38;2;64;64;64m██[38;2;0;0;0m██              
[38;2;0;0;0m      ██[38;2;160;192;248m██[38;2;248;248;248m██████[38;2;160;192;248m████[38;2;64;64;64m████[38;2;0;0;0m██  ██[38;2;160;192;248m████████[38;2;0;0;0m████  ██████  
[38;2;0;0;0m      ██[38;2;248;248;248m██████████[38;2;112;160;152m████[38;2;64;64;64m██[38;2;0;0;0m████[38;2;112;160;152m██[38;2;160;192;248m██████[38;2;248;248;248m████[38;2;112;160;152m██[38;2;0;0;0m██[38;2;128;128;112m██[38;2;168;80;80m██[38;2;0;0;0m██  
[38;2;0;0;0m    ██[38;2;64;64;64m██[38;2;248;248;248m██████████[38;2;112;160;152m██[38;2;64;64;64m██[38;2;168;80;80m██[38;2;128;128;112m████[38;2;64;64;64m██[38;2;112;160;152m██[38;2;160;192;248m██[38;2;248;248;248m████████[38;2;64;64;64m████[38;2;0;0;0m██    
[38;2;0;0;0m    ██[38;2;64;64;64m██[38;2;248;248;248m██[38;2;0;0;0m██[38;2;248;248;248m██████[38;2;112;160;152m████[38;2;64;64;64m██████[38;2;128;128;112m██[38;2;64;64;64m██[38;2;112;160;152m██[38;2;248;248;248m████[38;2;0;0;0m██[38;2;248;248;248m██[38;2;64;64;64m██████[38;2;0;0;0m██  
[38;2;0;0;0m  ██[38;2;168;80;80m██[38;2;0;0;0m██[38;2;64;64;64m██[38;2;248;248;248m██████[38;2;112;160;152m████[38;2;64;64;64m████████[38;2;128;128;112m██[38;2;64;64;64m██[38;2;112;160;152m██[38;2;248;248;248m████████[38;2;64;64;64m██[38;2;80;120;208m████[38;2;0;0;0m██  
[38;2;0;0;0m  ████  ██[38;2;64;64;64m████[38;2;0;0;0m██████[38;2;64;64;64m██[38;2;80;120;208m████[38;2;128;128;112m██[38;2;64;64;64m██[38;2;112;160;152m██████[38;2;248;248;248m████[38;2;112;160;152m██[38;2;0;0;0m██████    
[38;2;0;0;0m      ██[38;2;80;120;208m██[38;2;0;0;0m████    ██[38;2;64;64;64m██████[38;2;0;0;0m████[38;2;64;64;64m██[38;2;112;160;152m██████[38;2;0;0;0m████          
[38;2;0;0;0m      ████      ██[38;2;64;64;64m██[38;2;112;160;152m████[38;2;64;64;64m██[38;2;0;0;0m██  ████████              
[38;2;0;0;0m              ██[38;2;64;64;64m██[38;2;112;160;152m████████[38;2;64;64;64m██[38;2;0;0;0m██                      
[38;2;0;0;0m        ████████[38;2;160;192;248m██████[38;2;112;160;152m████████[38;2;0;0;0m██                    
[38;2;0;0;0m      ██[38;2;128;128;112m██████[38;2;64;64;64m██[38;2;160;192;248m██[38;2;248;248;248m██████[38;2;112;160;152m██████[38;2;64;64;64m██[38;2;0;0;0m████                
[38;2;0;0;0m    ██[38;2;168;80;80m██[38;2;0;0;0m████[38;2;128;128;112m██[38;2;64;64;64m██[38;2;248;248;248m██████████[38;2;112;160;152m██[38;2;64;64;64m██[38;2;128;128;112m██████[38;2;0;0;0m██              
[38;2;0;0;0m    ████  ██[38;2;128;128;112m██[38;2;0;0;0m██[38;2;248;248;248m████[38;2;0;0;0m██[38;2;248;248;248m████[38;2;112;160;152m██[38;2;64;64;64m██[38;2;128;128;112m██[38;2;0;0;0m████[38;2;168;80;80m██[38;2;0;0;0m██            
[38;2;0;0;0m        ██[38;2;80;120;208m██[38;2;0;0;0m██  ██[38;2;248;248;248m██████[38;2;112;160;152m████[38;2;0;0;0m██[38;2;128;128;112m██[38;2;0;0;0m██  ████            
[38;2;0;0;0m        ████      ██[38;2;64;64;64m████[38;2;0;0;0m████  ██[38;2;80;120;208m██[38;2;0;0;0m██                
[38;2;0;0;0m                  ██[38;2;200;200;192m██[38;2;128;128;112m██[38;2;0;0;0m██      ████                
[38;2;0;0;0m                    ████                            
[38;2;0;0;0m                                                    [0m
