
[38;2;0;0;0m                                                        
[38;2;0;0;0m                            [38;2;49;49;49m██████[38;2;0;0;0m                      
[38;2;0;0;0m                          [38;2;49;49;49m██[38;2;189;164;65m██[38;2;246;246;41m██[38;2;189;164;65m██[38;2;49;49;49m██[38;2;0;0;0m                    
[38;2;0;0;0m                          [38;2;49;49;49m██[38;2;246;246;41m██████[38;2;49;49;49m██[38;2;0;0;0m                    
[38;2;0;0;0m                [38;2;49;49;49m██████[38;2;0;0;0m    [38;2;49;49;49m██[38;2;189;164;65m██[38;2;246;246;41m██[38;2;189;164;65m██[38;2;49;49;49m██[38;2;0;0;0m                    
[38;2;0;0;0m              [38;2;49;49;49m██[38;2;82;82;82m██[38;2;189;189;189m████[38;2;49;49;49m██[38;2;0;0;0m    [38;2;49;49;49m██[38;2;189;164;65m██[38;2;49;49;49m██[38;2;0;0;0m                      
[38;2;0;0;0m              [38;2;49;49;49m██[38;2;189;189;189m████[38;2;49;49;49m██[38;2;0;0;0m    [38;2;49;49;49m████[38;2;189;164;65m██[38;2;49;49;49m██[38;2;0;0;0m                      
[38;2;0;0;0m                [38;2;49;49;49m██[38;2;131;131;115m████[38;2;49;49;49m████[38;2;189;189;189m██[38;2;82;82;82m██[38;2;246;246;41m██[38;2;82;82;82m██[38;2;49;49;49m████[38;2;0;0;0m                  
[38;2;0;0;0m          [38;2;49;49;49m████[38;2;82;82;82m██[38;2;164;197;255m████[38;2;82;82;82m██[38;2;255;255;255m████[38;2;189;189;189m██[38;2;131;131;115m██[38;2;82;82;82m██[38;2;131;131;115m██[38;2;189;189;189m██[38;2;131;131;115m██[38;2;49;49;49m██[38;2;0;0;0m      [38;2;49;49;49m██████[38;2;0;0;0m    
[38;2;0;0;0m        [38;2;49;49;49m██[38;2;106;148;156m██[38;2;82;82;82m██[38;2;255;255;255m████[38;2;82;82;82m██[38;2;189;189;189m██[38;2;255;255;255m████[38;2;189;189;189m██████████████[38;2;49;49;49m██[38;2;0;0;0m  [38;2;49;49;49m██[38;2;189;189;189m████[38;2;82;82;82m██[38;2;49;49;49m██[38;2;0;0;0m  
[38;2;0;0;0m      [38;2;49;49;49m██[38;2;106;148;156m██[38;2;82;82;82m██[38;2;255;255;255m██[38;2;49;49;49m██[38;2;255;255;255m██[38;2;82;82;82m██[38;2;189;189;189m████████████[38;2;131;131;115m████[38;2;189;189;189m████[38;2;82;82;82m██[38;2;49;49;49m████[38;2;131;131;115m██[38;2;189;189;189m████[38;2;49;49;49m██[38;2;0;0;0m  
[38;2;0;0;0m      [38;2;49;49;49m██[38;2;164;197;255m██[38;2;82;82;82m██[38;2;189;189;189m██[38;2;255;255;255m██[38;2;82;82;82m██[38;2;164;197;255m██[38;2;82;82;82m██[38;2;189;189;189m██████████[38;2;131;131;115m██[38;2;189;189;189m██[38;2;131;131;115m██[38;2;82;82;82m██[38;2;164;197;255m██[38;2;82;82;82m████[38;2;131;131;115m██[38;2;82;82;82m██[38;2;49;49;49m██[38;2;0;0;0m    
[38;2;0;0;0m      [38;2;49;49;49m██[38;2;106;148;156m██[38;2;164;197;255m██[38;2;82;82;82m██[38;2;106;148;156m██[38;2;82;82;82m██[38;2;164;197;255m██[38;2;106;148;156m██[38;2;82;82;82m████[38;2;189;189;189m████████[38;2;82;82;82m████[38;2;164;197;255m██[38;2;82;82;82m██[38;2;164;197;255m████[38;2;82;82;82m██[38;2;49;49;49m██[38;2;0;0;0m      
[38;2;0;0;0m      [38;2;49;49;49m██[38;2;82;82;82m██[38;2;106;148;156m██[38;2;164;197;255m████[38;2;82;82;82m██[38;2;164;197;255m██[38;2;106;148;156m██[38;2;255;255;255m██[38;2;222;82;65m██[38;2;82;82;82m████████[38;2;164;197;255m████[38;2;106;148;156m██[38;2;189;189;189m██[38;2;255;255;255m██[38;2;189;189;189m██[38;2;164;197;255m██[38;2;106;148;156m██[38;2;49;49;49m██[38;2;0;0;0m    
[38;2;0;0;0m    [38;2;49;49;49m██[38;2;131;131;115m████[38;2;82;82;82m████[38;2;106;148;156m██[38;2;164;197;255m██[38;2;82;82;82m██[38;2;106;148;156m██[38;2;255;255;255m██[38;2;222;82;65m████[38;2;255;255;255m████[38;2;106;148;156m██[38;2;164;197;255m████[38;2;82;82;82m██[38;2;255;255;255m██[38;2;49;49;49m██[38;2;255;255;255m██[38;2;106;148;156m████[38;2;49;49;49m████[38;2;0;0;0m  
[38;2;0;0;0m  [38;2;49;49;49m██[38;2;131;131;115m████[38;2;82;82;82m██[38;2;131;131;115m████[38;2;82;82;82m██[38;2;164;197;255m████[38;2;82;82;82m██[38;2;106;148;156m██[38;2;255;255;255m██████[38;2;106;148;156m██[38;2;164;197;255m██████[38;2;82;82;82m████[38;2;255;255;255m██[38;2;189;189;189m██[38;2;106;148;156m██[38;2;82;82;82m██[38;2;106;148;156m██[38;2;49;49;49m██[38;2;0;0;0m  
[38;2;0;0;0m  [38;2;49;49;49m██[38;2;131;131;115m██[38;2;82;82;82m████[38;2;131;131;115m████[38;2;49;49;49m████[38;2;164;197;255m████[38;2;82;82;82m████[38;2;106;148;156m████[38;2;164;197;255m████[38;2;82;82;82m██[38;2;106;148;156m██[38;2;164;197;255m██[38;2;106;148;156m██[38;2;82;82;82m██████[38;2;164;197;255m██[38;2;106;148;156m██[38;2;49;49;49m██[38;2;0;0;0m  
[38;2;0;0;0m    [38;2;49;49;49m██[38;2;82;82;82m██[38;2;131;131;115m████[38;2;82;82;82m██[38;2;49;49;49m██[38;2;0;0;0m  [38;2;49;49;49m██[38;2;164;197;255m██████[38;2;82;82;82m████████[38;2;164;197;255m██████████████[38;2;106;148;156m██[38;2;49;49;49m██[38;2;0;0;0m    
[38;2;0;0;0m      [38;2;49;49;49m██[38;2;131;131;115m██[38;2;82;82;82m██[38;2;49;49;49m██[38;2;0;0;0m      [38;2;49;49;49m████[38;2;164;197;255m██████████[38;2;106;148;156m██[38;2;82;82;82m████[38;2;106;148;156m██████[38;2;82;82;82m██[38;2;49;49;49m██[38;2;0;0;0m      
[38;2;0;0;0m        [38;2;49;49;49m████[38;2;0;0;0m            [38;2;49;49;49m████████████[38;2;131;131;115m████[38;2;82;82;82m██████[38;2;49;49;49m██[38;2;0;0;0m        
[38;2;0;0;0m                                  [38;2;49;49;49m██[38;2;131;131;115m████[38;2;82;82;82m██[38;2;131;131;115m████[38;2;49;49;49m██[38;2;0;0;0m        
[38;2;0;0;0m                                  [38;2;49;49;49m██[38;2;82;82;82m██[38;2;131;131;115m██[38;2;82;82;82m████[38;2;131;131;115m██[38;2;82;82;82m██[38;2;49;49;49m██[38;2;0;0;0m      
[38;2;0;0;0m                                    [38;2;49;49;49m██[38;2;131;131;115m████[38;2;82;82;82m██[38;2;131;131;115m████[38;2;49;49;49m██[38;2;0;0;0m      
[38;2;0;0;0m                                    [38;2;49;49;49m██[38;2;131;131;115m████[38;2;49;49;49m██████[38;2;0;0;0m        
[38;2;0;0;0m                                      [38;2;49;49;49m████[38;2;0;0;0m              
[38;2;0;0;0m                                                        [0m
