
[38;2;0;0;0m                                      
[38;2;0;0;0m                          [38;2;0;4;0m██[38;2;0;0;0m          
[38;2;0;0;0m                [38;2;0;4;0m██[38;2;0;0;0m    [38;2;140;115;116m████[38;2;0;0;0m  [38;2;0;4;0m██[38;2;137;116;113m████[38;2;0;4;0m██[38;2;0;0;0m  
[38;2;0;0;0m              [38;2;0;4;0m██[38;2;198;198;190m██[38;2;0;4;0m████[38;2;113;93;73m████[38;2;0;4;0m██[38;2;140;115;116m██[38;2;137;116;113m██[38;2;115;94;75m██[38;2;0;0;0m    
[38;2;0;0;0m              [38;2;0;4;0m██[38;2;66;66;66m██[38;2;113;93;73m██[38;2;66;61;58m██[38;2;198;198;190m████[38;2;252;231;194m██[38;2;66;66;66m██[38;2;107;94;75m████[38;2;0;0;0m    
[38;2;0;0;0m            [38;2;0;4;0m██[38;2;255;176;202m██[38;2;247;148;175m██[38;2;66;66;66m██[38;2;113;93;73m██[38;2;66;69;63m██[38;2;198;198;190m██[38;2;66;66;66m██[38;2;111;92;75m██[38;2;0;4;0m████[38;2;0;0;0m    
[38;2;0;0;0m        [38;2;0;4;0m████[38;2;247;140;164m██[38;2;255;165;191m██[38;2;74;70;66m████[38;2;247;140;167m██[38;2;0;0;0m    [38;2;0;4;0m██[38;2;0;0;0m          
[38;2;0;0;0m        [38;2;247;140;167m████[38;2;247;140;164m██[38;2;255;165;191m██[38;2;74;70;66m██[38;2;247;140;167m████[38;2;0;0;0m                
[38;2;0;0;0m    [38;2;0;4;0m██[38;2;148;148;140m██[38;2;165;125;133m██[38;2;90;101;98m██[38;2;255;231;239m██[38;2;144;123;124m██[38;2;82;79;72m██[38;2;247;140;167m██[38;2;0;4;0m██[38;2;0;0;0m    [38;2;0;4;0m████[38;2;0;0;0m        
[38;2;0;0;0m    [38;2;148;148;140m██[38;2;201;197;189m██[38;2;148;148;140m██[38;2;104;101;91m██[38;2;82;79;72m██[38;2;255;239;247m██[38;2;255;148;167m████[38;2;63;57;52m██[38;2;0;4;0m████[38;2;140;118;113m██[38;2;140;115;116m██[38;2;0;0;0m        
[38;2;0;0;0m    [38;2;103;105;75m██[38;2;148;148;140m██[38;2;107;107;75m██[38;2;66;66;66m██[38;2;99;103;99m██[38;2;206;137;147m██[38;2;66;66;66m██[38;2;206;140;150m██[38;2;143;119;116m██[38;2;66;66;66m██[38;2;140;115;112m██[38;2;140;118;113m████[38;2;0;4;0m██[38;2;0;0;0m      
[38;2;0;0;0m    [38;2;0;4;0m██[38;2;99;99;91m██[38;2;66;66;66m██[38;2;80;80;69m██[38;2;206;140;150m██[38;2;206;137;147m██[38;2;66;66;66m██[38;2;206;140;150m██[38;2;143;119;116m██[38;2;140;115;112m████[38;2;140;118;113m████[38;2;140;115;116m██[38;2;0;4;0m██[38;2;0;0;0m    
[38;2;0;0;0m    [38;2;115;89;73m██[38;2;113;93;73m██[38;2;222;181;158m██[38;2;66;66;66m██[38;2;247;140;167m████[38;2;140;118;113m██[38;2;239;165;159m██[38;2;66;61;58m██[38;2;140;118;113m████████[38;2;140;115;112m██[38;2;66;66;66m██[38;2;0;4;0m██[38;2;0;0;0m  
[38;2;0;0;0m  [38;2;0;4;0m██[38;2;107;94;75m██[38;2;66;61;58m██[38;2;222;189;158m██[38;2;66;66;66m██[38;2;239;148;167m██[38;2;231;165;159m██[38;2;225;187;158m████[38;2;66;66;66m██[38;2;137;116;113m████[38;2;140;118;113m████[38;2;140;115;112m████[38;2;0;0;0m    
[38;2;0;0;0m    [38;2;71;64;53m██[38;2;118;101;89m██[38;2;222;189;158m████[38;2;66;70;66m██[38;2;66;66;66m██[38;2;225;187;158m████[38;2;66;66;66m██[38;2;115;94;75m██[38;2;137;116;113m██[38;2;140;118;113m████[38;2;66;66;66m██[38;2;140;115;112m██[38;2;0;4;0m██[38;2;0;0;0m  
[38;2;0;0;0m    [38;2;0;4;0m██[38;2;66;66;66m██[38;2;189;160;137m████[38;2;225;187;158m██[38;2;189;160;137m██[38;2;189;158;138m████[38;2;91;82;80m██[38;2;132;132;100m██[38;2;82;78;66m██[38;2;82;79;69m██[38;2;99;99;85m██[38;2;0;4;0m██[38;2;0;0;0m      
[38;2;0;0;0m    [38;2;0;4;0m██[38;2;132;132;108m██[38;2;192;158;141m██[38;2;82;78;74m██[38;2;192;159;139m██[38;2;192;158;141m████[38;2;82;78;74m██[38;2;140;115;112m██[38;2;198;198;190m████[38;2;132;132;121m██[38;2;93;99;96m██[38;2;0;4;0m██[38;2;0;0;0m      
[38;2;0;0;0m      [38;2;0;4;0m██[38;2;132;132;105m██[38;2;66;66;66m██[38;2;74;70;66m██[38;2;140;115;112m██[38;2;129;121;110m██[38;2;66;66;66m██[38;2;66;61;58m██[38;2;66;66;66m██[38;2;198;198;190m██[38;2;93;99;96m██[38;2;198;198;190m████[38;2;0;4;0m██[38;2;0;0;0m    
[38;2;0;0;0m        [38;2;132;132;105m██[38;2;66;66;66m██[38;2;247;222;191m██[38;2;66;66;66m████[38;2;255;231;199m██[38;2;255;222;183m██[38;2;66;66;66m████[38;2;93;99;96m██[38;2;198;198;190m████[38;2;0;4;0m██[38;2;0;0;0m    
[38;2;0;0;0m          [38;2;0;4;0m██[38;2;74;74;66m██[38;2;173;155;135m████[38;2;90;80;72m██[38;2;189;156;141m██[38;2;192;159;139m██[38;2;66;66;66m██[38;2;66;61;58m██[38;2;57;57;57m██[38;2;198;198;190m██[38;2;0;4;0m██[38;2;0;0;0m    
[38;2;0;0;0m            [38;2;66;65;66m██[38;2;255;222;183m██[38;2;247;222;183m██[38;2;66;57;58m██[38;2;255;222;183m██[38;2;66;66;66m██[38;2;113;93;73m██████[38;2;0;4;0m██[38;2;0;0;0m      
[38;2;0;0;0m            [38;2;132;99;68m██[38;2;156;94;68m██[38;2;71;63;61m████[38;2;156;90;68m██[38;2;71;63;61m████[38;2;0;4;0m████[38;2;115;89;73m████[38;2;0;0;0m    
[38;2;0;0;0m          [38;2;0;4;0m████[38;2;109;85;69m██[38;2;214;132;134m██[38;2;143;97;97m██[38;2;205;135;145m██[38;2;143;97;97m██[38;2;214;132;134m██[38;2;0;0;0m    [38;2;0;4;0m████[38;2;0;0;0m    
[38;2;0;0;0m                [38;2;0;4;0m██[38;2;0;0;0m  [38;2;0;4;0m██[38;2;0;0;0m  [38;2;0;4;0m██[38;2;0;0;0m            
[38;2;0;0;0m                                      [0m
