
[38;2;0;0;0m                                                            
[38;2;0;0;0m      ████                                                  
[38;2;0;0;0m    ██[38;2;168;128;72m████[38;2;0;0;0m██      ██                                        
[38;2;0;0;0m  ██[38;2;168;128;72m██[38;2;136;96;48m██[38;2;168;128;72m████[38;2;0;0;0m██  ██[38;2;240;224;160m██[38;2;0;0;0m██    ████    ██                        
[38;2;0;0;0m  ██[38;2;136;96;48m██[38;2;168;128;72m████[38;2;64;64;64m██[38;2;0;0;0m██  ██[38;2;200;176;120m██[38;2;240;224;160m██[38;2;0;0;0m████[38;2;240;224;160m██[38;2;64;64;64m██[38;2;0;0;0m████[38;2;240;224;160m██[38;2;0;0;0m██    ████████          
[38;2;0;0;0m    ██████[38;2;136;96;48m████[38;2;0;0;0m████[38;2;168;128;72m██[38;2;240;224;160m████[38;2;64;64;64m██[38;2;240;224;160m██[38;2;200;176;120m██[38;2;240;224;160m██[38;2;64;64;64m██[38;2;168;128;72m██[38;2;0;0;0m██  ██[38;2;168;128;72m██[38;2;136;96;48m██[38;2;168;128;72m██[38;2;136;96;48m██[38;2;0;0;0m██        
[38;2;0;0;0m        ██[38;2;136;96;48m████[38;2;64;64;64m██[38;2;240;224;160m██[38;2;168;128;72m██[38;2;240;224;160m████[38;2;200;176;120m██[38;2;240;224;160m██[38;2;200;176;120m██[38;2;64;64;64m██[38;2;240;224;160m██[38;2;168;128;72m██[38;2;240;224;160m██[38;2;0;0;0m████[38;2;168;128;72m██[38;2;136;96;48m██[38;2;168;128;72m██[38;2;64;64;64m██[38;2;0;0;0m██        
[38;2;0;0;0m          ██[38;2;200;176;120m████[38;2;64;64;64m██[38;2;240;224;160m████████████[38;2;64;64;64m██[38;2;240;224;160m██[38;2;168;128;72m██[38;2;240;224;160m██[38;2;0;0;0m██  ██[38;2;64;64;64m████[38;2;0;0;0m██          
[38;2;0;0;0m            ████[38;2;240;224;160m██[38;2;200;176;120m██[38;2;240;224;160m██████████████[38;2;200;176;120m██████[38;2;0;0;0m████[38;2;136;96;48m████[38;2;0;0;0m██          
[38;2;0;0;0m              ██[38;2;200;176;120m██[38;2;64;64;64m██[38;2;240;224;160m████[38;2;200;176;120m██[38;2;240;224;160m████[38;2;64;64;64m██[38;2;168;128;72m██[38;2;200;176;120m██████████[38;2;136;96;48m██[38;2;168;128;72m██[38;2;0;0;0m██          
[38;2;0;0;0m              ██[38;2;248;248;248m██[38;2;224;72;40m██[38;2;200;176;120m██[38;2;240;224;160m██[38;2;200;176;120m██[38;2;168;128;72m██[38;2;0;0;0m██[38;2;248;248;248m██[38;2;168;128;72m██[38;2;200;176;120m████[38;2;64;64;64m████[38;2;0;0;0m██[38;2;200;176;120m████[38;2;0;0;0m██          
[38;2;0;0;0m              ██[38;2;200;176;120m██[38;2;64;64;64m██████[38;2;168;128;72m██[38;2;248;248;248m██[38;2;224;72;40m██[38;2;248;248;248m██[38;2;168;128;72m██[38;2;200;176;120m██████[38;2;0;0;0m██  ████  ████      
[38;2;0;0;0m                ██[38;2;240;168;152m████[38;2;200;128;104m██[38;2;64;64;64m██[38;2;168;128;72m████[38;2;200;176;120m████████[38;2;64;64;64m██[38;2;0;0;0m██      ██[38;2;168;128;72m████[38;2;0;0;0m██    
[38;2;0;0;0m                ██[38;2;200;128;104m██[38;2;240;168;152m████[38;2;64;64;64m██[38;2;200;176;120m██████████[38;2;168;128;72m██[38;2;64;64;64m██[38;2;200;176;120m██[38;2;0;0;0m████    ██[38;2;168;128;72m████[38;2;0;0;0m██  
[38;2;0;0;0m                  [38;2;64;64;64m██████[38;2;200;176;120m██████████[38;2;240;224;160m████[38;2;64;64;64m██[38;2;200;176;120m██████[38;2;0;0;0m██████[38;2;64;64;64m██[38;2;168;128;72m██[38;2;0;0;0m██  
[38;2;0;0;0m                ██[38;2;136;96;48m██[38;2;0;0;0m██[38;2;200;176;120m██[38;2;0;0;0m██[38;2;200;176;120m██[38;2;0;0;0m████[38;2;168;128;72m██[38;2;240;224;160m████[38;2;200;176;120m██[38;2;64;64;64m██[38;2;0;0;0m████[38;2;200;176;120m██████[38;2;168;128;72m██[38;2;0;0;0m██    
[38;2;0;0;0m              ██[38;2;136;96;48m██████[38;2;0;0;0m██  ██    ██[38;2;168;128;72m██[38;2;200;176;120m██[38;2;168;128;72m██[38;2;0;0;0m██    ████████      
[38;2;0;0;0m              ██[38;2;136;96;48m██[38;2;0;0;0m████            ██[38;2;136;96;48m██[38;2;0;0;0m██                    
[38;2;0;0;0m                ██              ██[38;2;136;96;48m██[38;2;168;128;72m██[38;2;136;96;48m██[38;2;0;0;0m██                  
[38;2;0;0;0m                                ██[38;2;168;128;72m██[38;2;0;0;0m██[38;2;168;128;72m██[38;2;0;0;0m██                  
[38;2;0;0;0m                                  ██  ██                    
[38;2;0;0;0m                                                            [0m
