
  [38;2;0;0;0m▄▄       ▄▄▄                                 [0m
 [38;2;0;0;0m[48;2;0;0;0m▀[38;2;57;99;145m[48;2;165;181;221m▀[48;2;82;92;122m▀[38;2;0;0;0m[48;2;57;99;145m▀[49m▄▄   [48;2;0;0;0m▀[38;2;57;86;109m[48;2;74;132;186m▀[38;2;82;132;178m[48;2;79;132;189m▀[38;2;55;88;119m▀[38;2;0;0;0m[48;2;0;0;0m▀[49m      ▄▄▄           ▄▄          [0m
  [38;2;0;4;24m[48;2;0;0;0m▀[38;2;82;92;122m[48;2;181;173;205m▀[38;2;57;99;145m[48;2;57;99;145m▀▀[48;2;66;66;66m▀[38;2;0;0;0m▀[49m▄ [48;2;0;0;0m▀[38;2;74;132;186m[48;2;74;132;186m▀[38;2;79;132;189m[48;2;79;132;188m▀▀[38;2;0;0;0m[48;2;0;0;0m▀[49m     [48;2;16;8;0m▀[38;2;74;132;186m[48;2;82;148;194m▀[38;2;82;132;178m[48;2;79;132;189m▀[38;2;55;88;119m▀[38;2;0;0;0m[48;2;0;0;0m▀[49m       ▄[48;2;206;206;230m▀[48;2;187;175;203m▀[38;2;214;214;246m▀[48;2;0;0;0m▀[38;2;0;0;0m[49m▀         [0m
   [38;2;0;0;0m[48;2;0;0;0m▀[38;2;57;99;145m[48;2;181;181;213m▀[48;2;90;92;114m▀[38;2;66;66;66m[48;2;57;99;145m▀[38;2;57;99;145m[48;2;66;66;66m▀[38;2;66;66;66m[48;2;57;99;145m▀[38;2;0;0;0m[48;2;66;66;66m▀[38;2;16;4;0m[49m▄[38;2;0;0;0m[48;2;41;53;73m▀[38;2;79;132;188m[48;2;66;66;66m▀[38;2;57;99;145m[48;2;57;99;145m▀▀[38;2;0;0;0m[48;2;66;66;66m▀[38;2;8;4;0m[49m▄▄[38;2;0;0;0m[48;2;79;156;199m▀▀[38;2;38;55;65m[48;2;66;66;66m▀[38;2;82;148;194m▀[38;2;79;132;189m[48;2;79;132;188m▀▀[38;2;57;86;109m[48;2;74;127;186m▀[38;2;0;0;0m[48;2;66;66;66m▀[48;2;77;133;189m▀▀[49m▄▄[38;2;0;4;0m▄[38;2;0;0;0m[48;2;189;181;205m▀[38;2;206;206;230m[48;2;206;206;230m▀▀[38;2;214;214;246m[48;2;214;214;246m▀[48;2;0;0;0m▀[38;2;0;0;0m[49m▀    ▄[38;2;0;0;8m▄[38;2;0;0;0m[48;2;82;86;106m▀[48;2;86;86;102m▀[49m▄ [0m
    [38;2;0;4;16m▀[38;2;181;181;213m[48;2;0;0;0m▀[38;2;57;99;145m[48;2;173;181;221m▀[48;2;86;90;114m▀[38;2;66;66;66m[48;2;57;99;145m▀▀[38;2;66;103;146m▀▀[38;2;66;66;66m[48;2;57;86;113m▀[48;2;79;133;188m▀[38;2;57;99;145m[48;2;57;61;65m▀[48;2;63;102;146m▀[38;2;35;55;67m▀[38;2;90;156;202m[48;2;57;61;65m▀[38;2;79;156;199m[48;2;79;156;199m▀▀[38;2;82;156;202m▀[38;2;66;66;66m[48;2;77;132;189m▀[38;2;57;99;145m[48;2;66;66;66m▀[38;2;79;132;188m[48;2;57;99;145m▀[38;2;71;107;146m[48;2;71;107;146m▀[38;2;66;66;66m[48;2;66;66;66m▀[38;2;82;86;114m[48;2;79;132;189m▀▀[38;2;60;88;124m▀[38;2;90;132;186m▀[38;2;63;63;68m▀▀[38;2;206;206;230m[48;2;0;0;0m▀[38;2;0;0;0m[49m▀▀  ▄[38;2;0;4;0m▄▄[38;2;0;0;0m[48;2;57;99;145m▀[38;2;57;99;145m▀[38;2;82;86;106m[48;2;57;86;113m▀[38;2;165;173;205m[48;2;184;177;202m▀[38;2;173;173;205m[48;2;0;0;0m▀[38;2;0;0;0m[49m▀ [0m
      [38;2;0;0;8m▀▀[38;2;184;176;202m[48;2;0;0;0m▀▀[38;2;57;99;145m[48;2;181;181;205m▀[38;2;57;85;110m[48;2;60;68;79m▀[38;2;79;133;188m[48;2;57;78;97m▀▀[38;2;66;123;186m[48;2;79;133;188m▀[38;2;63;102;146m▀[48;2;79;132;189m▀[38;2;66;123;186m▀[38;2;77;132;189m▀▀[48;2;79;133;188m▀▀[38;2;66;66;66m▀[38;2;57;99;145m▀[38;2;66;66;66m[48;2;79;132;189m▀[38;2;74;127;186m▀[38;2;79;132;189m▀▀▀▀[48;2;66;66;66m▀▀[38;2;74;132;186m▀[38;2;0;0;0m▀[48;2;74;132;186m▀▀[48;2;57;99;145m▀[38;2;74;132;186m▀[38;2;66;107;154m[48;2;57;86;113m▀[38;2;44;73;103m[48;2;184;177;202m▀[38;2;57;85;110m[48;2;186;178;202m▀▀[38;2;184;177;202m[48;2;181;173;205m▀[48;2;0;0;0m▀[38;2;0;0;0m[49m▀  [0m
          [38;2;0;12;16m[48;2;0;0;0m▀[38;2;121;125;142m[48;2;66;66;66m▀[38;2;57;78;97m[48;2;231;231;247m▀[38;2;214;214;246m▀[38;2;57;86;113m[48;2;57;86;113m▀[38;2;79;133;188m▀[38;2;79;132;189m[48;2;79;133;188m▀▀[48;2;57;86;113m▀▀[38;2;57;86;113m[48;2;214;222;246m▀▀[48;2;214;214;246m▀▀[38;2;79;132;189m[48;2;57;86;113m▀▀[48;2;79;133;188m▀▀[48;2;79;132;189m▀▀[38;2;77;132;189m[48;2;111;129;163m▀[48;2;49;86;113m▀[48;2;57;90;121m▀▀[38;2;63;99;137m▀[38;2;57;82;113m▀[38;2;57;85;110m[48;2;186;178;202m▀▀[38;2;57;86;113m[48;2;181;173;205m▀[38;2;184;177;202m▀[38;2;186;178;202m[48;2;0;0;0m▀▀[38;2;0;0;0m[49m▀    [0m
           [38;2;0;0;0m[48;2;0;0;0m▀[38;2;66;66;66m[48;2;214;214;246m▀[38;2;231;231;247m▀[38;2;214;214;246m▀[38;2;57;86;113m▀[48;2;217;214;244m▀▀[38;2;214;214;246m[48;2;214;214;246m▀▀[38;2;115;123;131m[48;2;77;80;80m▀[38;2;66;74;74m[48;2;231;239;239m▀[38;2;121;131;137m[48;2;8;8;8m▀[38;2;214;214;246m[48;2;222;222;246m▀[48;2;217;214;244m▀▀[38;2;57;86;113m[48;2;231;222;247m▀[38;2;79;133;188m[48;2;66;86;114m▀[38;2;79;132;189m[48;2;57;86;113m▀▀[38;2;49;86;113m[48;2;189;181;205m▀[38;2;173;173;213m▀[38;2;184;178;200m[48;2;181;173;205m▀[38;2;57;90;121m▀▀[38;2;184;178;200m[48;2;0;0;0m▀[38;2;186;178;202m▀▀[38;2;0;0;0m[49m▀▀       [0m
            [38;2;0;0;0m▀[38;2;214;214;246m[48;2;0;0;0m▀[38;2;82;86;114m[48;2;206;206;238m▀[38;2;214;214;246m[48;2;103;103;119m▀[38;2;217;214;244m[48;2;93;93;112m▀▀[38;2;82;86;114m[48;2;214;214;246m▀[38;2;214;214;246m▀[38;2;154;159;159m▀[38;2;0;0;0m▀[38;2;115;115;127m▀[38;2;222;222;246m▀[38;2;217;214;244m[48;2;187;177;203m▀▀[38;2;176;177;203m[48;2;186;178;202m▀▀[38;2;184;177;202m[48;2;181;173;205m▀[48;2;0;0;0m▀[38;2;63;63;68m▀[38;2;0;4;0m[49m▀[38;2;0;0;0m▀▀▀            [0m
              [38;2;0;0;0m▀▀[38;2;49;53;65m[48;2;0;0;0m▀[38;2;181;173;205m▀[38;2;187;175;203m▀[48;2;181;173;205m▀▀▀[48;2;86;86;114m▀▀[38;2;82;86;114m[48;2;181;173;205m▀[38;2;187;177;203m[48;2;0;0;0m▀[38;2;186;178;202m▀▀[38;2;0;0;0m[49m▀                  [0m
                   [38;2;0;0;0m▀▀▀▀▀▀                      [0m
