
[38;2;0;0;0m                                                
[38;2;0;0;0m                  ██████████                    
[38;2;0;0;0m              ████[38;2;140;99;172m██[38;2;0;0;0m██[38;2;255;239;55m██[38;2;0;0;0m██[38;2;140;99;172m██[38;2;0;0;0m████                
[38;2;0;0;0m              [38;2;0;12;0m██[38;2;181;148;213m██[38;2;66;66;66m██[38;2;192;165;133m██[38;2;255;247;55m██[38;2;195;188;59m██[38;2;66;66;66m██[38;2;181;140;213m██[38;2;0;0;0m██                
[38;2;0;0;0m            ██[38;2;60;57;71m████[38;2;192;165;133m██[38;2;66;66;66m██[38;2;195;188;59m██[38;2;74;70;66m██[38;2;181;140;213m██[38;2;66;66;66m██[38;2;0;0;0m██                
[38;2;0;0;0m          ██[38;2;181;189;221m██[38;2;181;140;213m████[38;2;140;98;172m██[38;2;181;140;213m██[38;2;140;98;172m██[38;2;181;140;213m██[38;2;140;98;172m██[38;2;181;140;213m████[38;2;0;0;0m██              
[38;2;0;0;0m        ██[38;2;181;189;221m██[38;2;60;63;74m██[38;2;181;140;213m████████████████████[38;2;0;0;0m██            
[38;2;0;0;0m        ██[38;2;57;74;65m██[38;2;214;206;254m██[38;2;181;231;237m████[38;2;181;140;213m██████[38;2;181;231;237m██[38;2;173;156;213m████[38;2;198;222;238m██[38;2;66;66;66m██[38;2;181;231;237m██[38;2;0;0;0m██          
[38;2;0;0;0m      ██[38;2;181;231;237m██[38;2;57;74;65m██[38;2;135;140;159m██[38;2;115;173;171m██[38;2;181;231;237m████[38;2;181;140;213m██[38;2;181;231;237m████[38;2;134;131;164m██[38;2;57;82;65m██[38;2;198;222;238m████[38;2;60;77;79m██[38;2;0;0;0m██          
[38;2;0;0;0m      ██[38;2;181;231;237m██[38;2;66;66;66m██[38;2;198;222;238m██[38;2;181;231;237m██████[38;2;66;66;66m██[38;2;181;231;237m████[38;2;198;214;246m████[38;2;57;66;65m██[38;2;134;176;180m██[38;2;66;66;66m██[38;2;181;231;237m██[38;2;0;0;0m██        
[38;2;0;0;0m      ██[38;2;60;77;79m██[38;2;198;222;238m████[38;2;181;231;237m██████[38;2;66;66;66m██[38;2;181;231;237m████[38;2;66;66;66m████[38;2;173;231;237m████[38;2;66;66;66m██[38;2;181;231;237m██[38;2;0;0;0m██        
[38;2;0;0;0m      ██[38;2;60;77;79m██[38;2;115;173;171m████[38;2;181;231;237m████[38;2;0;0;16m██[38;2;82;80;32m██[38;2;181;231;237m████[38;2;173;231;237m██[38;2;57;66;65m██[38;2;181;231;237m████[38;2;214;206;254m██[38;2;57;74;65m██[38;2;181;247;245m██[38;2;0;4;8m██[38;2;0;0;0m██    
[38;2;0;0;0m      ██[38;2;181;231;237m██[38;2;66;66;66m████[38;2;181;231;237m████[38;2;0;0;16m██[38;2;247;239;63m██[38;2;181;231;237m████[38;2;173;231;237m██[38;2;134;176;180m██[38;2;66;66;66m██[38;2;181;231;237m██[38;2;135;140;159m██[38;2;57;74;65m██[38;2;121;166;166m████[38;2;115;173;171m██[38;2;0;0;0m██  
[38;2;0;0;0m    ██[38;2;181;231;237m████[38;2;143;168;185m████[38;2;66;66;66m████[38;2;255;239;55m████[38;2;181;231;237m████████[38;2;222;189;246m██[38;2;66;66;66m██[38;2;181;231;237m████[38;2;66;66;66m██[38;2;115;173;171m████[38;2;0;0;0m██  
[38;2;0;0;0m    ██[38;2;181;231;237m████[38;2;181;222;245m██[38;2;66;61;66m██[38;2;181;140;213m████████[38;2;66;66;66m██[38;2;181;231;237m████[38;2;115;173;171m██[38;2;66;66;66m████[38;2;181;231;237m████[38;2;66;66;66m████[38;2;0;0;0m██    
[38;2;0;0;0m  ██[38;2;181;231;237m██████[38;2;44;60;57m██[38;2;115;173;171m██[38;2;66;66;66m████[38;2;255;247;255m██[38;2;74;45;90m██[38;2;74;61;66m██[38;2;198;214;254m██[38;2;181;231;237m██████[38;2;66;66;66m██[38;2;173;231;237m████[38;2;198;214;246m██[38;2;0;0;0m██      
[38;2;0;0;0m  ██[38;2;60;77;79m██[38;2;181;231;237m████[38;2;8;4;0m██[38;2;115;173;171m██[38;2;66;66;66m██[38;2;181;140;213m██[38;2;134;112;145m████[38;2;157;163;191m██[38;2;74;61;66m██[38;2;181;231;237m████████[38;2;57;66;65m██[38;2;134;176;180m██[38;2;198;214;246m██[38;2;0;0;0m██      
[38;2;0;0;0m    ██████  ██[38;2;181;140;213m██████████[38;2;66;66;66m██[38;2;181;231;237m████[38;2;198;222;238m████[38;2;66;66;66m██[38;2;0;0;0m████        
[38;2;0;0;0m            ██[38;2;66;66;66m██[38;2;181;140;213m██[38;2;140;98;172m██[38;2;181;140;213m██████[38;2;0;0;0m██[38;2;181;231;237m██[38;2;115;173;171m██[38;2;198;222;238m██[38;2;0;0;0m██            
[38;2;0;0;0m              ██████[38;2;181;140;213m████[38;2;0;0;0m██  ██████              
[38;2;0;0;0m                    ████                        
[38;2;0;0;0m                                                [0m
