
       [38;2;49;49;49m▄▄▄▄           [0m
      [38;2;49;49;49m[48;2;49;49;49m▀[38;2;106;115;131m[48;2;106;115;131m▀[38;2;82;82;82m[48;2;82;82;82m▀[38;2;106;115;131m[48;2;106;115;131m▀[38;2;82;82;82m[48;2;82;82;82m▀[38;2;49;49;49m[48;2;106;115;131m▀[49m▄         [0m
      [38;2;49;49;49m▄[48;2;49;49;49m▀[38;2;106;115;131m[48;2;106;115;131m▀[38;2;82;82;82m[48;2;82;82;82m▀[38;2;106;115;131m[48;2;106;115;131m▀[38;2;82;82;82m[48;2;82;82;82m▀[38;2;49;49;49m[48;2;106;115;131m▀[49m▄        [0m
    [38;2;49;49;49m▄[48;2;106;222;197m▀[38;2;74;180;172m[48;2;139;255;222m▀[38;2;82;82;82m[48;2;82;82;82m▀[38;2;106;115;131m▀[38;2;82;82;82m[48;2;139;255;222m▀▀[48;2;74;180;172m▀[38;2;106;115;131m[48;2;82;82;82m▀[38;2;49;49;49m[48;2;49;49;49m▀[49m        [0m
  [38;2;49;49;49m▄[48;2;82;123;115m▀[38;2;139;255;222m[48;2;139;255;222m▀[38;2;255;255;255m[48;2;49;49;49m▀[38;2;139;255;222m[48;2;139;255;222m▀▀▀[48;2;255;255;255m▀[48;2;139;255;222m▀▀[38;2;106;222;197m[48;2;106;222;197m▀[38;2;82;123;115m[48;2;74;180;172m▀[38;2;49;49;49m[48;2;49;49;49m▀[49m       [0m
 [38;2;49;49;49m▀[38;2;246;123;90m[48;2;49;49;49m▀[48;2;148;57;49m▀[38;2;139;255;222m[48;2;74;180;172m▀[38;2;213;82;65m[48;2;106;222;197m▀[38;2;139;255;222m[48;2;139;255;222m▀[48;2;106;222;197m▀[48;2;139;255;222m▀[38;2;49;49;49m[48;2;213;82;65m▀[38;2;139;255;222m[48;2;106;222;197m▀[48;2;74;180;172m▀[38;2;74;180;172m[48;2;246;123;90m▀[38;2;246;123;90m[48;2;213;82;65m▀▀[38;2;49;49;49m[48;2;49;49;49m▀[49m      [0m
   [38;2;49;49;49m▀[38;2;82;123;115m[48;2;49;49;49m▀[38;2;189;222;213m[48;2;82;82;82m▀[48;2;189;222;213m▀[38;2;139;255;222m▀▀[38;2;106;222;197m▀[38;2;74;180;172m▀[48;2;82;123;115m▀[38;2;246;123;90m▀[38;2;213;82;65m[48;2;246;123;90m▀[38;2;246;123;90m[48;2;148;57;49m▀[48;2;49;49;49m▀[38;2;49;49;49m[49m▀▄▄▄  [0m
  [38;2;49;49;49m▄[48;2;106;222;197m▀[38;2;74;180;172m▀[48;2;82;82;82m▀[38;2;82;123;115m[48;2;82;123;115m▀[38;2;74;180;172m[48;2;189;222;213m▀[38;2;189;222;213m▀[38;2;82;123;115m▀[48;2;74;180;172m▀[38;2;74;180;172m▀[38;2;82;123;115m▀[48;2;106;222;197m▀[38;2;49;49;49m[48;2;74;180;172m▀[49m▄[48;2;82;82;82m▀[38;2;106;115;131m[48;2;106;115;131m▀[48;2;82;82;82m▀▀[38;2;49;49;49m[48;2;49;49;49m▀[49m [0m
   [38;2;49;49;49m▀▀[48;2;49;49;49m▀[38;2;74;180;172m[48;2;74;180;172m▀[38;2;189;115;90m[48;2;246;123;90m▀[38;2;246;123;90m▀[38;2;189;115;90m▀[38;2;74;180;172m[48;2;189;115;90m▀[48;2;74;180;172m▀[38;2;82;123;115m▀[38;2;106;222;197m[48;2;82;123;115m▀[48;2;106;222;197m▀[38;2;74;180;172m[48;2;139;255;222m▀[38;2;82;82;82m▀[48;2;82;82;82m▀[38;2;106;115;131m[48;2;106;115;131m▀[48;2;49;49;49m▀[38;2;49;49;49m[49m▀ [0m
      [38;2;49;49;49m[48;2;49;49;49m▀[38;2;82;123;115m[48;2;74;180;172m▀[38;2;246;123;90m[48;2;82;123;115m▀[38;2;189;115;90m[48;2;49;49;49m▀▀[38;2;82;123;115m[48;2;74;180;172m▀[38;2;106;222;197m[48;2;106;222;197m▀[38;2;74;180;172m[48;2;74;180;172m▀[38;2;82;123;115m[48;2;82;82;82m▀[38;2;82;82;82m[48;2;106;115;131m▀▀[38;2;106;115;131m[48;2;49;49;49m▀[38;2;82;82;82m▀[38;2;49;49;49m[49m▀  [0m
       [38;2;49;49;49m▀▀ ▀[38;2;74;180;172m[48;2;49;49;49m▀▀[38;2;49;49;49m[49m▀ ▀▀     [0m
                      [0m
