
              [38;2;0;4;0m▄▄▄▄           [0m
           [38;2;0;4;0m▄[48;2;53;61;65m▀[48;2;99;118;128m▀[38;2;99;117;127m▀▀▀▀[38;2;0;4;0m▀[49m▄  ▄▄     [0m
           [38;2;0;4;0m[48;2;0;4;0m▀[38;2;107;119;131m[48;2;94;96;94m▀[38;2;99;118;128m[48;2;101;115;131m▀▀[48;2;99;118;128m▀▀[48;2;99;117;127m▀▀[38;2;99;117;127m[48;2;99;115;131m▀[38;2;0;4;0m▀[48;2;94;96;94m▀[38;2;94;96;94m▀[48;2;0;4;0m▀[38;2;0;4;0m[49m▀    [0m
     [38;2;0;4;0m▄[48;2;99;117;127m▀[49m▄▄  ▄[48;2;66;73;71m▀[38;2;96;99;98m[48;2;96;99;96m▀[38;2;101;115;131m▀[38;2;99;118;128m[48;2;94;96;94m▀[48;2;0;4;0m▀[38;2;0;4;0m[49m▀▀[38;2;94;98;98m[48;2;0;4;0m▀▀[38;2;94;96;94m▀[38;2;0;4;0m[49m▀      [0m
    [38;2;0;4;0m▄[48;2;99;115;131m▀[38;2;99;117;127m[48;2;94;98;98m▀[48;2;99;114;128m▀[48;2;82;79;69m▀[38;2;0;4;0m[48;2;99;118;128m▀[38;2;66;65;66m▀[38;2;99;107;107m[48;2;99;115;127m▀▀[38;2;96;99;96m[48;2;66;66;66m▀▀[38;2;0;4;0m[48;2;55;63;63m▀[38;2;8;8;0m[49m▄  [38;2;0;4;0m▄▄        [0m
   [38;2;0;4;0m[48;2;0;4;0m▀[38;2;99;117;127m[48;2;99;117;127m▀[38;2;94;98;98m[48;2;91;97;96m▀[38;2;99;115;131m[48;2;99;115;123m▀[38;2;99;114;128m[48;2;82;79;69m▀[38;2;82;79;69m[48;2;99;114;128m▀[38;2;99;118;128m[48;2;99;118;128m▀▀[38;2;99;115;127m[48;2;66;66;66m▀[38;2;66;66;66m[48;2;99;115;127m▀[38;2;99;115;127m[48;2;99;118;128m▀▀[38;2;101;118;125m[48;2;98;113;128m▀▀[38;2;0;4;0m[48;2;99;118;128m▀▀[38;2;99;117;127m[48;2;99;117;127m▀[38;2;0;4;0m[48;2;0;4;0m▀[49m        [0m
   [38;2;0;4;0m▄[48;2;99;117;127m▀[38;2;82;79;69m[48;2;99;118;128m▀▀[38;2;99;114;128m▀▀[38;2;99;118;128m▀▀[38;2;66;66;66m[48;2;66;66;66m▀[38;2;99;115;127m[48;2;99;115;127m▀[38;2;99;118;128m[48;2;99;118;128m▀▀[38;2;74;71;68m[48;2;66;66;66m▀[48;2;99;115;127m▀[38;2;99;118;128m[48;2;66;66;66m▀[48;2;99;115;127m▀[38;2;0;4;0m[48;2;0;4;0m▀[49m         [0m
  [38;2;0;4;0m▄[48;2;99;115;127m▀[38;2;99;117;127m▀[38;2;99;118;128m[48;2;74;70;66m▀▀[48;2;99;115;127m▀▀▀▀[38;2;99;115;127m▀[38;2;66;66;66m▀[38;2;99;118;128m[48;2;66;66;66m▀▀[38;2;99;115;127m[48;2;99;115;127m▀[48;2;66;66;66m▀[38;2;66;66;66m[48;2;99;117;127m▀[38;2;99;115;127m[48;2;0;4;0m▀[38;2;0;4;0m[49m▀         [0m
  [38;2;0;4;0m[48;2;0;4;0m▀[38;2;99;115;127m[48;2;107;119;131m▀[38;2;66;66;66m[48;2;57;63;65m▀[38;2;255;239;135m[48;2;255;99;63m▀[38;2;74;70;66m[48;2;90;90;82m▀[38;2;66;66;66m[48;2;66;66;58m▀[38;2;99;115;127m[48;2;99;115;123m▀[48;2;66;66;66m▀[38;2;66;66;66m[48;2;82;80;69m▀[48;2;82;82;66m▀▀[38;2;99;115;127m[48;2;66;66;58m▀[48;2;99;115;123m▀[48;2;99;118;128m▀▀[38;2;99;117;127m[48;2;99;117;127m▀▀[38;2;0;4;0m[48;2;0;4;0m▀[49m         [0m
   [38;2;8;8;0m[48;2;0;4;0m▀[38;2;57;63;65m[48;2;99;117;127m▀[38;2;255;99;63m[48;2;66;66;66m▀[38;2;90;90;82m[48;2;99;115;127m▀[38;2;77;82;80m[48;2;101;115;131m▀[38;2;66;66;58m[48;2;96;99;98m▀[38;2;82;80;69m[48;2;96;107;112m▀[48;2;255;99;63m▀[38;2;255;239;135m▀[38;2;82;82;66m[48;2;90;93;85m▀[38;2;77;82;80m[48;2;82;80;69m▀[38;2;66;66;58m[48;2;66;66;66m▀[38;2;99;118;128m[48;2;99;118;128m▀▀[38;2;99;117;127m[48;2;99;117;127m▀[38;2;0;4;0m[48;2;0;4;0m▀[49m          [0m
   [38;2;0;4;0m▄[48;2;99;117;127m▀[38;2;99;115;127m[48;2;82;79;69m▀[48;2;99;114;128m▀[38;2;101;115;131m[48;2;98;115;128m▀[48;2;74;74;68m▀[38;2;96;107;112m[48;2;99;118;128m▀[38;2;255;99;63m▀[38;2;90;93;85m▀▀[38;2;82;80;69m[48;2;66;66;66m▀[38;2;66;66;66m[48;2;99;115;127m▀[38;2;99;118;128m[48;2;99;107;107m▀[48;2;0;4;0m▀[38;2;0;4;0m[49m▀           [0m
  [38;2;0;4;0m▀[38;2;99;117;127m[48;2;0;4;0m▀[48;2;99;117;127m▀[38;2;99;114;128m[48;2;99;115;127m▀[38;2;82;79;69m▀[38;2;74;74;68m[48;2;99;118;128m▀▀[38;2;99;118;128m[48;2;82;79;69m▀▀▀▀[38;2;99;115;127m[48;2;101;115;131m▀[38;2;66;66;66m▀[38;2;66;73;71m[48;2;94;96;94m▀[38;2;99;107;107m▀[38;2;0;4;0m▀▀[49m▄         [0m
   [38;2;8;8;0m▄[38;2;0;4;0m[48;2;74;74;66m▀[38;2;66;66;66m[48;2;82;80;69m▀[38;2;99;115;127m▀[38;2;99;118;128m[48;2;66;66;66m▀▀[38;2;99;114;128m[48;2;99;115;127m▀▀[48;2;99;115;123m▀[48;2;88;99;104m▀[38;2;101;115;131m[48;2;66;66;66m▀[38;2;96;99;98m▀[38;2;94;96;94m[48;2;0;4;0m▀[38;2;0;4;0m[49m▀▀▀          [0m
 [38;2;0;4;0m▄[48;2;107;115;123m▀[38;2;74;74;66m[48;2;74;71;68m▀[38;2;107;107;99m[48;2;98;113;128m▀[38;2;66;66;66m[48;2;66;66;66m▀[38;2;82;80;69m[48;2;99;115;127m▀[48;2;90;99;96m▀[48;2;82;82;66m▀[38;2;66;66;66m[48;2;82;79;69m▀▀[48;2;82;82;74m▀▀[38;2;82;80;69m[48;2;82;82;66m▀[48;2;90;99;96m▀[38;2;0;4;0m[48;2;107;115;123m▀[49m▄            [0m
 [38;2;0;4;0m[48;2;0;4;0m▀[38;2;71;78;82m[48;2;99;117;127m▀[38;2;98;113;128m[48;2;107;119;131m▀[38;2;74;71;68m[48;2;57;63;65m▀[38;2;99;115;127m[48;2;94;98;98m▀[48;2;99;115;131m▀[38;2;99;115;125m[48;2;99;115;127m▀▀[38;2;99;114;128m[48;2;99;118;128m▀▀[38;2;99;99;91m[48;2;99;115;127m▀[38;2;66;66;58m[48;2;66;66;66m▀[38;2;99;115;125m[48;2;99;118;128m▀▀[38;2;71;78;82m[48;2;82;79;69m▀[38;2;107;115;123m[48;2;99;114;128m▀[38;2;0;4;0m[48;2;99;117;127m▀[49m▄    ▄▄[38;2;0;5;0m▄▄  [0m
  [38;2;0;4;0m▀[38;2;8;8;0m▀[38;2;57;63;65m[48;2;0;4;0m▀[38;2;94;98;98m[48;2;94;98;94m▀▀[38;2;66;66;66m[48;2;99;99;99m▀[38;2;99;115;127m[48;2;66;67;66m▀[38;2;99;118;128m[48;2;74;71;68m▀[48;2;98;113;128m▀[38;2;99;115;127m[48;2;99;118;128m▀[38;2;66;66;66m▀[38;2;99;118;128m[48;2;66;66;66m▀[48;2;99;115;127m▀[38;2;99;114;128m▀[38;2;82;79;69m▀[38;2;99;117;127m[48;2;66;73;71m▀[38;2;0;4;0m[48;2;0;4;0m▀[38;2;0;8;0m[49m▄▄[38;2;0;4;0m[48;2;82;80;69m▀▀[38;2;82;80;69m[48;2;0;4;0m▀▀[38;2;0;5;0m[49m▀▀[38;2;0;4;0m▀ [0m
    [38;2;0;4;0m▀[38;2;82;82;66m[48;2;0;4;0m▀[38;2;94;98;94m▀[38;2;99;99;99m▀[38;2;0;4;0m[49m▀[38;2;74;71;68m[48;2;0;4;0m▀[38;2;98;113;128m[48;2;99;117;127m▀[38;2;99;118;128m▀▀[38;2;99;115;127m▀[38;2;66;66;66m[48;2;0;4;0m▀▀▀[38;2;99;107;107m▀▀[38;2;107;103;99m▀[38;2;71;71;66m▀[38;2;82;80;69m▀[38;2;0;4;0m[49m▀      [0m
          [38;2;0;4;0m▀▀▀▀               [0m
