
[38;2;0;0;0m                                                        
[38;2;0;0;0m        [38;2;49;49;49m██[38;2;0;0;0m                                              
[38;2;0;0;0m      [38;2;49;49;49m██[38;2;246;123;90m██[38;2;49;49;49m██[38;2;0;0;0m                                            
[38;2;0;0;0m      [38;2;49;49;49m██[38;2;246;123;90m██[38;2;49;49;49m██[38;2;0;0;0m                                            
[38;2;0;0;0m      [38;2;49;49;49m██[38;2;246;123;90m██[38;2;49;49;49m██[38;2;0;0;0m                  [38;2;49;49;49m██[38;2;0;0;0m                        
[38;2;0;0;0m    [38;2;49;49;49m██[38;2;246;123;90m████[38;2;255;255;255m██[38;2;49;49;49m██[38;2;0;0;0m              [38;2;49;49;49m██[38;2;197;246;255m██[38;2;49;49;49m██[38;2;0;0;0m                [38;2;49;49;49m████[38;2;0;0;0m  
[38;2;0;0;0m    [38;2;49;49;49m██[38;2;246;123;90m██[38;2;255;255;255m████[38;2;49;49;49m██[38;2;0;0;0m              [38;2;49;49;49m██[38;2;197;246;255m██[38;2;49;49;49m██[38;2;0;0;0m              [38;2;49;49;49m██[38;2;246;123;90m██[38;2;49;49;49m██[38;2;0;0;0m  
[38;2;0;0;0m  [38;2;49;49;49m██[38;2;255;255;255m██[38;2;246;123;90m██[38;2;255;255;255m██[38;2;189;139;156m██[38;2;49;49;49m██[38;2;0;0;0m            [38;2;49;49;49m██[38;2;197;246;255m██[38;2;131;197;246m██[38;2;49;49;49m██[38;2;0;0;0m            [38;2;49;49;49m██[38;2;246;123;90m████[38;2;49;49;49m██[38;2;0;0;0m  
[38;2;0;0;0m  [38;2;49;49;49m██[38;2;246;123;90m████[38;2;255;255;255m██[38;2;148;65;98m████[38;2;49;49;49m██[38;2;0;0;0m          [38;2;49;49;49m██[38;2;197;246;255m██[38;2;49;49;49m██[38;2;0;0;0m            [38;2;49;49;49m██[38;2;246;123;90m████[38;2;49;49;49m██[38;2;0;0;0m    
[38;2;0;0;0m  [38;2;49;49;49m██[38;2;255;255;255m██[38;2;246;123;90m██[38;2;255;255;255m██[38;2;148;65;98m████[38;2;49;49;49m██[38;2;0;0;0m        [38;2;49;49;49m██[38;2;197;246;255m██[38;2;131;197;246m██[38;2;49;49;49m██[38;2;0;0;0m          [38;2;49;49;49m██[38;2;255;255;255m██[38;2;246;123;90m████[38;2;49;49;49m██[38;2;0;0;0m    
[38;2;0;0;0m  [38;2;49;49;49m██[38;2;246;123;90m████[38;2;255;255;255m████[38;2;148;65;98m██[38;2;49;49;49m██[38;2;0;0;0m        [38;2;49;49;49m██[38;2;197;246;255m██[38;2;49;49;49m██[38;2;0;0;0m          [38;2;49;49;49m██[38;2;189;139;156m██[38;2;255;255;255m████[38;2;246;123;90m██[38;2;255;255;255m██[38;2;49;49;49m██[38;2;0;0;0m  
[38;2;0;0;0m    [38;2;49;49;49m██[38;2;255;255;255m██[38;2;246;123;90m██[38;2;255;255;255m██████[38;2;49;49;49m██[38;2;0;0;0m    [38;2;49;49;49m██[38;2;197;246;255m████[38;2;49;49;49m██[38;2;0;0;0m        [38;2;49;49;49m██[38;2;148;65;98m████[38;2;255;255;255m████[38;2;246;123;90m████[38;2;49;49;49m██[38;2;0;0;0m  
[38;2;0;0;0m    [38;2;49;49;49m██[38;2;246;123;90m██[38;2;255;255;255m██[38;2;246;123;90m██████[38;2;49;49;49m██[38;2;0;0;0m  [38;2;49;49;49m██[38;2;197;246;255m████[38;2;131;197;246m██[38;2;49;49;49m██[38;2;0;0;0m      [38;2;49;49;49m██[38;2;148;65;98m██████[38;2;255;255;255m████[38;2;246;123;90m██[38;2;255;255;255m██[38;2;49;49;49m██[38;2;0;0;0m  
[38;2;0;0;0m      [38;2;49;49;49m██[38;2;255;255;255m██[38;2;246;123;90m██[38;2;255;255;255m██[38;2;246;123;90m████[38;2;49;49;49m██[38;2;197;246;255m██████[38;2;131;197;246m████[38;2;49;49;49m██[38;2;0;0;0m  [38;2;49;49;49m██[38;2;255;255;255m██[38;2;148;65;98m████[38;2;255;255;255m████[38;2;246;123;90m████[38;2;255;255;255m██[38;2;49;49;49m██[38;2;0;0;0m  
[38;2;0;0;0m        [38;2;49;49;49m████[38;2;255;255;255m██[38;2;246;123;90m██[38;2;82;82;82m██[38;2;131;197;246m██[38;2;197;246;255m████████[38;2;131;197;246m████[38;2;49;49;49m██[38;2;246;123;90m████[38;2;255;255;255m██████[38;2;246;123;90m██[38;2;255;255;255m████[38;2;49;49;49m██[38;2;0;0;0m    
[38;2;0;0;0m            [38;2;49;49;49m████[38;2;131;197;246m██[38;2;197;246;255m████████████[38;2;82;82;82m██[38;2;246;123;90m██████████████[38;2;255;255;255m██[38;2;49;49;49m██[38;2;0;0;0m      
[38;2;0;0;0m              [38;2;49;49;49m██[38;2;255;255;255m██[38;2;213;98;65m████[38;2;197;246;255m██[38;2;131;197;246m██[38;2;197;246;255m████[38;2;82;82;82m████[38;2;255;255;255m████[38;2;246;123;90m██[38;2;255;255;255m████[38;2;49;49;49m████[38;2;0;0;0m        
[38;2;0;0;0m            [38;2;49;49;49m██[38;2;82;82;82m██[38;2;49;49;49m██[38;2;246;123;90m████[38;2;213;98;65m██[38;2;255;255;255m██[38;2;49;49;49m██[38;2;197;246;255m██[38;2;131;197;246m████[38;2;82;82;82m████████[38;2;49;49;49m██[38;2;0;0;0m            
[38;2;0;0;0m          [38;2;49;49;49m██[38;2;197;246;255m██[38;2;82;82;82m██[38;2;213;98;65m██[38;2;246;123;90m██████[38;2;49;49;49m██[38;2;82;82;82m██[38;2;131;197;246m██████[38;2;82;82;82m██[38;2;131;197;246m████[38;2;197;246;255m██[38;2;49;49;49m██[38;2;0;0;0m            
[38;2;0;0;0m        [38;2;49;49;49m██[38;2;197;246;255m██████[38;2;49;49;49m██[38;2;246;123;90m██████[38;2;213;98;65m██[38;2;131;197;246m██████[38;2;82;82;82m██████[38;2;197;246;255m██████[38;2;49;49;49m██[38;2;0;0;0m          
[38;2;0;0;0m        [38;2;49;49;49m████████[38;2;0;0;0m  [38;2;49;49;49m████[38;2;213;98;65m██[38;2;131;197;246m████[38;2;49;49;49m████[38;2;197;246;255m██[38;2;131;197;246m████[38;2;82;82;82m██[38;2;49;49;49m██████[38;2;0;0;0m          
[38;2;0;0;0m                      [38;2;49;49;49m██████[38;2;0;0;0m    [38;2;49;49;49m██[38;2;197;246;255m██████[38;2;49;49;49m██[38;2;0;0;0m              
[38;2;0;0;0m                                  [38;2;49;49;49m██[38;2;197;246;255m██████[38;2;49;49;49m██[38;2;0;0;0m            
[38;2;0;0;0m                                    [38;2;49;49;49m████████[38;2;0;0;0m            
[38;2;0;0;0m                                                        [0m
