
     [38;2;49;49;49m▄▄                  [0m
   [38;2;49;49;49m▄[48;2;255;197;0m▀[38;2;255;197;0m[48;2;49;49;49m▀▀[38;2;49;49;49m[49m▀▄[48;2;255;197;0m▀▀[49m▄             [0m
  [38;2;49;49;49m▄[48;2;255;197;0m▀[38;2;255;197;0m[48;2;49;49;49m▀[38;2;49;49;49m[49m▀▄[48;2;255;197;0m▀[38;2;255;197;0m[48;2;49;49;49m▀[38;2;49;49;49m[49m▀▀              [0m
  [38;2;49;49;49m[48;2;49;49;49m▀[38;2;255;197;0m[48;2;255;197;0m▀[38;2;49;49;49m[48;2;106;148;74m▀[48;2;255;197;0m▀[38;2;255;197;0m[48;2;189;172;16m▀[38;2;82;82;82m[48;2;148;189;131m▀[38;2;49;49;49m[48;2;180;246;131m▀[48;2;106;148;74m▀[49m▄              [0m
  [38;2;49;49;49m[48;2;49;49;49m▀[38;2;106;148;74m[48;2;180;246;131m▀[38;2;180;246;131m[48;2;255;197;0m▀[38;2;255;197;0m[48;2;148;189;131m▀[38;2;148;189;131m[48;2;180;246;131m▀[38;2;180;246;131m[48;2;148;189;131m▀[48;2;106;148;74m▀[48;2;180;246;131m▀▀[38;2;49;49;49m[48;2;148;189;131m▀[49m▄[48;2;255;255;255m▀▀[49m▄         [0m
 [38;2;49;49;49m[48;2;49;49;49m▀[38;2;180;246;131m[48;2;222;255;189m▀[48;2;180;246;131m▀[38;2;255;197;0m[48;2;148;189;131m▀[38;2;180;246;131m[48;2;180;246;131m▀[38;2;106;148;74m[48;2;255;255;255m▀[38;2;255;197;0m[48;2;82;82;82m▀[38;2;255;255;255m[48;2;255;255;255m▀[38;2;106;148;74m[48;2;148;189;131m▀[38;2;180;246;131m[48;2;180;246;131m▀▀[38;2;82;82;82m▀[38;2;255;164;222m[48;2;82;82;82m▀[48;2;255;164;222m▀[38;2;255;255;255m[48;2;255;255;255m▀[38;2;49;49;49m[48;2;49;49;49m▀[49m▄▄  ▄▄▄ [0m
 [38;2;49;49;49m[48;2;49;49;49m▀[38;2;222;255;189m[48;2;148;189;131m▀[48;2;222;255;189m▀[38;2;180;246;131m[48;2;180;246;131m▀▀[38;2;189;172;16m▀[38;2;82;82;82m▀[38;2;255;255;255m[48;2;106;148;74m▀[38;2;180;246;131m[48;2;180;246;131m▀▀▀▀[38;2;106;148;74m▀[38;2;238;115;156m[48;2;106;148;74m▀[38;2;82;82;82m[48;2;180;65;106m▀[38;2;255;164;222m[48;2;238;115;156m▀[38;2;255;255;255m[48;2;255;164;222m▀[48;2;255;255;255m▀[38;2;49;49;49m[48;2;82;82;82m▀[48;2;180;246;131m▀[38;2;180;246;131m▀[38;2;148;189;131m[48;2;148;189;131m▀[38;2;49;49;49m[48;2;49;49;49m▀[49m [0m
  [38;2;49;49;49m▀[38;2;180;246;131m[48;2;49;49;49m▀[38;2;148;189;131m▀[38;2;180;246;131m▀▀[38;2;82;82;82m[48;2;189;189;189m▀[38;2;180;246;131m[48;2;82;82;82m▀[48;2;180;246;131m▀▀▀▀▀[38;2;106;148;74m[48;2;106;148;74m▀[38;2;238;115;156m[48;2;238;115;156m▀▀[38;2;255;164;222m[48;2;255;255;255m▀[38;2;255;255;255m[48;2;82;82;82m▀[38;2;82;82;82m[48;2;180;246;131m▀[38;2;106;148;74m▀[38;2;180;246;131m[48;2;106;148;74m▀[38;2;148;189;131m[48;2;148;189;131m▀[38;2;49;49;49m[48;2;49;49;49m▀[49m [0m
      [38;2;49;49;49m▄[48;2;255;255;255m▀[38;2;255;164;222m[48;2;238;115;156m▀[38;2;82;82;82m[48;2;82;82;82m▀[38;2;180;246;131m[48;2;148;189;131m▀[48;2;180;246;131m▀▀[48;2;106;148;74m▀[38;2;106;148;74m[48;2;255;197;0m▀[38;2;180;65;106m[48;2;238;115;156m▀[38;2;82;82;82m[48;2;255;164;222m▀[38;2;106;148;74m[48;2;82;82;82m▀[38;2;148;189;131m[48;2;180;246;131m▀[38;2;180;246;131m▀▀▀[38;2;49;49;49m[48;2;49;49;49m▀[49m  [0m
      [38;2;49;49;49m[48;2;49;49;49m▀[38;2;255;255;255m[48;2;255;255;255m▀[38;2;238;115;156m▀[38;2;255;197;0m[48;2;180;65;106m▀[38;2;180;65;106m[48;2;238;115;156m▀[38;2;106;148;74m▀▀[38;2;180;65;106m[48;2;180;65;106m▀[38;2;255;197;0m[48;2;238;115;156m▀[38;2;238;115;156m▀[38;2;255;164;222m[48;2;255;164;222m▀[38;2;255;255;255m[48;2;255;255;255m▀[38;2;82;82;82m[48;2;82;82;82m▀[38;2;180;246;131m[48;2;180;246;131m▀[48;2;148;189;131m▀[38;2;148;189;131m▀▀[38;2;49;49;49m[48;2;49;49;49m▀[49m [0m
       [38;2;49;49;49m[48;2;49;49;49m▀[38;2;106;148;74m[48;2;180;246;131m▀[38;2;82;82;82m[48;2;82;82;82m▀[38;2;255;164;222m[48;2;255;255;255m▀[38;2;238;115;156m[48;2;255;164;222m▀[48;2;255;255;255m▀[38;2;255;255;255m▀[38;2;82;82;82m[48;2;106;148;74m▀[38;2;255;255;255m▀[48;2;82;82;82m▀▀[38;2;82;82;82m[48;2;148;189;131m▀[38;2;148;189;131m▀[48;2;82;82;82m▀[48;2;148;189;131m▀▀[38;2;49;49;49m[48;2;49;49;49m▀[49m [0m
       [38;2;49;49;49m▀[38;2;148;189;131m[48;2;49;49;49m▀[38;2;180;246;131m[48;2;180;246;131m▀[38;2;82;82;82m[48;2;148;189;131m▀[38;2;255;255;255m[48;2;82;82;82m▀[38;2;82;82;82m[48;2;180;246;131m▀[38;2;106;148;74m▀[38;2;180;246;131m▀▀▀[38;2;148;189;131m[48;2;148;189;131m▀[38;2;49;49;49m[48;2;49;49;49m▀[49m▀[38;2;189;189;189m[48;2;49;49;49m▀▀[38;2;148;189;131m▀[38;2;49;49;49m[49m▀ [0m
       [38;2;49;49;49m▀[38;2;255;255;255m[48;2;49;49;49m▀[38;2;189;189;189m▀[38;2;148;189;131m▀[38;2;49;49;49m[49m▀▀[38;2;148;189;131m[48;2;49;49;49m▀[38;2;180;246;131m[48;2;148;189;131m▀[48;2;180;246;131m▀[38;2;148;189;131m[48;2;148;189;131m▀[38;2;49;49;49m[48;2;49;49;49m▀[49m       [0m
             [38;2;49;49;49m▀[38;2;255;255;255m[48;2;49;49;49m▀[38;2;189;189;189m▀[38;2;148;189;131m▀[38;2;49;49;49m[49m▀       [0m
                         [0m
