
                        [38;2;0;4;0m▄▄▄▄▄▄                      [0m
                      [38;2;0;4;0m▄[38;2;0;0;24m[48;2;82;80;42m▀[38;2;82;80;42m[48;2;247;239;79m▀[38;2;255;250;183m[48;2;255;239;71m▀▀▀▀[38;2;255;239;95m[48;2;173;161;66m▀[38;2;8;4;8m▀[38;2;0;4;0m[49m▄                    [0m
              [38;2;0;4;0m▄[48;2;69;74;74m▀[48;2;137;144;148m▀▀▀[49m▄ ▄[48;2;255;239;71m▀[38;2;255;239;71m▀[48;2;99;74;75m▀[38;2;85;71;72m[48;2;189;165;85m▀[48;2;85;71;72m▀[38;2;82;80;32m[48;2;0;0;8m▀[38;2;247;239;79m▀[38;2;255;239;71m[48;2;255;239;71m▀[38;2;189;162;82m▀[38;2;189;165;85m[48;2;189;165;85m▀[38;2;0;4;0m[48;2;0;4;0m▀[49m    ▄▄▄▄           [0m
             [38;2;0;4;0m▄[48;2;140;148;148m▀[38;2;137;148;148m[48;2;137;148;148m▀▀[38;2;132;148;148m[48;2;132;148;148m▀[38;2;82;93;98m[48;2;57;66;73m▀[38;2;0;4;0m[48;2;66;65;66m▀[49m▄[38;2;0;0;16m[48;2;85;80;34m▀[38;2;255;239;71m[48;2;255;239;71m▀[38;2;99;74;75m[48;2;99;74;75m▀[38;2;192;162;83m[48;2;192;162;83m▀[38;2;66;65;66m[48;2;66;65;66m▀[38;2;0;4;0m[48;2;0;4;0m▀[38;2;255;255;255m[48;2;66;66;66m▀[38;2;66;66;66m▀[38;2;0;4;0m[48;2;0;4;0m▀[38;2;255;239;71m[48;2;255;239;71m▀[38;2;189;162;82m▀[48;2;189;162;82m▀[38;2;0;4;0m[48;2;0;4;0m▀[49m ▄[48;2;66;65;66m▀[38;2;66;66;66m[48;2;136;148;148m▀[38;2;136;148;148m▀[38;2;135;148;147m[48;2;135;148;147m▀[48;2;82;90;106m▀[38;2;0;4;0m[48;2;78;88;106m▀[49m▄         [0m
            [38;2;0;4;0m[48;2;0;4;0m▀[38;2;66;66;66m[48;2;66;66;66m▀[38;2;136;148;148m[48;2;136;148;148m▀[38;2;137;148;148m[48;2;137;148;148m▀▀[38;2;80;91;104m[48;2;80;91;104m▀[38;2;66;66;66m[48;2;66;66;66m▀[38;2;80;91;104m[48;2;80;91;104m▀[48;2;66;66;66m▀[38;2;66;66;66m[48;2;255;255;183m▀[48;2;66;66;66m▀[38;2;255;239;71m▀[38;2;66;66;66m▀[38;2;90;99;146m[48;2;137;137;126m▀[38;2;184;176;107m▀[38;2;0;4;0m[48;2;137;144;148m▀[48;2;69;74;74m▀[38;2;189;162;82m[48;2;255;239;71m▀[38;2;255;239;71m▀[38;2;192;165;80m[48;2;66;66;66m▀[38;2;66;66;66m▀[38;2;63;60;47m[48;2;189;165;93m▀[38;2;0;8;24m[48;2;63;60;47m▀[38;2;136;148;148m[48;2;66;66;66m▀[38;2;66;66;66m[48;2;136;148;148m▀[38;2;137;148;148m[48;2;137;148;148m▀▀[38;2;140;148;148m[48;2;79;90;103m▀[38;2;79;90;103m▀[38;2;82;94;106m[48;2;55;64;71m▀[38;2;0;4;0m[48;2;0;4;0m▀[49m         [0m
         [38;2;0;4;0m▄▄[48;2;173;173;173m▀[38;2;173;173;173m▀[38;2;66;66;66m[48;2;66;66;66m▀[38;2;80;91;104m[48;2;80;91;104m▀[38;2;79;91;103m[48;2;79;91;103m▀▀[38;2;66;66;66m[48;2;66;66;66m▀▀[38;2;82;70;58m[48;2;82;70;58m▀[38;2;255;255;167m[48;2;168;162;112m▀[38;2;255;255;183m[48;2;255;255;183m▀[38;2;99;74;75m▀[48;2;239;239;199m▀[38;2;239;239;199m[48;2;99;74;75m▀[38;2;222;222;222m[48;2;96;74;75m▀▀▀▀[38;2;66;66;66m[48;2;255;255;183m▀▀[38;2;112;88;88m[48;2;255;239;71m▀[38;2;184;163;80m[48;2;112;88;88m▀[38;2;74;74;82m[48;2;255;239;71m▀[48;2;74;74;82m▀[38;2;66;66;66m[48;2;66;66;66m▀[38;2;136;148;148m[48;2;136;148;148m▀[38;2;137;148;148m[48;2;137;148;148m▀▀[38;2;80;91;104m[48;2;80;91;104m▀[38;2;66;66;66m[48;2;66;66;66m▀[38;2;173;173;173m[48;2;173;173;173m▀[38;2;0;4;0m▀[49m▄        [0m
      [38;2;0;4;0m▄[48;2;137;144;148m▀▀[38;2;66;66;66m[48;2;136;148;148m▀▀[48;2;137;143;143m▀[38;2;173;181;181m[48;2;66;66;66m▀[38;2;173;173;173m[48;2;173;173;173m▀[38;2;63;63;58m[48;2;8;8;0m▀[38;2;79;91;103m[48;2;79;91;103m▀▀[38;2;80;91;104m[48;2;80;91;104m▀[38;2;66;66;66m[48;2;66;66;66m▀[38;2;192;162;83m[48;2;192;162;83m▀[38;2;99;74;75m▀▀[38;2;192;162;83m[48;2;99;74;75m▀[38;2;255;255;183m▀▀▀▀▀▀[38;2;99;74;75m[48;2;255;239;71m▀▀▀[38;2;255;239;71m[48;2;99;74;75m▀[38;2;192;165;80m[48;2;192;165;80m▀[38;2;66;66;66m▀[38;2;90;94;98m[48;2;8;4;0m▀[38;2;63;64;65m[48;2;63;64;65m▀[38;2;79;91;103m[48;2;79;91;103m▀▀[38;2;66;66;66m[48;2;66;66;66m▀[38;2;170;176;170m[48;2;170;176;170m▀▀[48;2;66;66;66m▀[38;2;173;173;173m[48;2;63;63;63m▀[38;2;8;8;8m▀[38;2;0;4;0m[49m▄▄     [0m
     [38;2;0;4;0m[48;2;0;4;0m▀[38;2;137;144;148m[48;2;69;74;74m▀[38;2;66;66;66m[48;2;222;222;222m▀▀▀[48;2;66;66;66m▀[38;2;132;148;156m[48;2;57;66;73m▀[38;2;82;93;101m[48;2;82;93;101m▀[38;2;0;4;0m[48;2;78;88;106m▀[49m▄▀▀▀▀[38;2;189;165;85m[48;2;0;8;16m▀[48;2;63;60;39m▀[38;2;189;165;82m[48;2;189;165;82m▀▀[38;2;99;74;75m[48;2;99;74;75m▀[38;2;255;239;71m[48;2;255;239;71m▀[38;2;255;239;68m[48;2;255;239;68m▀▀▀▀▀▀[38;2;255;239;71m[48;2;255;239;71m▀[38;2;99;74;75m[48;2;99;74;75m▀[38;2;189;165;93m[48;2;63;60;36m▀[38;2;0;8;8m[48;2;0;8;8m▀[49m [38;2;0;4;0m▀[38;2;55;64;71m[48;2;0;4;0m▀[38;2;82;94;106m▀[38;2;63;63;63m[48;2;8;8;8m▀[38;2;173;173;173m[48;2;63;63;63m▀[38;2;57;66;73m[48;2;82;93;101m▀[38;2;82;93;101m[48;2;132;148;156m▀[38;2;136;148;148m[48;2;66;66;66m▀▀[38;2;132;148;148m[48;2;57;66;73m▀[38;2;82;93;98m[48;2;132;148;148m▀[38;2;0;4;0m[48;2;78;88;106m▀[49m▄   [0m
   [38;2;0;4;0m▄[48;2;222;222;222m▀[38;2;222;222;222m▀[48;2;66;66;66m▀▀▀▀[48;2;222;222;222m▀[38;2;66;66;66m▀[48;2;66;66;66m▀[38;2;78;88;106m[48;2;78;88;106m▀[38;2;0;4;0m[48;2;0;4;0m▀[49m     ▀[38;2;63;63;63m[48;2;8;8;8m▀[48;2;173;173;173m▀[38;2;74;70;66m[48;2;74;70;66m▀[38;2;255;239;71m▀[48;2;66;66;66m▀▀▀▀[38;2;66;66;66m[48;2;170;176;170m▀▀▀[38;2;170;176;170m▀[38;2;0;4;0m[48;2;0;4;0m▀[49m      [48;2;0;4;0m▀[38;2;144;144;144m[48;2;66;66;66m▀[38;2;66;66;66m[48;2;222;222;222m▀[38;2;222;226;218m[48;2;255;255;255m▀[48;2;222;226;218m▀[38;2;170;176;170m[48;2;222;231;222m▀[38;2;66;66;66m[48;2;170;176;170m▀[38;2;137;144;148m[48;2;69;74;74m▀[38;2;0;4;0m[48;2;0;4;0m▀[49m   [0m
  [38;2;0;4;0m[48;2;0;4;0m▀[38;2;222;222;222m[48;2;74;74;79m▀[38;2;74;74;79m▀[38;2;49;57;65m[48;2;88;96;101m▀[38;2;165;173;173m▀[38;2;173;173;173m[48;2;80;90;106m▀▀[38;2;170;176;170m[48;2;66;66;66m▀[38;2;66;66;66m▀[38;2;222;231;222m[48;2;222;231;222m▀[38;2;66;66;66m[48;2;170;176;170m▀[38;2;0;4;0m[48;2;0;4;0m▀[49m        [48;2;0;4;0m▀[38;2;176;187;181m[48;2;66;66;66m▀[38;2;66;66;66m[48;2;176;187;181m▀[38;2;181;189;189m[48;2;66;66;66m▀▀[38;2;90;98;106m[48;2;173;189;189m▀[38;2;49;53;65m[48;2;90;98;106m▀[38;2;170;176;170m[48;2;66;66;66m▀[48;2;222;231;222m▀[38;2;154;162;154m[48;2;231;239;231m▀[38;2;0;8;0m[48;2;0;8;0m▀[38;2;0;4;0m[49m▄[48;2;189;61;93m▀▀[49m▄  ▄[48;2;222;222;222m▀[38;2;222;222;222m▀[48;2;66;66;66m▀▀▀[38;2;170;176;170m▀▀[38;2;162;163;162m[48;2;162;163;162m▀[38;2;8;12;8m[48;2;239;239;239m▀[38;2;0;4;0m[49m▄  [0m
 [38;2;0;0;0m[48;2;0;0;0m▀[38;2;222;222;214m[48;2;74;74;71m▀[38;2;66;66;66m[48;2;136;148;148m▀[38;2;136;148;148m▀[38;2;135;148;147m[48;2;135;148;147m▀[48;2;82;90;106m▀[38;2;80;91;104m[48;2;80;91;104m▀[48;2;66;66;66m▀[38;2;66;66;66m[48;2;222;222;222m▀[38;2;222;222;222m▀[38;2;222;231;222m[48;2;167;176;173m▀[38;2;140;148;148m[48;2;140;148;148m▀[38;2;0;4;0m[48;2;0;4;0m▀[49m       ▄[48;2;173;173;173m▀[38;2;66;70;66m[48;2;222;231;230m▀[38;2;170;177;175m[48;2;66;70;66m▀[38;2;66;66;66m[48;2;181;189;189m▀▀[38;2;173;189;189m[48;2;90;98;106m▀[38;2;90;98;106m[48;2;49;53;65m▀[38;2;66;66;66m[48;2;222;222;222m▀[38;2;222;222;222m▀▀[38;2;0;4;0m▀[38;2;170;78;103m[48;2;85;49;56m▀[38;2;85;49;56m[48;2;0;20;8m▀[38;2;0;4;0m[49m▀  ▄[38;2;8;12;8m[48;2;157;158;151m▀[38;2;231;231;223m[48;2;231;231;223m▀[38;2;57;61;65m[48;2;57;61;65m▀[38;2;165;173;173m[48;2;93;98;101m▀[38;2;173;173;173m[48;2;80;90;106m▀▀▀▀[38;2;66;66;66m[48;2;66;66;66m▀[38;2;222;222;222m[48;2;222;222;222m▀[38;2;0;4;0m[48;2;140;148;148m▀[49m▄ [0m
 [38;2;0;4;0m[48;2;0;4;0m▀[38;2;66;65;66m[48;2;66;65;66m▀[38;2;137;148;148m[48;2;137;148;148m▀▀[38;2;135;148;147m[48;2;135;148;147m▀[38;2;82;90;106m[48;2;82;90;106m▀[38;2;66;66;66m[48;2;66;66;66m▀[38;2;170;176;170m[48;2;170;176;170m▀[38;2;222;222;217m[48;2;173;173;173m▀▀[38;2;154;161;159m[48;2;154;161;159m▀[38;2;0;4;0m[48;2;0;4;0m▀[49m       [48;2;0;4;0m▀[38;2;170;176;173m[48;2;170;176;173m▀▀[38;2;222;222;217m[48;2;173;173;173m▀[48;2;222;222;217m▀[38;2;66;66;66m[48;2;222;222;222m▀▀▀[38;2;222;222;222m▀[38;2;222;225;219m[48;2;222;225;219m▀▀[38;2;222;226;218m[48;2;222;226;218m▀[48;2;255;255;255m▀[38;2;0;4;0m[48;2;222;222;222m▀[49m▄   [48;2;0;4;0m▀[38;2;167;176;173m[48;2;140;148;148m▀[38;2;222;231;222m[48;2;167;176;173m▀[38;2;66;66;66m[48;2;66;66;66m▀[38;2;136;148;148m[48;2;136;148;148m▀[38;2;137;148;148m[48;2;137;148;148m▀▀▀▀[38;2;66;66;66m[48;2;66;66;66m▀[38;2;222;222;222m[48;2;144;144;144m▀[38;2;137;144;148m[48;2;137;144;148m▀[38;2;0;4;0m[48;2;0;4;0m▀[49m [0m
  [38;2;0;4;0m[48;2;0;4;0m▀[38;2;80;91;104m[48;2;66;66;66m▀[48;2;80;91;104m▀[38;2;79;91;103m[48;2;79;91;103m▀▀[38;2;57;61;65m[48;2;93;98;101m▀[38;2;165;173;173m[48;2;57;61;65m▀[38;2;173;173;173m[48;2;173;173;173m▀[48;2;0;4;0m▀[38;2;0;4;0m[49m▀       [48;2;0;4;0m▀[38;2;173;173;173m[48;2;173;173;173m▀[38;2;170;176;173m[48;2;170;176;173m▀▀▀▀[38;2;222;222;217m[48;2;173;173;173m▀▀[38;2;222;225;219m[48;2;222;225;219m▀▀▀▀[38;2;222;226;218m[48;2;222;226;218m▀[38;2;255;255;255m▀[48;2;255;255;255m▀[38;2;222;226;218m[48;2;222;226;218m▀[38;2;0;4;0m[48;2;0;4;0m▀[49m   [48;2;0;4;0m▀[38;2;154;161;159m[48;2;154;161;159m▀[38;2;66;66;66m[48;2;66;66;66m▀[38;2;136;148;148m[48;2;136;148;148m▀[38;2;137;148;148m[48;2;137;148;148m▀▀▀▀[38;2;66;66;66m[48;2;66;66;66m▀[38;2;137;143;143m[48;2;173;181;181m▀[38;2;0;4;0m[48;2;0;4;0m▀[49m  [0m
   [38;2;0;4;0m▀[38;2;78;88;106m[48;2;0;4;0m▀▀▀[38;2;82;94;106m▀[38;2;55;64;71m▀[38;2;173;173;173m▀[38;2;0;4;0m[49m▀         ▀[38;2;173;173;173m[48;2;0;4;0m▀▀▀▀[38;2;0;4;0m[49m▀▀[38;2;82;88;88m[48;2;8;12;16m▀[38;2;231;239;231m[48;2;157;163;159m▀[38;2;222;222;222m[48;2;66;66;66m▀▀▀▀[48;2;168;174;172m▀[38;2;168;174;172m▀[38;2;0;4;0m[48;2;173;173;173m▀[49m▄   ▀[38;2;55;61;71m[48;2;0;4;0m▀[38;2;82;90;106m[48;2;82;90;106m▀[38;2;79;91;103m[48;2;79;91;103m▀▀▀▀[38;2;66;65;66m[48;2;0;4;0m▀[38;2;0;4;0m[49m▀   [0m
                            [38;2;0;4;0m▀[38;2;137;144;148m[48;2;0;4;0m▀▀[38;2;78;88;106m▀▀[38;2;58;60;58m▀[38;2;173;173;173m▀▀[38;2;0;4;0m[49m▀    ▀[38;2;78;88;106m[48;2;0;4;0m▀▀▀▀▀[38;2;0;4;0m[49m▀    [0m
                                                    [0m
