
[38;2;0;0;0m                                
[38;2;0;0;0m        [38;2;49;49;49m██[38;2;0;0;0m  [38;2;49;49;49m██[38;2;0;0;0m                  
[38;2;0;0;0m      [38;2;49;49;49m██[38;2;115;115;115m██[38;2;49;49;49m██[38;2;115;115;115m██[38;2;49;49;49m██[38;2;0;0;0m                
[38;2;0;0;0m      [38;2;49;49;49m██[38;2;115;115;115m██████[38;2;49;49;49m██████[38;2;0;0;0m            
[38;2;0;0;0m        [38;2;49;49;49m██[38;2;115;115;115m██[38;2;82;82;82m████[38;2;148;189;123m████[38;2;49;49;49m████[38;2;0;0;0m        
[38;2;0;0;0m      [38;2;49;49;49m██[38;2;82;82;82m████[38;2;148;189;123m██████[38;2;189;238;131m████[38;2;148;189;123m██[38;2;49;49;49m██[38;2;0;0;0m      
[38;2;0;0;0m      [38;2;49;49;49m██[38;2;82;82;82m██[38;2;148;189;123m██[38;2;255;255;255m██████[38;2;148;189;123m██[38;2;189;238;131m████[38;2;148;189;123m██[38;2;49;49;49m██[38;2;0;0;0m    
[38;2;0;0;0m        [38;2;49;49;49m██[38;2;189;189;189m██[38;2;98;213;238m██[38;2;189;189;189m████[38;2;255;255;255m██[38;2;148;189;123m██[38;2;98;213;238m██[38;2;189;238;131m██[38;2;49;49;49m██[38;2;0;0;0m    
[38;2;0;0;0m      [38;2;49;49;49m██[38;2;98;213;238m██[38;2;255;255;255m██[38;2;41;148;156m██[38;2;255;255;255m████[38;2;189;189;189m████[38;2;148;189;123m██[38;2;189;238;131m██[38;2;148;189;123m██[38;2;49;49;49m██[38;2;0;0;0m  
[38;2;0;0;0m      [38;2;49;49;49m██[38;2;41;148;156m██[38;2;255;255;255m██████[38;2;98;213;238m████[38;2;213;213;213m██[38;2;148;189;123m██[38;2;98;213;238m██[38;2;189;238;131m██[38;2;49;49;49m██[38;2;0;0;0m  
[38;2;0;0;0m      [38;2;49;49;49m██[38;2;255;255;255m██████████[38;2;41;148;156m██[38;2;255;255;255m██[38;2;148;189;123m██[38;2;189;238;131m████[38;2;49;49;49m██[38;2;0;0;0m  
[38;2;0;0;0m  [38;2;49;49;49m████[38;2;0;0;0m  [38;2;49;49;49m██[38;2;255;255;255m██[38;2;213;213;213m██[38;2;255;255;255m██[38;2;41;148;156m████[38;2;213;213;213m██[38;2;148;189;123m██[38;2;189;238;131m██[38;2;49;49;49m██[38;2;0;0;0m    
[38;2;0;0;0m  [38;2;49;49;49m██████[38;2;0;0;0m  [38;2;49;49;49m██[38;2;238;148;131m██[38;2;255;255;255m████[38;2;213;213;213m██[38;2;148;189;123m██[38;2;189;238;131m██[38;2;148;189;123m██[38;2;49;49;49m██[38;2;0;0;0m    
[38;2;0;0;0m            [38;2;49;49;49m██[38;2;82;82;82m██[38;2;148;189;123m████[38;2;98;213;238m██[38;2;148;189;123m██[38;2;49;49;49m██[38;2;0;0;0m      
[38;2;0;0;0m      [38;2;49;49;49m██████[38;2;82;82;82m██[38;2;115;115;115m██[38;2;82;82;82m██[38;2;148;189;123m██[38;2;189;238;131m██[38;2;148;189;123m██[38;2;49;49;49m██[38;2;0;0;0m      
[38;2;0;0;0m      [38;2;49;49;49m████[38;2;0;0;0m  [38;2;49;49;49m██[38;2;148;189;123m██[38;2;82;82;82m████[38;2;115;115;115m██[38;2;82;82;82m██[38;2;49;49;49m██[38;2;0;0;0m      
[38;2;0;0;0m          [38;2;49;49;49m██[38;2;115;115;115m████[38;2;82;82;82m██[38;2;148;189;123m██[38;2;82;82;82m████[38;2;189;238;131m██[38;2;49;49;49m██[38;2;0;0;0m    
[38;2;0;0;0m          [38;2;49;49;49m██[38;2;115;115;115m██████[38;2;82;82;82m██[38;2;148;189;123m██[38;2;98;213;238m██[38;2;148;189;123m██[38;2;49;49;49m██[38;2;0;0;0m    
[38;2;0;0;0m            [38;2;49;49;49m██[38;2;189;189;189m██[38;2;115;115;115m████[38;2;82;82;82m██[38;2;189;238;131m██[38;2;148;189;123m██[38;2;189;238;131m██[38;2;49;49;49m██[38;2;0;0;0m  
[38;2;0;0;0m              [38;2;49;49;49m██[38;2;255;255;255m██[38;2;82;82;82m██[38;2;49;49;49m████[38;2;189;238;131m██[38;2;148;189;123m██[38;2;49;49;49m██[38;2;0;0;0m  
[38;2;0;0;0m              [38;2;49;49;49m██[38;2;255;255;255m██[38;2;49;49;49m██[38;2;0;0;0m    [38;2;49;49;49m██████[38;2;0;0;0m  
[38;2;0;0;0m                [38;2;49;49;49m██[38;2;0;0;0m              
[38;2;0;0;0m                                [0m
