
[38;2;0;0;0m                                              
[38;2;0;0;0m            ██                                
[38;2;0;0;0m          ██[38;2;247;231;175m██[38;2;0;0;0m██    ██                        
[38;2;0;0;0m        ████[38;2;214;198;110m██[38;2;0;0;0m██  ██[38;2;247;231;175m██[38;2;0;0;0m██████                  
[38;2;0;0;0m        ██[38;2;66;66;66m██[38;2;214;198;110m██[38;2;0;0;0m██████[38;2;247;231;175m██[38;2;0;0;0m██[38;2;66;66;66m████[38;2;0;0;0m██                
[38;2;0;0;0m  ████  [38;2;0;0;8m██[38;2;85;77;48m██[38;2;181;156;77m████[38;2;123;119;83m██[38;2;211;199;128m██[38;2;222;189;94m██[38;2;66;61;58m██[38;2;189;123;53m██[38;2;66;66;66m██[38;2;0;0;0m██                
[38;2;0;0;0m  ██[38;2;214;198;110m██[38;2;0;0;0m██[38;2;0;0;8m██[38;2;170;154;87m██[38;2;247;231;47m████[38;2;167;159;106m██[38;2;255;239;151m██[38;2;66;61;58m██[38;2;170;146;82m██[38;2;189;123;53m██[38;2;66;66;66m██[38;2;0;0;0m██                
[38;2;0;0;0m    [38;2;0;0;8m██[38;2;214;198;118m██[38;2;222;198;102m██[38;2;173;154;87m██[38;2;181;156;77m████[38;2;181;156;74m██[38;2;247;231;167m██[38;2;90;70;42m██[38;2;145;126;81m██[38;2;66;66;66m██[38;2;0;0;0m██                  
[38;2;0;0;0m  ██[38;2;0;0;8m██[38;2;71;66;45m██[38;2;74;66;58m██[38;2;173;154;87m██[38;2;247;231;47m████[38;2;181;156;74m██[38;2;214;194;121m██[38;2;200;183;120m██[38;2;255;239;159m██[38;2;66;66;66m██[38;2;0;0;0m██  ██████          
[38;2;0;0;0m  ██[38;2;181;156;85m████[38;2;0;0;0m██[38;2;247;231;175m██[38;2;181;156;77m████[38;2;173;173;159m██[38;2;255;255;239m██[38;2;255;255;255m██[38;2;214;198;110m██[38;2;239;222;135m██[38;2;8;4;0m██[38;2;0;0;0m██[38;2;247;231;175m████[38;2;0;0;0m██          
[38;2;0;0;0m    [38;2;0;4;16m██[38;2;60;55;39m██[38;2;0;0;0m██[38;2;247;231;175m██████[38;2;255;255;239m██[38;2;8;8;0m██[38;2;255;255;255m████[38;2;162;149;90m██[38;2;239;222;135m██[38;2;247;231;175m██[38;2;82;77;58m██[38;2;0;0;0m██  ████      
[38;2;0;0;0m      ██[38;2;255;247;175m████[38;2;247;231;175m██[38;2;214;198;110m██[38;2;255;255;231m██[38;2;24;16;0m██[38;2;255;255;247m██[38;2;211;195;123m██[38;2;222;198;102m██[38;2;173;154;87m██[38;2;71;66;47m██[38;2;0;0;16m██[38;2;0;0;0m  ██[38;2;189;123;53m████[38;2;0;0;0m██    
[38;2;0;0;0m        [38;2;8;12;0m██[38;2;173;169;117m██[38;2;247;231;175m████[38;2;139;135;115m████[38;2;189;165;61m██[38;2;211;195;123m██[38;2;74;66;58m██[38;2;222;198;102m██[38;2;214;198;110m████[38;2;0;0;0m██[38;2;189;123;53m████[38;2;148;90;52m██[38;2;189;123;53m██[38;2;0;0;0m██  
[38;2;0;0;0m      ██[38;2;195;189;125m██[38;2;74;74;58m██[38;2;66;66;66m██[38;2;222;198;102m██[38;2;214;198;110m██[38;2;66;66;66m██[38;2;214;198;118m██[38;2;71;66;50m██[38;2;0;0;0m██████████[38;2;189;123;53m████[38;2;148;90;52m██[38;2;189;123;53m██[38;2;0;0;0m██  
[38;2;0;0;0m    ██[38;2;214;198;110m██[38;2;255;247;159m██[38;2;195;189;125m██[38;2;170;154;90m██[38;2;66;66;66m████[38;2;214;198;110m██[38;2;71;66;50m██[38;2;0;0;16m██[38;2;0;0;0m██        ██[38;2;148;90;52m██[38;2;189;123;53m██[38;2;0;0;0m██    
[38;2;0;0;0m    ██[38;2;66;66;66m██[38;2;214;198;110m██[38;2;0;0;0m██████[38;2;214;198;110m██[38;2;66;66;66m██[38;2;74;70;58m██[38;2;255;239;167m██[38;2;247;231;175m██[38;2;0;0;0m██    [38;2;8;0;0m██[38;2;151;132;68m██[38;2;189;123;53m██[38;2;0;0;0m██      
[38;2;0;0;0m      ████    ██[38;2;214;198;110m██[38;2;66;66;66m██[38;2;255;239;167m██[38;2;195;183;131m██[38;2;82;77;58m██[38;2;0;0;0m██████[38;2;222;198;102m████[38;2;0;0;0m██        
[38;2;0;0;0m            [38;2;0;8;16m██[38;2;74;51;38m██[38;2;71;66;45m██[38;2;214;198;118m██[38;2;66;66;66m████[38;2;77;69;50m██[38;2;154;137;85m██[38;2;181;156;77m████[38;2;0;0;0m████          
[38;2;0;0;0m          ██[38;2;148;94;60m████[38;2;0;0;8m████[38;2;214;198;110m██[38;2;66;66;66m██[38;2;231;206;119m██[38;2;0;0;16m██[38;2;0;0;0m████              
[38;2;0;0;0m            ████    ██[38;2;189;123;53m████[38;2;0;0;0m██                  
[38;2;0;0;0m                  ██[38;2;189;123;53m████[38;2;0;0;0m██                    
[38;2;0;0;0m                    ████                      
[38;2;0;0;0m                                              [0m
