
[38;2;0;0;0m                                                              
[38;2;0;0;0m                    [38;2;49;49;49m██████[38;2;0;0;0m                                    
[38;2;0;0;0m              [38;2;49;49;49m██████[38;2;255;139;164m██████[38;2;49;49;49m████[38;2;0;0;0m                                
[38;2;0;0;0m          [38;2;49;49;49m████[38;2;197;106;123m██[38;2;172;82;90m██[38;2;255;139;164m██████████[38;2;197;106;123m██[38;2;49;49;49m██[38;2;0;0;0m                              
[38;2;0;0;0m        [38;2;49;49;49m██[38;2;197;106;123m██[38;2;172;82;90m██[38;2;255;139;164m██████████████████[38;2;49;49;49m██[38;2;0;0;0m        [38;2;49;49;49m██[38;2;0;0;0m                  
[38;2;0;0;0m      [38;2;49;49;49m██[38;2;197;106;123m██[38;2;82;82;82m██[38;2;255;139;164m██████████[38;2;172;82;90m██[38;2;255;139;164m██████████[38;2;49;49;49m██[38;2;0;0;0m    [38;2;49;49;49m██[38;2;139;164;213m██[38;2;49;49;49m██[38;2;0;0;0m                
[38;2;0;0;0m    [38;2;49;49;49m██[38;2;197;106;123m██[38;2;82;82;82m██[38;2;172;82;90m██[38;2;255;139;164m██[38;2;238;82;98m██[38;2;255;139;164m████████[38;2;82;82;82m██[38;2;255;139;164m████[38;2;172;82;90m██[38;2;255;139;164m██[38;2;172;82;90m██[38;2;49;49;49m██[38;2;0;0;0m  [38;2;49;49;49m██[38;2;139;164;213m████[38;2;49;49;49m██████[38;2;0;0;0m          
[38;2;0;0;0m    [38;2;49;49;49m██[38;2;197;106;123m██[38;2;82;82;82m██[38;2;139;164;213m██[38;2;172;82;90m██[38;2;255;255;255m██[38;2;156;65;65m██[38;2;255;139;164m████[38;2;172;82;90m████[38;2;82;82;82m██[38;2;255;139;164m████[38;2;172;82;90m██[38;2;197;106;123m████[38;2;49;49;49m██[38;2;82;82;82m██[38;2;139;164;213m██[38;2;156;65;65m██[38;2;139;164;213m██[38;2;82;82;82m██[38;2;172;205;255m██[38;2;49;49;49m██[38;2;0;0;0m        
[38;2;0;0;0m  [38;2;49;49;49m██[38;2;197;106;123m████[38;2;82;82;82m██[38;2;139;164;213m██[38;2;172;82;90m██[38;2;156;65;65m██[38;2;238;82;98m██[38;2;255;139;164m██[38;2;172;82;90m██[38;2;139;164;213m██[38;2;172;205;255m████[38;2;82;82;82m██[38;2;255;139;164m████[38;2;172;82;90m██[38;2;197;106;123m████[38;2;82;82;82m██[38;2;139;164;213m██[38;2;238;82;98m██[38;2;139;164;213m██[38;2;82;82;82m██[38;2;172;205;255m████[38;2;49;49;49m██████[38;2;0;0;0m  
[38;2;0;0;0m  [38;2;49;49;49m██[38;2;197;106;123m████[38;2;49;49;49m██[38;2;172;82;90m██[38;2;255;139;164m██[38;2;238;82;98m██[38;2;255;139;164m████[38;2;139;164;213m██[38;2;172;205;255m██[38;2;139;164;213m██[38;2;106;131;180m██[38;2;82;82;82m██[38;2;255;139;164m██████[38;2;172;82;90m██[38;2;197;106;123m████[38;2;82;82;82m██[38;2;139;164;213m████[38;2;82;82;82m██[38;2;172;205;255m██[38;2;156;65;65m██[38;2;172;205;255m████[38;2;49;49;49m██[38;2;0;0;0m  
[38;2;0;0;0m    [38;2;49;49;49m████[38;2;0;0;0m  [38;2;49;49;49m██[38;2;255;139;164m████████[38;2;172;205;255m██[38;2;106;131;180m██[38;2;246;222;57m██[38;2;255;255;255m██[38;2;139;164;213m██[38;2;82;82;82m██[38;2;255;139;164m████[38;2;172;82;90m██[38;2;197;106;123m████[38;2;82;82;82m██[38;2;139;164;213m██[38;2;82;82;82m██[38;2;172;205;255m████[38;2;238;82;98m██[38;2;172;205;255m██[38;2;49;49;49m██[38;2;0;0;0m    
[38;2;0;0;0m          [38;2;49;49;49m██[38;2;82;82;82m██[38;2;197;106;123m██[38;2;255;139;164m████[38;2;106;131;180m██[38;2;255;255;255m██[38;2;49;49;49m██[38;2;255;255;255m██[38;2;139;164;213m██[38;2;82;82;82m██[38;2;255;139;164m██████[38;2;172;82;90m██[38;2;197;106;123m████[38;2;82;82;82m██[38;2;139;164;213m██[38;2;49;49;49m██[38;2;172;205;255m████[38;2;49;49;49m██[38;2;0;0;0m      
[38;2;0;0;0m            [38;2;49;49;49m████[38;2;255;139;164m██████[38;2;106;131;180m██[38;2;255;255;255m██[38;2;82;82;82m████[38;2;0;0;0m  [38;2;82;82;82m██[38;2;255;139;164m████[38;2;172;82;90m██[38;2;197;106;123m██[38;2;82;82;82m████[38;2;49;49;49m██[38;2;0;0;0m  [38;2;49;49;49m██[38;2;172;205;255m██[38;2;49;49;49m██[38;2;0;0;0m      
[38;2;0;0;0m                [38;2;49;49;49m████████[38;2;82;82;82m██[38;2;139;164;213m██[38;2;172;205;255m██[38;2;82;82;82m██[38;2;49;49;49m██[38;2;255;139;164m████[38;2;49;49;49m██[38;2;82;82;82m████[38;2;139;164;213m██[38;2;82;82;82m██[38;2;49;49;49m██[38;2;172;205;255m██████[38;2;49;49;49m██[38;2;0;0;0m    
[38;2;0;0;0m                      [38;2;49;49;49m██[38;2;172;205;255m██████[38;2;139;164;213m██[38;2;172;205;255m██[38;2;49;49;49m████[38;2;0;0;0m  [38;2;49;49;49m██[38;2;106;131;180m████[38;2;49;49;49m██[38;2;0;0;0m  [38;2;49;49;49m██[38;2;172;205;255m██[38;2;49;49;49m██[38;2;0;0;0m      
[38;2;0;0;0m                [38;2;49;49;49m██████[38;2;172;205;255m████████[38;2;82;82;82m██[38;2;172;205;255m██████[38;2;49;49;49m██[38;2;82;82;82m██[38;2;106;131;180m██[38;2;82;82;82m██[38;2;49;49;49m████[38;2;172;205;255m██[38;2;49;49;49m██[38;2;0;0;0m        
[38;2;0;0;0m                [38;2;49;49;49m██[38;2;172;205;255m██[38;2;82;82;82m██[38;2;172;205;255m██[38;2;82;82;82m████[38;2;172;205;255m██[38;2;139;164;213m██[38;2;82;82;82m██[38;2;172;205;255m████████[38;2;82;82;82m██[38;2;49;49;49m██[38;2;0;0;0m  [38;2;49;49;49m██[38;2;172;205;255m██[38;2;49;49;49m██[38;2;0;0;0m        
[38;2;0;0;0m                  [38;2;49;49;49m██[38;2;139;164;213m██[38;2;82;82;82m████[38;2;172;205;255m██[38;2;82;82;82m██[38;2;139;164;213m██[38;2;82;82;82m██[38;2;49;49;49m████[38;2;172;205;255m██[38;2;82;82;82m████[38;2;49;49;49m████[38;2;172;205;255m██[38;2;49;49;49m██[38;2;0;0;0m          
[38;2;0;0;0m                    [38;2;49;49;49m████[38;2;82;82;82m██[38;2;139;164;213m██[38;2;172;205;255m██[38;2;82;82;82m██[38;2;49;49;49m██[38;2;0;0;0m    [38;2;49;49;49m██[38;2;106;131;180m██[38;2;49;49;49m██[38;2;0;0;0m  [38;2;49;49;49m██[38;2;139;164;213m██[38;2;49;49;49m██[38;2;0;0;0m          
[38;2;0;0;0m                      [38;2;49;49;49m██[38;2;106;131;180m██[38;2;82;82;82m██[38;2;139;164;213m██[38;2;82;82;82m██[38;2;139;164;213m██[38;2;49;49;49m████[38;2;82;82;82m██████[38;2;49;49;49m██[38;2;139;164;213m██[38;2;49;49;49m██[38;2;0;0;0m            
[38;2;0;0;0m                        [38;2;49;49;49m██[38;2;106;131;180m██[38;2;82;82;82m████[38;2;139;164;213m██████[38;2;82;82;82m████[38;2;139;164;213m████[38;2;49;49;49m██[38;2;0;0;0m              
[38;2;0;0;0m                          [38;2;49;49;49m████[38;2;106;131;180m██[38;2;49;49;49m████[38;2;139;164;213m██████[38;2;49;49;49m████[38;2;0;0;0m                
[38;2;0;0;0m                              [38;2;49;49;49m████[38;2;0;0;0m  [38;2;49;49;49m██████[38;2;0;0;0m                    
[38;2;0;0;0m                                                              [0m
