
            [38;2;49;49;49m▄▄                    [0m
      [38;2;49;49;49m▄▄   [48;2;49;49;49m▀[38;2;74;106;172m[48;2;74;106;172m▀[38;2;82;82;82m[48;2;82;82;82m▀[38;2;49;49;49m[48;2;49;49;49m▀[49m           ▄▄      [0m
    [38;2;49;49;49m▄[48;2;131;180;255m▀[38;2;131;180;255m[48;2;74;106;172m▀[38;2;49;49;49m[48;2;49;49;49m▀[49m  ▄[48;2;74;106;172m▀[38;2;82;82;82m[48;2;82;82;82m▀▀▀[38;2;49;49;49m[48;2;131;180;255m▀▀▀▀▀▀[49m▄▄  [48;2;49;49;49m▀[38;2;74;106;172m[48;2;74;106;172m▀[38;2;131;180;255m▀[38;2;49;49;49m[48;2;131;180;255m▀[49m▄    [0m
   [38;2;49;49;49m▄[48;2;98;139;222m▀[38;2;98;139;222m▀[38;2;82;82;82m[48;2;82;82;82m▀[38;2;49;49;49m[48;2;74;106;172m▀[49m▄ [48;2;49;49;49m▀[38;2;82;82;82m[48;2;82;82;82m▀[48;2;98;139;222m▀[38;2;74;106;172m▀[38;2;131;180;255m[48;2;74;106;172m▀[48;2;131;180;255m▀▀▀▀▀▀[48;2;74;106;172m▀[38;2;74;106;172m[48;2;98;139;222m▀[38;2;49;49;49m▀[49m▄[48;2;98;139;222m▀[38;2;98;139;222m[48;2;74;106;172m▀[38;2;74;106;172m▀[38;2;98;139;222m▀[38;2;49;49;49m[48;2;98;139;222m▀[49m▄   [0m
   [38;2;49;49;49m[48;2;49;49;49m▀[38;2;98;139;222m[48;2;74;106;172m▀[38;2;74;106;172m[48;2;98;139;222m▀[38;2;82;82;82m▀[38;2;74;106;172m[48;2;82;82;82m▀[38;2;82;82;82m[48;2;74;106;172m▀[38;2;49;49;49m[48;2;82;82;82m▀[38;2;189;189;189m[48;2;189;189;189m▀[38;2;82;82;82m▀[38;2;98;139;222m[48;2;82;82;82m▀[48;2;98;139;222m▀▀[38;2;74;106;172m▀▀[48;2;82;82;82m▀▀[38;2;82;82;82m[48;2;189;189;189m▀[48;2;131;131;115m▀[38;2;98;139;222m[48;2;82;82;82m▀[48;2;98;139;222m▀[48;2;82;82;82m▀▀[38;2;82;82;82m▀[38;2;74;106;172m[48;2;74;106;172m▀▀[48;2;98;139;222m▀[38;2;98;139;222m[48;2;74;106;172m▀[38;2;49;49;49m[48;2;49;49;49m▀[49m   [0m
 [38;2;49;49;49m▄[48;2;74;106;172m▀[38;2;98;139;222m▀[38;2;74;106;172m[48;2;98;139;222m▀[38;2;98;139;222m▀▀[48;2;82;82;82m▀[38;2;82;82;82m[48;2;98;139;222m▀▀[38;2;131;131;115m[48;2;82;82;82m▀[38;2;189;189;189m[48;2;189;189;189m▀[38;2;82;82;82m▀[38;2;98;139;222m[48;2;82;82;82m▀[38;2;82;82;82m[48;2;131;131;115m▀[48;2;189;189;189m▀▀[38;2;189;189;189m▀▀[48;2;82;82;82m▀▀[38;2;82;82;82m[48;2;98;139;222m▀[48;2;82;82;82m▀[38;2;131;180;255m[48;2;131;180;255m▀▀[38;2;82;82;82m[48;2;82;82;82m▀[48;2;74;106;172m▀[38;2;98;139;222m[48;2;82;82;82m▀[48;2;98;139;222m▀[38;2;74;106;172m▀[38;2;98;139;222m[48;2;74;106;172m▀[38;2;49;49;49m▀[49m▄ [0m
 [38;2;49;49;49m[48;2;49;49;49m▀[38;2;98;139;222m[48;2;82;82;82m▀[48;2;98;139;222m▀[38;2;74;106;172m▀▀▀[38;2;82;82;82m[48;2;49;49;49m▀[38;2;98;139;222m▀[48;2;74;106;172m▀[38;2;74;106;172m[48;2;82;82;82m▀[38;2;131;131;115m[48;2;189;189;189m▀[38;2;189;189;189m▀▀▀[48;2;82;82;82m▀[38;2;131;131;115m▀[38;2;49;49;49m[48;2;238;90;57m▀[38;2;172;65;65m▀[38;2;74;106;172m[48;2;74;106;172m▀[38;2;98;139;222m[48;2;98;139;222m▀[48;2;82;82;82m▀[38;2;82;82;82m[48;2;131;180;255m▀[38;2;131;180;255m▀[38;2;98;139;222m[48;2;98;139;222m▀[38;2;82;82;82m[48;2;131;180;255m▀[38;2;98;139;222m[48;2;82;82;82m▀[38;2;82;82;82m[48;2;98;139;222m▀[38;2;74;106;172m▀▀▀[38;2;98;139;222m▀[38;2;49;49;49m[48;2;49;49;49m▀[49m [0m
 [38;2;49;49;49m▀[38;2;189;189;189m[48;2;49;49;49m▀[38;2;49;49;49m[49m▀[38;2;82;82;82m[48;2;49;49;49m▀[48;2;189;189;189m▀[48;2;49;49;49m▀[38;2;49;49;49m[49m▀ ▀[38;2;189;189;189m[48;2;49;49;49m▀[38;2;131;131;115m[48;2;82;82;82m▀[38;2;82;82;82m[48;2;74;106;172m▀[38;2;189;189;189m[48;2;82;82;82m▀[48;2;189;189;189m▀[38;2;255;255;255m▀[38;2;74;106;172m[48;2;255;255;255m▀[38;2;98;139;222m[48;2;74;106;172m▀[48;2;98;139;222m▀▀[38;2;74;106;172m[48;2;82;82;82m▀[38;2;82;82;82m[48;2;131;180;255m▀[38;2;131;180;255m[48;2;74;106;172m▀[48;2;131;180;255m▀▀[48;2;74;106;172m▀[38;2;82;82;82m[48;2;98;139;222m▀[48;2;82;82;82m▀[38;2;98;139;222m[48;2;49;49;49m▀▀[38;2;82;82;82m[48;2;189;189;189m▀[38;2;49;49;49m[48;2;49;49;49m▀[49m  [0m
     [38;2;49;49;49m▀     ▀[38;2;74;106;172m[48;2;49;49;49m▀▀[38;2;82;82;82m[48;2;74;106;172m▀[38;2;189;189;189m[48;2;82;82;82m▀[38;2;131;131;115m▀[38;2;82;82;82m[48;2;49;49;49m▀[38;2;74;106;172m▀[38;2;82;82;82m[48;2;131;180;255m▀[48;2;82;82;82m▀[38;2;131;180;255m[48;2;98;139;222m▀[38;2;74;106;172m[48;2;74;106;172m▀[38;2;131;180;255m[48;2;131;180;255m▀▀[38;2;74;106;172m[48;2;74;106;172m▀[38;2;98;139;222m▀[38;2;82;82;82m[48;2;49;49;49m▀[38;2;49;49;49m[49m▀ ▀   [0m
              [38;2;49;49;49m▀▀▀  [48;2;49;49;49m▀[38;2;131;180;255m[48;2;74;106;172m▀[38;2;74;106;172m[48;2;131;180;255m▀▀▀[38;2;98;139;222m▀[38;2;131;180;255m▀[48;2;74;106;172m▀[38;2;49;49;49m[48;2;49;49;49m▀[49m      [0m
                    [38;2;49;49;49m[48;2;49;49;49m▀[38;2;82;82;82m[48;2;189;189;189m▀[38;2;131;180;255m[48;2;82;82;82m▀▀▀[38;2;82;82;82m[48;2;189;189;189m▀[38;2;49;49;49m[48;2;49;49;49m▀[49m       [0m
                     [38;2;49;49;49m▀▀[38;2;189;189;189m[48;2;49;49;49m▀[38;2;49;49;49m▀[49m▀        [0m
                                  [0m
