
[38;2;0;0;0m                            
[38;2;0;0;0m                ██████      
[38;2;0;0;0m            ████[38;2;156;206;76m████[38;2;0;0;0m██      
[38;2;0;0;0m          ██[38;2;156;206;76m██████[38;2;0;0;0m██        
[38;2;0;0;0m        ██[38;2;156;206;76m██████[38;2;123;156;75m██[38;2;0;0;0m██        
[38;2;0;0;0m      ██[38;2;156;206;76m██████[38;2;123;156;75m████[38;2;0;0;0m██        
[38;2;0;0;0m      [38;2;8;4;8m██[38;2;165;214;85m██[38;2;132;173;76m████[38;2;156;206;76m████[38;2;0;0;0m██        
[38;2;0;0;0m    ██[38;2;113;144;59m██[38;2;165;214;85m██[38;2;132;173;76m██[38;2;255;255;255m██[38;2;0;0;0m██[38;2;156;206;76m██[38;2;123;156;75m██[38;2;0;0;0m██      
[38;2;0;0;0m    ██[38;2;123;156;75m████[38;2;156;206;76m████[38;2;255;255;255m████[38;2;165;214;85m██[38;2;8;4;8m██[38;2;0;0;0m      
[38;2;0;0;0m  ██[38;2;123;156;75m██[38;2;156;206;76m██[38;2;123;156;75m██[38;2;156;206;76m████████[38;2;165;214;85m██[38;2;113;144;59m██[38;2;0;0;0m██    
[38;2;0;0;0m  [38;2;0;4;0m██[38;2;165;214;85m██[38;2;156;206;76m████[38;2;123;156;75m██[38;2;156;206;76m██████[38;2;165;214;85m████[38;2;156;206;76m██[38;2;0;0;0m██  
[38;2;0;0;0m  [38;2;0;4;0m██[38;2;110;144;57m██[38;2;156;206;76m████[38;2;123;156;75m██[38;2;156;206;76m██████[38;2;113;144;59m██[38;2;8;4;8m██[38;2;0;0;0m██    
[38;2;0;0;0m    ██[38;2;156;206;76m██[38;2;123;156;75m██[38;2;156;206;76m████████[38;2;0;0;0m██        
[38;2;0;0;0m    ██[38;2;123;156;75m██[38;2;156;206;76m████████[38;2;66;66;66m██[38;2;0;0;0m██        
[38;2;0;0;0m      ██[38;2;123;156;75m██[38;2;156;206;76m████[38;2;123;156;75m████[38;2;0;0;0m██        
[38;2;0;0;0m      ██[38;2;123;156;75m██████[38;2;156;206;76m████[38;2;0;0;0m██        
[38;2;0;0;0m        ██[38;2;156;206;76m██████[38;2;123;156;75m████[38;2;0;0;0m██      
[38;2;0;0;0m          ████[38;2;123;156;75m██████[38;2;0;0;0m██      
[38;2;0;0;0m              ██████        
[38;2;0;0;0m                            [0m
