
           [38;2;0;0;0m▄▄▄▄▄         [0m
       [38;2;0;0;0m▄▄▄[38;2;8;0;8m[48;2;231;140;159m▀[38;2;157;93;109m▀[38;2;222;140;150m[48;2;222;140;150m▀▀[38;2;247;140;167m[48;2;167;93;114m▀[38;2;167;93;114m[48;2;8;0;8m▀[38;2;0;0;0m[49m▀        [0m
   [38;2;0;0;0m▄▄[48;2;181;99;125m▀[48;2;222;140;150m▀[38;2;222;140;150m[48;2;0;0;0m▀▀▀▀▀[38;2;181;99;125m▀[38;2;0;0;0m[49m▀▀          [0m
 [38;2;0;0;0m▄[38;2;0;8;0m[48;2;85;57;64m▀[38;2;85;57;64m[48;2;170;107;127m▀[38;2;181;99;125m[48;2;0;0;0m▀[38;2;0;0;0m[49m▀▀                  [0m
 [38;2;0;0;0m[48;2;0;0;0m▀[38;2;173;103;125m[48;2;173;103;125m▀[38;2;0;4;0m[48;2;86;53;62m▀[38;2;0;0;0m[49m▄▄[38;2;0;4;8m[48;2;74;52;55m▀[48;2;222;148;150m▀[38;2;0;0;0m[49m▄▄ ▄▄            [0m
  [38;2;0;0;0m▀[38;2;181;99;125m[48;2;0;0;0m▀[38;2;170;105;127m[48;2;0;4;0m▀[38;2;85;55;64m▀[38;2;219;144;161m[48;2;255;189;199m▀[38;2;184;98;122m▀[38;2;255;192;199m[48;2;255;192;199m▀▀[38;2;0;0;0m[48;2;255;181;199m▀[38;2;170;121;133m▀[38;2;255;198;207m[48;2;173;132;138m▀[38;2;8;0;0m[48;2;8;0;0m▀[49m           [0m
    [38;2;0;0;0m▄[48;2;255;189;199m▀[38;2;222;140;150m[48;2;222;140;150m▀[38;2;255;189;199m[48;2;255;189;199m▀▀[48;2;181;98;125m▀[38;2;140;111;188m[48;2;255;247;239m▀[38;2;217;202;222m[48;2;140;111;188m▀[38;2;255;222;223m[48;2;255;222;223m▀[38;2;16;0;0m[48;2;175;148;149m▀[38;2;0;4;0m[48;2;85;55;64m▀[48;2;170;105;127m▀[38;2;0;0;0m[48;2;181;99;125m▀[49m▄▄▄     [0m
    [38;2;0;0;0m▀[38;2;255;189;199m[48;2;0;0;0m▀[38;2;255;192;199m[48;2;255;192;199m▀▀[38;2;255;189;199m[48;2;255;189;199m▀[38;2;181;98;125m▀[38;2;0;0;8m[48;2;148;159;172m▀[48;2;222;239;254m▀[38;2;255;239;239m[48;2;175;159;159m▀[38;2;175;159;159m[48;2;16;0;0m▀[38;2;0;0;0m[49m▀▀▀[38;2;181;99;125m[48;2;0;0;0m▀[38;2;222;140;150m▀▀[38;2;0;4;8m[48;2;222;148;150m▀[48;2;74;52;55m▀[38;2;0;0;0m[49m▄  [0m
     [38;2;0;0;0m▀[38;2;231;156;167m[48;2;0;0;0m▀[48;2;231;156;167m▀[38;2;255;198;207m[48;2;175;133;138m▀[48;2;16;4;0m▀[38;2;222;140;150m[48;2;0;8;8m▀[48;2;74;52;55m▀[38;2;181;98;125m[48;2;222;140;150m▀[38;2;222;140;150m▀[38;2;0;0;0m[48;2;255;189;199m▀▀[48;2;222;140;150m▀[49m▄  ▀[38;2;222;140;150m[48;2;0;0;0m▀[38;2;0;0;0m[48;2;222;140;150m▀[49m▄ [0m
       [38;2;0;0;0m▀▀▄[38;2;0;8;8m[48;2;222;140;150m▀[38;2;222;140;150m[48;2;74;52;55m▀[38;2;255;189;199m[48;2;255;189;199m▀[48;2;181;98;125m▀[38;2;195;148;155m[48;2;255;189;199m▀[38;2;74;66;66m▀[38;2;0;0;0m[48;2;0;0;0m▀[49m   ▄[48;2;222;140;150m▀[38;2;222;148;150m[48;2;74;52;55m▀[38;2;0;4;8m[48;2;0;4;8m▀[49m [0m
         [38;2;0;0;0m▀[38;2;222;148;158m[48;2;0;12;8m▀[38;2;74;57;58m[48;2;74;57;58m▀[38;2;255;189;199m[48;2;90;61;74m▀[38;2;145;104;116m[48;2;200;146;157m▀[38;2;255;189;199m[48;2;181;98;125m▀[48;2;255;189;199m▀[38;2;239;165;175m[48;2;239;165;175m▀[38;2;0;4;0m[48;2;80;58;58m▀[38;2;0;0;0m[48;2;181;99;125m▀▀[38;2;222;148;150m[48;2;0;4;8m▀[38;2;74;52;55m▀[38;2;0;0;0m[49m▀  [0m
          [38;2;0;0;0m▀[38;2;181;99;125m[48;2;0;0;0m▀[38;2;66;66;66m▀[38;2;0;0;0m[49m▀▀[38;2;66;66;66m[48;2;0;0;0m▀[38;2;181;98;125m[48;2;222;140;150m▀[38;2;222;140;150m▀[38;2;0;0;0m[48;2;0;0;0m▀[49m▀     [0m
               [38;2;0;0;0m▀[38;2;170;121;133m[48;2;0;0;0m▀[38;2;255;181;199m▀[38;2;0;0;0m[49m▀      [0m
                         [0m
