
[38;2;0;0;0m                                                                    
[38;2;0;0;0m                [38;2;0;4;0m██[38;2;198;198;206m██[38;2;0;4;0m██[38;2;0;0;0m                                              
[38;2;0;0;0m              [38;2;0;4;0m██[38;2;198;198;206m████[38;2;0;4;0m██[38;2;0;0;0m          [38;2;0;4;0m████[38;2;0;0;0m                                
[38;2;0;0;0m              [38;2;0;4;0m██[38;2;198;199;208m████[38;2;0;4;0m████[38;2;0;0;0m      [38;2;0;4;0m██[38;2;236;236;233m████[38;2;0;4;0m██[38;2;0;0;0m                              
[38;2;0;0;0m              [38;2;0;4;0m██[38;2;198;199;208m██[38;2;115;119;115m██[38;2;115;121;119m██[38;2;231;239;239m██[38;2;0;4;0m██████[38;2;231;239;239m██[38;2;236;236;233m██[38;2;198;198;206m██[38;2;0;4;0m██[38;2;0;0;0m                    [38;2;0;4;0m██████[38;2;0;0;0m    
[38;2;0;0;0m              [38;2;0;4;0m██[38;2;198;198;206m██[38;2;236;236;233m██[38;2;234;239;236m████[38;2;231;239;239m████[38;2;115;119;123m██[38;2;239;239;239m██[38;2;198;198;206m████[38;2;0;4;0m██[38;2;0;0;0m                [38;2;0;4;0m████[38;2;206;148;214m██[38;2;209;150;214m██[38;2;148;103;148m██[38;2;0;4;0m██[38;2;0;0;0m  
[38;2;0;0;0m            [38;2;0;4;0m██[38;2;231;239;239m██[38;2;236;236;233m████[38;2;234;239;236m████[38;2;231;239;239m██[38;2;115;120;118m██[38;2;239;239;239m██[38;2;198;199;200m██[38;2;198;198;206m██[38;2;0;4;0m██[38;2;0;0;0m                [38;2;0;4;0m██[38;2;206;148;214m██████[38;2;209;150;214m████[38;2;0;4;0m██[38;2;0;0;0m  
[38;2;0;0;0m          [38;2;0;4;0m██[38;2;234;239;236m████████████████[38;2;236;236;233m██[38;2;198;198;206m████[38;2;0;4;0m██[38;2;0;0;0m              [38;2;0;4;0m██[38;2;209;152;214m████[38;2;206;148;214m████[38;2;148;103;148m██[38;2;0;4;0m██[38;2;0;0;0m    
[38;2;0;0;0m          [38;2;0;4;0m██[38;2;234;239;236m████████████████[38;2;236;236;233m████[38;2;198;198;206m██[38;2;0;4;0m██[38;2;0;0;0m            [38;2;0;4;0m██[38;2;148;103;148m██[38;2;209;152;214m████[38;2;0;4;0m██████[38;2;0;0;0m      
[38;2;0;0;0m        [38;2;0;4;0m██[38;2;231;239;239m██[38;2;236;236;233m████[38;2;234;239;236m████████████[38;2;236;236;233m████[38;2;201;198;209m████[38;2;0;4;0m██[38;2;0;0;0m          [38;2;0;4;0m██[38;2;154;100;154m██[38;2;148;103;148m██[38;2;0;4;0m██[38;2;0;0;0m            
[38;2;0;0;0m        [38;2;0;4;0m██[38;2;231;239;239m██[38;2;198;198;206m██[38;2;236;236;233m██[38;2;234;239;236m████████████[38;2;236;236;233m██[38;2;198;198;206m██[38;2;201;198;209m████[38;2;0;4;0m██[38;2;0;0;0m        [38;2;0;4;0m██[38;2;154;100;154m████[38;2;0;4;0m██[38;2;0;0;0m              
[38;2;0;0;0m        [38;2;0;4;0m██[38;2;231;239;239m██[38;2;198;198;206m██[38;2;236;236;233m██[38;2;198;198;206m██[38;2;236;236;233m██[38;2;231;239;239m████[38;2;247;247;247m██[38;2;93;98;93m██[38;2;201;198;209m████████[38;2;0;4;0m██[38;2;0;0;0m        [38;2;0;4;0m██[38;2;148;101;148m██[38;2;0;8;0m██[38;2;0;0;0m                
[38;2;0;0;0m          [38;2;0;4;0m██[38;2;198;198;206m██[38;2;236;236;233m██[38;2;198;198;206m██[38;2;236;236;233m██[38;2;231;239;239m██[38;2;66;66;66m██[38;2;93;98;93m██[38;2;247;247;247m██[38;2;201;198;209m████████[38;2;0;4;0m██[38;2;0;0;0m        [38;2;0;4;0m██[38;2;148;101;148m██[38;2;74;55;74m██[38;2;0;4;0m██[38;2;0;0;0m              
[38;2;0;0;0m            [38;2;0;4;0m██[38;2;231;231;231m██[38;2;231;239;239m██[38;2;148;151;140m██[38;2;103;82;103m██[38;2;0;8;0m██[38;2;255;255;255m████[38;2;201;198;209m████[38;2;206;206;206m██[38;2;0;4;0m██[38;2;0;0;0m            [38;2;0;4;0m██[38;2;154;100;154m██[38;2;0;4;0m██[38;2;0;0;0m              
[38;2;0;0;0m          [38;2;0;4;0m██[38;2;154;155;154m██[38;2;231;231;231m██[38;2;231;239;239m████[38;2;0;8;0m██[38;2;206;156;206m██[38;2;255;255;255m██[38;2;200;196;208m██[38;2;201;198;209m████[38;2;69;71;69m██[38;2;137;139;137m██[38;2;0;4;0m██[38;2;0;0;0m          [38;2;0;4;0m██[38;2;154;100;154m██[38;2;148;103;148m██[38;2;0;4;0m██[38;2;0;0;0m            
[38;2;0;0;0m          [38;2;0;4;0m██[38;2;222;222;230m████[38;2;231;231;239m██[38;2;203;203;206m██[38;2;198;198;206m████████[38;2;0;4;0m████[38;2;148;148;140m████[38;2;99;100;93m██[38;2;0;4;0m██[38;2;0;0;0m          [38;2;0;4;0m██[38;2;206;148;214m████[38;2;0;4;0m██[38;2;0;0;0m          
[38;2;0;0;0m            [38;2;0;4;0m██[38;2;222;222;230m██[38;2;148;148;140m██[38;2;203;203;206m██[38;2;198;198;206m██[38;2;66;66;66m██[38;2;66;69;69m██[38;2;0;4;0m██[38;2;0;0;0m    [38;2;0;4;0m██[38;2;148;148;140m████[38;2;0;4;0m██[38;2;0;0;0m            [38;2;0;4;0m██[38;2;206;148;214m████[38;2;0;4;0m██[38;2;0;0;0m        
[38;2;0;0;0m              [38;2;0;4;0m██[38;2;66;69;69m████[38;2;66;66;58m██[38;2;198;198;206m██[38;2;148;148;140m██[38;2;203;203;206m██[38;2;8;8;0m████[38;2;148;148;140m████[38;2;94;96;94m██[38;2;0;4;0m██[38;2;0;0;0m            [38;2;0;4;0m██[38;2;206;148;214m██[38;2;209;152;214m████[38;2;0;4;0m██[38;2;0;0;0m      
[38;2;0;0;0m                [38;2;0;4;0m██[38;2;198;198;206m██[38;2;154;154;157m██[38;2;198;198;206m██[38;2;203;203;206m██[38;2;231;231;239m██[38;2;239;239;239m██[38;2;85;85;80m██[38;2;66;66;66m██[38;2;148;148;140m██[38;2;0;4;0m██[38;2;0;0;0m                [38;2;0;4;0m██[38;2;209;152;214m████[38;2;0;4;0m██[38;2;0;0;0m      
[38;2;0;0;0m              [38;2;0;4;0m██[38;2;154;154;157m██[38;2;198;198;206m██[38;2;148;151;140m██[38;2;231;239;239m██[38;2;234;239;236m████[38;2;93;99;96m██[38;2;198;198;206m██[38;2;137;135;137m██[38;2;0;8;0m██[38;2;0;0;0m                  [38;2;0;4;0m██[38;2;209;150;214m████[38;2;214;148;214m██[38;2;0;4;0m██[38;2;0;0;0m    
[38;2;0;0;0m              [38;2;0;4;0m██[38;2;198;198;206m██[38;2;66;66;58m██[38;2;148;151;140m████[38;2;234;239;236m████[38;2;146;148;151m██[38;2;93;99;96m██[38;2;206;198;206m████[38;2;0;4;0m██[38;2;0;0;0m                [38;2;0;4;0m██[38;2;148;103;148m██[38;2;209;150;214m██[38;2;143;100;143m██[38;2;0;4;0m██[38;2;0;0;0m    
[38;2;0;0;0m            [38;2;0;4;0m██[38;2;198;198;206m████[38;2;66;66;66m██[38;2;234;239;236m████[38;2;148;151;140m████[38;2;198;198;206m██[38;2;0;4;0m████[38;2;198;198;206m██[38;2;214;206;214m██[38;2;0;4;0m██[38;2;0;0;0m            [38;2;0;4;0m██[38;2;154;100;154m██[38;2;206;148;214m██[38;2;151;101;153m██[38;2;206;148;214m██[38;2;0;4;0m██[38;2;0;0;0m    
[38;2;0;0;0m        [38;2;0;4;0m████[38;2;198;198;206m████[38;2;66;66;66m██[38;2;198;198;206m██[38;2;234;239;236m████[38;2;231;239;239m████[38;2;0;4;0m██[38;2;0;0;0m    [38;2;0;4;0m██[38;2;214;206;214m████[38;2;0;4;0m██[38;2;0;0;0m      [38;2;0;4;0m████[38;2;154;100;154m████[38;2;151;101;153m██[38;2;206;148;214m██[38;2;0;4;0m██[38;2;0;0;0m      
[38;2;0;0;0m      [38;2;0;4;0m██[38;2;154;154;157m██[38;2;198;198;206m██[38;2;66;66;66m████[38;2;206;173;214m██[38;2;140;117;143m██[38;2;151;101;153m████[38;2;231;239;239m████[38;2;0;4;0m██[38;2;0;0;0m      [38;2;0;4;0m██[38;2;231;239;239m██[38;2;77;77;77m██[38;2;0;0;0m██[38;2;0;4;0m████[38;2;151;101;151m████████[38;2;154;100;154m████[38;2;0;4;0m██[38;2;0;0;0m      
[38;2;0;0;0m    [38;2;0;4;0m██[38;2;198;198;206m████[38;2;66;66;58m██[38;2;231;239;239m████[38;2;74;60;71m██[38;2;206;173;214m██[38;2;206;148;214m████[38;2;148;102;151m██[38;2;231;239;239m████[38;2;0;4;0m████[38;2;0;0;0m  [38;2;0;4;0m██[38;2;231;239;239m██[38;2;231;231;231m██[38;2;77;77;77m██[38;2;154;100;154m████[38;2;151;101;151m████████[38;2;154;100;154m██[38;2;0;4;0m██[38;2;0;0;0m        
[38;2;0;0;0m  [38;2;0;4;0m██[38;2;198;198;206m████[38;2;66;66;66m██[38;2;231;239;239m████[38;2;66;66;66m██[38;2;209;152;214m████████[38;2;214;148;214m██[38;2;143;105;143m██[38;2;148;151;140m██[38;2;231;239;239m████[38;2;0;4;0m██[38;2;66;66;66m██[38;2;231;239;239m████[38;2;66;66;66m██[38;2;152;99;152m████[38;2;151;101;151m████[38;2;154;100;154m████[38;2;0;4;0m██[38;2;0;0;0m          
[38;2;0;0;0m  [38;2;0;4;0m██[38;2;198;198;206m██[38;2;66;66;66m██[38;2;231;239;239m██████[38;2;66;66;66m██[38;2;209;152;214m████████[38;2;214;148;214m██[38;2;71;63;71m██[38;2;231;239;239m████████[38;2;66;66;66m██[38;2;231;239;239m██████[38;2;66;66;66m██[38;2;152;99;152m██[38;2;151;101;151m████[38;2;0;4;0m████[38;2;0;0;0m            
[38;2;0;0;0m    [38;2;0;4;0m██[38;2;66;65;66m██[38;2;234;239;236m████[38;2;231;239;239m██[38;2;66;66;66m██[38;2;209;150;214m████████[38;2;66;66;66m██[38;2;181;176;187m██[38;2;234;239;236m████████[38;2;231;239;239m██[38;2;66;66;66m██[38;2;234;239;236m████[38;2;69;60;71m██[38;2;137;121;143m██[38;2;0;4;0m████[38;2;0;0;0m                
[38;2;0;0;0m      [38;2;0;4;0m██[38;2;234;239;236m████[38;2;231;239;239m██[38;2;66;66;66m██[38;2;148;103;148m██[38;2;209;150;214m████[38;2;148;103;148m██[38;2;66;66;66m██[38;2;239;231;247m██[38;2;234;239;236m████████[38;2;231;239;239m██[38;2;66;66;66m██[38;2;234;239;236m████[38;2;206;181;214m██[38;2;0;0;0m██                    
[38;2;0;0;0m        [38;2;0;4;0m██[38;2;231;239;239m██[38;2;198;198;206m████[38;2;69;60;71m██[38;2;137;121;143m██[38;2;151;101;151m████[38;2;66;66;66m██[38;2;231;239;239m██[38;2;234;239;236m████[38;2;236;236;233m████[38;2;66;66;66m██[38;2;231;239;239m██[38;2;148;151;140m██[38;2;231;239;239m██[38;2;148;148;140m██[38;2;0;4;0m██[38;2;0;0;0m                    
[38;2;0;0;0m          [38;2;0;4;0m████[38;2;198;198;206m██[38;2;206;181;214m██[38;2;69;60;71m██[38;2;151;101;151m████[38;2;66;66;66m██[38;2;231;239;239m██[38;2;234;239;236m████[38;2;236;236;233m██[38;2;198;198;206m██[38;2;66;66;66m██[38;2;231;239;239m██[38;2;148;151;140m██[38;2;231;239;239m██[38;2;148;148;140m██[38;2;0;4;0m██[38;2;0;0;0m                    
[38;2;0;0;0m              [38;2;0;4;0m██[38;2;201;198;209m████[38;2;55;52;55m██[38;2;148;115;148m██[38;2;148;107;148m██[38;2;74;57;74m██[38;2;236;236;233m████[38;2;201;198;209m████[38;2;198;198;206m██[38;2;0;4;0m██[38;2;206;206;206m██[38;2;137;140;137m██[38;2;0;4;0m██[38;2;0;0;0m                      
[38;2;0;0;0m              [38;2;0;4;0m██[38;2;201;198;209m████[38;2;101;83;101m██[38;2;8;20;8m██[38;2;0;8;0m████[38;2;198;198;206m████[38;2;201;198;209m████[38;2;0;4;0m██[38;2;0;0;0m  [38;2;0;8;0m████[38;2;0;0;0m                        
[38;2;0;0;0m          [38;2;0;4;0m████[38;2;66;69;69m██[38;2;198;198;206m██[38;2;99;101;103m██[38;2;198;198;206m██[38;2;0;4;0m██[38;2;0;0;0m    [38;2;94;90;98m██[38;2;189;181;197m██[38;2;198;198;206m████[38;2;66;69;69m██[38;2;0;4;0m██[38;2;0;0;0m                            
[38;2;0;0;0m        [38;2;0;4;0m██[38;2;148;148;140m██[38;2;66;69;69m██[38;2;198;198;206m████[38;2;0;4;0m████[38;2;0;0;0m        ██[38;2;0;4;0m██[38;2;198;198;206m████[38;2;66;69;69m██[38;2;0;4;0m██[38;2;0;0;0m                          
[38;2;0;0;0m        [38;2;0;4;0m██[38;2;66;65;66m██[38;2;198;198;206m████[38;2;0;4;0m██[38;2;0;0;0m                [38;2;0;4;0m██[38;2;201;198;209m████[38;2;0;4;0m██[38;2;0;0;0m                          
[38;2;0;0;0m          [38;2;0;4;0m██████[38;2;0;0;0m                  [38;2;0;4;0m██[38;2;201;198;209m████[38;2;0;4;0m██[38;2;0;0;0m                          
[38;2;0;0;0m                              [38;2;0;4;0m████[38;2;231;231;231m██[38;2;236;236;233m██[38;2;198;198;206m██[38;2;0;4;0m██[38;2;0;0;0m                          
[38;2;0;0;0m                            [38;2;0;4;0m██[38;2;66;65;66m██[38;2;231;231;231m██[38;2;154;155;154m██[38;2;236;236;233m████[38;2;0;4;0m██[38;2;0;0;0m                          
[38;2;0;0;0m                            [38;2;0;4;0m██[38;2;231;239;239m██[38;2;231;231;231m██[38;2;154;155;154m██[38;2;231;239;239m██[38;2;0;4;0m██[38;2;0;0;0m                            
[38;2;0;0;0m                              [38;2;0;4;0m████[38;2;231;231;231m██[38;2;231;239;239m██[38;2;0;4;0m██[38;2;0;0;0m                            
[38;2;0;0;0m                                  [38;2;0;4;0m████[38;2;0;0;0m                              
[38;2;0;0;0m                                                                    [0m
