
[38;2;0;0;0m                                                      
[38;2;0;0;0m                  [38;2;49;49;49m████[38;2;0;0;0m                                
[38;2;0;0;0m                [38;2;49;49;49m██[38;2;238;213;139m██[38;2;49;49;49m██[38;2;0;0;0m    [38;2;49;49;49m████[38;2;0;0;0m                        
[38;2;0;0;0m              [38;2;49;49;49m██[38;2;238;213;139m██[38;2;49;49;49m██[38;2;0;0;0m  [38;2;49;49;49m████[38;2;255;255;255m██[38;2;49;49;49m██[38;2;0;0;0m                        
[38;2;0;0;0m              [38;2;49;49;49m██[38;2;255;255;255m██[38;2;49;49;49m████[38;2;255;255;255m██[38;2;180;156;205m██████[38;2;49;49;49m██[38;2;0;0;0m                      
[38;2;0;0;0m              [38;2;49;49;49m██[38;2;82;82;82m██[38;2;189;189;180m██[38;2;255;255;255m██████[38;2;180;156;205m██████[38;2;49;49;49m██[38;2;0;0;0m                    
[38;2;0;0;0m            [38;2;49;49;49m██[38;2;180;57;139m██[38;2;238;213;139m████[38;2;255;255;255m████████████[38;2;49;49;49m████[38;2;0;0;0m                  
[38;2;0;0;0m            [38;2;49;49;49m██[38;2;255;255;255m██████[38;2;180;156;205m██████[38;2;255;255;255m██████████[38;2;49;49;49m██[38;2;0;0;0m                
[38;2;0;0;0m          [38;2;49;49;49m██[38;2;139;123;131m██[38;2;82;82;82m██[38;2;255;255;255m██████[38;2;180;57;139m██[38;2;49;49;49m██[38;2;180;156;205m██[38;2;255;255;255m██████[38;2;49;49;49m██[38;2;0;0;0m                  
[38;2;0;0;0m        [38;2;49;49;49m██[38;2;189;189;180m██████[38;2;82;82;82m████[38;2;255;255;255m██████████[38;2;189;189;180m██[38;2;49;49;49m██[38;2;0;0;0m                    
[38;2;0;0;0m        [38;2;49;49;49m██[38;2;189;189;180m████[38;2;82;82;82m████[38;2;189;189;180m██[38;2;82;82;82m████[38;2;255;255;255m██[38;2;189;189;180m██[38;2;82;82;82m████[38;2;0;0;0m            [38;2;49;49;49m██████[38;2;0;0;0m    
[38;2;0;0;0m        [38;2;49;49;49m██[38;2;189;189;180m██[38;2;82;82;82m██[38;2;255;255;255m████[38;2;82;82;82m██[38;2;189;189;180m████[38;2;82;82;82m██[38;2;255;255;255m████[38;2;238;213;139m██[38;2;49;49;49m██████[38;2;0;0;0m    [38;2;49;49;49m██[38;2;180;156;205m████[38;2;148;115;197m██[38;2;49;49;49m██[38;2;0;0;0m  
[38;2;0;0;0m          [38;2;49;49;49m██[38;2;255;255;255m████████[38;2;82;82;82m██[38;2;139;123;131m██[38;2;255;255;255m██[38;2;82;82;82m████[38;2;238;213;139m██████[38;2;49;49;49m██[38;2;0;0;0m  [38;2;49;49;49m██[38;2;180;156;205m████[38;2;49;49;49m████[38;2;0;0;0m    
[38;2;0;0;0m          [38;2;49;49;49m██[38;2;255;255;255m██████████[38;2;139;123;131m██[38;2;255;255;255m████[38;2;189;189;180m██[38;2;49;49;49m██████[38;2;0;0;0m    [38;2;49;49;49m██[38;2;255;255;255m██[38;2;49;49;49m██[38;2;0;0;0m        
[38;2;0;0;0m        [38;2;49;49;49m██[38;2;255;255;255m██████[38;2;82;82;82m██[38;2;189;189;180m██[38;2;255;255;255m██████[38;2;139;123;131m██[38;2;255;255;255m██[38;2;49;49;49m██[38;2;0;0;0m      [38;2;49;49;49m██[38;2;255;255;255m██[38;2;49;49;49m██[38;2;0;0;0m          
[38;2;0;0;0m        [38;2;49;49;49m██[38;2;255;255;255m████[38;2;189;189;180m██[38;2;139;123;131m██[38;2;82;82;82m██[38;2;255;255;255m██[38;2;189;189;180m██[38;2;82;82;82m██[38;2;255;255;255m██[38;2;180;156;205m██[38;2;49;49;49m██[38;2;0;0;0m      [38;2;49;49;49m██[38;2;255;255;255m██[38;2;49;49;49m██[38;2;0;0;0m          
[38;2;0;0;0m      [38;2;49;49;49m██[38;2;180;156;205m██[38;2;148;115;197m██[38;2;255;255;255m██[38;2;82;82;82m██[38;2;148;115;197m████[38;2;82;82;82m████[38;2;180;156;205m████[38;2;255;255;255m████[38;2;49;49;49m██[38;2;0;0;0m  [38;2;49;49;49m██[38;2;189;189;180m██[38;2;49;49;49m██[38;2;0;0;0m            
[38;2;0;0;0m    [38;2;49;49;49m██[38;2;180;156;205m██[38;2;148;115;197m██[38;2;180;156;205m██[38;2;148;115;197m██[38;2;82;82;82m██[38;2;148;115;197m██████[38;2;189;189;180m██[38;2;255;255;255m██████[38;2;180;156;205m████[38;2;49;49;49m██[38;2;189;189;180m██[38;2;49;49;49m██[38;2;0;0;0m              
[38;2;0;0;0m  [38;2;49;49;49m██[38;2;180;156;205m██[38;2;82;82;82m██[38;2;148;115;197m██[38;2;180;156;205m██[38;2;49;49;49m██[38;2;189;189;180m██[38;2;148;115;197m████[38;2;49;49;49m████[38;2;180;156;205m██████████[38;2;82;82;82m██[38;2;49;49;49m██[38;2;0;0;0m                
[38;2;0;0;0m    [38;2;49;49;49m████[38;2;180;156;205m██[38;2;49;49;49m██[38;2;0;0;0m  [38;2;49;49;49m██████[38;2;0;0;0m    [38;2;49;49;49m██[38;2;180;156;205m██████[38;2;148;115;197m██[38;2;49;49;49m██[38;2;0;0;0m                  
[38;2;0;0;0m      [38;2;49;49;49m████[38;2;0;0;0m                [38;2;49;49;49m██[38;2;148;115;197m████[38;2;49;49;49m██[38;2;0;0;0m                    
[38;2;0;0;0m                            [38;2;49;49;49m██[38;2;189;189;180m██[38;2;255;255;255m██[38;2;49;49;49m██[38;2;0;0;0m                  
[38;2;0;0;0m                              [38;2;49;49;49m████[38;2;0;0;0m                    
[38;2;0;0;0m                                                      [0m
