
              [38;2;0;0;0m▄▄  [0m
             [38;2;0;0;0m[48;2;0;0;0m▀[38;2;255;255;231m[48;2;239;231;199m▀[38;2;239;231;199m▀[38;2;0;0;0m[48;2;0;0;0m▀[49m [0m
   [38;2;0;0;0m▄[48;2;255;255;231m▀▀[49m▄  ▄[48;2;255;255;231m▀▀[49m▄ ▀▀  [0m
   [38;2;0;0;0m▀[38;2;255;255;231m[48;2;0;0;0m▀[48;2;255;255;231m▀[38;2;0;0;0m▀[38;2;16;8;0m[49m▄[38;2;0;0;0m[48;2;96;90;77m▀[38;2;255;255;231m[48;2;255;255;231m▀▀[48;2;255;255;223m▀[38;2;0;0;0m[48;2;8;4;0m▀[49m▄▄   [0m
   [38;2;0;0;0m▄[48;2;247;247;223m▀[38;2;255;255;231m[48;2;255;255;231m▀▀[38;2;96;90;77m▀[38;2;255;255;231m▀▀▀[38;2;90;88;74m[48;2;107;99;83m▀[38;2;173;171;149m[48;2;173;165;141m▀[38;2;181;156;133m▀[48;2;107;99;83m▀[38;2;0;0;0m[48;2;0;0;0m▀[49m  [0m
 [38;2;0;0;0m▄[48;2;181;156;133m▀[38;2;247;247;223m[48;2;255;255;255m▀[48;2;181;156;133m▀[38;2;255;255;231m[48;2;239;231;199m▀[48;2;255;255;231m▀▀▀[48;2;239;231;199m▀[38;2;239;231;199m▀▀[38;2;107;99;83m▀▀[38;2;239;231;199m▀▀[38;2;0;0;0m[48;2;0;0;0m▀[49m [0m
 [38;2;0;0;0m[48;2;0;0;0m▀[38;2;181;156;133m[48;2;239;231;199m▀[38;2;255;255;255m▀[38;2;181;156;133m▀[38;2;239;231;199m▀▀[38;2;239;233;199m[48;2;181;156;133m▀[48;2;255;255;255m▀[38;2;239;231;199m[48;2;181;156;133m▀[48;2;239;231;199m▀▀▀[48;2;0;0;0m▀[38;2;0;0;0m[49m▀▀  [0m
  [38;2;0;0;0m▀[38;2;239;231;199m[48;2;0;0;0m▀▀[38;2;181;156;133m[48;2;239;231;199m▀[38;2;239;231;199m▀[38;2;181;156;133m▀[38;2;255;255;255m▀[38;2;181;156;133m▀[38;2;239;231;199m▀[38;2;181;156;133m▀▀[38;2;107;99;83m▀[38;2;0;0;0m▀[49m▄  [0m
     [38;2;0;0;0m▀▀▀▀▀▀▀[38;2;239;231;199m[48;2;0;0;0m▀▀▀[38;2;0;0;0m[49m▀  [0m
                  [0m
