
[38;2;0;0;0m                                                                                    
[38;2;0;0;0m                                  ██        ████                                    
[38;2;0;0;0m                      ████      ██[38;2;247;222;175m██[38;2;0;0;0m██    ██[38;2;231;90;103m████[38;2;0;0;0m████                                
[38;2;0;0;0m                    ██[38;2;231;90;103m████[38;2;0;0;0m██    ██[38;2;247;222;175m██[38;2;0;0;0m██      ████[38;2;231;90;103m██[38;2;154;60;69m██[38;2;0;0;0m██                              
[38;2;0;0;0m                  ██[38;2;231;90;103m██[38;2;154;60;69m██[38;2;0;0;0m██      ██[38;2;247;222;175m██[38;2;0;0;0m██          ██[38;2;231;90;103m██[38;2;156;66;68m██[38;2;0;0;0m██                            
[38;2;0;0;0m                ██[38;2;231;90;103m██[38;2;156;66;68m██[38;2;0;0;0m██      ██[38;2;247;222;178m████[38;2;0;0;0m██            ██[38;2;231;90;103m██[38;2;0;0;0m██                            
[38;2;0;0;0m                ██[38;2;231;90;103m██[38;2;0;0;0m██        ██[38;2;247;222;178m████[38;2;247;222;175m██[38;2;0;0;0m██          ██[38;2;231;90;103m██[38;2;0;0;0m██                            
[38;2;0;0;0m                ██[38;2;231;90;103m██[38;2;0;0;0m██    ██[38;2;8;0;0m██[38;2;255;214;175m██[38;2;247;222;178m████[38;2;255;206;167m██[38;2;82;33;42m██[38;2;0;0;0m████      ██[38;2;231;90;103m██[38;2;0;0;0m██            ██              
[38;2;0;0;0m                ██[38;2;231;90;103m██[38;2;0;0;0m██  ██[38;2;255;127;143m██[38;2;131;107;87m██[38;2;255;214;175m██[38;2;247;222;178m████[38;2;140;91;84m████[38;2;231;90;103m████[38;2;0;0;0m██  ██[38;2;231;90;103m██[38;2;0;0;0m██            ██[38;2;123;189;251m██[38;2;0;0;0m██            
[38;2;0;0;0m                ██[38;2;247;140;119m██[38;2;82;57;53m██[38;2;0;12;16m██[38;2;255;127;143m██[38;2;156;66;68m██[38;2;247;222;178m████[38;2;247;222;175m██[38;2;156;66;68m██[38;2;255;126;143m████[38;2;255;119;135m██[38;2;197;98;109m██[38;2;231;94;111m██[38;2;0;16;16m██[38;2;77;42;48m██[38;2;231;94;111m██[38;2;0;0;0m██            ██[38;2;123;189;251m██[38;2;0;0;0m██      ██    
[38;2;0;0;0m                  ██[38;2;247;148;127m██[38;2;82;57;53m██[38;2;255;127;143m██[38;2;156;66;68m██[38;2;247;222;178m████[38;2;247;222;175m██[38;2;156;66;68m██[38;2;255;126;143m████[38;2;140;78;84m██[38;2;82;57;58m██[38;2;77;42;48m██[38;2;231;94;111m████[38;2;0;16;16m██[38;2;0;0;0m      ████  ██[38;2;123;189;251m██████[38;2;0;0;0m██  ██[38;2;74;132;186m██[38;2;0;0;0m██  
[38;2;0;0;0m                  ██[38;2;247;222;175m██[38;2;82;74;58m██[38;2;74;53;58m██[38;2;134;104;94m██[38;2;247;222;178m████[38;2;156;66;68m██[38;2;255;127;143m██[38;2;134;104;94m██[38;2;74;53;58m██[38;2;74;61;66m██[38;2;195;163;133m██[38;2;247;148;127m██[38;2;82;57;53m██[38;2;0;0;0m██        ██[38;2;123;189;251m██[38;2;0;0;0m██[38;2;66;57;58m██[38;2;123;189;251m██████[38;2;0;0;0m██  ██[38;2;74;132;186m██[38;2;0;0;0m██  
[38;2;0;0;0m                    ██[38;2;247;222;175m██[38;2;255;206;167m██[38;2;74;53;58m██[38;2;247;222;178m████[38;2;156;66;68m████[38;2;74;53;58m██[38;2;255;206;167m██[38;2;255;214;167m██[38;2;74;61;66m██[38;2;82;57;53m██[38;2;0;12;16m██[38;2;0;0;0m          ██[38;2;123;189;251m████[38;2;85;101;122m██[38;2;123;189;251m██[38;2;231;90;103m██[38;2;123;189;251m██[38;2;86;86;114m██[38;2;0;0;0m██[38;2;74;132;186m████[38;2;0;0;0m██  
[38;2;0;0;0m                      ██[38;2;247;231;207m████[38;2;247;222;178m████████[38;2;247;239;215m██[38;2;82;80;72m██[38;2;90;49;58m██[38;2;198;173;142m██[38;2;85;48;56m██[38;2;0;16;8m██[38;2;0;0;0m      ██[38;2;8;0;0m██[38;2;70;94;122m██[38;2;90;173;226m██[38;2;214;82;94m██[38;2;107;189;243m██[38;2;156;112;138m██[38;2;231;90;103m████[38;2;123;189;251m██[38;2;85;85;112m██[38;2;189;61;93m██[38;2;79;130;186m██[38;2;0;0;0m██  
[38;2;0;0;0m                      ██[38;2;66;66;66m██[38;2;247;231;207m██[38;2;247;222;178m████████[38;2;0;0;0m██[38;2;247;239;215m██[38;2;126;90;86m██[38;2;198;173;142m██[38;2;85;48;56m██[38;2;170;79;103m██[38;2;0;0;0m██  ██[38;2;123;189;251m██[38;2;132;189;244m██[38;2;70;94;122m██[38;2;152;127;160m██[38;2;214;82;94m██[38;2;181;74;85m██[38;2;107;189;243m██[38;2;82;86;114m██[38;2;231;90;103m██[38;2;123;189;251m██[38;2;85;85;112m██[38;2;189;61;93m██[38;2;79;130;186m██[38;2;0;0;0m██  
[38;2;0;0;0m                      ██[38;2;137;99;92m██[38;2;247;214;175m██[38;2;247;222;178m████[38;2;247;222;175m██[38;2;66;70;66m██[38;2;63;63;52m██[38;2;0;4;8m██[38;2;170;128;117m██[38;2;214;165;142m██[38;2;66;66;66m██[38;2;189;61;93m██[38;2;0;0;0m██    ██[38;2;123;189;251m████[38;2;107;189;243m██[38;2;156;112;138m██[38;2;231;90;103m████[38;2;104;101;139m██[38;2;214;82;94m██[38;2;57;119;161m██[38;2;98;97;136m██[38;2;189;61;93m██[38;2;0;0;0m██    
[38;2;0;0;0m                      ██[38;2;82;41;50m██[38;2;247;214;175m██[38;2;247;222;178m████[38;2;247;222;175m██[38;2;187;171;139m██[38;2;189;181;141m████[38;2;214;165;142m██[38;2;82;53;66m██[38;2;189;61;93m████[38;2;0;0;0m██    ██[38;2;123;189;251m██[38;2;231;90;103m██[38;2;181;74;85m██[38;2;107;189;243m██[38;2;82;86;114m██[38;2;231;90;103m██[38;2;49;111;161m██[38;2;104;101;139m██[38;2;181;53;85m██[38;2;98;97;136m██[38;2;189;61;93m██[38;2;0;0;0m██    
[38;2;0;0;0m                      ██[38;2;189;61;93m██[38;2;66;66;66m██[38;2;247;222;175m████[38;2;189;181;141m████[38;2;66;66;66m████[38;2;192;181;144m██[38;2;66;66;66m██[38;2;189;63;96m████[38;2;0;0;0m██      ██[38;2;123;189;251m██[38;2;214;82;102m████[38;2;90;181;242m██[38;2;129;96;137m██[38;2;181;53;85m██[38;2;98;97;136m██[38;2;181;53;85m██[38;2;98;97;136m██[38;2;0;0;0m██      
[38;2;0;0;0m                      ██[38;2;189;61;93m██[38;2;66;66;66m██[38;2;0;0;0m████[38;2;0;4;8m██[38;2;63;63;52m██[38;2;192;181;144m██████[38;2;66;66;66m██[38;2;189;63;96m████[38;2;0;0;0m██        ██[38;2;77;131;189m██[38;2;214;82;102m██[38;2;148;53;84m██[38;2;109;138;189m██[38;2;98;97;136m██[38;2;57;119;161m██[38;2;98;97;136m██[38;2;57;119;161m██[38;2;0;0;0m██      
[38;2;0;0;0m                      ██[38;2;165;60;79m██[38;2;0;0;0m██      ██[38;2;192;181;141m████[38;2;187;170;139m██[38;2;66;66;66m██[38;2;189;61;93m██[38;2;233;89;105m██[38;2;0;0;0m██          ██[38;2;74;132;186m██████[38;2;82;86;114m██[38;2;77;133;189m██[38;2;86;86;114m██[38;2;0;0;0m██        
[38;2;0;0;0m                    ██[38;2;231;90;103m██[38;2;247;90;119m██[38;2;0;0;0m██      ██[38;2;192;181;141m████[38;2;247;222;175m██[38;2;66;66;66m██[38;2;233;89;105m████[38;2;0;0;0m██            ████[38;2;74;132;186m██[38;2;77;133;189m██[38;2;82;86;114m██[38;2;0;0;0m██          
[38;2;0;0;0m                    ██[38;2;231;90;103m████[38;2;66;66;66m██[38;2;0;4;8m████[38;2;0;16;8m██[38;2;85;48;56m██[38;2;247;222;178m████[38;2;247;222;175m██[38;2;66;66;66m██[38;2;231;90;106m████[38;2;0;0;0m██                ██[38;2;123;189;251m██[38;2;0;0;0m██            
[38;2;0;0;0m                  ██[38;2;231;90;103m██████[38;2;66;66;66m██[38;2;115;56;81m██[38;2;173;82;117m██[38;2;170;79;103m██[38;2;85;48;56m██[38;2;247;222;178m████[38;2;247;222;175m██[38;2;66;66;66m██[38;2;231;90;106m████[38;2;231;90;103m██[38;2;0;0;0m████              ██[38;2;123;189;251m██[38;2;0;0;0m██          
[38;2;0;0;0m              ██[38;2;0;16;8m██[38;2;82;55;56m██[38;2;230;90;106m████[38;2;66;66;66m██[38;2;82;132;186m██[38;2;82;86;114m████[38;2;66;66;66m██[38;2;247;222;175m██[38;2;247;222;178m████████[38;2;66;66;66m██[38;2;231;90;103m████[38;2;66;66;66m██[38;2;99;132;187m██[38;2;16;8;0m██[38;2;0;0;0m██          [38;2;8;0;0m██[38;2;132;189;244m██[38;2;0;0;0m██          
[38;2;0;0;0m            ██[38;2;247;222;175m██[38;2;82;55;56m██[38;2;247;132;151m██[38;2;255;127;143m██[38;2;230;90;106m██[38;2;66;66;66m██[38;2;71;88;106m██[38;2;77;133;189m████[38;2;66;66;66m██[38;2;247;222;175m██[38;2;247;222;178m████████[38;2;66;66;66m██[38;2;231;90;103m██████[38;2;44;49;62m██[38;2;71;91;125m██[38;2;66;66;66m██[38;2;0;0;0m██      ██[38;2;70;94;122m████[38;2;0;0;0m██          
[38;2;0;0;0m          ██[38;2;247;222;175m████[38;2;66;66;66m██[38;2;239;103;119m██[38;2;255;127;143m████[38;2;66;66;66m████████[38;2;247;222;178m████████████[38;2;66;66;66m██[38;2;247;107;127m██[38;2;255;126;143m████[38;2;66;61;66m██[38;2;192;92;112m██[38;2;96;82;115m██[38;2;24;0;0m██[38;2;0;0;0m    [38;2;0;0;8m██[38;2;123;189;251m██[38;2;110;64;89m██[38;2;165;90;125m██[38;2;0;0;0m██          
[38;2;0;0;0m        ██[38;2;247;222;175m████[38;2;66;66;66m██[38;2;239;103;119m████[38;2;255;127;143m██[38;2;66;66;66m██[38;2;247;222;175m████████[38;2;247;222;178m████████████[38;2;66;66;66m██[38;2;247;107;127m██[38;2;255;126;143m████[38;2;255;107;135m██[38;2;66;61;66m██[38;2;96;82;115m██[38;2;132;123;172m██[38;2;0;0;0m████[38;2;82;126;170m████[38;2;110;64;89m██[38;2;0;12;16m██[38;2;0;0;0m            
[38;2;0;0;0m        [38;2;0;24;16m██[38;2;77;50;50m██[38;2;66;66;66m██[38;2;231;90;103m██[38;2;231;90;106m████[38;2;66;66;66m██[38;2;247;222;175m██[38;2;247;222;178m████████████████[38;2;247;222;175m██[38;2;193;181;141m██[38;2;192;181;144m██[38;2;66;66;66m██[38;2;255;127;143m██[38;2;230;90;106m██[38;2;231;90;106m████[38;2;66;66;66m████[38;2;181;66;109m██[38;2;98;69;85m██[38;2;82;86;114m████[38;2;74;132;186m██[38;2;0;0;0m██            
[38;2;0;0;0m      ██[38;2;77;50;50m██[38;2;231;103;119m██[38;2;231;90;103m████[38;2;231;90;106m████[38;2;66;66;66m██[38;2;247;222;175m██[38;2;247;222;178m████████████████[38;2;193;181;141m████[38;2;192;181;144m██[38;2;66;66;66m██[38;2;230;90;106m████[38;2;231;90;106m████[38;2;231;90;103m████[38;2;57;70;73m████[38;2;77;133;189m████[38;2;0;0;0m██              
[38;2;0;0;0m    ██[38;2;231;90;103m██████[38;2;231;90;106m████[38;2;231;99;111m██[38;2;77;38;42m██[38;2;255;231;183m██[38;2;173;157;125m██[38;2;247;222;175m██[38;2;193;181;141m██[38;2;247;222;175m████████[38;2;192;181;141m████████[38;2;189;181;141m██[38;2;0;0;0m██[38;2;77;42;48m██[38;2;231;94;111m██[38;2;231;90;106m████[38;2;231;90;103m██[38;2;156;66;68m██[38;2;231;90;103m████[38;2;66;66;66m██[38;2;0;0;0m██                
[38;2;0;0;0m  ██[38;2;231;90;103m████[38;2;156;65;68m████[38;2;231;90;106m████[38;2;0;8;8m████[38;2;8;8;8m██[38;2;255;231;183m██[38;2;193;181;141m██[38;2;247;222;175m██[38;2;193;181;141m████████[38;2;192;181;141m████████[38;2;0;0;0m██  [38;2;0;16;16m██[38;2;231;94;111m██[38;2;231;90;106m████[38;2;231;90;103m████[38;2;154;60;69m██[38;2;0;0;0m████                  
[38;2;0;0;0m    ██████[38;2;231;90;103m████[38;2;0;0;0m██      ██████[38;2;189;181;141m██████████[38;2;0;0;0m██████      ██[38;2;231;94;103m██[38;2;154;63;69m██[38;2;231;90;103m████[38;2;0;0;0m██                      
[38;2;0;0;0m          ████              ██████████              ██████[38;2;231;90;103m████[38;2;0;0;0m██                    
[38;2;0;0;0m                                                          ██████                    
[38;2;0;0;0m                                                                                    [0m
