
        [38;2;49;49;49m▄              [0m
    [38;2;49;49;49m▄▄▄[48;2;197;197;205m▀[38;2;255;255;255m[48;2;255;255;255m▀[38;2;49;49;49m[48;2;49;49;49m▀[49m▄[48;2;255;255;255m▀[49m▄          [0m
   [38;2;49;49;49m▀[38;2;115;115;115m[48;2;49;49;49m▀▀[38;2;82;82;82m[48;2;115;115;115m▀[48;2;246;172;189m▀[48;2;82;82;82m▀[48;2;115;115;115m▀[38;2;197;197;205m▀[38;2;255;255;255m▀[38;2;49;49;49m▀[48;2;82;82;82m▀[49m▄▄       [0m
    [38;2;49;49;49m▄[48;2;246;172;189m▀[38;2;246;172;189m[48;2;115;115;115m▀▀[38;2;115;115;115m[48;2;246;172;189m▀▀[38;2;246;172;189m▀[38;2;115;115;115m▀[38;2;82;82;82m[48;2;115;115;115m▀[38;2;115;115;115m[48;2;82;82;82m▀[48;2;115;115;115m▀▀[38;2;49;49;49m▀[49m▄     [0m
   [38;2;49;49;49m[48;2;49;49;49m▀[38;2;82;82;82m[48;2;115;115;115m▀[38;2;246;172;189m[48;2;82;82;82m▀[48;2;246;172;189m▀▀[38;2;255;255;255m[48;2;65;106;205m▀[38;2;205;131;156m[48;2;255;255;255m▀[38;2;246;172;189m[48;2;205;131;156m▀[48;2;246;172;189m▀▀[38;2;82;82;82m[48;2;115;115;115m▀[38;2;49;49;49m[48;2;49;49;49m▀[49m▀▀      [0m
  [38;2;49;49;49m▄[48;2;82;82;82m▀[38;2;246;172;189m▀[48;2;246;172;189m▀▀[48;2;205;131;156m▀[38;2;49;49;49m[48;2;246;172;189m▀[38;2;255;255;255m▀[38;2;246;172;189m▀[48;2;205;131;156m▀[38;2;205;131;156m[48;2;115;115;115m▀[38;2;115;115;115m▀▀[38;2;49;49;49m[48;2;49;49;49m▀[49m       [0m
 [38;2;49;49;49m[48;2;49;49;49m▀[38;2;246;172;189m[48;2;82;82;82m▀[48;2;246;172;189m▀[38;2;82;82;82m▀[48;2;205;131;156m▀[48;2;82;82;82m▀[38;2;246;172;189m▀▀[38;2;205;131;156m[48;2;115;115;115m▀▀[38;2;115;115;115m[48;2;246;172;189m▀[48;2;205;131;156m▀▀[38;2;205;131;156m[48;2;246;172;189m▀[38;2;49;49;49m▀[49m▄      [0m
  [38;2;49;49;49m▀[48;2;49;49;49m▀[38;2;205;131;156m[48;2;115;115;115m▀[38;2;115;115;115m[48;2;205;131;156m▀[38;2;246;246;172m[48;2;246;246;172m▀[38;2;115;115;115m▀▀▀[38;2;246;172;189m[48;2;246;172;189m▀▀▀[38;2;82;82;82m[48;2;82;82;82m▀[38;2;246;172;189m[48;2;246;172;189m▀▀▀[38;2;49;49;49m▀[49m▄    [0m
 [38;2;49;49;49m▄[48;2;82;82;82m▀[38;2;246;172;189m[48;2;246;172;189m▀[38;2;115;115;115m[48;2;115;115;115m▀[38;2;246;246;172m[48;2;205;131;156m▀[48;2;246;246;172m▀▀[38;2;205;131;156m▀[38;2;246;246;172m▀▀[38;2;246;172;189m[48;2;246;172;189m▀[48;2;115;115;115m▀[38;2;115;115;115m[48;2;246;172;189m▀[38;2;82;82;82m▀[38;2;246;172;189m[48;2;82;82;82m▀▀[38;2;115;115;115m[48;2;49;49;49m▀[38;2;49;49;49m[49m▀▄▄  [0m
 [38;2;49;49;49m▀[38;2;82;82;82m[48;2;49;49;49m▀[38;2;205;131;156m▀[38;2;115;115;115m[48;2;205;131;156m▀[38;2;205;180;90m[48;2;115;115;115m▀[38;2;246;246;172m[48;2;205;180;90m▀[48;2;246;246;172m▀[38;2;205;131;156m▀[38;2;246;246;172m▀[48;2;205;180;90m▀[38;2;115;115;115m[48;2;82;82;82m▀[38;2;246;172;189m[48;2;205;131;156m▀[48;2;246;172;189m▀▀[48;2;205;131;156m▀[38;2;115;115;115m▀[38;2;49;49;49m[48;2;82;82;82m▀[48;2;205;180;90m▀[38;2;172;172;189m[48;2;115;115;115m▀[38;2;115;115;115m▀[38;2;49;49;49m[48;2;49;49;49m▀[49m [0m
    [38;2;49;49;49m▀▀▀▀[38;2;205;180;90m[48;2;49;49;49m▀▀[38;2;205;131;156m▀[38;2;49;49;49m▀[38;2;205;131;156m▀[38;2;82;82;82m[48;2;82;82;82m▀[38;2;205;131;156m▀[38;2;82;82;82m▀[38;2;205;131;156m[48;2;49;49;49m▀[38;2;49;49;49m[49m▀▀▀▀  [0m
             [38;2;49;49;49m▀▀▀       [0m
