
[38;2;0;0;0m                                
[38;2;0;0;0m              ████              
[38;2;0;0;0m            ██[38;2;255;255;255m████[38;2;0;0;0m██            
[38;2;0;0;0m            ██[38;2;255;255;255m██[38;2;222;239;254m██[38;2;0;0;0m██            
[38;2;0;0;0m              ██[38;2;74;80;85m██[38;2;148;159;169m██[38;2;0;0;0m██          
[38;2;0;0;0m            [38;2;16;12;0m██[38;2;99;127;235m██[38;2;98;123;234m████[38;2;0;0;0m██          
[38;2;0;0;0m        ████[38;2;44;50;78m██[38;2;99;127;235m██[38;2;98;123;234m██[38;2;82;90;218m████[38;2;0;0;0m██        
[38;2;0;0;0m      ██[38;2;99;126;235m████[38;2;98;123;234m██[38;2;82;90;218m██[38;2;99;126;235m████[38;2;90;107;226m██[38;2;0;0;0m██        
[38;2;0;0;0m      ██[38;2;99;126;235m████[38;2;98;123;234m████[38;2;99;126;235m████[38;2;90;107;226m██[38;2;0;0;0m██        
[38;2;0;0;0m    ████[38;2;82;90;218m████████[38;2;98;123;234m████████[38;2;0;0;0m██      
[38;2;0;0;0m  ██[38;2;90;107;226m████[38;2;255;206;199m████████[38;2;82;90;218m██[38;2;98;123;234m██[38;2;82;90;218m██[38;2;98;123;234m██[38;2;99;123;235m██[38;2;0;0;0m██    
[38;2;0;0;0m  ██[38;2;102;101;168m██[38;2;239;198;231m██[38;2;255;206;199m██████████[38;2;82;90;218m██[38;2;99;126;235m████[38;2;99;123;235m██[38;2;0;0;0m██    
[38;2;0;0;0m  ██[38;2;102;101;168m██[38;2;33;53;137m██[38;2;66;66;66m██[38;2;255;206;199m████[38;2;0;0;0m██[38;2;255;206;199m██[38;2;82;90;218m██[38;2;99;126;235m████[38;2;99;123;235m██[38;2;0;0;0m██    
[38;2;0;0;0m    [38;2;0;4;8m██[38;2;239;140;95m██[38;2;214;82;70m██[38;2;66;66;66m██[38;2;255;206;199m██[38;2;0;0;0m██[38;2;255;206;199m██[38;2;82;90;218m██[38;2;90;111;226m████[38;2;0;0;0m██      
[38;2;0;0;0m    [38;2;0;4;8m██[38;2;80;49;37m██[38;2;214;82;70m████[38;2;255;206;199m████████[38;2;41;45;75m██[38;2;16;12;0m██[38;2;0;0;0m        
[38;2;0;0;0m  ██[38;2;231;165;167m██[38;2;74;66;66m██[38;2;66;66;66m██[38;2;255;206;199m██████[38;2;66;66;66m████[38;2;0;0;0m██          
[38;2;0;0;0m  ██[38;2;179;132;133m██[38;2;231;165;167m██[38;2;66;66;66m██████████[38;2;222;165;166m██[38;2;66;66;66m██[38;2;0;0;0m██████    
[38;2;0;0;0m    ██[38;2;66;66;66m██[38;2;123;45;43m██[38;2;167;96;90m██[38;2;214;82;70m██[38;2;255;206;199m████[38;2;74;66;66m██[38;2;222;165;166m██[38;2;74;58;55m██[38;2;255;206;199m██[38;2;222;167;166m██[38;2;0;0;0m██  
[38;2;0;0;0m      ██[38;2;255;198;183m██[38;2;167;96;90m██[38;2;214;82;70m██[38;2;255;206;199m████[38;2;195;159;155m██[38;2;0;4;0m████[38;2;222;167;166m██[38;2;255;206;199m██[38;2;0;0;0m██  
[38;2;0;0;0m        ██[38;2;255;206;199m██[38;2;222;189;214m████[38;2;165;148;205m██[38;2;60;55;68m██[38;2;0;0;0m██  ████    
[38;2;0;0;0m          ██[38;2;0;0;32m██[38;2;148;126;153m██[38;2;165;148;205m██[38;2;8;8;0m██[38;2;0;0;0m            
[38;2;0;0;0m              ████              
[38;2;0;0;0m                                [0m
