
         [38;2;32;32;32m▄▄        [0m
    [38;2;32;32;32m▄▄▄[48;2;172;131;123m▀[48;2;82;82;82m▀[38;2;255;255;255m[48;2;189;180;180m▀[38;2;205;197;197m[48;2;255;255;255m▀[38;2;32;32;32m[48;2;82;82;82m▀[49m▄      [0m
   [38;2;32;32;32m[48;2;32;32;32m▀[38;2;148;106;90m[48;2;123;82;74m▀[38;2;123;82;74m[48;2;172;131;123m▀▀[38;2;172;131;123m▀▀[38;2;82;82;82m▀▀[38;2;172;131;123m[48;2;148;106;90m▀[38;2;32;32;32m[48;2;123;82;74m▀[48;2;172;131;123m▀[49m▄    [0m
  [38;2;32;32;32m[48;2;32;32;32m▀[38;2;148;106;90m[48;2;82;82;82m▀[38;2;172;131;123m[48;2;172;131;123m▀▀▀▀[38;2;148;106;90m[48;2;148;106;90m▀[38;2;172;131;123m[48;2;172;131;123m▀[38;2;148;106;90m▀▀[38;2;172;131;123m▀▀[48;2;82;82;82m▀[38;2;32;32;32m▀[49m▄  [0m
 [38;2;32;32;32m[48;2;32;32;32m▀[38;2;82;82;82m[48;2;82;82;82m▀▀[38;2;172;131;123m[48;2;172;131;123m▀▀[48;2;131;98;82m▀[38;2;131;98;82m[48;2;172;131;123m▀[38;2;172;131;123m▀▀▀▀▀[38;2;82;82;82m[48;2;123;82;74m▀[48;2;148;106;90m▀[38;2;255;255;255m[48;2;255;255;255m▀[38;2;123;82;74m▀[38;2;32;32;32m[48;2;32;32;32m▀[49m [0m
 [38;2;32;32;32m[48;2;32;32;32m▀[38;2;82;82;82m[48;2;148;106;90m▀[48;2;82;82;82m▀[38;2;172;131;123m[48;2;172;131;123m▀[38;2;131;98;82m[48;2;131;98;82m▀[38;2;172;131;123m[48;2;172;131;123m▀[48;2;82;82;82m▀[38;2;82;82;82m▀▀▀[38;2;172;131;123m▀[48;2;172;131;123m▀▀[38;2;82;82;82m▀[38;2;189;180;180m[48;2;82;82;82m▀[38;2;82;82;82m[48;2;32;32;32m▀[38;2;32;32;32m[49m▀ [0m
  [38;2;32;32;32m[48;2;32;32;32m▀[38;2;148;106;90m[48;2;82;82;82m▀[38;2;131;98;82m[48;2;148;106;90m▀[48;2;131;98;82m▀[38;2;172;131;123m▀[38;2;82;82;82m[48;2;82;82;82m▀▀[48;2;123;82;74m▀▀[48;2;82;82;82m▀[38;2;172;131;123m[48;2;172;131;123m▀▀▀[48;2;123;82;74m▀[38;2;32;32;32m[48;2;32;32;32m▀[49m  [0m
  [38;2;32;32;32m▀[38;2;123;82;74m[48;2;32;32;32m▀[38;2;82;82;82m[48;2;123;82;74m▀[38;2;131;98;82m[48;2;82;82;82m▀[38;2;148;106;90m▀[48;2;123;82;74m▀[38;2;82;82;82m[48;2;148;106;90m▀[38;2;123;82;74m▀▀[38;2;148;106;90m▀▀[48;2;123;82;74m▀[38;2;123;82;74m▀[38;2;32;32;32m[48;2;32;32;32m▀[49m   [0m
    [38;2;32;32;32m▀▀▀▀[38;2;82;82;82m[48;2;32;32;32m▀[38;2;123;82;74m▀[38;2;148;106;90m▀[38;2;123;82;74m[48;2;189;180;180m▀▀[38;2;189;180;180m[48;2;82;82;82m▀[38;2;32;32;32m[48;2;32;32;32m▀[49m    [0m
           [38;2;32;32;32m▀▀▀     [0m
