
         [38;2;49;49;49m▄  ▄     [0m
   [38;2;49;49;49m▄▄[48;2;246;148;222m▀[48;2;49;49;49m▀[49m▄[48;2;90;115;148m▀[38;2;205;115;180m[48;2;164;90;139m▀[38;2;49;49;49m[48;2;49;49;49m▀[48;2;164;90;139m▀[38;2;205;115;180m[48;2;205;115;180m▀[38;2;49;49;49m[48;2;49;49;49m▀[49m ▄  [0m
  [38;2;49;49;49m[48;2;49;49;49m▀[38;2;205;115;180m[48;2;205;115;180m▀[38;2;246;148;222m▀[38;2;205;115;180m[48;2;82;82;82m▀▀[38;2;82;82;82m[48;2;82;148;180m▀[38;2;90;115;148m▀[38;2;82;148;180m▀▀[38;2;205;115;180m▀[38;2;82;148;180m▀[38;2;164;90;139m▀[38;2;49;49;49m[48;2;205;115;180m▀[38;2;205;115;180m▀[38;2;49;49;49m[48;2;49;49;49m▀[49m [0m
 [38;2;49;49;49m[48;2;49;49;49m▀[38;2;115;164;213m[48;2;115;164;213m▀[38;2;82;148;180m▀[38;2;82;82;82m[48;2;82;82;82m▀[38;2;90;115;148m[48;2;82;148;180m▀[38;2;82;148;180m▀▀▀▀[48;2;82;82;82m▀[38;2;82;82;82m[48;2;205;115;180m▀[38;2;82;148;180m[48;2;82;82;82m▀[38;2;82;82;82m[48;2;246;148;222m▀[38;2;82;148;180m[48;2;82;82;82m▀[38;2;49;49;49m[48;2;49;49;49m▀[49m  [0m
 [38;2;49;49;49m▀[38;2;82;148;180m[48;2;49;49;49m▀[38;2;115;164;213m[48;2;82;82;82m▀[48;2;82;148;180m▀[38;2;90;115;148m[48;2;115;164;213m▀[38;2;82;148;180m[48;2;82;148;180m▀[48;2;90;115;148m▀[48;2;82;82;82m▀[38;2;90;115;148m▀[38;2;82;82;82m[48;2;115;164;213m▀[38;2;205;115;180m[48;2;205;115;180m▀[38;2;246;148;222m▀[38;2;205;115;180m[48;2;164;90;139m▀[38;2;82;82;82m[48;2;82;82;82m▀[38;2;82;148;180m[48;2;82;148;180m▀[38;2;49;49;49m[48;2;49;49;49m▀[49m [0m
  [38;2;49;49;49m[48;2;49;49;49m▀[38;2;246;148;41m[48;2;213;65;115m▀[38;2;49;49;49m[48;2;82;82;82m▀[38;2;90;115;148m[48;2;90;115;148m▀[38;2;82;148;180m▀[48;2;82;82;82m▀[48;2;90;115;148m▀[38;2;115;164;213m▀[48;2;82;82;82m▀▀[38;2;82;82;82m[48;2;82;148;180m▀▀[38;2;82;148;180m[48;2;90;115;148m▀[38;2;49;49;49m[48;2;49;49;49m▀[49m  [0m
   [38;2;49;49;49m▀[38;2;90;115;148m[48;2;49;49;49m▀[48;2;90;115;148m▀▀[38;2;49;49;49m▀[38;2;238;222;180m[48;2;49;49;49m▀[38;2;213;65;115m[48;2;213;65;115m▀[38;2;246;148;41m[48;2;82;82;82m▀[38;2;49;49;49m[48;2;90;115;148m▀[38;2;90;115;148m[48;2;49;49;49m▀[38;2;49;49;49m[49m▀▀   [0m
    [38;2;49;49;49m▄[48;2;180;32;82m▀[48;2;255;255;255m▀[38;2;90;115;148m[48;2;180;32;82m▀[48;2;49;49;49m▀▀[38;2;49;49;49m[48;2;213;65;115m▀[48;2;90;115;148m▀[38;2;90;115;148m[48;2;82;148;180m▀[38;2;49;49;49m▀[49m▄   [0m
    [38;2;49;49;49m▀[38;2;90;115;148m[48;2;49;49;49m▀[38;2;180;32;82m▀[38;2;213;65;115m[48;2;90;115;148m▀[38;2;82;82;82m▀[38;2;213;65;115m[48;2;82;148;180m▀[38;2;90;115;148m▀[38;2;82;148;180m▀[38;2;90;115;148m▀[38;2;82;148;180m[48;2;49;49;49m▀[38;2;49;49;49m[49m▀   [0m
       [38;2;49;49;49m▀[38;2;82;148;180m[48;2;49;49;49m▀▀[38;2;90;115;148m▀[38;2;49;49;49m[49m▀▀     [0m
                  [0m
