
         [38;2;49;49;49m▄ ▄▄        [0m
        [38;2;49;49;49m[48;2;49;49;49m▀[38;2;213;139;205m[48;2;213;139;205m▀[38;2;49;49;49m▀[38;2;213;139;205m▀[38;2;49;49;49m[48;2;82;82;82m▀[49m▄       [0m
    [38;2;49;49;49m▄ ▄[48;2;213;139;205m▀[38;2;213;139;205m[48;2;148;106;156m▀[48;2;213;139;205m▀▀[38;2;123;82;131m▀[38;2;213;139;205m[48;2;49;49;49m▀[38;2;49;49;49m[49m▀       [0m
   [38;2;49;49;49m[48;2;49;49;49m▀[38;2;213;139;205m[48;2;189;115;189m▀[38;2;49;49;49m[48;2;82;82;82m▀[48;2;148;106;156m▀[38;2;148;106;156m▀▀▀[38;2;213;139;205m▀[38;2;148;106;156m▀[38;2;49;49;49m▀[49m▄▄[48;2;213;139;205m▀[48;2;49;49;49m▀[49m    [0m
  [38;2;49;49;49m▄[48;2;82;82;82m▀[38;2;148;106;156m[48;2;148;106;156m▀[38;2;82;82;82m[48;2;82;82;82m▀[38;2;148;106;156m[48;2;148;106;156m▀▀▀▀▀▀[48;2;82;82;82m▀[38;2;82;82;82m[48;2;189;115;189m▀[38;2;213;139;205m▀[48;2;82;82;82m▀[38;2;49;49;49m[48;2;148;106;156m▀[49m▄   [0m
 [38;2;49;49;49m[48;2;49;49;49m▀[38;2;148;106;156m[48;2;148;106;156m▀▀[38;2;82;82;82m[48;2;82;82;82m▀[38;2;123;82;131m[48;2;123;82;131m▀▀[38;2;148;106;156m▀▀▀[48;2;82;82;82m▀[38;2;82;82;82m▀[38;2;148;106;156m[48;2;148;106;156m▀▀[48;2;82;82;82m▀[38;2;82;82;82m[48;2;148;106;156m▀[38;2;148;106;156m▀▀[38;2;49;49;49m[48;2;49;49;49m▀[49m  [0m
  [38;2;49;49;49m▀[38;2;148;106;156m[48;2;49;49;49m▀▀[48;2;148;106;156m▀[38;2;123;82;131m▀▀▀▀[38;2;82;82;82m▀[38;2;148;106;156m▀▀▀▀[48;2;49;49;49m▀▀[38;2;49;49;49m[49m▀   [0m
     [38;2;49;49;49m[48;2;49;49;49m▀[38;2;82;82;82m[48;2;189;156;57m▀[38;2;148;106;156m[48;2;82;82;82m▀[48;2;148;106;156m▀▀[48;2;82;82;82m▀▀[38;2;82;82;82m[48;2;255;205;49m▀[38;2;49;49;49m[48;2;49;49;49m▀[49m▀      [0m
      [38;2;49;49;49m▀[38;2;123;82;131m[48;2;49;49;49m▀[38;2;82;82;82m[48;2;123;82;131m▀▀[38;2;49;49;49m[48;2;82;82;82m▀[38;2;213;98;65m▀[38;2;49;49;49m[48;2;148;106;156m▀[49m▄       [0m
    [38;2;49;49;49m▄▄[48;2;82;82;82m▀[38;2;213;98;65m[48;2;148;106;156m▀[38;2;82;82;82m[48;2;172;65;57m▀[48;2;255;255;255m▀[48;2;172;65;57m▀[38;2;148;106;156m[48;2;148;106;156m▀[38;2;255;255;255m[48;2;213;98;65m▀[38;2;172;65;57m[48;2;172;65;57m▀[38;2;49;49;49m[48;2;148;106;156m▀[48;2;123;82;131m▀[49m▄▄▄  [0m
   [38;2;49;49;49m[48;2;49;49;49m▀[38;2;123;82;131m[48;2;123;82;131m▀[48;2;82;82;82m▀[38;2;82;82;82m[48;2;148;106;156m▀[38;2;148;106;156m▀[38;2;172;65;57m[48;2;123;82;131m▀[38;2;213;98;65m[48;2;172;65;57m▀[38;2;172;65;57m[48;2;123;82;131m▀[38;2;82;82;82m▀[38;2;148;106;156m[48;2;82;82;82m▀[48;2;148;106;156m▀[48;2;82;82;82m▀[48;2;148;106;156m▀[38;2;123;82;131m▀[48;2;123;82;131m▀[48;2;189;115;189m▀[38;2;49;49;49m[48;2;49;49;49m▀[49m [0m
    [38;2;49;49;49m[48;2;49;49;49m▀[38;2;148;106;156m[48;2;148;106;156m▀▀[38;2;82;82;82m[48;2;82;82;82m▀[38;2;123;82;131m[48;2;123;82;131m▀▀▀▀[38;2;82;82;82m▀[38;2;148;106;156m[48;2;82;82;82m▀[48;2;148;106;156m▀[38;2;82;82;82m[48;2;82;82;82m▀[38;2;148;106;156m[48;2;148;106;156m▀[48;2;213;139;205m▀[38;2;189;115;189m[48;2;49;49;49m▀[38;2;49;49;49m[49m▀ [0m
     [38;2;49;49;49m[48;2;49;49;49m▀[38;2;189;115;189m[48;2;213;139;205m▀[38;2;82;82;82m[48;2;49;49;49m▀[38;2;49;49;49m[49m▀[38;2;123;82;131m[48;2;49;49;49m▀[38;2;49;49;49m[49m▀[38;2;123;82;131m[48;2;49;49;49m▀[38;2;49;49;49m[49m▀[38;2;82;82;82m[48;2;49;49;49m▀[38;2;148;106;156m[48;2;189;115;189m▀[38;2;189;115;189m[48;2;213;139;205m▀[38;2;49;49;49m[48;2;49;49;49m▀[49m▀   [0m
      [38;2;49;49;49m▀▀     [48;2;49;49;49m▀[38;2;213;139;205m[48;2;213;139;205m▀[38;2;123;82;131m[48;2;49;49;49m▀[38;2;49;49;49m[49m▀    [0m
              [38;2;49;49;49m▀      [0m
