
[38;2;0;0;0m                              
[38;2;0;0;0m            ██████            
[38;2;0;0;0m          ██[38;2;255;206;223m██████[38;2;0;0;0m██          
[38;2;0;0;0m        ██[38;2;255;206;223m██████████[38;2;0;0;0m██        
[38;2;0;0;0m        ██[38;2;255;206;223m██████████[38;2;0;0;0m██        
[38;2;0;0;0m      ██[38;2;255;206;223m██████████████[38;2;0;0;0m██      
[38;2;0;0;0m    ██[38;2;66;61;74m██[38;2;255;198;239m██[38;2;255;206;223m████████████[38;2;0;0;0m██      
[38;2;0;0;0m  ██[38;2;165;156;197m██[38;2;66;61;74m██[38;2;192;152;184m██[38;2;255;206;223m████[38;2;197;131;205m██████[38;2;255;206;223m██[38;2;0;0;0m████    
[38;2;0;0;0m  ██[38;2;165;156;197m██[38;2;66;66;66m██[38;2;189;156;205m██[38;2;198;132;206m████[38;2;206;148;214m████[38;2;187;163;192m██[38;2;66;61;66m██[38;2;231;222;255m████[38;2;0;0;0m██  
[38;2;0;0;0m  ██[38;2;165;156;197m██[38;2;189;156;205m██[38;2;66;66;66m██[38;2;206;148;214m████████[38;2;66;61;66m██[38;2;247;214;255m██[38;2;231;222;255m████[38;2;0;0;0m██  
[38;2;0;0;0m  ██[38;2;165;156;197m██[38;2;164;156;196m██[38;2;140;123;180m██[38;2;66;66;66m████████[38;2;140;123;180m██[38;2;231;222;255m██████[38;2;0;0;0m██  
[38;2;0;0;0m    ██[38;2;140;123;180m████[38;2;214;214;190m██[38;2;66;66;66m██[38;2;214;214;190m██[38;2;66;66;66m██[38;2;170;156;205m██[38;2;140;123;180m████[38;2;231;222;255m██[38;2;0;0;0m██  
[38;2;0;0;0m      ██[38;2;82;82;77m██[38;2;66;70;66m████[38;2;192;193;181m██[38;2;66;70;66m██[38;2;66;66;74m██[38;2;165;165;167m██[38;2;165;156;197m██[38;2;0;0;0m██    
[38;2;0;0;0m    ██[38;2;247;247;231m██[38;2;82;82;77m██[38;2;192;193;181m██[38;2;255;255;239m██[38;2;66;70;66m██[38;2;255;255;239m██[38;2;214;214;214m██[38;2;66;66;74m██[38;2;0;0;0m██      
[38;2;0;0;0m    ██[38;2;239;239;215m██[38;2;159;161;143m██[38;2;255;255;231m████[38;2;167;167;148m██[38;2;255;255;231m██[38;2;255;255;239m██[38;2;82;82;74m██[38;2;255;255;231m██[38;2;0;0;0m██    
[38;2;0;0;0m      [38;2;0;4;0m██[38;2;239;239;215m██[38;2;214;214;190m████[38;2;255;255;231m██[38;2;211;211;190m██[38;2;140;140;129m██[38;2;197;197;184m██[38;2;170;170;154m██[38;2;0;0;0m██    
[38;2;0;0;0m      ██[38;2;66;66;66m██[38;2;255;255;231m████████████[38;2;0;0;0m██      
[38;2;0;0;0m      ██[38;2;66;66;66m██[38;2;255;255;231m████[38;2;0;0;0m██[38;2;255;255;231m████[38;2;214;214;190m██[38;2;0;0;0m██      
[38;2;0;0;0m        ██[38;2;214;214;190m████[38;2;0;0;0m██[38;2;214;231;174m██[38;2;214;214;190m████[38;2;0;0;0m██      
[38;2;0;0;0m          ██[38;2;214;214;190m██[38;2;214;231;174m████[38;2;214;214;190m██[38;2;0;0;0m██        
[38;2;0;0;0m            ██[38;2;71;71;63m██[38;2;0;0;0m████          
[38;2;0;0;0m          ████[38;2;214;214;190m██[38;2;0;0;0m██            
[38;2;0;0;0m        ██[38;2;231;247;175m██[38;2;154;165;119m██[38;2;222;247;150m██[38;2;0;0;0m████          
[38;2;0;0;0m          [38;2;0;0;8m████[38;2;0;0;0m██[38;2;222;247;150m████[38;2;0;0;0m██        
[38;2;0;0;0m                ████          
[38;2;0;0;0m                              [0m
