
[38;2;0;0;0m                                                
[38;2;0;0;0m        ██                                      
[38;2;0;0;0m      ██[38;2;156;61;100m██[38;2;0;0;0m██    ████████                        
[38;2;0;0;0m      ██[38;2;154;63;101m██[38;2;66;66;66m██[38;2;0;0;0m████[38;2;102;97;163m████████[38;2;0;0;0m████    ██              
[38;2;0;0;0m    ██[38;2;156;61;100m██[38;2;154;63;101m██[38;2;66;66;66m██[38;2;99;93;163m████[38;2;102;97;163m████████[38;2;99;93;163m████[38;2;0;0;0m████[38;2;231;82;143m██[38;2;0;0;0m██            
[38;2;0;0;0m    [38;2;0;8;0m██[38;2;148;74;108m██[38;2;66;66;66m██[38;2;99;96;163m██[38;2;101;93;163m████[38;2;148;140;204m██[38;2;101;93;163m██████[38;2;102;97;163m████[38;2;99;96;163m██[38;2;66;66;66m██[38;2;231;82;143m██[38;2;0;0;0m██            
[38;2;0;0;0m    [38;2;0;8;0m██[38;2;74;41;54m██[38;2;99;96;163m████[38;2;101;93;163m██[38;2;148;140;204m██[38;2;101;93;163m████[38;2;148;140;204m██[38;2;101;93;163m██[38;2;102;97;163m████[38;2;99;96;163m██[38;2;66;66;66m██[38;2;231;82;143m████[38;2;0;0;0m██          
[38;2;0;0;0m  ██[38;2;57;70;73m██[38;2;135;80;119m██[38;2;99;94;163m████[38;2;102;97;163m████[38;2;101;93;163m██[38;2;148;140;204m██[38;2;99;96;163m████[38;2;102;97;163m████[38;2;66;66;66m██[38;2;222;70;110m██[38;2;156;63;100m██[38;2;231;82;143m██[38;2;0;0;0m██          
[38;2;0;0;0m  ██[38;2;214;90;166m██[38;2;57;70;73m██[38;2;82;77;134m██[38;2;99;94;163m██[38;2;102;97;163m████[38;2;101;93;163m████[38;2;66;66;66m██[38;2;99;96;163m██[38;2;102;97;163m████[38;2;66;66;66m██[38;2;222;70;110m██[38;2;156;63;100m██[38;2;231;82;143m██[38;2;0;0;0m██          
[38;2;0;0;0m    ██[38;2;231;86;151m██[38;2;57;70;73m██[38;2;135;80;119m██[38;2;120;118;128m██[38;2;57;53;65m██[38;2;115;49;67m████[38;2;156;160;160m██[38;2;66;66;66m██[38;2;99;96;163m██[38;2;66;66;66m██[38;2;222;56;70m████[38;2;154;56;95m██[38;2;231;82;143m██[38;2;0;0;0m██          
[38;2;0;0;0m    ██[38;2;154;57;101m██[38;2;214;90;166m██[38;2;57;70;73m██[38;2;57;53;65m██[38;2;247;247;255m██[38;2;115;49;67m██[38;2;255;255;255m██[38;2;247;255;255m██[38;2;66;66;66m██[38;2;99;96;163m██[38;2;66;66;66m██[38;2;156;61;100m████[38;2;231;82;143m██[38;2;0;4;0m██[38;2;0;0;0m            
[38;2;0;0;0m    ██[38;2;66;66;66m██[38;2;239;74;135m████[38;2;148;69;104m██[38;2;66;61;66m██[38;2;255;255;255m████[38;2;66;66;66m██[38;2;231;82;143m██[38;2;66;61;66m██[38;2;148;69;104m██[38;2;231;82;143m████[38;2;66;66;66m██[38;2;99;94;163m██[38;2;0;0;0m██          
[38;2;0;0;0m      ██[38;2;82;61;50m██[38;2;187;70;107m██[38;2;231;78;143m████[38;2;66;66;66m████[38;2;231;82;143m████[38;2;231;78;143m████[38;2;66;66;66m████[38;2;88;85;131m██[38;2;99;94;163m██[38;2;0;0;0m██          
[38;2;0;0;0m      ██[38;2;82;78;130m██[38;2;0;0;0m██[38;2;154;70;103m████[38;2;173;57;69m██[38;2;255;255;255m██[38;2;148;72;104m██[38;2;231;78;143m██[38;2;66;66;66m████[38;2;82;78;130m██[38;2;0;0;0m██[38;2;74;67;117m██[38;2;107;99;171m██[38;2;0;0;0m██          
[38;2;0;0;0m        ██  [38;2;0;12;8m██[38;2;77;41;56m██[38;2;173;57;69m████[38;2;66;66;66m████[38;2;148;72;104m██[38;2;231;78;143m██[38;2;0;0;0m██  [38;2;8;4;8m██[38;2;107;99;171m██[38;2;0;0;0m██          
[38;2;0;0;0m              ██[38;2;154;70;103m██[38;2;77;41;56m██[38;2;156;63;100m████[38;2;66;66;66m████[38;2;231;82;143m██[38;2;0;4;0m██[38;2;0;0;0m  ██            
[38;2;0;0;0m        ██████[38;2;156;61;100m██[38;2;154;70;103m██[38;2;0;12;8m██[38;2;156;63;100m████[38;2;154;63;101m██[38;2;66;66;66m██[38;2;154;56;95m██[38;2;231;82;143m██[38;2;0;0;0m██              
[38;2;0;0;0m      ██[38;2;231;78;143m██[38;2;66;61;66m██[38;2;231;82;143m████[38;2;0;0;0m██  ██[38;2;38;132;91m██[38;2;57;90;73m██[38;2;231;82;143m██[38;2;156;63;100m██[38;2;231;82;143m██[38;2;60;59;81m██[38;2;0;4;0m██[38;2;0;0;0m      ████  
[38;2;0;0;0m      ██[38;2;148;69;104m██[38;2;231;78;143m██[38;2;154;56;95m██[38;2;0;4;0m██[38;2;0;0;0m  ██[38;2;38;132;91m████[38;2;57;90;73m████[38;2;231;82;143m████[38;2;60;59;81m██[38;2;90;86;122m██[38;2;0;0;0m██████[38;2;99;94;163m██[38;2;0;0;0m██  
[38;2;0;0;0m        ██████  ██[38;2;74;189;122m██[38;2;66;66;66m██[38;2;0;0;0m██[38;2;74;47;55m██[38;2;222;94;150m██[38;2;231;82;143m██[38;2;0;0;0m████[38;2;82;78;130m██[38;2;93;88;147m████[38;2;99;94;163m██[38;2;0;0;0m██    
[38;2;0;0;0m                ██[38;2;74;189;122m██[38;2;0;0;0m██  [38;2;0;24;8m██[38;2;74;47;55m██[38;2;0;0;0m██    ████████      
[38;2;0;0;0m              ██[38;2;38;132;91m████[38;2;0;0;0m██  ██[38;2;49;126;87m██[38;2;0;0;0m██                  
[38;2;0;0;0m                ████  ██[38;2;74;189;130m████[38;2;0;0;0m██                  
[38;2;0;0;0m                        ████                    
[38;2;0;0;0m                                                [0m
