
       [38;2;49;49;49m▄▄▄                 [0m
    [38;2;49;49;49m▄[48;2;255;255;255m▀[48;2;246;148;41m▀[38;2;246;148;41m▀[48;2;49;49;49m▀[38;2;49;49;49m[49m▀   ▄▄▄           [0m
   [38;2;49;49;49m[48;2;49;49;49m▀[38;2;189;189;189m[48;2;255;255;255m▀[38;2;255;255;255m▀▀[38;2;82;82;82m[48;2;49;49;49m▀[38;2;49;49;49m[49m▀ ▄[48;2;246;148;41m▀▀[38;2;246;148;41m▀▀[38;2;49;49;49m[48;2;49;49;49m▀[49m     ▄▄    [0m
   [38;2;49;49;49m[48;2;49;49;49m▀[38;2;255;255;255m[48;2;255;255;255m▀[48;2;82;82;82m▀[38;2;82;82;82m[48;2;131;131;115m▀▀[38;2;49;49;49m[48;2;82;82;82m▀[48;2;255;255;255m▀[38;2;255;255;255m▀▀[38;2;246;148;41m▀[48;2;246;148;41m▀[38;2;49;49;49m[48;2;49;49;49m▀[49m  ▄▄▄[48;2;246;238;106m▀[38;2;246;148;41m▀[48;2;82;82;82m▀[38;2;49;49;49m[48;2;246;148;41m▀▀[49m▄ [0m
  [38;2;49;49;49m[48;2;49;49;49m▀[38;2;189;189;189m[48;2;131;131;115m▀[38;2;131;131;115m▀▀▀[48;2;255;255;255m▀[38;2;255;255;255m▀[48;2;82;82;82m▀▀[38;2;189;189;189m[48;2;49;49;49m▀[38;2;49;49;49m[49m▀▀▄[48;2;246;238;106m▀▀[38;2;246;238;106m▀▀▀▀▀▀[48;2;82;82;82m▀[38;2;82;82;82m[48;2;246;148;41m▀[38;2;49;49;49m[48;2;49;49;49m▀[49m [0m
 [38;2;49;49;49m[48;2;49;49;49m▀[38;2;189;189;189m[48;2;131;131;115m▀[38;2;131;131;115m▀▀▀[38;2;255;255;255m[48;2;255;255;255m▀[38;2;246;148;41m[48;2;49;49;49m▀[48;2;246;148;41m▀[38;2;131;131;115m[48;2;131;131;115m▀▀[38;2;49;49;49m[48;2;49;49;49m▀[49m▄[48;2;246;238;106m▀[38;2;246;238;106m[48;2;246;197;74m▀[48;2;246;148;41m▀▀▀[48;2;246;238;106m▀▀▀▀[48;2;49;49;49m▀▀[38;2;246;148;41m▀[38;2;49;49;49m[49m▀ [0m
 [38;2;49;49;49m▀[38;2;131;131;115m[48;2;49;49;49m▀[38;2;82;82;82m[48;2;131;131;115m▀[38;2;131;131;115m▀[38;2;255;255;255m[48;2;189;189;189m▀[38;2;246;148;41m[48;2;246;148;41m▀[38;2;49;49;49m▀[38;2;246;148;41m[48;2;131;131;115m▀[38;2;131;131;115m▀[48;2;82;82;82m▀[38;2;82;82;82m[48;2;213;98;65m▀[38;2;246;148;41m[48;2;246;148;41m▀▀▀▀[48;2;246;197;74m▀[38;2;246;197;74m[48;2;246;238;106m▀[38;2;246;238;106m▀[48;2;189;164;65m▀[48;2;49;49;49m▀[38;2;49;49;49m[49m▀     [0m
  [38;2;49;49;49m▀[38;2;131;131;115m[48;2;49;49;49m▀[38;2;82;82;82m▀[38;2;49;49;49m[49m▀[48;2;49;49;49m▀[38;2;82;82;82m[48;2;213;98;65m▀[48;2;82;82;82m▀[38;2;255;255;255m[48;2;189;189;189m▀[38;2;189;189;189m[48;2;255;255;255m▀[38;2;82;82;82m[48;2;82;82;82m▀[48;2;213;98;65m▀[38;2;189;164;65m[48;2;82;82;82m▀[38;2;246;238;106m▀▀▀[38;2;82;82;82m[48;2;49;49;49m▀[38;2;49;49;49m[49m▀▀       [0m
     [38;2;49;49;49m▄[48;2;189;189;189m▀[38;2;213;98;65m[48;2;82;82;82m▀[48;2;213;98;65m▀[38;2;82;82;82m▀▀[48;2;82;82;82m▀[38;2;189;164;65m[48;2;49;49;49m▀[38;2;213;98;65m[48;2;189;164;65m▀▀[38;2;189;164;65m▀[48;2;82;82;82m▀[38;2;82;82;82m[48;2;213;98;65m▀[38;2;49;49;49m[48;2;49;49;49m▀[49m        [0m
     [38;2;49;49;49m▀▀▀[38;2;82;82;82m[48;2;49;49;49m▀[38;2;255;255;255m[48;2;82;82;82m▀[38;2;82;82;82m[48;2;49;49;49m▀[38;2;49;49;49m[48;2;82;82;82m▀[49m▄▀▀[38;2;213;98;65m[48;2;49;49;49m▀▀[38;2;49;49;49m[49m▀         [0m
        [38;2;49;49;49m▀▀ ▀▀              [0m
