
        [38;2;0;4;0m▄▄                 [0m
      [38;2;0;4;0m[48;2;60;95;124m▀[38;2;60;95;124m[48;2;60;89;124m▀[38;2;60;97;124m[48;2;60;97;124m▀▀[49m                 [0m
      [38;2;0;4;0m▀ [38;2;60;97;124m[48;2;60;97;124m▀▀▀[38;2;66;86;122m[48;2;66;86;122m▀[38;2;0;4;0m[48;2;255;231;239m▀[38;2;255;231;239m▀[38;2;255;225;223m[48;2;255;225;223m▀[38;2;0;4;16m[48;2;247;222;231m▀[48;2;82;77;88m▀[38;2;0;4;0m[49m▄  ▄[38;2;74;115;186m[48;2;74;115;186m▀[38;2;74;115;189m[48;2;74;115;189m▀[38;2;0;4;0m[48;2;74;115;186m▀[49m▄  [0m
        [38;2;0;4;0m▄▄[38;2;247;231;239m[48;2;134;134;129m▀[38;2;255;228;223m[48;2;255;225;223m▀[38;2;255;239;247m[48;2;255;222;223m▀▀[38;2;255;228;223m▀[38;2;66;77;124m▀[38;2;74;115;186m[48;2;66;74;122m▀[38;2;74;115;189m[48;2;74;115;186m▀[38;2;74;115;186m▀[48;2;55;89;124m▀[48;2;82;127;186m▀[38;2;57;94;121m[48;2;60;97;124m▀[38;2;74;115;186m[48;2;0;4;0m▀[38;2;0;4;0m[49m▀[38;2;74;115;186m[48;2;0;4;0m▀[38;2;0;4;0m[49m▀ [0m
       [38;2;0;4;0m[48;2;0;4;0m▀[38;2;192;101;112m[48;2;66;66;66m▀[38;2;66;66;66m[48;2;255;119;135m▀[38;2;0;4;0m[48;2;255;247;247m▀[38;2;255;225;223m[48;2;255;225;223m▀[38;2;173;167;159m[48;2;255;247;239m▀[38;2;255;247;239m[48;2;8;8;0m▀[38;2;255;255;255m[48;2;255;255;255m▀[38;2;255;225;223m[48;2;255;225;223m▀▀[38;2;66;82;122m[48;2;66;82;122m▀[38;2;60;89;124m[48;2;60;89;124m▀[38;2;0;4;0m[49m▀ ▀     [0m
 [38;2;0;4;0m▄[48;2;231;171;177m▀[48;2;66;66;66m▀[38;2;173;173;173m[48;2;255;255;255m▀[38;2;0;4;0m[48;2;0;0;0m▀[49m ▄[38;2;192;101;112m[48;2;0;4;0m▀[38;2;66;66;66m[48;2;198;94;110m▀[38;2;140;140;129m[48;2;99;66;67m▀[48;2;156;66;76m▀[38;2;255;225;223m[48;2;148;140;132m▀▀[38;2;177;174;165m[48;2;157;82;90m▀[38;2;255;214;215m[48;2;255;206;207m▀[38;2;200;169;173m[48;2;195;158;160m▀[38;2;255;126;143m[48;2;66;70;66m▀[38;2;74;61;66m[48;2;255;140;159m▀[38;2;255;181;199m[48;2;255;176;202m▀▀[38;2;0;4;0m[48;2;255;123;143m▀[49m▄    [0m
 [38;2;0;4;0m▀[38;2;255;222;223m[48;2;255;222;223m▀[38;2;96;96;96m[48;2;222;222;222m▀[38;2;255;255;255m[48;2;85;85;85m▀[38;2;85;85;85m▀[38;2;0;0;0m[48;2;170;170;170m▀[38;2;206;181;158m[48;2;69;63;53m▀[49m [38;2;0;4;0m[48;2;0;4;0m▀[38;2;255;255;255m[48;2;255;255;255m▀[38;2;66;66;66m▀[38;2;198;94;110m[48;2;66;66;66m▀▀[38;2;82;53;58m[48;2;82;53;58m▀[38;2;160;162;160m[48;2;255;255;255m▀[38;2;66;70;66m[48;2;66;70;66m▀[38;2;255;255;255m[48;2;255;255;255m▀[38;2;66;66;66m[48;2;66;66;66m▀[38;2;255;126;143m[48;2;255;126;143m▀▀[38;2;255;123;143m[48;2;0;4;0m▀[38;2;0;4;0m[49m▀    [0m
  [38;2;0;4;0m▀[38;2;222;225;219m[48;2;0;4;0m▀[38;2;66;66;66m[48;2;222;222;222m▀[38;2;222;222;222m▀[38;2;255;255;255m[48;2;0;4;0m▀[38;2;0;4;0m[49m▀  [38;2;255;247;255m[48;2;0;4;0m▀[38;2;160;63;76m[48;2;255;123;143m▀[38;2;255;255;255m▀▀[38;2;82;53;58m[48;2;123;57;67m▀[38;2;255;255;255m[48;2;66;66;66m▀[38;2;90;99;106m[48;2;222;222;222m▀[38;2;255;255;255m[48;2;66;66;66m▀[38;2;74;78;74m[48;2;222;222;222m▀[38;2;66;66;66m[48;2;255;255;255m▀[48;2;66;66;66m▀[38;2;0;4;0m[49m▄     [0m
    [38;2;0;4;0m▀▀ ▄[38;2;0;8;8m▄[38;2;0;4;0m[48;2;222;231;222m▀[38;2;206;181;150m[48;2;206;181;150m▀[38;2;160;63;76m[48;2;71;52;47m▀[38;2;255;123;143m[49m▀[38;2;197;96;107m[48;2;0;4;0m▀[38;2;167;120;127m[48;2;0;0;0m▀[38;2;66;66;66m[48;2;154;74;82m▀[38;2;222;222;222m[48;2;198;82;94m▀[48;2;66;66;66m▀▀[38;2;255;255;255m[49m▀[38;2;66;66;66m▀      [0m
      [38;2;0;4;0m[48;2;0;4;0m▀[38;2;82;123;186m[48;2;52;64;76m▀[38;2;0;4;0m[49m▄[48;2;0;4;0m▀[38;2;80;82;74m[48;2;60;95;124m▀[38;2;0;4;0m[48;2;57;96;125m▀[49m   ▀▀[38;2;85;85;82m[48;2;94;92;94m▀[38;2;170;175;173m▀[38;2;0;4;0m[49m▀       [0m
       [38;2;8;4;0m▀[38;2;60;95;124m▀▀[38;2;0;4;0m▀▀    ▀[38;2;189;181;173m[48;2;74;119;186m▀[48;2;74;113;191m▀[38;2;0;4;0m[48;2;52;63;84m▀[38;2;87;118;167m[49m▄      [0m
                 [38;2;0;4;0m▀[38;2;74;113;191m[48;2;0;4;0m▀[38;2;74;115;186m▀▀[49m      [0m
                           [0m
