
    [38;2;0;4;0m▄                   [0m
  [38;2;0;4;0m[48;2;0;4;0m▀[38;2;93;89;136m[48;2;93;89;136m▀[38;2;93;90;136m[48;2;93;90;136m▀[38;2;0;4;0m[48;2;0;4;0m▀[49m  ▄▄[48;2;115;111;155m▀▀[49m▄▄    [48;2;115;111;155m▀▀[49m▄   [0m
  [38;2;93;89;136m[48;2;0;4;0m▀[38;2;0;4;0m[49m▀[38;2;94;88;134m[48;2;93;89;136m▀[38;2;90;90;138m[48;2;94;88;134m▀[38;2;0;4;0m[49m▄[48;2;115;111;155m▀[38;2;61;61;73m[48;2;118;111;155m▀[38;2;66;66;66m▀[38;2;118;111;155m[48;2;66;66;66m▀▀[48;2;119;111;155m▀[38;2;115;111;155m▀[38;2;0;4;0m[48;2;115;111;155m▀[49m▄ ▄[38;2;118;111;155m[48;2;119;111;155m▀▀[48;2;118;111;155m▀[38;2;115;111;155m[48;2;115;111;155m▀[49m  [0m
   [38;2;0;4;0m▀▄[48;2;115;111;155m▀[38;2;119;111;155m[48;2;66;66;66m▀▀[38;2;66;66;66m[48;2;255;222;215m▀▀[38;2;119;111;155m[48;2;66;66;66m▀▀[48;2;119;111;155m▀▀[38;2;123;115;147m[48;2;61;61;73m▀[38;2;0;8;0m▀[38;2;0;4;0m[48;2;115;111;155m▀[38;2;119;111;155m[48;2;119;111;155m▀[38;2;118;111;155m[48;2;118;111;155m▀▀[38;2;0;4;0m[49m▀[38;2;115;111;155m[48;2;0;4;0m▀[38;2;0;4;0m▀[49m [0m
    [38;2;0;4;0m▀[38;2;119;111;155m[48;2;0;4;0m▀[38;2;247;255;255m[48;2;192;181;173m▀[38;2;214;173;78m[48;2;255;239;231m▀[38;2;255;222;215m[48;2;66;66;66m▀[38;2;239;222;220m[48;2;255;231;231m▀[38;2;222;181;70m[48;2;189;148;69m▀▀[38;2;134;137;140m[48;2;148;148;132m▀[38;2;255;214;223m[48;2;255;222;215m▀[38;2;118;111;158m[48;2;115;111;155m▀[38;2;96;91;136m[48;2;94;90;134m▀[38;2;0;8;0m[48;2;0;4;0m▀[49m [38;2;0;4;0m▀[38;2;115;111;155m[48;2;0;4;0m▀[49m    [0m
      [38;2;0;4;0m[48;2;0;4;0m▀[38;2;115;111;155m[48;2;115;111;155m▀[38;2;119;111;155m[48;2;66;66;66m▀[48;2;119;111;155m▀[38;2;66;66;66m[48;2;66;66;66m▀[38;2;255;239;239m[48;2;255;239;239m▀[38;2;255;222;215m[48;2;255;222;215m▀[38;2;247;214;223m[48;2;57;57;73m▀[38;2;90;90;138m[48;2;0;4;0m▀[38;2;0;4;0m[49m▀        [0m
    [38;2;0;4;0m▄[48;2;57;111;193m▀[48;2;66;66;66m▀[38;2;90;82;146m[48;2;90;82;142m▀[38;2;57;57;73m[48;2;119;111;155m▀[38;2;66;66;66m[48;2;118;111;155m▀▀▀[38;2;94;88;134m[48;2;66;66;66m▀[38;2;55;57;68m[48;2;119;111;155m▀[38;2;0;4;0m[48;2;44;60;81m▀[38;2;8;8;0m[49m▄        [0m
  [38;2;239;255;255m▄[38;2;0;4;0m[48;2;239;255;255m▀[38;2;115;165;243m[49m▀[38;2;0;4;0m▀[38;2;66;66;66m[48;2;115;111;155m▀▀[38;2;119;111;155m[48;2;66;66;66m▀[38;2;118;111;155m[48;2;255;255;255m▀[48;2;118;111;155m▀▀[38;2;99;93;131m[48;2;119;111;155m▀[38;2;119;111;155m[48;2;66;66;66m▀[38;2;115;165;243m[48;2;0;4;0m▀[49m▀[38;2;0;4;0m[48;2;231;255;255m▀[48;2;239;255;255m▀[49m▄     [0m
 [38;2;0;4;0m[48;2;0;4;0m▀[38;2;255;255;255m[48;2;255;255;255m▀[48;2;140;148;148m▀[38;2;0;4;0m[49m▀ [38;2;255;206;71m[48;2;87;105;157m▀[38;2;90;45;74m[48;2;52;55;78m▀[38;2;255;123;143m[48;2;222;86;86m▀[38;2;66;66;66m▀[38;2;115;111;155m[48;2;57;57;65m▀[48;2;120;120;128m▀[38;2;124;115;92m[48;2;74;74;90m▀[38;2;93;90;136m[48;2;93;90;136m▀[38;2;93;89;136m[48;2;90;90;138m▀[38;2;0;4;0m[48;2;0;4;0m▀[38;2;255;255;255m[48;2;99;144;163m▀[48;2;57;66;73m▀[38;2;222;222;214m[48;2;38;57;67m▀[38;2;0;0;0m[48;2;82;156;202m▀[49m    [0m
  [38;2;255;255;255m▀[38;2;217;219;219m▀[38;2;0;4;0m▄▄[38;2;16;4;0m[48;2;71;111;170m▀[38;2;123;156;235m[48;2;107;165;251m▀[38;2;66;66;66m[48;2;151;178;196m▀[48;2;57;115;209m▀[38;2;247;247;255m[48;2;115;165;246m▀[38;2;57;57;65m▀[38;2;74;74;90m[48;2;107;156;251m▀[38;2;93;90;136m[48;2;123;165;243m▀[38;2;0;4;0m[49m▀ [38;2;148;214;244m[48;2;0;4;0m▀[38;2;127;148;155m[48;2;140;222;252m▀[38;2;16;8;0m[48;2;0;4;0m▀[38;2;82;156;202m[49m▀    [0m
    [38;2;148;214;252m[48;2;82;156;202m▀[38;2;82;156;205m▀[38;2;66;66;66m▀[48;2;0;4;0m▀[38;2;43;50;65m[49m▀[38;2;0;4;0m▀▀[38;2;57;111;193m▀[38;2;107;165;251m[48;2;69;100;141m▀[38;2;98;129;158m[48;2;156;210;228m▀[38;2;0;4;0m[48;2;156;209;225m▀[38;2;156;209;225m[49m▄[38;2;0;4;0m▀[38;2;93;151;173m[48;2;0;8;8m▀[38;2;0;4;0m[48;2;0;4;0m▀[49m     [0m
    [38;2;0;4;0m▀▀▀     [38;2;99;148;211m▀[38;2;156;210;228m▀[38;2;156;209;225m[48;2;0;4;0m▀▀[49m [38;2;0;8;8m▀[38;2;0;4;0m▀     [0m
                        [0m
