
          [38;2;49;49;49m▄▄         [0m
     [38;2;49;49;49m[48;2;49;49;49m▀[48;2;90;115;180m▀[49m▄▄[48;2;90;115;180m▀[38;2;90;115;180m▀[38;2;49;49;49m[48;2;49;49;49m▀[49m         [0m
 [38;2;49;49;49m▄▄▄▄[48;2;82;82;82m▀[38;2;90;115;180m[48;2;90;115;180m▀[38;2;49;49;49m▀[38;2;90;115;180m▀▀[48;2;65;82;131m▀[38;2;49;49;49m▀[49m▄▄       [0m
 [38;2;49;49;49m▀[38;2;90;115;180m[48;2;49;49;49m▀▀[48;2;90;115;180m▀▀[38;2;82;82;82m▀▀[38;2;90;115;180m[48;2;82;82;82m▀[38;2;65;82;131m▀[48;2;65;82;131m▀[38;2;90;115;180m▀[48;2;49;49;49m▀[38;2;49;49;49m[49m▀       [0m
    [38;2;49;49;49m[48;2;49;49;49m▀[38;2;65;82;131m[48;2;246;222;164m▀[38;2;90;115;180m[48;2;65;82;131m▀▀[48;2;90;115;180m▀▀[38;2;82;82;82m▀[38;2;49;49;49m[48;2;49;49;49m▀[49m   ▄ ▄   [0m
  [38;2;49;49;49m▄[48;2;255;255;255m▀[38;2;255;255;255m[48;2;246;222;164m▀[38;2;246;222;164m[48;2;213;172;74m▀▀[38;2;82;82;82m[48;2;255;255;255m▀[38;2;189;49;32m[48;2;246;115;82m▀[38;2;255;255;255m[48;2;255;255;255m▀[38;2;90;115;180m[48;2;65;82;131m▀[48;2;90;115;180m▀[38;2;49;49;49m▀[49m▄[48;2;90;115;180m▀[38;2;90;115;180m▀[38;2;49;49;49m▀[38;2;90;115;180m[48;2;65;82;131m▀[38;2;49;49;49m▀[48;2;49;49;49m▀[49m [0m
  [38;2;49;49;49m[48;2;49;49;49m▀[38;2;255;255;255m[48;2;246;222;164m▀[38;2;213;172;74m[48;2;213;172;74m▀[48;2;49;49;49m▀[38;2;180;131;90m▀▀[38;2;65;82;131m▀[38;2;49;49;49m▀[48;2;65;82;131m▀▀[48;2;49;49;49m▀[48;2;65;82;131m▀[38;2;65;82;131m[48;2;90;115;180m▀[38;2;90;115;180m[48;2;65;82;131m▀[38;2;65;82;131m▀▀[38;2;49;49;49m▀[49m▄ [0m
   [38;2;49;49;49m▀▀ ▄[48;2;90;115;180m▀[38;2;90;115;180m▀[38;2;49;49;49m▀[38;2;90;115;180m[48;2;65;82;131m▀[38;2;65;82;131m▀▀[38;2;189;49;32m[48;2;49;49;49m▀[38;2;65;82;131m▀▀▀[38;2;49;49;49m[49m▀▀  [0m
    [38;2;49;49;49m▄[48;2;255;255;255m▀[48;2;213;172;74m▀[38;2;65;82;131m[48;2;82;82;82m▀[38;2;90;115;180m[48;2;65;82;131m▀▀[38;2;65;82;131m▀▀[48;2;49;49;49m▀[38;2;49;49;49m[49m▀       [0m
    [38;2;49;49;49m▀▀[38;2;255;255;255m[48;2;49;49;49m▀[38;2;180;131;90m▀[38;2;49;49;49m[49m▀[48;2;49;49;49m▀[38;2;82;82;82m[48;2;255;255;255m▀[38;2;213;172;74m[48;2;213;172;74m▀[38;2;82;82;82m[48;2;180;131;90m▀[38;2;49;49;49m[48;2;213;172;74m▀[49m▄      [0m
         [38;2;49;49;49m▀[48;2;49;49;49m▀[38;2;255;255;255m▀[38;2;49;49;49m[49m▀[38;2;255;255;255m[48;2;49;49;49m▀[38;2;49;49;49m[49m▀      [0m
                     [0m
