
       [38;2;32;32;32m▄▄    ▄                     [0m
     [38;2;32;32;32m▄[48;2;164;74;123m▀[38;2;164;74;123m[48;2;32;32;32m▀[38;2;32;32;32m[49m▀   [48;2;32;32;32m▀[38;2;172;139;230m[48;2;172;139;230m▀[38;2;32;32;32m[48;2;32;32;32m▀[49m  ▄▄▄               [0m
 [38;2;32;32;32m[48;2;32;32;32m▀[48;2;131;106;172m▀[49m▄[48;2;65;65;74m▀[38;2;131;106;172m[48;2;131;106;172m▀[48;2;98;74;115m▀[38;2;32;32;32m[48;2;131;106;172m▀[49m▄  [48;2;32;32;32m▀[38;2;172;139;230m[48;2;172;139;230m▀[48;2;32;32;32m▀[38;2;32;32;32m[49m▀  ▀[38;2;255;115;205m[48;2;32;32;32m▀▀[38;2;32;32;32m[48;2;255;115;205m▀▀[49m▄▄      ▄▄   [0m
  [38;2;32;32;32m[48;2;32;32;32m▀[38;2;131;106;172m[48;2;131;106;172m▀▀[38;2;164;74;123m[48;2;164;74;123m▀[38;2;98;74;115m▀[38;2;131;106;172m[48;2;65;65;74m▀[38;2;32;32;32m[48;2;164;74;123m▀[49m▄[48;2;65;65;74m▀[38;2;172;139;230m[48;2;172;139;230m▀[48;2;164;74;123m▀[38;2;32;32;32m[48;2;32;32;32m▀[49m      [48;2;32;32;32m▀[38;2;255;115;205m[48;2;172;139;230m▀▀▀[38;2;32;32;32m▀▀[49m▄▄[48;2;172;139;230m▀▀[38;2;172;139;230m[48;2;32;32;32m▀[38;2;32;32;32m[49m▀   [0m
   [38;2;32;32;32m[48;2;32;32;32m▀[38;2;131;106;172m[48;2;131;106;172m▀[38;2;164;74;123m[48;2;98;74;115m▀[38;2;98;74;115m▀[38;2;65;65;74m[48;2;65;65;74m▀[38;2;164;74;123m▀[38;2;65;65;74m[48;2;131;106;172m▀[38;2;172;139;230m[48;2;172;139;230m▀[38;2;164;74;123m[48;2;164;74;123m▀[38;2;255;115;205m[48;2;255;115;205m▀[38;2;32;32;32m[48;2;32;32;32m▀[49m     [48;2;32;32;32m▀[38;2;172;139;230m[48;2;172;139;230m▀[48;2;139;82;197m▀[38;2;139;82;197m▀▀▀[38;2;255;115;205m▀[38;2;172;139;230m[48;2;255;115;205m▀▀[48;2;172;139;230m▀[48;2;32;32;32m▀[38;2;32;32;32m[49m▀    [0m
    [38;2;32;32;32m[48;2;32;32;32m▀[38;2;131;106;172m[48;2;131;106;172m▀[38;2;65;65;74m[48;2;65;65;74m▀[38;2;255;115;205m[48;2;255;115;205m▀[38;2;172;139;230m[48;2;172;139;230m▀[48;2;164;74;123m▀[38;2;164;74;123m[48;2;255;115;205m▀[38;2;255;115;205m▀[38;2;164;74;123m[48;2;164;74;123m▀[38;2;65;65;74m[48;2;255;115;205m▀[38;2;32;32;32m[48;2;32;32;32m▀[49m   ▄[48;2;131;106;172m▀[38;2;172;139;230m[48;2;98;74;115m▀[38;2;139;82;197m▀▀[48;2;139;82;197m▀▀▀[38;2;255;115;205m▀▀[38;2;172;139;230m[48;2;255;115;205m▀[38;2;32;32;32m[48;2;172;139;230m▀[49m▄▄   [0m
     [38;2;32;32;32m▀[38;2;65;65;74m[48;2;32;32;32m▀[38;2;255;115;205m[48;2;255;115;205m▀[38;2;172;139;230m[48;2;172;139;230m▀[38;2;164;74;123m[48;2;164;74;123m▀[38;2;255;115;205m[48;2;255;115;205m▀[38;2;164;74;123m[48;2;172;230;255m▀[38;2;255;115;205m[48;2;65;65;74m▀[38;2;65;65;74m[48;2;164;156;148m▀[38;2;131;106;172m[48;2;65;65;74m▀[38;2;32;32;32m[48;2;172;139;230m▀[49m▄[48;2;131;106;172m▀[38;2;131;106;172m[48;2;98;74;115m▀[38;2;98;74;115m[48;2;65;65;74m▀[48;2;49;49;49m▀[48;2;32;32;32m▀[48;2;98;74;115m▀▀[48;2;32;32;32m▀[38;2;139;82;197m▀[48;2;98;74;115m▀[48;2;139;82;197m▀▀[48;2;255;115;205m▀[38;2;172;139;230m[48;2;172;139;230m▀[48;2;32;32;32m▀[38;2;32;32;32m[49m▀  [0m
    [38;2;32;32;32m▄[48;2;255;115;205m▀[38;2;255;115;205m[48;2;172;139;230m▀[38;2;172;139;230m▀[38;2;164;74;123m[48;2;164;74;123m▀[38;2;255;115;205m[48;2;255;115;205m▀[38;2;172;230;255m[48;2;172;230;255m▀[48;2;65;65;74m▀[38;2;65;65;74m[48;2;246;230;255m▀[38;2;246;230;255m▀[38;2;65;65;74m[48;2;65;65;74m▀[38;2;139;82;197m[48;2;139;82;197m▀[38;2;172;139;230m[48;2;65;65;74m▀[38;2;65;65;74m[48;2;164;156;148m▀[48;2;246;230;255m▀[38;2;246;230;255m[48;2;49;49;49m▀[38;2;32;32;32m[48;2;65;65;74m▀[49m▄▀▀  ▀▀[38;2;98;74;115m[48;2;32;32;32m▀[38;2;139;82;197m▀[48;2;139;82;197m▀[38;2;172;139;230m[48;2;172;139;230m▀[38;2;32;32;32m[48;2;32;32;32m▀[49m  [0m
     [38;2;32;32;32m▀▀[38;2;164;74;123m[48;2;32;32;32m▀[38;2;255;115;205m[48;2;164;156;148m▀[38;2;172;230;255m[48;2;65;65;74m▀[38;2;65;65;74m[48;2;246;230;255m▀[38;2;246;230;255m[48;2;65;65;74m▀▀[38;2;65;65;74m[48;2;139;82;197m▀[38;2;172;139;230m▀[38;2;139;82;197m[48;2;255;115;205m▀[38;2;65;65;74m[48;2;131;106;172m▀[38;2;246;230;255m[48;2;65;65;74m▀[38;2;164;156;148m[48;2;49;49;49m▀[38;2;49;49;49m[48;2;172;139;230m▀[38;2;172;139;230m[48;2;49;49;49m▀[48;2;139;82;197m▀[38;2;32;32;32m[48;2;32;32;32m▀[49m       ▀[38;2;139;82;197m[48;2;32;32;32m▀[38;2;172;139;230m[48;2;172;139;230m▀[38;2;32;32;32m[48;2;32;32;32m▀[49m [0m
     [38;2;32;32;32m▄[48;2;164;74;123m▀[38;2;131;106;172m[48;2;65;65;74m▀[38;2;65;65;74m[48;2;164;74;123m▀[48;2;65;65;74m▀[48;2;32;32;32m▀[38;2;32;32;32m[49m▀[38;2;164;74;123m[48;2;32;32;32m▀[38;2;255;115;205m[48;2;65;65;74m▀▀[38;2;172;139;230m▀[38;2;65;65;74m[48;2;98;74;115m▀[38;2;131;106;172m[48;2;172;139;230m▀[48;2;49;49;49m▀[38;2;49;49;49m[48;2;172;139;230m▀[38;2;139;82;197m▀[38;2;49;49;49m[48;2;49;49;49m▀[38;2;139;82;197m[48;2;139;82;197m▀[38;2;32;32;32m[48;2;32;32;32m▀[49m        ▀  [0m
     [38;2;32;32;32m▀[38;2;164;74;123m[48;2;32;32;32m▀[38;2;65;65;74m▀[48;2;164;74;123m▀[38;2;131;106;172m▀[38;2;32;32;32m[48;2;32;32;32m▀[49m [48;2;32;32;32m▀[38;2;139;82;197m[48;2;139;82;197m▀▀[48;2;49;49;49m▀[38;2;49;49;49m[48;2;255;115;205m▀[48;2;65;65;74m▀[38;2;131;106;172m[48;2;255;115;205m▀[38;2;255;115;205m[48;2;131;106;172m▀[38;2;172;139;230m[48;2;49;49;49m▀[38;2;49;49;49m[48;2;172;139;230m▀[38;2;172;139;230m▀[48;2;65;65;74m▀[38;2;32;32;32m[48;2;32;32;32m▀[49m          [0m
        [38;2;32;32;32m▀▀   [48;2;32;32;32m▀[38;2;139;82;197m[48;2;139;82;197m▀[38;2;49;49;49m[48;2;172;139;230m▀[38;2;255;115;205m[48;2;49;49;49m▀[38;2;65;65;74m▀[48;2;255;115;205m▀[38;2;172;139;230m▀[38;2;49;49;49m[48;2;49;49;49m▀[38;2;172;139;230m[48;2;131;106;172m▀[38;2;65;65;74m▀[38;2;246;230;255m[48;2;49;49;49m▀▀[38;2;32;32;32m[48;2;246;230;255m▀▀[49m▄       [0m
              [38;2;32;32;32m▀▀[38;2;98;74;115m[48;2;32;32;32m▀▀[38;2;49;49;49m[48;2;98;74;115m▀▀[38;2;98;74;115m▀[48;2;164;74;123m▀[38;2;164;74;123m[48;2;65;65;74m▀[38;2;65;65;74m[48;2;246;230;255m▀[38;2;49;49;49m[48;2;32;32;32m▀[38;2;32;32;32m[49m▀▀        [0m
                  [38;2;32;32;32m▀▀▀▀[38;2;246;230;255m[48;2;32;32;32m▀[48;2;164;156;148m▀[38;2;164;156;148m[48;2;246;230;255m▀[38;2;32;32;32m[48;2;32;32;32m▀[49m         [0m
                       [38;2;32;32;32m▀▀[38;2;246;230;255m[48;2;32;32;32m▀[38;2;32;32;32m▀[49m        [0m
                                   [0m
