
[38;2;0;0;0m                                      
[38;2;0;0;0m                      ████            
[38;2;0;0;0m                    [38;2;8;0;8m██[38;2;222;99;78m██[38;2;214;99;70m██[38;2;0;0;0m██          
[38;2;0;0;0m                  ██[38;2;222;99;78m██[38;2;151;66;55m██[38;2;0;0;0m██            
[38;2;0;0;0m                ██[38;2;214;99;70m██[38;2;66;66;66m██[38;2;0;0;0m██              
[38;2;0;0;0m              ████████                
[38;2;0;0;0m          ████[38;2;148;206;92m████████[38;2;0;0;0m████            
[38;2;0;0;0m        ██[38;2;57;107;17m██[38;2;148;206;92m████████████[38;2;74;165;18m██[38;2;0;0;0m██          
[38;2;0;0;0m        ██[38;2;165;222;109m██[38;2;173;230;117m██[38;2;148;206;92m██████████[38;2;140;214;84m██[38;2;96;145;64m██[38;2;0;8;8m████[38;2;0;0;0m      
[38;2;0;0;0m      ██[38;2;165;222;109m████[38;2;173;230;117m██[38;2;148;206;92m██████████[38;2;140;214;84m██[38;2;52;77;44m██[38;2;71;41;31m██[38;2;214;107;78m██[38;2;0;0;0m██    
[38;2;0;0;0m      ██[38;2;148;206;92m████████[38;2;82;165;26m████[38;2;74;127;34m██[38;2;134;170;105m██[38;2;66;66;66m██[38;2;255;198;39m██[38;2;66;66;66m████[38;2;0;0;0m██    
[38;2;0;0;0m      ██████[38;2;148;206;92m██[38;2;74;165;18m██[38;2;45;82;25m██[38;2;8;0;24m██[38;2;255;255;247m██[38;2;74;127;34m██[38;2;255;198;39m████[38;2;66;66;66m██[38;2;214;99;70m██[38;2;0;0;0m██    
[38;2;0;0;0m    ██[38;2;255;206;71m██[38;2;255;198;39m████[38;2;0;20;0m██[38;2;255;255;239m██[38;2;0;0;0m████[38;2;255;255;255m██[38;2;66;99;50m██[38;2;239;156;47m████[38;2;71;50;45m████[38;2;0;0;0m██    
[38;2;0;0;0m  ██[38;2;255;206;71m████[38;2;255;198;39m██[38;2;230;140;46m██[38;2;0;20;0m██[38;2;85;98;80m██[38;2;74;165;18m████[38;2;66;99;50m████[38;2;239;156;47m██[38;2;66;66;66m██[38;2;214;111;86m██[38;2;0;20;24m██[38;2;181;57;69m██[38;2;0;0;0m██  
[38;2;0;0;0m    ██████[38;2;66;66;66m██[38;2;74;165;18m████████[38;2;74;164;18m████[38;2;0;8;8m████[38;2;0;0;0m██[38;2;214;99;70m████[38;2;0;0;0m██  
[38;2;0;0;0m          ██[38;2;66;66;66m██[38;2;74;165;18m██████[38;2;74;164;18m██[38;2;57;107;17m██[38;2;85;40;45m██[38;2;170;71;82m██[38;2;0;0;0m██████    
[38;2;0;0;0m            ██[38;2;255;255;255m██[38;2;0;0;0m████[38;2;85;74;72m██[38;2;170;148;143m██[38;2;0;0;0m████          
[38;2;0;0;0m            ████  ██[38;2;255;222;215m██[38;2;0;0;0m██              
[38;2;0;0;0m                  ████                
[38;2;0;0;0m                                      [0m
