
[38;2;0;0;0m                                                          
[38;2;0;0;0m                      ██                                  
[38;2;0;0;0m                        [38;2;90;94;90m██[38;2;0;0;0m██[38;2;90;86;86m██[38;2;0;0;0m██                          
[38;2;0;0;0m                        [38;2;60;63;60m██[38;2;90;94;90m██[38;2;181;173;173m██[38;2;121;115;115m██[38;2;0;0;0m██                        
[38;2;0;0;0m                  ████  [38;2;60;60;63m██[38;2;181;173;173m██[38;2;140;140;140m██[38;2;115;118;115m██[38;2;115;119;115m██[38;2;0;0;0m██                      
[38;2;0;0;0m                    [38;2;90;94;90m██[38;2;0;0;0m██[38;2;90;90;90m██[38;2;181;173;173m██[38;2;115;118;115m██[38;2;115;115;115m██[38;2;90;91;90m██[38;2;90;90;90m██[38;2;0;0;0m██                    
[38;2;0;0;0m                    ██[38;2;66;66;66m██[38;2;140;140;140m██[38;2;115;115;115m██[38;2;115;118;115m██[38;2;90;91;90m██[38;2;181;173;173m██[38;2;90;91;90m████[38;2;0;0;0m████                
[38;2;0;0;0m                ██  [38;2;90;90;90m██[38;2;91;91;91m██[38;2;140;140;140m██[38;2;115;115;115m██[38;2;115;118;115m██[38;2;90;91;90m██[38;2;90;90;90m██[38;2;90;91;90m████[38;2;115;119;115m██[38;2;0;0;0m██                
[38;2;0;0;0m        ██[38;2;90;90;90m██[38;2;0;0;0m    ██[38;2;93;93;93m██[38;2;91;91;91m██[38;2;181;173;173m██[38;2;120;118;118m██[38;2;90;90;90m████[38;2;90;91;90m████[38;2;96;96;96m██[38;2;57;57;57m██[38;2;90;90;90m██[38;2;66;66;66m██[38;2;0;0;0m██              
[38;2;0;0;0m        ██[38;2;90;90;90m██[38;2;0;0;0m██  ██[38;2;66;66;66m██[38;2;140;140;140m██[38;2;115;118;115m██[38;2;115;115;115m██[38;2;91;91;91m██[38;2;181;173;173m██[38;2;66;66;66m██[38;2;90;90;90m██[38;2;66;66;66m████[38;2;60;63;60m██[38;2;66;66;66m██[38;2;90;90;90m██[38;2;0;0;0m██            
[38;2;0;0;0m        [38;2;0;4;0m██[38;2;165;161;159m██[38;2;0;0;0m██  ██[38;2;181;173;173m██[38;2;115;118;115m██[38;2;181;173;173m██[38;2;90;91;90m████[38;2;91;91;91m██[38;2;140;140;140m██[38;2;66;66;66m██[38;2;115;115;115m██[38;2;91;91;91m██[38;2;0;0;0m  ██[38;2;90;90;90m██[38;2;0;0;0m██      ██    
[38;2;0;0;0m        [38;2;0;4;0m██[38;2;247;239;239m██[38;2;0;0;0m██  ██[38;2;181;173;173m██[38;2;115;118;115m██[38;2;90;90;90m██[38;2;90;91;90m████[38;2;66;66;66m██[38;2;140;140;140m██[38;2;66;66;66m██[38;2;91;91;91m████[38;2;0;0;0m  ████      ██[38;2;90;90;90m██[38;2;0;0;0m    
[38;2;0;0;0m        [38;2;0;4;0m██[38;2;247;239;239m██[38;2;74;74;74m██[38;2;137;137;137m██[38;2;181;173;173m██[38;2;115;115;115m██[38;2;66;66;66m████[38;2;121;129;107m██[38;2;148;247;220m██[38;2;66;90;90m██[38;2;91;91;91m██[38;2;90;90;90m████[38;2;66;66;66m██[38;2;90;94;90m██[38;2;60;63;60m██[38;2;0;0;0m        [38;2;90;91;90m████[38;2;0;0;0m██  
[38;2;0;0;0m        ██[38;2;60;63;60m██[38;2;145;145;145m██[38;2;115;115;115m██[38;2;90;90;90m██[38;2;0;0;0m██[38;2;66;66;66m██[38;2;115;115;115m██[38;2;90;90;90m████[38;2;66;66;66m██[38;2;90;90;90m██[38;2;91;91;91m██[38;2;60;63;60m██[38;2;90;94;90m██[38;2;0;0;0m██[38;2;90;90;90m██[38;2;0;0;0m██    ██[38;2;90;91;90m████[38;2;0;0;0m    
[38;2;0;0;0m      ██[38;2;90;86;90m██[38;2;184;177;179m██[38;2;115;118;115m██[38;2;115;115;115m██[38;2;0;0;0m██  ██[38;2;91;91;91m██[38;2;66;66;66m████[38;2;90;90;90m██[38;2;66;66;66m██[38;2;90;94;90m██[38;2;0;0;0m██      [38;2;90;94;90m██[38;2;60;63;60m██[38;2;85;85;85m██[38;2;181;173;173m██[38;2;90;90;90m████[38;2;0;0;0m    
[38;2;0;0;0m    ██[38;2;60;63;60m██[38;2;184;177;179m██[38;2;231;222;223m██[38;2;115;118;115m██[38;2;115;115;115m██[38;2;0;0;0m    ██[38;2;115;115;115m██[38;2;90;90;90m██[38;2;66;66;66m██[38;2;90;90;90m████[38;2;60;63;60m██[38;2;0;0;0m        ██[38;2;90;94;90m██[38;2;170;170;170m██[38;2;90;90;90m████[38;2;0;0;0m██    
[38;2;0;0;0m  ████[38;2;66;66;66m██[38;2;90;90;90m██[38;2;231;231;231m████[38;2;181;173;173m██[38;2;0;0;0m        [38;2;66;66;66m██[38;2;91;91;91m██[38;2;115;115;115m████[38;2;0;0;0m██        [38;2;91;91;91m██[38;2;66;66;66m██[38;2;231;231;231m██[38;2;90;90;90m██[38;2;181;173;173m██[38;2;0;0;0m██    
[38;2;0;0;0m      ██[38;2;77;77;77m██[38;2;231;231;231m██[38;2;115;115;115m██[38;2;0;0;0m██      ██[38;2;60;63;60m████[38;2;66;66;66m██[38;2;115;115;115m██[38;2;0;0;0m██      ██[38;2;90;90;90m██[38;2;231;231;231m██████[38;2;0;0;0m██      
[38;2;0;0;0m    ██[38;2;90;90;90m██[38;2;0;0;0m  ████      ██[38;2;90;86;86m██[38;2;0;0;0m  ██[38;2;90;94;90m██[38;2;0;0;0m        ██[38;2;90;90;90m██[38;2;140;140;140m██[38;2;90;90;90m██[38;2;231;231;231m████[38;2;0;0;0m██      
[38;2;0;0;0m    ██[38;2;90;90;90m██[38;2;0;0;0m  ██[38;2;90;90;90m██[38;2;0;0;0m██    ██[38;2;181;173;173m██[38;2;0;0;0m██  [38;2;60;63;60m██[38;2;0;0;0m██      ██[38;2;140;140;140m██████[38;2;231;231;231m██[38;2;74;74;74m██[38;2;0;0;0m██      
[38;2;0;0;0m                    ██[38;2;60;63;60m██[38;2;0;0;0m    ████      ██[38;2;66;66;66m██[38;2;140;140;140m████[38;2;91;91;91m██[38;2;90;91;90m██[38;2;0;0;0m██      
[38;2;0;0;0m                    ████      [38;2;66;66;66m██[38;2;0;0;0m██    [38;2;90;90;90m██[38;2;90;94;90m██[38;2;91;91;91m██[38;2;140;140;140m██[38;2;90;90;90m██[38;2;90;94;90m██[38;2;0;0;0m        
[38;2;0;0;0m                              ██[38;2;66;66;66m██[38;2;0;0;0m  ████  ██[38;2;90;90;90m██[38;2;0;0;0m  ████      
[38;2;0;0;0m                              ████        ██[38;2;90;90;90m██[38;2;0;0;0m    ██      
[38;2;0;0;0m                                          ██              
[38;2;0;0;0m                                                          [0m
