
[38;2;0;0;0m                                        
[38;2;0;0;0m        ██                              
[38;2;0;0;0m      ██[38;2;152;104;144m██[38;2;0;0;0m██                            
[38;2;0;0;0m      ██[38;2;152;104;144m██[38;2;0;0;0m██                            
[38;2;0;0;0m      ██[38;2;152;104;144m████[38;2;0;0;0m██      ██        ██████    
[38;2;0;0;0m      ██[38;2;152;104;144m████[38;2;0;0;0m██  ████[38;2;152;104;144m██[38;2;0;0;0m██  ████[38;2;200;136;176m██████[38;2;0;0;0m██  
[38;2;0;0;0m    ██[38;2;152;104;144m████████[38;2;0;0;0m██[38;2;200;136;176m██[38;2;64;64;64m██[38;2;152;104;144m██[38;2;64;64;64m██[38;2;0;0;0m██[38;2;200;136;176m████████[38;2;0;0;0m██    
[38;2;0;0;0m    ██[38;2;152;104;144m████████[38;2;64;64;64m██[38;2;200;136;176m██[38;2;64;64;64m████[38;2;200;136;176m██████[38;2;64;64;64m████[38;2;152;104;144m████[38;2;0;0;0m██  
[38;2;0;0;0m      ██[38;2;152;104;144m██[38;2;64;64;64m████[38;2;200;136;176m████[38;2;64;64;64m██[38;2;200;136;176m████[38;2;64;64;64m████[38;2;80;160;120m██[38;2;56;128;88m██[38;2;152;104;144m██[38;2;0;0;0m██    
[38;2;0;0;0m        ██[38;2;200;136;176m██[38;2;64;64;64m██[38;2;200;136;176m██[38;2;64;64;64m██[38;2;200;136;176m████[38;2;64;64;64m██[38;2;80;160;120m██████[38;2;152;104;144m██[38;2;0;0;0m██      
[38;2;0;0;0m    ██████[38;2;200;136;176m██████[38;2;64;64;64m██[38;2;200;136;176m██[38;2;64;64;64m██[38;2;56;128;88m██[38;2;80;160;120m████[38;2;56;128;88m██[38;2;152;104;144m██[38;2;0;0;0m██      
[38;2;0;0;0m  ██[38;2;200;136;176m██████[38;2;152;104;144m██[38;2;200;136;176m████████[38;2;64;64;64m██[38;2;56;128;88m██████[38;2;152;104;144m██[38;2;64;64;64m██[38;2;152;104;144m██[38;2;0;0;0m██    
[38;2;0;0;0m    ██[38;2;120;80;112m██[38;2;152;104;144m██[38;2;120;80;112m██[38;2;200;136;176m████[38;2;120;80;112m██[38;2;152;104;144m██████████[38;2;64;64;64m██[38;2;152;104;144m████[38;2;0;0;0m██    
[38;2;0;0;0m    ██[38;2;200;136;176m██[38;2;120;80;112m██[38;2;200;136;176m████[38;2;0;0;0m██[38;2;184;184;176m██[38;2;152;104;144m████[38;2;64;64;64m██████[38;2;152;104;144m██████[38;2;0;0;0m██    
[38;2;0;0;0m    ██[38;2;200;136;176m██████[38;2;120;80;112m██[38;2;240;96;80m██[38;2;248;248;248m██[38;2;120;80;112m██[38;2;152;104;144m██[38;2;64;64;64m██[38;2;152;104;144m████████[38;2;120;80;112m██[38;2;0;0;0m████  
[38;2;0;0;0m      ██[38;2;200;136;176m████[38;2;152;104;144m██████[38;2;64;64;64m████[38;2;152;104;144m████[38;2;64;64;64m██[38;2;152;104;144m████[38;2;120;80;112m██[38;2;152;104;144m██[38;2;0;0;0m██  
[38;2;0;0;0m      ██[38;2;184;184;176m██[38;2;64;64;64m████[38;2;0;0;0m████[38;2;152;104;144m████████[38;2;0;0;0m██████[38;2;184;184;176m██[38;2;0;0;0m██    
[38;2;0;0;0m        ██[38;2;120;80;112m████[38;2;0;0;0m██  ██[38;2;200;136;176m████[38;2;0;0;0m██    ████      
[38;2;0;0;0m        ██████  ██[38;2;200;136;176m████[38;2;152;104;144m██[38;2;0;0;0m██              
[38;2;0;0;0m                ██[38;2;248;248;248m████[38;2;0;0;0m██                
[38;2;0;0;0m                  ████                  
[38;2;0;0;0m                                        [0m
