
        [38;2;0;0;0m▄                                   [0m
       [38;2;0;0;0m[48;2;0;0;0m▀[38;2;144;96;144m[48;2;144;96;144m▀[38;2;0;0;0m▀[49m▄   ▄        ▄[48;2;208;144;208m▀[49m▄  ▄▄▄             [0m
      [38;2;0;0;0m[48;2;0;0;0m▀[38;2;144;96;144m[48;2;144;96;144m▀[38;2;56;88;72m[48;2;72;120;160m▀[38;2;144;96;144m[48;2;56;88;72m▀[48;2;144;96;144m▀[38;2;0;0;0m[48;2;0;0;0m▀[49m [48;2;0;0;0m▀[38;2;208;144;208m[48;2;208;144;208m▀[38;2;0;0;0m[48;2;0;0;0m▀[49m ▄ ▄▄[48;2;208;144;208m▀▀[38;2;208;144;208m▀▀[38;2;0;0;0m▀▀▀[38;2;208;144;208m▀▀[48;2;0;0;0m▀[38;2;0;0;0m[49m▀            [0m
    [38;2;0;0;0m▄▄ [48;2;0;0;0m▀[38;2;72;120;160m[48;2;72;120;160m▀[38;2;56;88;72m▀[38;2;144;96;144m[48;2;56;88;72m▀[48;2;144;96;144m▀[38;2;0;0;0m[48;2;64;64;64m▀[38;2;144;96;144m[48;2;208;144;208m▀[38;2;208;144;208m▀[38;2;64;64;64m[48;2;144;96;144m▀[38;2;0;0;0m[48;2;64;64;64m▀[38;2;144;96;144m[48;2;144;96;144m▀[38;2;0;0;0m[48;2;64;64;64m▀[38;2;208;144;208m[48;2;208;144;208m▀▀▀[48;2;56;88;72m▀▀[38;2;56;88;72m[48;2;112;208;208m▀▀▀[38;2;208;144;208m[48;2;56;88;72m▀[48;2;208;144;208m▀[48;2;0;0;0m▀[38;2;0;0;0m[49m▀             [0m
   [38;2;0;0;0m▀[38;2;208;144;208m[48;2;0;0;0m▀[48;2;208;144;208m▀[38;2;0;0;0m▀[38;2;64;64;64m▀[38;2;56;88;72m[48;2;64;64;64m▀[38;2;72;120;160m▀[38;2;56;88;72m[48;2;72;120;160m▀[38;2;144;96;144m[48;2;56;88;72m▀[38;2;64;64;64m[48;2;208;144;208m▀[38;2;208;144;208m▀▀[38;2;144;96;144m▀[48;2;144;96;144m▀[48;2;64;64;64m▀[38;2;64;64;64m[48;2;208;144;208m▀[38;2;208;144;208m▀[48;2;56;88;72m▀[38;2;56;88;72m[48;2;72;120;160m▀[38;2;72;120;160m▀▀[38;2;56;88;72m▀[38;2;112;208;208m[48;2;56;88;72m▀[48;2;112;208;208m▀▀[38;2;56;88;72m[48;2;56;88;72m▀[38;2;0;0;0m[48;2;208;144;208m▀[49m▄             [0m
     [38;2;0;0;0m▀[38;2;144;96;144m[48;2;0;0;0m▀[38;2;208;144;208m[48;2;144;96;144m▀▀[48;2;208;144;208m▀[38;2;64;64;64m▀▀[38;2;208;144;208m▀▀▀▀[48;2;64;64;64m▀[38;2;64;64;64m[48;2;208;144;208m▀[38;2;208;144;208m▀[38;2;144;96;144m[48;2;56;88;72m▀[38;2;56;88;72m[48;2;72;120;160m▀[38;2;72;120;160m▀▀▀▀[38;2;56;88;72m[48;2;56;88;72m▀[38;2;112;208;208m[48;2;112;208;208m▀[48;2;56;88;72m▀[38;2;56;88;72m[48;2;0;0;0m▀[38;2;0;0;0m[49m▀    ▄[48;2;208;144;208m▀▀[49m▄▄     [0m
      [38;2;0;0;0m▀[38;2;144;96;144m[48;2;0;0;0m▀[48;2;144;96;144m▀▀[38;2;208;144;208m▀[48;2;208;144;208m▀▀▀▀▀▀▀[38;2;56;88;72m▀[48;2;56;88;72m▀[38;2;72;120;160m▀[48;2;72;120;160m▀▀[48;2;56;88;72m▀[38;2;56;88;72m[48;2;64;64;64m▀[38;2;112;208;208m▀[38;2;64;64;64m[48;2;144;96;144m▀[38;2;0;0;0m[48;2;0;0;0m▀[49m      ▀[38;2;208;144;208m[48;2;0;0;0m▀[48;2;208;144;208m▀▀[38;2;144;96;144m▀[38;2;0;0;0m[48;2;64;64;64m▀[49m▄   [0m
       [38;2;0;0;0m[48;2;0;0;0m▀[38;2;96;64;112m[48;2;208;144;208m▀▀[38;2;208;144;208m▀▀▀[48;2;144;96;144m▀[48;2;208;144;208m▀▀[48;2;64;64;64m▀[48;2;248;248;248m▀[48;2;208;144;208m▀▀[38;2;64;64;64m▀▀▀▀[38;2;144;96;144m[48;2;64;64;64m▀▀▀▀[38;2;0;0;0m[48;2;144;96;144m▀▀[49m▄     [48;2;0;0;0m▀[38;2;208;144;208m[48;2;96;64;112m▀[38;2;96;64;112m[48;2;208;144;208m▀[38;2;208;144;208m▀[38;2;144;96;144m▀[38;2;0;0;0m[48;2;0;0;0m▀[49m  [0m
      [38;2;0;0;0m[48;2;0;0;0m▀[38;2;208;144;208m[48;2;208;144;208m▀▀▀▀▀[38;2;144;96;144m[48;2;144;96;144m▀[38;2;208;144;208m[48;2;208;144;208m▀[48;2;96;64;112m▀[38;2;0;0;0m[48;2;0;0;0m▀[38;2;248;248;248m[48;2;248;248;248m▀[48;2;208;144;208m▀[38;2;208;144;208m[48;2;144;96;144m▀[38;2;144;96;144m[48;2;208;144;208m▀▀[38;2;208;144;208m▀[38;2;64;64;64m▀[48;2;64;64;64m▀[48;2;208;144;208m▀[38;2;208;144;208m▀▀[38;2;144;96;144m▀[38;2;64;64;64m[48;2;144;96;144m▀[38;2;144;96;144m[48;2;64;64;64m▀[48;2;144;96;144m▀[38;2;0;0;0m▀[48;2;208;144;208m▀[49m▄▄  [48;2;0;0;0m▀[38;2;208;144;208m[48;2;96;64;112m▀▀▀[38;2;144;96;144m[48;2;144;96;144m▀[38;2;0;0;0m[48;2;0;0;0m▀[49m [0m
    [38;2;0;0;0m▄▄[48;2;144;96;144m▀[38;2;208;144;208m[48;2;64;64;64m▀[48;2;208;144;208m▀▀▀▀▀[38;2;96;64;112m▀▀[38;2;208;144;208m▀[48;2;144;96;144m▀[48;2;72;88;104m▀[38;2;248;248;248m[48;2;248;248;248m▀[38;2;72;88;104m[48;2;72;88;104m▀[38;2;208;144;208m[48;2;144;96;144m▀[38;2;64;64;64m▀[48;2;176;176;176m▀[38;2;144;96;144m[48;2;64;64;64m▀[38;2;208;144;208m[48;2;208;144;208m▀[48;2;64;64;64m▀[38;2;64;64;64m[48;2;208;144;208m▀▀[38;2;144;96;144m[48;2;64;64;64m▀[38;2;64;64;64m[48;2;144;96;144m▀[38;2;144;96;144m[48;2;64;64;64m▀[48;2;144;96;144m▀▀[38;2;96;64;112m▀[38;2;208;144;208m[48;2;96;64;112m▀[38;2;0;0;0m[48;2;208;144;208m▀▀[38;2;208;144;208m[48;2;96;64;112m▀[48;2;208;144;208m▀[48;2;144;96;144m▀[38;2;144;96;144m▀[38;2;96;64;112m▀[38;2;0;0;0m[48;2;0;0;0m▀[49m [0m
 [38;2;0;0;0m▄[48;2;96;64;112m▀[48;2;248;248;248m▀[38;2;144;96;144m[48;2;96;64;112m▀[48;2;144;96;144m▀▀[38;2;64;64;64m▀[38;2;208;144;208m[48;2;64;64;64m▀[48;2;208;144;208m▀▀[48;2;96;64;112m▀[48;2;208;144;208m▀[48;2;72;88;104m▀▀[38;2;72;88;104m[48;2;144;96;144m▀[38;2;248;248;248m▀[38;2;144;96;144m▀[48;2;64;64;64m▀▀[48;2;176;176;176m▀[38;2;176;176;176m▀[48;2;248;248;248m▀▀[38;2;64;64;64m▀[38;2;144;96;144m[48;2;64;64;64m▀[38;2;64;64;64m[48;2;208;144;208m▀▀[38;2;208;144;208m[48;2;144;96;144m▀[38;2;64;64;64m[48;2;248;248;248m▀[38;2;144;96;144m[48;2;64;64;64m▀[48;2;144;96;144m▀[48;2;64;64;64m▀[48;2;144;96;144m▀[38;2;96;64;112m[48;2;96;64;112m▀[38;2;144;96;144m[48;2;144;96;144m▀▀▀[38;2;96;64;112m[48;2;96;64;112m▀[38;2;144;96;144m[48;2;144;96;144m▀▀[38;2;0;0;0m[48;2;0;0;0m▀[49m  [0m
 [38;2;0;0;0m[48;2;0;0;0m▀[38;2;144;96;144m[48;2;144;96;144m▀[38;2;96;64;112m[48;2;248;248;248m▀[38;2;144;96;144m[48;2;96;64;112m▀▀[48;2;144;96;144m▀[48;2;0;0;0m▀▀[38;2;0;0;0m[49m▀▀[38;2;208;144;208m[48;2;0;0;0m▀[38;2;72;88;104m[48;2;64;64;64m▀[38;2;144;96;144m▀▀[38;2;64;64;64m[48;2;176;176;176m▀▀▀[38;2;136;136;128m[48;2;136;136;128m▀[38;2;176;176;176m[48;2;248;248;248m▀[38;2;248;248;248m▀▀[48;2;64;64;64m▀[38;2;64;64;64m[48;2;208;144;208m▀▀[38;2;208;144;208m▀▀▀[38;2;144;96;144m[48;2;144;96;144m▀[38;2;248;248;248m[48;2;64;64;64m▀[38;2;64;64;64m[48;2;144;96;144m▀[38;2;144;96;144m▀[38;2;64;64;64m▀[38;2;96;64;112m[48;2;64;64;64m▀[38;2;144;96;144m[48;2;144;96;144m▀▀▀[48;2;96;64;112m▀[38;2;96;64;112m[48;2;0;0;0m▀[38;2;144;96;144m▀[38;2;0;0;0m[49m▀   [0m
  [38;2;0;0;0m▀[38;2;144;96;144m[48;2;0;0;0m▀[38;2;96;64;112m▀[38;2;248;248;248m▀[38;2;0;0;0m[49m▀   ▄[48;2;144;96;144m▀[38;2;144;96;144m▀[38;2;96;64;112m▀[38;2;144;96;144m[48;2;96;64;112m▀[38;2;64;64;64m[48;2;144;96;144m▀[38;2;136;136;128m[48;2;64;64;64m▀[48;2;248;248;248m▀▀▀▀[38;2;64;64;64m[48;2;64;64;64m▀[38;2;144;96;144m[48;2;208;144;208m▀[38;2;248;248;248m[48;2;144;96;144m▀[38;2;144;96;144m▀[48;2;248;248;248m▀[38;2;208;144;208m[48;2;144;96;144m▀[48;2;208;144;208m▀[48;2;64;64;64m▀[38;2;64;64;64m[48;2;208;144;208m▀[38;2;96;64;112m▀[38;2;208;144;208m[48;2;96;64;112m▀[38;2;144;96;144m[48;2;208;144;208m▀[38;2;64;64;64m[48;2;0;0;0m▀[38;2;144;96;144m▀[38;2;0;0;0m[49m▀▀▀      [0m
          [38;2;0;0;0m[48;2;0;0;0m▀[38;2;144;96;144m[48;2;144;96;144m▀▀[48;2;96;64;112m▀[38;2;96;64;112m[48;2;144;96;144m▀[38;2;144;96;144m▀▀[38;2;64;64;64m▀[38;2;248;248;248m[48;2;64;64;64m▀▀[38;2;136;136;128m[48;2;176;176;176m▀[38;2;64;64;64m▀[38;2;208;144;208m[48;2;64;64;64m▀[48;2;144;96;144m▀[38;2;144;96;144m[48;2;248;248;248m▀[48;2;144;96;144m▀[38;2;208;144;208m[48;2;64;64;64m▀[38;2;64;64;64m[48;2;208;144;208m▀[38;2;208;144;208m▀▀[48;2;96;64;112m▀[38;2;96;64;112m[48;2;208;144;208m▀[38;2;208;144;208m[48;2;144;96;144m▀[38;2;0;0;0m▀[49m▄         [0m
           [38;2;0;0;0m▀[38;2;96;64;112m[48;2;0;0;0m▀[38;2;144;96;144m[48;2;64;64;64m▀▀[48;2;144;96;144m▀▀▀▀[48;2;0;0;0m▀[38;2;0;0;0m[49m▀▀▀▀▀[38;2;64;64;64m[48;2;0;0;0m▀[38;2;144;96;144m[48;2;144;96;144m▀[38;2;96;64;112m▀[38;2;144;96;144m[48;2;96;64;112m▀▀▀[48;2;144;96;144m▀▀▀▀[38;2;0;0;0m[48;2;0;0;0m▀[49m        [0m
           [38;2;0;0;0m▀[38;2;176;176;176m[48;2;0;0;0m▀▀▀[38;2;64;64;64m▀[38;2;0;0;0m[49m▀▀▀      ▀[38;2;144;96;144m[48;2;0;0;0m▀[38;2;96;64;112m[48;2;248;248;248m▀[38;2;248;248;248m▀▀▀[38;2;96;64;112m▀[38;2;144;96;144m[48;2;0;0;0m▀[38;2;0;0;0m[49m▀▀         [0m
                           [38;2;0;0;0m▀[38;2;248;248;248m[48;2;0;0;0m▀▀▀[38;2;0;0;0m[49m▀            [0m
                                            [0m
