
    [38;2;0;0;0m▄                [0m
   [38;2;0;0;0m[48;2;0;0;0m▀[38;2;152;104;144m[48;2;152;104;144m▀[38;2;0;0;0m[48;2;0;0;0m▀[49m       ▄[48;2;200;136;176m▀[48;2;0;0;0m▀[49m ▄▄  [0m
  [38;2;0;0;0m▄[48;2;152;104;144m▀[38;2;152;104;144m▀▀[38;2;0;0;0m[48;2;0;0;0m▀[49m  ▄  ▄[48;2;200;136;176m▀[38;2;200;136;176m▀[38;2;0;0;0m▀▀[38;2;200;136;176m[48;2;0;0;0m▀[38;2;0;0;0m[49m▀  [0m
  [38;2;0;0;0m▀[38;2;152;104;144m[48;2;0;0;0m▀[48;2;152;104;144m▀▀[38;2;0;0;0m[48;2;0;0;0m▀[49m [48;2;0;0;0m▀[38;2;200;136;176m[48;2;200;136;176m▀[38;2;0;0;0m▀[49m▄[48;2;200;136;176m▀[38;2;200;136;176m▀[48;2;56;128;88m▀[38;2;56;128;88m[48;2;80;160;120m▀[38;2;200;136;176m[48;2;200;136;176m▀[38;2;0;0;0m[48;2;0;0;0m▀[49m   [0m
   [38;2;0;0;0m▀[38;2;152;104;144m[48;2;0;0;0m▀[48;2;152;104;144m▀[48;2;64;64;64m▀[38;2;0;0;0m[48;2;0;0;0m▀[38;2;200;136;176m[48;2;152;104;144m▀[48;2;200;136;176m▀[38;2;0;0;0m[48;2;0;0;0m▀[38;2;200;136;176m[48;2;200;136;176m▀[48;2;56;128;88m▀[38;2;56;128;88m[48;2;80;160;120m▀[38;2;80;160;120m▀[38;2;56;128;88m[48;2;56;128;88m▀[38;2;0;0;0m[48;2;0;0;0m▀[49m    [0m
 [38;2;0;0;0m▄[48;2;200;136;176m▀▀[38;2;64;64;64m▀[48;2;152;104;144m▀[38;2;200;136;176m[48;2;200;136;176m▀▀[38;2;152;104;144m▀[38;2;200;136;176m[48;2;120;80;112m▀[38;2;0;0;0m[48;2;200;136;176m▀[38;2;200;136;176m[48;2;56;128;88m▀[38;2;56;128;88m[48;2;200;136;176m▀[38;2;80;160;120m[48;2;56;128;88m▀[38;2;56;128;88m[48;2;200;136;176m▀[38;2;200;136;176m[48;2;0;0;0m▀[38;2;0;0;0m[48;2;152;104;144m▀[48;2;120;80;112m▀[49m▄  [0m
  [38;2;0;0;0m▀[38;2;120;80;112m[48;2;0;0;0m▀[38;2;152;104;144m[48;2;200;136;176m▀[38;2;200;136;176m[48;2;152;104;144m▀[48;2;200;136;176m▀▀[48;2;0;0;0m▀[48;2;120;80;112m▀[48;2;152;104;144m▀[38;2;152;104;144m▀[38;2;200;136;176m▀[38;2;0;0;0m▀▀[38;2;152;104;144m[48;2;120;80;112m▀[48;2;152;104;144m▀[48;2;120;80;112m▀[38;2;0;0;0m[48;2;152;104;144m▀[49m▄ [0m
  [38;2;0;0;0m[48;2;0;0;0m▀[38;2;200;136;176m[48;2;200;136;176m▀▀[38;2;120;80;112m▀[38;2;200;136;176m[48;2;120;88;64m▀[38;2;0;0;0m[48;2;0;0;0m▀[38;2;184;184;176m[48;2;248;248;248m▀[38;2;120;80;112m[48;2;152;104;144m▀[38;2;152;104;144m▀[38;2;64;64;64m[48;2;64;64;64m▀[38;2;152;104;144m[48;2;152;104;144m▀[48;2;120;80;112m▀[48;2;64;64;64m▀[48;2;152;104;144m▀[48;2;64;64;64m▀[38;2;64;64;64m[48;2;152;104;144m▀[38;2;152;104;144m[48;2;120;80;112m▀[38;2;0;0;0m[48;2;0;0;0m▀[49m [0m
 [38;2;0;0;0m[48;2;0;0;0m▀[38;2;200;136;176m[48;2;64;64;64m▀[48;2;200;136;176m▀▀[48;2;152;104;144m▀[38;2;152;104;144m▀[48;2;64;64;64m▀▀[38;2;64;64;64m[48;2;152;104;144m▀▀[38;2;152;104;144m[48;2;64;64;64m▀[38;2;120;80;112m[48;2;200;136;176m▀[38;2;152;104;144m▀[48;2;152;104;144m▀[38;2;64;64;64m[48;2;64;64;64m▀[38;2;0;0;0m[49m▀[48;2;0;0;0m▀[38;2;184;184;176m▀[38;2;0;0;0m[49m▀ [0m
  [38;2;0;0;0m▀[48;2;0;0;0m▀[38;2;64;64;64m[48;2;120;80;112m▀▀[48;2;0;0;0m▀[38;2;184;184;176m▀[38;2;0;0;0m[49m▀▀▀[38;2;64;64;64m[48;2;0;0;0m▀[48;2;152;104;144m▀▀[38;2;152;104;144m[48;2;0;0;0m▀[38;2;0;0;0m[49m▀     [0m
   [38;2;0;0;0m▀▀▀    [48;2;0;0;0m▀[38;2;200;136;176m[48;2;248;248;248m▀▀[38;2;152;104;144m[48;2;0;0;0m▀[38;2;0;0;0m[49m▀      [0m
           [38;2;0;0;0m▀▀        [0m
