
         [38;2;32;32;32m▄▄▄▄▄         [0m
      [38;2;32;32;32m▄[48;2;115;148;197m▀[48;2;139;189;230m▀[38;2;115;148;197m[48;2;180;222;255m▀[38;2;180;222;255m▀[38;2;139;189;230m▀[48;2;139;189;230m▀[38;2;115;148;197m▀[38;2;32;32;32m▀[48;2;115;148;197m▀[49m▄      [0m
      [38;2;32;32;32m[48;2;32;32;32m▀[38;2;139;189;230m[48;2;139;189;230m▀[48;2;238;255;255m▀[48;2;139;189;230m▀[38;2;180;222;255m▀[38;2;139;189;230m▀▀▀[38;2;180;222;255m▀[48;2;180;222;255m▀[38;2;32;32;32m[48;2;32;32;32m▀[49m      [0m
  [38;2;32;32;32m▄[48;2;131;213;255m▀[48;2;222;246;255m▀[48;2;82;82;82m▀[38;2;139;189;230m[48;2;139;189;230m▀[38;2;238;255;255m▀[48;2;238;255;255m▀[48;2;180;222;255m▀[38;2;139;189;230m▀▀[48;2;238;255;255m▀[38;2;238;255;255m▀[38;2;139;189;230m▀[48;2;139;189;230m▀▀[38;2;32;32;32m[48;2;82;82;82m▀[48;2;222;246;255m▀[48;2;131;213;255m▀[49m▄  [0m
 [38;2;32;32;32m[48;2;32;32;32m▀[38;2;131;213;255m[48;2;131;213;255m▀[38;2;222;246;255m▀[48;2;222;246;255m▀▀[38;2;82;82;82m▀[38;2;172;172;222m▀[38;2;180;222;255m[48;2;180;222;255m▀[48;2;172;172;222m▀▀▀▀[38;2;238;255;255m▀[38;2;180;222;255m[48;2;180;222;255m▀[38;2;172;172;222m[48;2;222;246;255m▀[38;2;82;82;82m▀[38;2;222;246;255m▀▀[48;2;131;213;255m▀[38;2;131;213;255m▀[38;2;32;32;32m[48;2;32;32;32m▀[49m [0m
  [38;2;32;32;32m▀[38;2;131;213;255m[48;2;32;32;32m▀[48;2;131;213;255m▀[38;2;238;255;255m▀[38;2;222;246;255m[48;2;82;82;82m▀▀[48;2;131;213;255m▀[48;2;222;246;255m▀▀[48;2;238;255;255m▀[48;2;222;246;255m▀▀[48;2;131;213;255m▀[48;2;82;82;82m▀▀[38;2;238;255;255m[48;2;131;213;255m▀[38;2;131;213;255m▀[48;2;32;32;32m▀[38;2;32;32;32m[49m▀  [0m
    [38;2;32;32;32m▀[48;2;32;32;32m▀[38;2;180;222;255m[48;2;222;246;255m▀[38;2;222;246;255m▀[38;2;82;82;82m[48;2;82;82;82m▀[48;2;115;123;197m▀[38;2;131;213;255m[48;2;82;82;82m▀▀▀[38;2;82;82;82m[48;2;180;222;255m▀▀[38;2;180;222;255m[48;2;115;148;197m▀[48;2;32;32;32m▀[38;2;32;32;32m[49m▀▀    [0m
   [38;2;32;32;32m▄[48;2;180;222;255m▀[38;2;82;82;82m[48;2;82;82;82m▀[38;2;222;246;255m[48;2;180;222;255m▀▀[38;2;82;82;82m[48;2;82;82;82m▀[38;2;115;123;197m[48;2;148;148;189m▀▀[38;2;82;82;82m[48;2;82;82;82m▀[38;2;222;246;255m[48;2;222;246;255m▀▀[38;2;180;222;255m[48;2;180;222;255m▀[38;2;115;148;197m[48;2;115;148;197m▀[38;2;180;222;255m[48;2;180;222;255m▀[38;2;32;32;32m[48;2;32;32;32m▀[49m     [0m
  [38;2;32;32;32m▄[48;2;222;246;255m▀[38;2;222;246;255m▀▀[38;2;82;82;82m[48;2;82;82;82m▀[48;2;180;222;255m▀[38;2;172;172;222m[48;2;180;197;238m▀[48;2;172;172;222m▀[38;2;148;148;189m▀[38;2;82;82;82m[48;2;82;82;82m▀[38;2;222;246;255m[48;2;180;222;255m▀▀[38;2;82;82;82m[48;2;82;82;82m▀[38;2;180;222;255m[48;2;180;222;255m▀[38;2;115;148;197m[48;2;115;148;197m▀[38;2;222;246;255m[48;2;222;246;255m▀[38;2;32;32;32m[48;2;180;222;255m▀[49m▄   [0m
  [38;2;32;32;32m[48;2;32;32;32m▀[38;2;180;222;255m[48;2;180;222;255m▀▀[38;2;82;82;82m[48;2;32;32;32m▀[38;2;32;32;32m[49m▀[38;2;180;222;255m[48;2;32;32;32m▀▀[38;2;82;82;82m▀[38;2;180;197;238m[48;2;180;222;255m▀▀[38;2;82;82;82m[48;2;82;82;82m▀[48;2;180;222;255m▀[38;2;115;148;197m[48;2;82;82;82m▀[38;2;180;222;255m[48;2;222;246;255m▀[38;2;82;82;82m[48;2;82;82;82m▀[38;2;222;246;255m[48;2;222;246;255m▀▀[38;2;32;32;32m▀[49m▄  [0m
   [38;2;32;32;32m▀▀    ▀[38;2;115;148;197m[48;2;32;32;32m▀[38;2;180;222;255m[48;2;180;222;255m▀[38;2;82;82;82m[48;2;82;82;82m▀[38;2;180;222;255m[48;2;115;148;197m▀[48;2;180;222;255m▀[38;2;82;82;82m[48;2;32;32;32m▀[38;2;32;32;32m[49m▀[48;2;32;32;32m▀[38;2;222;246;255m[48;2;180;222;255m▀[38;2;180;222;255m▀[38;2;32;32;32m[48;2;32;32;32m▀[49m  [0m
          [38;2;32;32;32m▀[38;2;180;222;255m[48;2;32;32;32m▀[38;2;32;32;32m[49m▀[38;2;82;82;82m[48;2;32;32;32m▀[38;2;180;222;255m[48;2;180;222;255m▀[38;2;32;32;32m[48;2;32;32;32m▀[49m ▀[38;2;180;222;255m[48;2;32;32;32m▀▀[38;2;32;32;32m[49m▀  [0m
              [38;2;32;32;32m▀        [0m
