
[38;2;0;0;0m                                                                        
[38;2;0;0;0m                      ██                                                
[38;2;0;0;0m                    ██[38;2;255;255;255m██[38;2;0;4;8m██[38;2;0;0;0m                                              
[38;2;0;0;0m                    ██[38;2;170;171;173m██[38;2;0;4;8m██[38;2;0;0;0m                                              
[38;2;0;0;0m                  ██[38;2;255;255;255m██[38;2;181;132;133m██[38;2;8;0;0m██[38;2;0;0;0m                                              
[38;2;0;0;0m                  ██[38;2;255;255;255m██[38;2;123;88;89m██[38;2;8;0;0m██[38;2;0;0;0m                                              
[38;2;0;0;0m                  ██[38;2;189;206;213m██[38;2;119;99;103m██[38;2;33;0;1m██[38;2;0;0;0m                                              
[38;2;0;0;0m                ██[38;2;189;206;213m████[38;2;206;198;206m████[38;2;0;0;0m██                                            
[38;2;0;0;0m                ██[38;2;107;90;67m██[38;2;222;214;166m██[38;2;148;148;148m██[38;2;181;57;69m██[38;2;0;0;0m██                              ██████████    
[38;2;0;0;0m                ██[38;2;222;214;166m██[38;2;107;90;67m██[38;2;148;148;148m██[38;2;181;57;69m██[38;2;0;0;0m██                        ██████[38;2;255;255;255m██████████[38;2;0;0;0m██  
[38;2;0;0;0m              [38;2;0;0;8m██[38;2;255;214;111m██[38;2;107;90;67m████[38;2;148;148;148m████[38;2;167;151;101m██[38;2;8;8;16m██[38;2;0;0;0m██                ████[38;2;255;255;255m██████[38;2;189;206;213m████[38;2;178;158;159m████[38;2;198;115;110m██[38;2;0;0;0m██  
[38;2;0;0;0m            ██[38;2;255;214;111m██[38;2;127;107;59m██[38;2;198;148;70m████[38;2;107;90;67m████[38;2;88;79;58m██[38;2;247;222;143m██[38;2;255;214;111m██[38;2;0;0;0m████        ████[38;2;255;255;255m██████[38;2;148;148;148m████████[38;2;156;198;204m██[38;2;222;78;70m██[38;2;198;115;110m██[38;2;0;0;0m██  
[38;2;0;0;0m            ██[38;2;255;214;111m██[38;2;197;148;69m██[38;2;192;159;91m██[38;2;255;206;103m██[38;2;255;214;111m██████[38;2;107;90;67m██████[38;2;255;214;111m██[38;2;0;0;16m██[38;2;0;0;0m██  [38;2;8;8;8m██[38;2;255;255;255m██[38;2;189;206;213m████[38;2;148;148;148m████[38;2;189;206;213m████████[38;2;206;107;102m████[38;2;0;0;0m██    
[38;2;0;0;0m          ██[38;2;255;214;111m██[38;2;197;148;69m████[38;2;66;66;66m████[38;2;255;255;207m████[38;2;255;214;111m████[38;2;107;90;67m██[38;2;255;214;111m████[38;2;85;71;48m██[38;2;255;214;111m██[38;2;0;0;0m██[38;2;255;255;255m██[38;2;173;173;173m██[38;2;189;206;213m██[38;2;148;148;148m██[38;2;189;206;213m██████[38;2;148;148;148m██████[38;2;206;107;102m██[38;2;0;0;0m██      
[38;2;0;0;0m        ██[38;2;90;41;58m██[38;2;255;206;111m██[38;2;192;159;91m██[38;2;66;66;66m██[38;2;99;102;99m████[38;2;66;66;66m██[38;2;255;214;111m████[38;2;107;90;67m██[38;2;255;214;111m████[38;2;198;148;70m██[38;2;66;65;66m██[38;2;255;214;111m████[38;2;66;66;66m██[38;2;189;206;205m██[38;2;148;148;148m██████████[38;2;189;206;213m████[38;2;239;82;79m██[38;2;189;206;213m██[38;2;0;0;0m██      
[38;2;0;0;0m      ██[38;2;239;82;79m██[38;2;145;96;76m██[38;2;255;206;111m██[38;2;255;206;103m██[38;2;66;66;66m██[38;2;99;102;99m████[38;2;66;66;66m██[38;2;255;214;111m██[38;2;107;90;67m██[38;2;255;214;111m████[38;2;197;148;69m██[38;2;198;148;70m██[38;2;66;65;66m██[38;2;255;214;111m██[38;2;197;148;69m██[38;2;66;66;66m██[38;2;148;159;159m██[38;2;189;206;213m████████████[38;2;239;82;79m████[38;2;0;0;0m██        
[38;2;0;0;0m      ██[38;2;165;57;58m██[38;2;231;206;207m██[38;2;57;61;65m██[38;2;66;66;66m██[38;2;99;99;99m██████[38;2;66;66;66m██[38;2;255;214;111m██[38;2;255;214;103m████[38;2;198;148;70m████████[38;2;66;65;66m██[38;2;198;148;70m████[38;2;66;65;66m██[38;2;148;148;148m██████████████[38;2;0;0;0m██          
[38;2;0;0;0m      ██[38;2;247;86;87m██[38;2;57;61;65m██[38;2;115;109;112m██[38;2;99;99;99m██████[38;2;66;66;66m██[38;2;255;214;111m████[38;2;192;163;88m██[38;2;66;61;58m██[38;2;66;65;66m██[38;2;198;148;70m██████[38;2;66;65;66m████[38;2;198;148;70m██[38;2;66;65;66m██[38;2;189;206;213m████████[38;2;239;82;79m████[38;2;0;0;0m██            
[38;2;0;0;0m        ██[38;2;170;143;77m██[38;2;255;214;111m██[38;2;99;99;99m████[38;2;99;102;99m████[38;2;66;66;66m████[38;2;99;33;35m██[38;2;151;85;87m██[38;2;239;78;79m██[38;2;66;61;66m██[38;2;198;148;70m████[38;2;66;66;66m██[38;2;99;99;99m██[38;2;66;66;66m████[38;2;189;206;213m██████[38;2;66;66;66m██[38;2;63;69;71m██[38;2;0;0;0m██              
[38;2;0;0;0m          [38;2;0;0;8m██[38;2;85;71;42m██[38;2;255;214;111m████[38;2;99;102;99m████[38;2;99;99;99m██[38;2;66;66;66m██[38;2;151;85;87m██[38;2;255;189;191m██[38;2;181;72;75m██[38;2;239;78;79m██[38;2;66;65;66m██[38;2;198;148;70m██[38;2;66;66;66m██[38;2;99;99;99m██████[38;2;66;66;66m██████[38;2;189;206;213m██████[38;2;0;0;0m██            
[38;2;0;0;0m      ████[38;2;74;74;74m██[38;2;148;148;148m██[38;2;66;66;66m██[38;2;255;206;103m████[38;2;192;159;91m██[38;2;198;148;70m████[38;2;82;53;58m██[38;2;123;96;99m██[38;2;231;90;87m██[38;2;57;74;73m██[38;2;198;148;78m██[38;2;66;70;74m██[38;2;99;102;99m████[38;2;93;96;93m██[38;2;66;70;66m██[38;2;189;206;213m██[38;2;148;148;148m████████[38;2;189;206;213m████[38;2;0;0;0m██          
[38;2;0;0;0m    ██[38;2;148;148;148m██████[38;2;0;0;0m██[38;2;66;66;66m██[38;2;192;159;91m██[38;2;66;66;66m████[38;2;66;65;66m████[38;2;206;181;182m██[38;2;82;53;58m██[38;2;57;74;73m██[38;2;115;79;78m██[38;2;66;70;74m██[38;2;110;96;75m██[38;2;99;102;99m████[38;2;66;70;66m██[38;2;148;148;148m████[38;2;189;206;213m██[38;2;148;148;148m██[38;2;189;206;213m████[38;2;148;148;148m██[38;2;0;0;0m██            
[38;2;0;0;0m  ██[38;2;148;148;148m██[38;2;140;140;140m████[38;2;0;0;0m██  ██[38;2;66;66;66m██[38;2;198;148;70m████[38;2;74;66;58m██[38;2;214;189;158m██[38;2;99;99;99m██[38;2;115;115;115m██[38;2;66;66;66m████[38;2;148;148;148m██[38;2;66;66;66m██[38;2;99;99;99m████[38;2;66;66;66m██[38;2;0;0;0m██[38;2;189;206;213m████[38;2;148;148;148m████[38;2;189;206;213m██[38;2;0;0;0m██              
[38;2;0;0;0m  ██[38;2;148;148;148m██[38;2;206;206;206m██[38;2;8;8;8m██[38;2;0;0;0m        ████[38;2;167;148;125m██[38;2;74;66;58m██[38;2;115;115;115m██[38;2;66;66;66m██[38;2;99;99;99m████[38;2;66;66;66m██[38;2;189;189;189m██[38;2;66;66;66m██[38;2;99;99;99m██[38;2;0;0;0m██  ████[38;2;189;206;213m████[38;2;0;0;0m██                
[38;2;0;0;0m  ██[38;2;148;148;148m██[38;2;222;206;158m██[38;2;0;4;8m██[38;2;0;0;0m            ██████[38;2;99;99;99m██████[38;2;107;107;107m██[38;2;66;66;66m████[38;2;0;0;0m██        ████                  
[38;2;0;0;0m    ██[38;2;148;139;108m██[38;2;222;206;158m██[38;2;0;0;0m██                ██[38;2;66;66;66m████[38;2;189;189;189m██[38;2;148;148;148m██[38;2;0;0;0m██                                
[38;2;0;0;0m      ████                    ██[38;2;189;189;189m██[38;2;206;206;206m██[38;2;140;140;140m██[38;2;0;0;0m██                                
[38;2;0;0;0m                          ████[38;2;189;189;189m████[38;2;140;140;140m██[38;2;8;8;8m██[38;2;0;0;0m                                  
[38;2;0;0;0m                        ██[38;2;239;222;159m██[38;2;159;148;114m██[38;2;206;206;206m██[38;2;140;140;140m██[38;2;148;148;148m██[38;2;0;0;0m██                                  
[38;2;0;0;0m                          [38;2;0;0;24m██[38;2;159;148;114m██[38;2;140;140;140m██[38;2;8;8;8m██[38;2;0;0;0m██                                    
[38;2;0;0;0m                            ████                                        
[38;2;0;0;0m                                                                        [0m
