
   [38;2;0;0;0m▄             [0m
  [38;2;0;0;0m[48;2;0;0;0m▀[38;2;154;139;106m[48;2;222;214;150m▀[49m      [38;2;0;0;0m[48;2;0;0;0m▀[38;2;74;71;53m[48;2;173;156;93m▀[38;2;0;0;0m[48;2;0;0;0m▀[49m    [0m
  [38;2;222;214;150m[48;2;222;214;150m▀[38;2;239;214;151m[48;2;159;143;101m▀[49m     [38;2;222;211;153m[48;2;222;211;153m▀[38;2;173;156;93m▀[38;2;225;211;156m[48;2;225;211;156m▀[38;2;222;214;150m[48;2;222;214;150m▀[49m    [0m
  [38;2;222;214;150m[48;2;222;214;150m▀[38;2;173;156;93m[48;2;176;154;96m▀[38;2;0;0;8m[49m▄[38;2;0;0;0m[48;2;165;132;109m▀[38;2;173;132;109m[48;2;170;132;106m▀[38;2;170;132;106m▀[38;2;74;69;58m[48;2;66;66;66m▀[38;2;225;211;156m[48;2;225;211;156m▀▀▀[38;2;222;214;150m[48;2;0;0;0m▀[49m    [0m
 [38;2;0;0;0m[48;2;0;0;0m▀[38;2;225;211;156m[48;2;225;211;156m▀[38;2;170;159;117m[48;2;222;206;142m▀[38;2;222;214;150m[48;2;222;214;150m▀[38;2;66;66;66m[48;2;66;66;66m▀[38;2;170;132;106m[48;2;170;132;106m▀[48;2;66;66;66m▀[38;2;66;66;66m[48;2;222;214;150m▀[38;2;225;211;156m[48;2;225;211;156m▀▀▀[38;2;66;66;66m[48;2;66;66;66m▀[49m    [0m
  [38;2;74;71;53m[48;2;173;181;189m▀[38;2;225;211;156m[48;2;66;45;58m▀[38;2;222;211;153m[48;2;225;211;156m▀▀[38;2;222;214;150m[48;2;222;214;150m▀[38;2;225;211;156m[48;2;66;66;66m▀[38;2;222;214;150m▀[38;2;66;66;66m[48;2;173;148;109m▀[48;2;115;82;67m▀[38;2;170;132;106m[48;2;170;132;106m▀[48;2;170;131;106m▀[38;2;0;0;0m[48;2;0;0;0m▀[49m   [0m
  [38;2;86;86;114m[48;2;0;0;0m▀[38;2;187;176;165m[48;2;255;239;223m▀[38;2;66;66;66m[48;2;255;222;199m▀[48;2;74;78;82m▀[38;2;173;173;197m[48;2;107;104;101m▀[38;2;173;49;61m[48;2;85;87;114m▀[38;2;255;255;255m[48;2;96;85;93m▀[38;2;222;214;150m[48;2;110;81;70m▀[38;2;107;82;67m▀[38;2;170;131;106m[48;2;137;93;89m▀[38;2;137;93;89m[48;2;0;0;0m▀[49m    [0m
   [38;2;0;0;0m[48;2;0;0;0m▀[38;2;195;174;160m[48;2;57;66;65m▀[38;2;74;78;82m▀[38;2;222;206;158m[48;2;140;94;92m▀[38;2;222;214;150m[48;2;137;96;89m▀[48;2;140;97;92m▀[38;2;110;81;70m[48;2;66;66;66m▀[38;2;137;96;89m[48;2;104;81;78m▀[38;2;0;0;0m[48;2;110;81;70m▀[38;2;66;66;66m[49m▄    [0m
  [38;2;0;0;0m▄[38;2;0;4;8m[48;2;110;81;70m▀[38;2;80;69;64m[48;2;112;85;72m▀[38;2;173;132;109m[48;2;82;61;58m▀[38;2;129;100;86m[48;2;170;130;106m▀[38;2;140;94;92m[48;2;82;69;62m▀[38;2;137;108;89m[48;2;80;71;66m▀[38;2;66;66;66m[48;2;110;82;70m▀[38;2;110;81;70m▀[38;2;66;66;66m[48;2;110;81;70m▀[38;2;110;82;70m[48;2;110;82;70m▀[38;2;0;0;0m[48;2;111;82;71m▀[49m▄  [0m
  [38;2;0;0;0m▀[38;2;110;81;70m▀[38;2;173;132;101m[48;2;102;88;78m▀[38;2;112;85;72m[48;2;66;66;66m▀[38;2;170;130;106m[48;2;82;70;66m▀[38;2;107;82;67m[48;2;134;96;86m▀[48;2;140;94;92m▀[38;2;110;82;70m[48;2;66;66;66m▀[48;2;110;81;70m▀[38;2;110;81;70m[48;2;66;66;66m▀[38;2;110;82;70m[48;2;110;82;70m▀[38;2;111;82;71m[48;2;71;57;50m▀[38;2;0;0;0m[48;2;0;0;0m▀[49m  [0m
    [38;2;0;0;0m▀▀[38;2;107;90;83m[48;2;0;0;0m▀[38;2;140;96;92m[48;2;176;154;96m▀[38;2;82;69;62m[48;2;66;66;66m▀[38;2;74;66;66m▀▀[38;2;110;81;70m[48;2;82;70;62m▀[38;2;66;66;66m[48;2;66;66;66m▀[38;2;107;90;83m[48;2;82;70;63m▀[38;2;0;4;8m▀[38;2;0;0;0m[49m▄ [0m
    [38;2;0;0;0m▄[48;2;0;0;0m▀[38;2;66;66;66m[48;2;137;119;103m▀[38;2;176;154;96m[48;2;66;66;66m▀[38;2;66;66;66m[48;2;152;140;108m▀[38;2;176;154;96m[48;2;222;214;150m▀[48;2;66;66;66m▀[38;2;82;70;62m[48;2;152;140;108m▀[48;2;0;0;0m▀[38;2;82;70;63m[49m▀▀  [0m
      [38;2;0;0;0m▀[38;2;82;74;69m▀[38;2;0;0;0m▀[38;2;165;143;127m[48;2;0;0;0m▀[38;2;82;71;64m[49m▀[38;2;255;222;207m▀[38;2;0;0;0m▀    [0m
                 [0m
