
[38;2;0;0;0m                                              
[38;2;0;0;0m                          ████                
[38;2;0;0;0m                      ████[38;2;132;82;180m██[38;2;0;0;0m██                
[38;2;0;0;0m                  ████[38;2;132;82;180m██████[38;2;0;0;0m██      ████      
[38;2;0;0;0m                ██[38;2;132;82;180m████[38;2;156;140;180m██[38;2;132;82;180m██[38;2;0;0;0m██  ██████[38;2;140;90;188m██[38;2;0;4;0m██[38;2;0;0;0m      
[38;2;0;0;0m                ██[38;2;132;82;180m██[38;2;156;140;180m██[38;2;132;82;180m████[38;2;0;0;0m████[38;2;99;74;139m██[38;2;132;82;180m████[38;2;93;61;125m██[38;2;0;4;0m██[38;2;0;0;0m      
[38;2;0;0;0m              ██[38;2;132;82;180m██[38;2;156;140;180m████[38;2;132;82;180m██[38;2;99;61;147m██[38;2;129;96;169m██[38;2;156;132;188m████[38;2;154;137;186m██[38;2;126;102;166m██[38;2;0;0;0m██        
[38;2;0;0;0m              ██[38;2;132;82;180m██[38;2;156;140;180m██[38;2;132;82;180m████[38;2;129;96;169m██[38;2;159;130;191m██[38;2;0;0;8m██[38;2;104;88;128m██[38;2;154;137;186m██[38;2;99;66;147m██[38;2;0;0;0m██        
[38;2;0;0;0m        ████    [38;2;8;8;0m██[38;2;57;52;60m██[38;2;66;61;74m██[38;2;126;105;155m██[38;2;156;140;180m██[38;2;99;74;139m██[38;2;0;0;0m██[38;2;148;123;180m██[38;2;140;90;188m██[38;2;0;4;0m██[38;2;0;0;0m          
[38;2;0;0;0m      ██[38;2;123;107;139m██[38;2;0;0;0m██████[38;2;156;140;180m████[38;2;156;127;196m██[38;2;66;61;74m██[38;2;156;140;180m████[38;2;148;123;180m████[38;2;93;61;125m██[38;2;0;4;0m██[38;2;0;0;0m          
[38;2;0;0;0m    ██[38;2;123;107;139m██[38;2;126;115;142m██[38;2;66;66;66m██[38;2;132;82;180m██[38;2;156;140;180m██████████[38;2;140;103;180m████[38;2;99;74;139m██[38;2;0;0;0m████            
[38;2;0;0;0m    ██[38;2;123;107;139m██[38;2;66;66;66m██[38;2;156;140;180m██[38;2;132;82;180m██[38;2;156;140;180m██[38;2;132;82;180m████[38;2;156;140;180m████[38;2;140;103;180m██[38;2;0;0;0m████                
[38;2;0;0;0m  ██[38;2;123;108;139m████[38;2;66;66;66m██[38;2;156;140;180m██[38;2;132;83;180m████[38;2;148;123;180m████[38;2;255;181;63m██[38;2;156;140;180m██████[38;2;0;0;0m██                
[38;2;0;0;0m  ██[38;2;115;90;75m██[38;2;123;108;139m██[38;2;126;115;142m██[38;2;66;66;66m██[38;2;132;83;180m████[38;2;148;123;180m██[38;2;0;0;0m██[38;2;255;181;63m██[38;2;156;140;180m██[38;2;57;52;60m██[38;2;8;8;0m██[38;2;0;0;0m                  
[38;2;0;0;0m  ████[38;2;115;90;75m██[38;2;0;0;0m██[38;2;123;107;139m██[38;2;60;57;60m██[38;2;165;148;181m██[38;2;156;140;180m████████████[38;2;0;0;0m██  [38;2;0;4;0m████[38;2;0;0;0m  ██████  
[38;2;0;0;0m    ████  ██[38;2;8;12;0m██[38;2;60;57;60m██[38;2;66;66;66m██[38;2;156;140;180m████[38;2;66;66;66m██████[38;2;156;140;180m██[38;2;0;0;0m██[38;2;156;148;180m██[38;2;52;52;60m██[38;2;0;0;0m██[38;2;123;107;139m██[38;2;156;140;180m██[38;2;0;0;0m██  
[38;2;0;0;0m              ██[38;2;115;91;75m██[38;2;66;66;66m████[38;2;115;91;75m██[38;2;66;66;66m██[38;2;156;140;180m██████████████[38;2;0;0;0m██    
[38;2;0;0;0m            ██[38;2;156;140;180m██[38;2;66;66;66m██[38;2;115;91;75m████[38;2;66;66;66m████[38;2;156;140;180m██████[38;2;123;107;139m██[38;2;156;140;180m████[38;2;0;0;0m██      
[38;2;0;0;0m              ██[38;2;123;107;139m██[38;2;0;0;0m████[38;2;156;140;180m██[38;2;63;58;68m████[38;2;154;140;183m██[38;2;134;115;129m██[38;2;156;140;180m██[38;2;0;0;0m████        
[38;2;0;0;0m                ████  ██[38;2;126;111;137m██[38;2;0;4;0m██[38;2;115;90;75m████[38;2;0;0;0m██            
[38;2;0;0;0m                        ██  ████              
[38;2;0;0;0m                                              [0m
