
         [38;2;49;49;49m▄▄▄▄      [0m
       [38;2;49;49;49m▄[48;2;164;197;255m▀[38;2;164;197;255m▀▀▀[38;2;106;131;189m[48;2;106;131;189m▀[38;2;49;49;49m[48;2;139;164;222m▀[49m▄    [0m
     [38;2;49;49;49m▄[48;2;164;197;255m▀[38;2;164;197;255m▀▀▀▀[38;2;106;131;189m[48;2;106;131;189m▀[38;2;139;164;222m[48;2;139;164;222m▀▀[38;2;106;131;189m▀[38;2;49;49;49m[48;2;49;49;49m▀[49m   [0m
    [38;2;49;49;49m▄[48;2;82;82;82m▀[38;2;106;131;189m▀[38;2;164;197;255m▀[48;2;82;98;131m▀[48;2;106;131;189m▀[38;2;106;131;189m▀[38;2;139;164;222m[48;2;139;164;222m▀▀[48;2;106;131;189m▀[48;2;82;98;131m▀[38;2;106;131;189m▀[38;2;49;49;49m[48;2;49;49;49m▀[49m  [0m
  [38;2;49;49;49m▄[48;2;246;131;123m▀[38;2;222;98;98m[48;2;222;98;98m▀[48;2;156;74;74m▀[38;2;82;82;82m▀[48;2;82;82;82m▀[48;2;139;164;222m▀[48;2;82;82;82m▀▀▀[38;2;106;131;189m[48;2;106;131;189m▀[38;2;82;98;131m[48;2;82;98;131m▀[38;2;106;131;189m[48;2;82;82;82m▀▀[38;2;49;49;49m[48;2;106;131;189m▀[49m▄ [0m
 [38;2;49;49;49m[48;2;49;49;49m▀[38;2;246;131;123m[48;2;156;74;74m▀[38;2;222;98;98m▀[48;2;82;82;82m▀▀[48;2;222;98;98m▀[38;2;82;82;82m▀[48;2;82;82;82m▀[38;2;139;164;222m▀▀[38;2;82;82;82m[48;2;106;131;189m▀[38;2;106;131;189m▀[48;2;82;82;82m▀[38;2;82;82;82m▀▀[38;2;106;131;189m[48;2;82;98;131m▀[38;2;49;49;49m[48;2;49;49;49m▀[49m [0m
  [38;2;49;49;49m▀▀[38;2;82;98;131m[48;2;49;49;49m▀[48;2;106;131;189m▀[38;2;82;82;82m▀▀[38;2;82;98;131m▀[38;2;106;131;189m▀[48;2;82;82;82m▀[38;2;82;82;82m[48;2;139;164;222m▀▀[38;2;139;164;222m▀▀[48;2;106;131;189m▀[38;2;82;82;82m▀[38;2;49;49;49m[48;2;49;49;49m▀[49m [0m
    [38;2;49;49;49m▀[38;2;82;82;82m[48;2;49;49;49m▀[38;2;106;131;189m[48;2;82;82;82m▀▀[48;2;106;131;189m▀▀[38;2;82;82;82m▀[38;2;139;164;222m[48;2;82;82;82m▀▀[38;2;106;131;189m[48;2;106;131;189m▀▀[48;2;82;98;131m▀[48;2;49;49;49m▀[38;2;49;49;49m[49m▀ [0m
     [38;2;49;49;49m▀[38;2;106;131;189m[48;2;49;49;49m▀▀[38;2;82;82;82m▀[38;2;49;49;49m[49m▀▀[38;2;82;98;131m[48;2;49;49;49m▀[48;2;106;131;189m▀[38;2;82;82;82m▀▀[38;2;49;49;49m[48;2;49;49;49m▀[49m   [0m
            [38;2;49;49;49m▀▀▀    [0m
