
[38;2;0;0;0m                                          
[38;2;0;0;0m        [38;2;49;49;49m██████[38;2;0;0;0m                            
[38;2;0;0;0m      [38;2;49;49;49m██[38;2;82;82;82m██[38;2;197;172;90m████[38;2;49;49;49m██████[38;2;0;0;0m  [38;2;49;49;49m██████[38;2;0;0;0m              
[38;2;0;0;0m      [38;2;49;49;49m██[38;2;197;172;90m████[38;2;156;123;74m██[38;2;82;82;82m██[38;2;255;222;74m██[38;2;156;123;74m██[38;2;49;49;49m██[38;2;139;205;106m██████[38;2;49;49;49m████[38;2;0;0;0m          
[38;2;0;0;0m      [38;2;49;49;49m██[38;2;82;82;82m██████[38;2;255;222;74m██████[38;2;82;82;82m██[38;2;139;205;106m██████████[38;2;49;49;49m██[38;2;0;0;0m        
[38;2;0;0;0m      [38;2;49;49;49m██[38;2;197;172;90m██[38;2;255;222;74m██[38;2;156;123;74m██[38;2;255;222;74m████[38;2;197;172;90m██[38;2;82;82;82m██[38;2;139;205;106m██[38;2;82;82;82m████[38;2;139;205;106m██████[38;2;49;49;49m██[38;2;0;0;0m      
[38;2;0;0;0m    [38;2;49;49;49m██[38;2;197;172;90m██[38;2;255;222;74m██[38;2;197;172;90m██[38;2;255;222;74m██[38;2;156;123;74m██[38;2;197;172;90m██[38;2;82;82;82m██[38;2;139;205;106m██████████████[38;2;49;49;49m██[38;2;0;0;0m      
[38;2;0;0;0m    [38;2;49;49;49m██[38;2;82;82;82m██[38;2;255;222;74m██[38;2;197;172;90m██[38;2;255;222;74m██[38;2;82;82;82m██[38;2;255;222;74m██[38;2;82;82;82m██[38;2;139;205;106m████████████[38;2;255;222;74m████[38;2;49;49;49m██[38;2;0;0;0m    
[38;2;0;0;0m    [38;2;49;49;49m██[38;2;255;222;74m██[38;2;82;82;82m██████[38;2;255;222;74m████[38;2;197;172;90m██[38;2;82;82;82m██[38;2;139;205;106m██████████[38;2;255;222;74m████[38;2;49;49;49m██[38;2;0;0;0m    
[38;2;0;0;0m  [38;2;49;49;49m██[38;2;246;238;189m██████[38;2;255;222;74m██[38;2;131;115;90m██[38;2;49;49;49m██[38;2;213;213;213m██[38;2;197;172;90m██[38;2;82;82;82m██[38;2;255;222;74m██[38;2;139;205;106m████[38;2;255;222;74m████████[38;2;49;49;49m██[38;2;0;0;0m    
[38;2;0;0;0m  [38;2;49;49;49m██[38;2;246;238;189m████████[38;2;131;115;90m██[38;2;255;255;255m████[38;2;82;82;82m██[38;2;255;222;74m██████████[38;2;139;205;106m██[38;2;255;222;74m██[38;2;197;172;90m████[38;2;49;49;49m██[38;2;0;0;0m  
[38;2;0;0;0m  [38;2;49;49;49m██[38;2;246;238;189m████████[38;2;205;197;131m██[38;2;131;115;90m████[38;2;197;172;90m██[38;2;156;123;74m██[38;2;255;222;74m██[38;2;139;205;106m████[38;2;255;222;74m████[38;2;197;172;90m██████[38;2;49;49;49m██[38;2;0;0;0m  
[38;2;0;0;0m    [38;2;49;49;49m██[38;2;246;238;189m████[38;2;205;197;131m██[38;2;156;123;74m██[38;2;82;82;82m██[38;2;197;172;90m████████[38;2;255;222;74m████[38;2;197;172;90m██████[38;2;82;82;82m██[38;2;197;172;90m██[38;2;49;49;49m██[38;2;0;0;0m  
[38;2;0;0;0m      [38;2;49;49;49m████[38;2;82;82;82m████[38;2;156;123;74m████[38;2;197;172;90m██████████████[38;2;205;197;131m██[38;2;82;82;82m██[38;2;197;172;90m██[38;2;49;49;49m██[38;2;0;0;0m  
[38;2;0;0;0m          [38;2;49;49;49m██[38;2;156;123;74m████[38;2;205;197;131m██[38;2;156;123;74m████[38;2;197;172;90m██████[38;2;82;82;82m██[38;2;205;197;131m██[38;2;82;82;82m██[38;2;197;172;90m██[38;2;49;49;49m██[38;2;0;0;0m    
[38;2;0;0;0m          [38;2;49;49;49m██[38;2;82;82;82m██[38;2;156;123;74m██[38;2;82;82;82m██[38;2;205;197;131m████[38;2;82;82;82m██[38;2;197;172;90m██████[38;2;82;82;82m██[38;2;49;49;49m████[38;2;0;0;0m      
[38;2;0;0;0m            [38;2;49;49;49m██████████[38;2;197;172;90m████████[38;2;82;82;82m██[38;2;0;0;0m          
[38;2;0;0;0m                    [38;2;49;49;49m██[38;2;156;123;74m██[38;2;197;172;90m████[38;2;156;123;74m██[38;2;49;49;49m██[38;2;0;0;0m          
[38;2;0;0;0m                      [38;2;49;49;49m████████[38;2;0;0;0m            
[38;2;0;0;0m                                          [0m
