
           [38;2;0;0;0m▄▄▄    [0m
        [38;2;0;0;0m▄[48;2;91;190;107m▀▀[38;2;90;189;106m[48;2;82;148;98m▀▀[48;2;90;173;106m▀[38;2;0;0;0m▀[48;2;90;189;106m▀[49m▄ [0m
       [38;2;0;0;0m[48;2;8;0;8m▀[38;2;90;189;106m[48;2;85;148;101m▀[38;2;82;148;98m[48;2;66;66;66m▀▀[38;2;91;190;107m▀[48;2;0;0;0m▀[38;2;90;173;106m▀[38;2;0;0;0m[49m▀▀  [0m
    [38;2;0;0;0m▄[48;2;189;140;125m▀[48;2;66;66;66m▀[38;2;85;148;101m▀[38;2;46;74;54m[48;2;189;140;125m▀[38;2;0;0;0m[48;2;190;140;126m▀[48;2;148;98;84m▀[48;2;181;132;117m▀[49m▄     [0m
   [38;2;0;0;0m[48;2;0;0;0m▀[38;2;189;140;125m[48;2;198;165;126m▀[48;2;189;140;125m▀▀[48;2;189;148;125m▀▀[38;2;148;98;84m[48;2;148;99;92m▀[38;2;190;140;126m[48;2;181;143;120m▀[38;2;181;132;117m[48;2;189;140;125m▀▀[38;2;0;0;0m[48;2;0;0;0m▀[49m    [0m
  [38;2;0;0;0m[48;2;0;0;0m▀[38;2;198;165;126m[48;2;195;183;133m▀[48;2;255;239;167m▀[38;2;189;140;125m[48;2;247;231;175m▀▀[38;2;189;148;125m▀[38;2;247;231;175m▀[48;2;74;66;58m▀▀[38;2;189;140;125m[48;2;247;239;167m▀[48;2;173;119;101m▀[38;2;173;115;101m[48;2;173;115;101m▀[38;2;0;0;0m[48;2;0;0;0m▀[49m   [0m
 [38;2;0;0;0m▄[48;2;247;231;175m▀[38;2;74;70;66m[48;2;231;214;159m▀[38;2;195;183;133m▀[38;2;247;231;175m[48;2;217;199;142m▀[48;2;239;239;167m▀[38;2;187;174;139m[48;2;0;0;0m▀[38;2;66;61;66m▀[38;2;255;255;239m[48;2;255;255;255m▀[38;2;164;160;148m[48;2;206;189;131m▀[38;2;222;199;145m[48;2;231;189;135m▀[38;2;173;119;101m[48;2;156;123;100m▀[38;2;173;115;101m[48;2;66;55;47m▀[38;2;0;0;0m[48;2;0;8;8m▀[49m▄  [0m
  [38;2;0;0;0m▀[38;2;0;0;8m▀[38;2;77;71;58m▀[38;2;173;119;93m[48;2;0;0;0m▀[38;2;217;199;142m[48;2;173;115;101m▀[38;2;214;198;134m[48;2;148;126;100m▀[48;2;222;189;134m▀[38;2;206;189;131m[48;2;222;181;134m▀[48;2;173;140;111m▀[38;2;156;123;100m[48;2;71;65;61m▀[38;2;82;57;66m▀[38;2;132;101;87m[48;2;189;140;125m▀[38;2;198;148;126m▀[38;2;148;99;84m[48;2;198;140;126m▀[38;2;0;0;0m[48;2;0;0;0m▀[49m [0m
     [38;2;8;4;0m▄[38;2;0;0;0m[48;2;198;173;126m▀[38;2;74;63;66m[48;2;148;99;84m▀[48;2;181;143;117m▀[38;2;74;57;66m[48;2;181;148;114m▀[38;2;173;140;111m[48;2;148;99;87m▀[38;2;198;140;118m▀[38;2;135;103;89m[48;2;181;148;114m▀[38;2;66;66;66m[48;2;189;140;125m▀[38;2;189;140;125m[48;2;0;0;0m▀[38;2;132;93;84m▀[38;2;0;0;0m[49m▀ [0m
    [38;2;0;0;0m[48;2;0;0;0m▀[38;2;135;117;84m[48;2;198;173;126m▀[38;2;198;173;126m[48;2;135;117;84m▀[38;2;198;165;134m[48;2;148;132;100m▀[38;2;148;99;84m[48;2;66;66;66m▀[38;2;148;99;87m[48;2;189;165;125m▀[38;2;214;198;142m[48;2;247;239;175m▀[48;2;247;231;175m▀[38;2;148;99;87m▀[38;2;0;0;0m[48;2;198;181;134m▀[49m▄   [0m
    [38;2;0;0;0m▄[38;2;8;4;0m[48;2;159;110;95m▀[38;2;198;173;126m▀[38;2;189;165;117m[48;2;0;0;0m▀[38;2;66;66;66m▀[38;2;208;190;142m[48;2;71;66;58m▀[38;2;189;165;125m[48;2;214;198;142m▀[48;2;222;181;134m▀[48;2;151;121;89m▀[38;2;198;181;134m[48;2;0;0;0m▀[38;2;0;0;0m[49m▀   [0m
     [38;2;0;0;0m▀▀  [38;2;71;66;58m▀[38;2;0;0;16m▀[38;2;8;0;0m▀[38;2;151;121;89m[48;2;0;0;0m▀[38;2;173;115;101m▀[38;2;0;0;0m[49m▀   [0m
                  [0m
