
             [38;2;24;24;24m▄▄▄               [0m
       [38;2;24;24;24m▄▄[48;2;90;90;90m▀[49m▄[48;2;90;91;90m▀▀[38;2;90;90;90m[48;2;90;90;90m▀▀[48;2;66;66;66m▀[38;2;24;24;24m[48;2;90;90;90m▀[48;2;91;91;91m▀▀[48;2;90;90;90m▀[49m▄          [0m
     [38;2;24;24;24m▄[48;2;68;68;68m▀[38;2;90;90;90m[48;2;91;91;91m▀▀[48;2;90;91;90m▀[38;2;68;68;68m▀[38;2;90;91;90m▀▀[38;2;90;90;90m[48;2;91;91;91m▀[38;2;66;66;66m▀[38;2;90;90;90m[48;2;90;90;90m▀▀[38;2;66;66;66m▀▀[38;2;24;24;24m[48;2;87;85;87m▀[49m▄▄         [0m
    [38;2;24;24;24m[48;2;24;24;24m▀[38;2;90;90;90m[48;2;90;91;90m▀[38;2;68;68;68m▀[38;2;91;91;91m▀[38;2;148;148;148m▀[38;2;90;91;90m[48;2;90;90;90m▀[48;2;255;255;255m▀[48;2;247;247;247m▀[48;2;41;41;41m▀[38;2;49;49;49m[48;2;255;255;255m▀▀[38;2;255;255;255m[48;2;57;57;57m▀[48;2;255;255;255m▀▀[38;2;90;90;90m▀[38;2;87;85;87m[48;2;247;255;255m▀[48;2;82;78;82m▀[38;2;82;75;82m[48;2;82;75;82m▀[38;2;24;24;24m▀[49m▄ ▄▄▄   [0m
   [38;2;24;24;24m▄[48;2;90;90;90m▀[38;2;90;91;90m[48;2;90;91;90m▀▀[48;2;90;90;90m▀[48;2;255;255;255m▀[38;2;255;255;255m[48;2;247;247;247m▀[48;2;104;104;104m▀[38;2;41;41;41m[48;2;49;49;49m▀[38;2;110;110;110m[48;2;90;90;90m▀[38;2;148;148;148m[48;2;148;148;148m▀[38;2;255;255;255m[48;2;93;93;93m▀[38;2;57;57;57m[48;2;49;49;49m▀[48;2;189;206;205m▀[38;2;255;255;255m[48;2;82;75;82m▀▀[38;2;192;196;197m[48;2;82;74;82m▀[48;2;189;206;205m▀[38;2;82;75;82m▀[48;2;74;69;74m▀[38;2;65;67;65m[48;2;66;66;66m▀[38;2;24;24;24m[48;2;148;148;148m▀[38;2;65;65;65m▀[38;2;148;148;148m[48;2;66;66;66m▀[48;2;148;148;148m▀[38;2;24;24;24m▀[49m▄ [0m
   [38;2;24;24;24m[48;2;24;24;24m▀[38;2;90;90;90m[48;2;90;90;90m▀[38;2;90;91;90m▀[48;2;255;255;255m▀[38;2;255;255;255m[48;2;90;90;90m▀▀[38;2;104;104;104m[48;2;49;49;49m▀[38;2;33;33;33m[48;2;255;90;151m▀[38;2;76;76;76m[48;2;82;75;82m▀▀[38;2;66;66;66m[48;2;66;61;66m▀[38;2;93;93;93m▀[38;2;49;49;49m[48;2;74;71;74m▀[38;2;189;206;205m▀[38;2;82;75;82m[48;2;82;74;82m▀[48;2;189;206;205m▀[38;2;82;74;82m▀[38;2;189;206;205m[48;2;90;93;96m▀[48;2;66;66;66m▀[38;2;74;69;74m[48;2;148;148;148m▀[38;2;148;148;148m▀▀[48;2;66;66;66m▀[38;2;66;66;66m[48;2;148;148;148m▀[38;2;148;148;148m▀▀[38;2;24;24;24m[48;2;24;24;24m▀[49m [0m
   [38;2;24;24;24m[48;2;16;20;16m▀[38;2;90;90;90m[48;2;255;255;255m▀[38;2;255;255;255m[48;2;90;90;90m▀▀[38;2;90;90;90m[48;2;247;99;159m▀[38;2;24;24;24m[48;2;8;41;32m▀[38;2;255;90;151m[48;2;255;90;151m▀[48;2;82;74;82m▀[38;2;82;75;82m[48;2;66;66;66m▀[48;2;255;255;255m▀[38;2;255;255;255m▀[48;2;57;61;57m▀[38;2;74;71;74m[48;2;189;206;205m▀[38;2;189;206;205m▀[38;2;82;74;82m[48;2;88;88;88m▀[38;2;189;206;205m▀[48;2;57;57;57m▀[38;2;41;37;41m[48;2;148;148;148m▀[38;2;66;66;66m[48;2;49;49;49m▀[38;2;121;121;121m[48;2;115;115;115m▀[38;2;115;115;115m▀[38;2;148;148;148m▀▀▀[48;2;115;118;115m▀[38;2;24;24;24m▀[49m▄ [0m
 [38;2;16;16;16m▄[38;2;24;24;24m[48;2;247;247;247m▀[38;2;255;255;255m[48;2;255;255;255m▀[38;2;96;98;96m▀[38;2;90;90;90m[48;2;189;206;205m▀[38;2;66;66;66m[48;2;74;71;74m▀[38;2;88;60;74m[48;2;90;41;58m▀[48;2;255;247;255m▀[38;2;82;74;82m[48;2;71;74;71m▀[48;2;181;198;197m▀[38;2;192;192;192m[48;2;49;49;49m▀[38;2;66;66;66m[48;2;115;115;115m▀[38;2;57;61;57m[48;2;49;49;49m▀[38;2;189;190;189m[48;2;82;75;82m▀[38;2;66;66;66m[48;2;49;49;49m▀[38;2;189;206;205m▀[38;2;181;198;197m▀[38;2;41;33;33m[48;2;115;115;115m▀[38;2;148;148;148m[48;2;57;57;57m▀[38;2;57;57;57m[48;2;148;148;148m▀[38;2;148;148;148m[48;2;71;71;71m▀[38;2;49;49;49m[48;2;49;49;49m▀[38;2;115;115;115m[48;2;66;66;66m▀[38;2;66;66;66m[48;2;82;74;82m▀[48;2;255;255;255m▀[48;2;82;74;82m▀[38;2;115;118;115m[48;2;68;65;68m▀[48;2;112;111;112m▀[38;2;24;24;24m[48;2;24;24;24m▀[49m [0m
 [38;2;16;16;16m▀[38;2;93;93;93m[48;2;24;24;24m▀[38;2;82;78;82m[48;2;189;206;205m▀[38;2;197;196;197m[48;2;79;82;84m▀[38;2;74;71;74m[48;2;24;24;24m▀[48;2;65;67;65m▀[38;2;255;247;255m[48;2;173;87;122m▀[38;2;145;110;124m[48;2;90;56;69m▀[38;2;71;74;71m[48;2;24;24;24m▀[38;2;16;12;8m▀[38;2;115;115;115m[48;2;115;115;115m▀[38;2;49;49;49m[48;2;24;24;24m▀[48;2;115;115;115m▀[48;2;148;148;148m▀[38;2;148;148;148m▀[38;2;82;82;82m[48;2;82;74;82m▀[38;2;148;148;148m▀[38;2;49;49;49m[48;2;115;115;115m▀[38;2;118;118;118m[48;2;49;49;49m▀[38;2;57;57;57m[48;2;115;115;115m▀[38;2;115;115;115m[48;2;49;51;49m▀[38;2;49;49;49m[48;2;66;64;66m▀[38;2;82;74;82m[48;2;189;206;205m▀▀[38;2;255;255;255m▀[38;2;82;74;82m▀[38;2;68;65;68m[48;2;24;24;24m▀[38;2;24;20;24m[49m▀  [0m
   [38;2;24;20;24m▀▀▄[38;2;24;24;24m[48;2;178;86;125m▀[38;2;255;119;175m[48;2;255;123;175m▀[38;2;8;24;16m[48;2;24;24;24m▀[49m  [38;2;24;24;24m[48;2;24;24;24m▀[38;2;115;115;115m[48;2;82;75;82m▀[48;2;115;115;115m▀[38;2;148;148;148m▀[48;2;148;148;148m▀▀[38;2;82;74;82m▀[48;2;49;49;49m▀[38;2;82;82;82m▀[38;2;49;49;49m[48;2;115;115;115m▀[38;2;49;51;49m[48;2;49;49;49m▀[38;2;82;78;82m▀[38;2;82;74;82m[48;2;82;75;82m▀▀[38;2;189;206;205m[48;2;189;206;205m▀[38;2;82;74;82m[48;2;24;24;24m▀[38;2;24;24;24m[49m▀   [0m
     [38;2;24;20;24m[48;2;24;24;24m▀[38;2;255;119;175m[48;2;255;123;175m▀[38;2;255;123;175m[48;2;24;24;24m▀[38;2;24;24;24m[49m▀   ▀[38;2;115;115;115m[48;2;24;24;24m▀[38;2;82;74;82m[48;2;49;49;49m▀[38;2;115;115;115m▀▀[38;2;49;49;49m▀[38;2;115;115;115m▀[48;2;115;115;115m▀▀▀[48;2;49;49;49m▀[38;2;49;49;49m[48;2;82;75;82m▀▀[38;2;24;24;24m[48;2;24;24;24m▀[49m     [0m
      [38;2;24;24;24m▀      ▄[48;2;68;68;68m▀[38;2;82;75;82m[48;2;74;70;74m▀[48;2;189;206;205m▀[38;2;189;206;205m▀[48;2;24;24;24m▀[38;2;49;49;49m▀▀[48;2;189;206;205m▀[38;2;82;82;82m[48;2;79;82;84m▀[38;2;82;75;82m[48;2;82;75;82m▀▀[48;2;82;78;82m▀[38;2;24;24;24m[48;2;24;24;24m▀[49m    [0m
            [38;2;24;24;24m▄[48;2;115;115;115m▀[38;2;112;112;112m▀[38;2;74;70;74m[48;2;115;118;115m▀▀[38;2;24;24;24m[48;2;24;24;24m▀[49m   [38;2;24;20;24m▀[38;2;189;206;205m[48;2;24;24;24m▀[38;2;82;75;82m[48;2;66;66;66m▀▀[38;2;82;78;82m▀[38;2;63;60;63m[48;2;148;148;148m▀[38;2;24;24;24m▀[49m▄  [0m
          [38;2;24;24;24m▄[48;2;115;115;115m▀▀[38;2;66;66;66m[48;2;112;112;112m▀[38;2;115;115;115m[48;2;68;68;68m▀[38;2;115;118;115m[48;2;65;67;65m▀[48;2;24;24;24m▀[38;2;24;24;24m[49m▀    [48;2;24;24;24m▀[38;2;121;121;121m[48;2;115;119;115m▀[38;2;148;148;148m▀[48;2;115;118;115m▀▀[38;2;107;107;107m[48;2;115;119;115m▀[38;2;24;24;24m▀[49m▄ [0m
           [38;2;24;24;24m▀▀▀▀▀       [48;2;24;24;24m▀[38;2;85;87;85m[48;2;65;65;65m▀[38;2;115;118;115m▀▀[38;2;85;87;85m▀[38;2;24;24;24m▀[49m▄ [0m
                       [38;2;24;24;24m▀[38;2;148;148;148m[48;2;24;24;24m▀[38;2;65;65;65m▀[38;2;148;148;148m▀[38;2;65;65;65m▀[38;2;148;148;148m▀[38;2;24;24;24m[49m▀ [0m
                               [0m
