
             [38;2;0;0;0m▄▄              [0m
         [38;2;0;0;0m▄▄[48;2;239;82;87m▀▀[38;2;255;231;47m[48;2;132;66;68m▀▀[38;2;0;0;0m[48;2;239;82;87m▀▀[49m▄▄          [0m
       [38;2;0;0;0m▄[48;2;239;82;87m▀[38;2;184;118;69m[48;2;148;57;76m▀[38;2;148;57;76m[48;2;255;239;55m▀[38;2;140;61;76m[48;2;255;189;79m▀[38;2;217;146;78m[48;2;140;61;76m▀[38;2;255;127;127m[48;2;255;127;127m▀▀[38;2;238;84;86m▀[48;2;238;84;86m▀[38;2;239;82;87m[48;2;239;82;87m▀[38;2;203;55;59m▀[38;2;0;0;0m[48;2;206;53;62m▀[49m▄        [0m
      [38;2;0;0;0m▄[48;2;239;82;87m▀[38;2;239;82;87m▀[38;2;140;57;76m[48;2;197;123;65m▀[38;2;255;189;55m[48;2;140;57;76m▀▀[38;2;140;57;76m[48;2;197;123;65m▀[38;2;255;127;127m[48;2;238;84;86m▀▀[38;2;239;83;87m[48;2;239;83;87m▀▀▀▀[38;2;206;53;62m[48;2;206;53;62m▀[38;2;0;0;0m▀[49m▄       [0m
      [38;2;0;0;0m[48;2;0;0;0m▀[38;2;239;82;87m[48;2;132;66;68m▀[48;2;239;82;87m▀▀[48;2;66;66;66m▀▀[48;2;239;82;87m▀[38;2;239;83;87m[48;2;239;83;87m▀▀[38;2;239;82;87m[48;2;132;66;68m▀▀[48;2;239;82;87m▀[48;2;203;55;59m▀[38;2;203;56;59m[48;2;203;56;59m▀▀[38;2;0;0;0m[48;2;0;0;0m▀[49m       [0m
      [38;2;0;0;0m[48;2;0;0;0m▀[38;2;181;57;61m[48;2;189;189;189m▀[48;2;181;57;61m▀[38;2;66;66;66m[48;2;66;66;66m▀[38;2;239;82;87m[48;2;239;82;87m▀▀[38;2;132;66;68m[48;2;132;66;68m▀[38;2;239;78;79m[48;2;203;72;73m▀[38;2;132;61;60m[48;2;239;78;79m▀[38;2;239;82;87m[48;2;239;82;87m▀[48;2;203;55;59m▀[38;2;132;66;68m▀[38;2;203;55;59m[48;2;132;66;68m▀[38;2;203;56;59m[48;2;203;56;59m▀▀[38;2;0;0;0m[48;2;0;0;0m▀[49m       [0m
       [38;2;0;8;8m[48;2;0;8;8m▀[38;2;94;39;38m[48;2;189;70;69m▀[38;2;238;84;86m[48;2;255;127;127m▀[48;2;238;84;86m▀[38;2;239;82;87m[48;2;239;82;87m▀[38;2;203;55;59m[48;2;203;55;59m▀[38;2;132;66;68m[48;2;132;66;68m▀[38;2;255;255;255m[48;2;255;255;255m▀[38;2;8;4;8m▀[38;2;173;171;173m▀[38;2;203;55;59m[48;2;203;55;59m▀[38;2;132;66;68m[48;2;132;66;68m▀[38;2;206;53;62m[48;2;206;53;62m▀[38;2;0;0;0m[48;2;0;0;0m▀[49m        [0m
   [38;2;0;0;0m▄  [48;2;0;0;0m▀[38;2;192;79;80m[48;2;192;79;80m▀[38;2;255;94;95m[48;2;66;49;50m▀[38;2;239;82;87m[48;2;66;66;66m▀[48;2;239;82;87m▀[38;2;203;56;59m[48;2;203;56;59m▀▀[38;2;203;55;59m[48;2;203;55;59m▀[38;2;132;66;68m▀[38;2;255;255;255m[48;2;156;61;68m▀[38;2;156;61;68m▀[38;2;132;66;68m[48;2;203;55;59m▀[38;2;203;55;59m▀[38;2;0;0;0m[48;2;66;66;66m▀[49m▄▄▄      [0m
  [38;2;0;0;0m[48;2;0;0;0m▀[38;2;255;127;127m[48;2;255;127;127m▀[38;2;0;0;0m[48;2;0;0;0m▀[49m  ▀[38;2;206;53;62m[48;2;0;0;0m▀[38;2;206;61;62m[48;2;0;20;24m▀[48;2;69;34;37m▀[38;2;66;66;66m[48;2;206;53;62m▀[38;2;206;53;62m▀[38;2;203;56;59m[48;2;203;56;59m▀▀▀▀[38;2;206;53;62m[48;2;206;53;62m▀[38;2;66;66;66m[48;2;66;66;66m▀[38;2;132;66;68m[48;2;203;55;59m▀[38;2;203;55;59m[48;2;132;66;68m▀▀▀[38;2;0;0;0m[48;2;206;53;62m▀[49m▄    [0m
 [38;2;0;0;0m[48;2;0;0;0m▀[38;2;239;82;87m[48;2;239;82;87m▀[38;2;217;93;94m[48;2;140;57;60m▀[38;2;255;111;111m[48;2;217;93;94m▀[38;2;0;0;0m[48;2;247;107;103m▀▀[49m▄▄▄[48;2;239;82;87m▀[38;2;239;82;87m▀[38;2;203;55;59m▀▀▀[38;2;239;82;87m[48;2;203;55;59m▀[38;2;203;55;59m▀[38;2;203;56;59m[48;2;203;56;59m▀▀[38;2;66;66;66m[48;2;206;53;62m▀[38;2;206;53;62m[48;2;66;66;66m▀▀▀[38;2;66;66;66m[48;2;206;53;62m▀▀[38;2;0;4;0m[48;2;132;48;47m▀[48;2;198;70;70m▀[38;2;0;0;0m[49m▄ [0m
  [38;2;0;0;0m[48;2;0;0;0m▀[38;2;247;247;55m[48;2;189;156;61m▀[38;2;132;66;68m[48;2;132;66;68m▀[38;2;239;82;87m[48;2;203;55;59m▀[48;2;239;82;87m▀[38;2;239;83;87m[48;2;239;83;87m▀▀[38;2;239;82;87m[48;2;203;55;59m▀▀[38;2;239;83;87m[48;2;239;83;87m▀▀[38;2;239;82;87m[48;2;203;55;59m▀[48;2;239;82;87m▀[38;2;203;56;59m[48;2;203;56;59m▀▀[38;2;206;53;62m[48;2;206;53;62m▀[48;2;66;66;66m▀[38;2;66;61;58m[48;2;255;103;103m▀[38;2;192;89;88m[48;2;66;61;58m▀[38;2;203;56;59m[48;2;203;56;59m▀▀[38;2;203;55;59m[48;2;132;66;68m▀[48;2;203;55;59m▀[38;2;206;53;62m[48;2;206;53;62m▀[48;2;0;0;0m▀[38;2;0;0;0m[49m▀ [0m
   [38;2;0;0;0m▀[38;2;206;53;62m[48;2;0;0;0m▀[38;2;139;107;39m[48;2;24;0;16m▀[48;2;255;214;63m▀[38;2;140;57;68m[48;2;206;123;65m▀[38;2;173;90;66m[48;2;140;57;68m▀[38;2;206;61;62m[48;2;206;61;62m▀[38;2;137;43;44m[48;2;0;8;8m▀[38;2;206;53;62m[48;2;0;0;0m▀▀[38;2;132;66;68m[48;2;132;66;68m▀[38;2;239;74;79m[48;2;203;71;75m▀[38;2;239;82;87m[48;2;239;82;87m▀[38;2;203;55;59m▀[38;2;66;66;66m[48;2;255;127;127m▀[38;2;255;127;127m▀[38;2;255;123;127m[48;2;230;87;92m▀[38;2;206;52;56m[48;2;206;52;56m▀[38;2;77;57;58m[48;2;77;57;58m▀[38;2;115;82;83m[48;2;0;8;8m▀[38;2;189;140;69m[48;2;0;0;0m▀[38;2;0;0;0m[49m▀▀   [0m
      [38;2;0;0;0m▀▀▀▀   ▀[38;2;206;53;62m[48;2;0;0;0m▀[38;2;214;66;70m▀[48;2;214;66;70m▀[38;2;239;82;87m[48;2;132;66;68m▀▀[38;2;206;53;62m[48;2;206;53;62m▀[48;2;0;0;0m▀[38;2;0;0;0m[49m▀       [0m
                [38;2;0;0;0m▀[38;2;255;239;63m[48;2;0;0;8m▀[38;2;170;159;45m▀[38;2;0;0;0m[49m▀         [0m
                             [0m
