
[38;2;0;0;0m                                        
[38;2;0;0;0m                    ████████            
[38;2;0;0;0m                ████[38;2;240;224;152m████[38;2;176;152;80m████[38;2;0;0;0m████        
[38;2;0;0;0m              ██[38;2;176;152;80m██████[38;2;240;224;152m██████[38;2;176;152;80m██[38;2;240;224;152m██[38;2;0;0;0m██      
[38;2;0;0;0m            ██[38;2;240;224;152m████████[38;2;176;152;80m████[38;2;240;224;152m████[38;2;176;152;80m██[38;2;240;224;152m██[38;2;0;0;0m██    
[38;2;0;0;0m            ██[38;2;240;224;152m████████████[38;2;176;152;80m██[38;2;240;224;152m████[38;2;176;152;80m██[38;2;0;0;0m██    
[38;2;0;0;0m          ██[38;2;176;152;80m████████[38;2;240;224;152m██████████[38;2;176;152;80m████[38;2;0;0;0m██    
[38;2;0;0;0m        ████[38;2;240;224;152m████████[38;2;176;152;80m████[38;2;240;224;152m████[38;2;176;152;80m██[38;2;128;112;64m██[38;2;176;152;80m████[38;2;0;0;0m██  
[38;2;0;0;0m      ██[38;2;240;224;152m████████████████[38;2;176;152;80m██[38;2;240;224;152m██[38;2;128;112;64m██[38;2;176;152;80m██[38;2;128;112;64m██[38;2;176;152;80m██[38;2;0;0;0m██  
[38;2;0;0;0m      ██[38;2;240;224;152m██[38;2;64;64;64m████[38;2;240;224;152m████████████[38;2;176;152;80m██[38;2;128;112;64m██[38;2;176;152;80m██[38;2;128;112;64m██[38;2;176;152;80m██[38;2;0;0;0m██  
[38;2;0;0;0m        [38;2;64;64;64m██[38;2;248;248;248m████[38;2;64;64;64m██[38;2;176;152;80m████[38;2;64;64;64m████[38;2;240;224;152m██[38;2;176;152;80m██[38;2;128;112;64m██[38;2;176;152;80m██[38;2;128;112;64m██[38;2;176;152;80m██[38;2;0;0;0m██  
[38;2;0;0;0m      ██[38;2;248;248;248m██[38;2;64;64;64m████[38;2;248;248;248m██[38;2;64;64;64m████[38;2;248;248;248m████[38;2;64;64;64m██[38;2;176;152;80m████[38;2;128;112;64m██[38;2;176;152;80m██[38;2;0;0;0m██    
[38;2;0;0;0m      ██[38;2;248;248;248m██[38;2;64;64;64m████[38;2;248;248;248m██[38;2;64;128;184m██[38;2;248;248;248m██[38;2;64;64;64m████[38;2;248;248;248m██[38;2;64;64;64m██[38;2;176;152;80m██████[38;2;0;0;0m██    
[38;2;0;0;0m    ██[38;2;120;192;248m██[38;2;80;152;208m██[38;2;248;248;248m████[38;2;64;128;184m██[38;2;80;152;208m██[38;2;248;248;248m██[38;2;64;64;64m████[38;2;248;248;248m██[38;2;64;64;64m████[38;2;176;152;80m██[38;2;0;0;0m██      
[38;2;0;0;0m  ██[38;2;120;192;248m████[38;2;64;64;64m██[38;2;80;152;208m████[38;2;120;192;248m████[38;2;80;152;208m██[38;2;248;248;248m████[38;2;64;128;184m██[38;2;80;152;208m████[38;2;0;0;0m██        
[38;2;0;0;0m    ██[38;2;64;64;64m██[38;2;120;192;248m████[38;2;64;64;64m██[38;2;120;192;248m██████[38;2;80;152;208m██████[38;2;64;64;64m██[38;2;80;152;208m████[38;2;0;0;0m██      
[38;2;0;0;0m      ██████[38;2;120;192;248m████[38;2;64;64;64m██[38;2;80;152;208m████[38;2;0;0;0m██[38;2;80;152;208m████[38;2;0;0;0m████        
[38;2;0;0;0m            ██████[38;2;64;64;64m██[38;2;80;152;208m████[38;2;0;0;0m████            
[38;2;0;0;0m                  ██████                
[38;2;0;0;0m                                        [0m
