
[38;2;0;0;0m                                                
[38;2;0;0;0m                          ████                  
[38;2;0;0;0m                          ██[38;2;184;168;80m██[38;2;0;0;0m██                
[38;2;0;0;0m                        ████[38;2;64;64;64m██[38;2;184;168;80m██[38;2;0;0;0m██              
[38;2;0;0;0m                    ████[38;2;240;224;144m██████[38;2;64;64;64m██[38;2;0;0;0m██              
[38;2;0;0;0m                ████[38;2;64;64;64m██[38;2;240;224;144m██[38;2;64;64;64m██[38;2;184;168;80m████[38;2;240;224;144m████[38;2;0;0;0m██            
[38;2;0;0;0m              ██[38;2;240;224;144m████[38;2;64;64;64m██[38;2;240;224;144m████[38;2;64;64;64m██[38;2;240;224;144m██[38;2;184;168;80m██[38;2;240;224;144m████[38;2;0;0;0m██          
[38;2;0;0;0m            ██[38;2;240;224;144m██████[38;2;64;64;64m██[38;2;240;224;144m████[38;2;64;64;64m██[38;2;240;224;144m████[38;2;184;168;80m██[38;2;240;224;144m████[38;2;0;0;0m██        
[38;2;0;0;0m            ██[38;2;240;224;144m██[38;2;64;64;64m████[38;2;240;224;144m██[38;2;64;64;64m████[38;2;240;224;144m████████[38;2;184;168;80m██[38;2;240;224;144m██[38;2;0;0;0m██        
[38;2;0;0;0m          ██[38;2;240;224;144m████[38;2;64;64;64m██[38;2;240;224;144m██[38;2;64;64;64m██[38;2;240;224;144m████████████[38;2;184;168;80m██[38;2;152;136;64m██[38;2;184;168;80m██[38;2;0;0;0m██      
[38;2;0;0;0m          ██[38;2;184;168;80m████[38;2;64;64;64m██[38;2;240;224;144m████[38;2;64;64;64m██[38;2;184;168;80m████[38;2;240;224;144m████[38;2;184;168;80m████[38;2;152;136;64m██[38;2;184;168;80m██[38;2;0;0;0m██      
[38;2;0;0;0m    ██████[38;2;184;168;80m██[38;2;240;224;144m████[38;2;64;64;64m██[38;2;240;224;144m████[38;2;64;64;64m██[38;2;240;224;144m████[38;2;184;168;80m██████[38;2;152;136;64m██[38;2;184;168;80m██[38;2;152;136;64m██[38;2;0;0;0m██      
[38;2;0;0;0m  ██[38;2;136;200;248m██[38;2;72;160;224m██[38;2;64;64;64m██[38;2;240;224;144m████████[38;2;64;64;64m████[38;2;240;224;144m████████[38;2;64;64;64m████[38;2;152;136;64m██[38;2;184;168;80m██[38;2;152;136;64m██[38;2;0;0;0m██████  
[38;2;0;0;0m    ██[38;2;136;200;248m██[38;2;64;64;64m██[38;2;240;224;144m██[38;2;184;168;80m██████[38;2;240;224;144m██████████[38;2;64;64;64m██[38;2;136;200;248m████[38;2;64;64;64m██[38;2;152;136;64m██[38;2;184;168;80m██[38;2;64;64;64m██[38;2;72;160;224m██[38;2;0;0;0m██  
[38;2;0;0;0m    ██[38;2;136;200;248m████[38;2;64;64;64m██[38;2;240;224;144m██[38;2;0;0;0m██[38;2;240;224;144m██[38;2;184;168;80m██[38;2;240;224;144m██[38;2;184;168;80m██████[38;2;136;200;248m████[38;2;64;64;64m██[38;2;184;168;80m██[38;2;64;64;64m████[38;2;72;160;224m██[38;2;0;0;0m██    
[38;2;0;0;0m    ██[38;2;72;160;224m██[38;2;136;200;248m████[38;2;240;224;144m██[38;2;0;0;0m██[38;2;240;224;144m██[38;2;64;64;64m████[38;2;240;224;144m██[38;2;0;0;0m██[38;2;240;224;144m██[38;2;136;200;248m████[38;2;64;64;64m████[38;2;72;160;224m██████[38;2;0;0;0m██    
[38;2;0;0;0m      ██[38;2;72;160;224m██[38;2;136;200;248m████████████[38;2;240;224;144m██[38;2;0;0;0m██[38;2;240;224;144m██[38;2;136;200;248m██[38;2;72;160;224m██[38;2;64;64;64m██████[38;2;72;160;224m██[38;2;0;0;0m██      
[38;2;0;0;0m        ████[38;2;136;200;248m████[38;2;240;224;144m██[38;2;64;64;64m██[38;2;240;224;144m██[38;2;184;168;80m██[38;2;136;200;248m██████[38;2;64;64;64m██[38;2;72;160;224m██████[38;2;64;64;64m████[38;2;0;0;0m██    
[38;2;0;0;0m          ██[38;2;72;160;224m████[38;2;64;64;64m████████[38;2;136;200;248m████[38;2;72;160;224m██[38;2;64;64;64m██████[38;2;72;160;224m██████[38;2;0;0;0m██    
[38;2;0;0;0m        ██[38;2;72;160;224m██████[38;2;240;224;144m██[38;2;64;64;64m██[38;2;240;224;144m██[38;2;184;168;80m██[38;2;72;160;224m██████[38;2;64;64;64m██[38;2;72;160;224m████[38;2;64;64;64m██[38;2;0;0;0m████      
[38;2;0;0;0m        ██[38;2;72;160;224m████[38;2;0;0;0m████████[38;2;72;160;224m██████████[38;2;64;64;64m██[38;2;72;160;224m████[38;2;0;0;0m██        
[38;2;0;0;0m          ████        ████[38;2;72;160;224m██████[38;2;0;0;0m██████          
[38;2;0;0;0m                          ██████                
[38;2;0;0;0m                                                [0m
