
     [38;2;0;0;0m▄▄                 [0m
     [38;2;0;0;0m[48;2;0;0;0m▀▀[49m                 [0m
     [38;2;0;0;0m[48;2;0;0;0m▀[48;2;198;198;198m▀[49m▄  ▄▄            [0m
     [38;2;0;0;0m[48;2;0;0;0m▀[38;2;132;132;132m[48;2;132;132;132m▀[38;2;0;4;0m[48;2;66;69;66m▀[38;2;0;0;0m[48;2;198;198;198m▀[38;2;198;198;198m▀▀▀[38;2;132;132;132m▀[38;2;0;0;0m▀[38;2;198;198;198m▀▀▀[38;2;132;132;132m[48;2;132;132;132m▀[38;2;0;0;0m[49m▄     [0m
  [38;2;0;0;0m▄[48;2;132;132;132m▀[38;2;71;71;71m[48;2;74;78;74m▀[38;2;198;198;198m[48;2;198;198;198m▀[48;2;198;189;198m▀[38;2;135;131;135m[48;2;132;132;132m▀[38;2;74;78;74m[48;2;198;198;198m▀▀[38;2;132;132;132m▀[48;2;132;132;132m▀[38;2;198;198;198m[48;2;132;135;132m▀[48;2;198;198;198m▀[38;2;74;78;74m[48;2;198;195;198m▀[38;2;198;198;198m[48;2;74;78;74m▀[38;2;132;132;132m[48;2;198;198;198m▀[38;2;198;198;198m[48;2;132;132;132m▀[48;2;99;107;99m▀[38;2;132;132;132m[48;2;88;88;88m▀[49m    [0m
 [38;2;0;0;0m▄[38;2;198;198;198m[48;2;198;198;198m▀▀▀[38;2;74;78;74m▀[38;2;198;198;198m▀▀▀▀[38;2;71;74;71m[48;2;135;131;135m▀[38;2;126;129;126m[48;2;90;94;90m▀[38;2;99;107;99m[48;2;132;131;132m▀[38;2;132;131;132m▀[38;2;132;132;132m[48;2;74;78;74m▀[38;2;71;79;71m[48;2;132;132;132m▀[38;2;99;107;99m▀▀[38;2;132;132;132m▀[38;2;136;138;136m[48;2;74;78;74m▀[38;2;198;198;198m[48;2;132;132;132m▀[38;2;132;132;132m[48;2;198;198;198m▀[38;2;0;0;0m[49m▄ [0m
 [38;2;0;0;0m[48;2;0;0;0m▀[38;2;198;198;198m[48;2;198;198;198m▀[38;2;132;132;132m[48;2;132;132;132m▀[38;2;198;198;198m[48;2;135;137;135m▀[48;2;198;198;198m▀▀[48;2;74;78;74m▀[38;2;135;131;135m[48;2;255;255;255m▀[48;2;131;129;131m▀[38;2;132;132;132m[48;2;132;132;132m▀[38;2;131;129;131m▀[38;2;132;132;132m[48;2;0;0;0m▀▀[38;2;0;4;0m[49m▀[38;2;0;0;0m▀[38;2;132;132;132m[48;2;0;0;0m▀[38;2;74;78;74m[48;2;132;132;132m▀[38;2;131;129;131m▀[38;2;132;132;132m[48;2;99;107;99m▀▀[38;2;198;198;198m▀[38;2;0;0;0m[49m▀ [0m
  [38;2;198;198;198m[48;2;132;132;132m▀[38;2;71;77;71m[48;2;135;137;135m▀[38;2;198;198;198m[48;2;198;198;198m▀[38;2;71;77;71m[48;2;135;137;135m▀[38;2;0;0;0m[48;2;159;159;159m▀[38;2;255;255;255m[48;2;131;129;131m▀[38;2;74;78;74m[48;2;198;198;198m▀[38;2;198;198;198m▀[38;2;71;74;71m[48;2;135;131;135m▀[38;2;66;69;66m[48;2;132;133;132m▀[38;2;0;0;0m[49m▀    ▀[38;2;132;133;132m[48;2;66;69;66m▀[38;2;103;105;103m[48;2;74;78;74m▀[38;2;69;71;69m[48;2;137;139;137m▀[38;2;0;4;0m[48;2;0;4;0m▀[49m  [0m
 [38;2;0;0;0m[48;2;0;0;0m▀[38;2;132;132;132m[48;2;198;198;198m▀[38;2;198;198;198m▀[38;2;132;132;132m[48;2;132;132;132m▀[48;2;198;198;198m▀[38;2;198;198;198m▀[48;2;198;189;198m▀[38;2;198;189;198m[48;2;74;78;74m▀[38;2;135;131;135m▀[38;2;74;76;74m[48;2;0;0;0m▀[38;2;0;0;0m[49m▀    [38;2;0;4;0m▄[38;2;0;0;0m[48;2;198;198;198m▀[38;2;132;131;132m[48;2;132;132;132m▀[38;2;132;132;132m[48;2;132;131;132m▀[38;2;99;107;99m[48;2;99;107;99m▀[38;2;198;195;198m▀[38;2;0;0;0m[49m▄ [0m
  [38;2;198;198;198m▀[48;2;0;4;0m▀[38;2;132;132;132m[48;2;74;76;74m▀[38;2;198;198;198m▀[38;2;132;132;132m▀[38;2;135;131;135m[48;2;74;78;74m▀[38;2;74;78;74m[48;2;132;132;132m▀[38;2;132;132;132m[48;2;0;0;0m▀[49m      [38;2;198;198;198m[48;2;0;4;0m▀[38;2;99;101;99m[48;2;132;132;132m▀[38;2;99;107;99m▀[38;2;132;131;132m[48;2;99;107;99m▀[38;2;132;132;132m[48;2;132;132;132m▀[48;2;0;0;0m▀[38;2;0;0;0m[49m▀ [0m
    [38;2;0;0;0m▀[38;2;132;132;132m▀▀▀[38;2;0;0;0m▀      ▄[38;2;0;4;0m[48;2;198;198;198m▀[38;2;66;69;66m[48;2;132;132;132m▀[38;2;131;129;131m▀[38;2;88;88;88m▀[38;2;0;0;0m[48;2;0;0;0m▀[49m   [0m
              [38;2;0;0;0m▄[48;2;132;132;132m▀[38;2;132;132;132m[48;2;99;107;99m▀[38;2;198;198;198m[48;2;132;137;132m▀[38;2;132;132;132m[48;2;132;131;132m▀[48;2;88;89;88m▀[38;2;0;0;0m[49m▀   [0m
      [38;2;0;0;0m▄[48;2;99;107;99m▀[48;2;66;71;66m▀[38;2;99;107;99m[49m▄[38;2;0;0;0m[48;2;132;129;132m▀[48;2;107;111;107m▀[48;2;132;132;132m▀▀[38;2;132;131;132m▀[38;2;74;76;74m▀[38;2;132;132;132m[48;2;0;0;0m▀▀[49m▀▀    [0m
       [38;2;0;0;0m▀▀[38;2;99;107;99m▀▀[38;2;71;75;71m▀[38;2;99;107;99m▀[48;2;0;0;0m▀[38;2;132;132;132m[48;2;0;4;0m▀[48;2;0;0;0m▀[38;2;0;0;0m[49m▀       [0m
                        [0m
