
                         [38;2;0;0;0m▄▄▄▄                    [0m
                      [38;2;0;0;0m▄[48;2;255;255;255m▀▀[38;2;255;255;255m▀▀▀▀[38;2;0;0;0m▀▀[49m▄▄                [0m
       [38;2;0;0;0m▄[48;2;115;189;91m▀[49m▄▄         ▄[48;2;255;255;255m▀[38;2;255;255;255m▀[48;2;239;173;116m▀▀[38;2;244;184;100m[48;2;244;184;100m▀[38;2;255;255;255m▀[48;2;255;255;255m▀▀▀▀▀[38;2;66;66;66m▀[38;2;0;0;0m[48;2;66;66;66m▀[49m▄              [0m
   [38;2;0;0;0m▄[48;2;115;189;91m▀▀▀[38;2;57;70;65m[48;2;107;188;88m▀[38;2;107;188;88m[48;2;82;129;77m▀[38;2;112;187;91m[48;2;112;187;91m▀▀[38;2;0;0;0m[48;2;115;189;91m▀[49m▄    ▄[48;2;132;82;180m▀[48;2;85;85;85m▀[38;2;255;255;255m[48;2;255;255;255m▀[48;2;99;103;91m▀[38;2;203;204;200m[48;2;255;255;255m▀[38;2;255;255;255m▀[38;2;239;173;116m▀[38;2;244;184;100m[48;2;244;184;100m▀[48;2;255;255;255m▀[38;2;239;173;116m▀[38;2;255;255;255m▀[48;2;101;104;90m▀[48;2;255;255;255m▀▀▀[38;2;66;53;82m[48;2;255;247;255m▀[38;2;129;118;140m[48;2;66;53;82m▀[38;2;0;0;0m[48;2;132;82;180m▀▀[49m▄▄          [0m
  [38;2;0;0;0m▄▄[48;2;66;66;66m▀[38;2;113;189;91m[48;2;74;140;74m▀[48;2;113;189;91m▀[38;2;112;187;91m[48;2;112;187;91m▀▀[38;2;74;140;74m[48;2;113;189;91m▀[38;2;113;189;91m▀[38;2;115;189;91m[48;2;115;189;91m▀[38;2;0;0;0m▀[49m▄ ▄[48;2;132;82;180m▀[38;2;132;82;180m▀[38;2;66;66;66m[48;2;66;66;66m▀[38;2;255;255;255m[48;2;255;255;255m▀[48;2;66;66;66m▀[38;2;82;82;82m[48;2;247;247;247m▀[48;2;0;0;0m▀[38;2;80;74;69m[48;2;239;173;111m▀[48;2;80;74;69m▀[38;2;82;82;66m[48;2;82;82;66m▀[38;2;255;255;255m▀[48;2;66;66;66m▀▀[38;2;82;86;82m[48;2;82;86;82m▀[38;2;255;255;255m[48;2;197;199;197m▀[48;2;255;255;255m▀▀▀[38;2;66;66;66m▀[38;2;132;82;180m[48;2;66;66;66m▀[48;2;132;82;180m▀[38;2;132;83;180m[48;2;132;83;180m▀▀[38;2;0;0;0m[48;2;132;82;180m▀[49m▄        [0m
 [38;2;0;0;0m▀[38;2;115;189;91m[48;2;0;0;0m▀[38;2;112;187;91m[48;2;112;187;91m▀▀[38;2;113;189;91m[48;2;113;189;91m▀[38;2;74;140;74m▀▀[38;2;113;189;91m▀[38;2;112;187;91m[48;2;112;187;91m▀▀[38;2;115;189;91m[48;2;115;189;91m▀[48;2;82;79;69m▀[38;2;123;170;102m[48;2;66;85;55m▀[38;2;8;0;8m▀[38;2;132;83;180m[48;2;132;83;180m▀▀[38;2;66;66;66m[48;2;66;66;66m▀[38;2;255;255;255m[48;2;255;255;255m▀[48;2;66;66;66m▀[38;2;66;66;66m▀[38;2;173;189;221m[48;2;82;82;66m▀[38;2;82;82;66m[48;2;173;189;221m▀[38;2;198;198;190m[48;2;198;198;190m▀[48;2;82;79;69m▀[48;2;198;198;190m▀[38;2;82;79;69m▀[38;2;8;0;0m[48;2;90;85;77m▀[38;2;255;255;231m[48;2;173;170;154m▀[38;2;192;176;181m[48;2;192;176;181m▀[38;2;66;66;66m[48;2;66;66;66m▀[38;2;255;255;255m[48;2;255;255;255m▀▀▀▀[38;2;66;53;82m[48;2;255;247;255m▀[38;2;129;118;140m[48;2;66;53;82m▀[38;2;132;83;180m[48;2;132;83;180m▀▀[38;2;132;82;180m[48;2;132;82;180m▀[38;2;0;0;0m▀[49m▄       [0m
  [38;2;0;0;0m▄[38;2;0;4;0m[48;2;115;189;91m▀[38;2;77;127;61m▀[38;2;74;140;74m[48;2;113;189;91m▀[38;2;113;189;91m▀[38;2;112;187;91m[48;2;112;187;91m▀▀▀▀[38;2;115;189;91m[48;2;82;79;69m▀[38;2;82;79;69m▀[38;2;239;173;111m[48;2;80;80;69m▀[38;2;80;80;69m[48;2;239;173;111m▀[38;2;66;66;66m[48;2;66;66;66m▀[38;2;99;64;112m[48;2;99;64;112m▀[38;2;66;70;66m[48;2;66;70;66m▀[38;2;255;255;255m[48;2;192;193;192m▀[38;2;66;66;66m[48;2;66;66;66m▀▀[38;2;148;148;140m[48;2;201;197;189m▀[38;2;201;197;189m▀[38;2;148;148;140m[48;2;148;148;140m▀[38;2;201;197;189m[48;2;201;197;189m▀[38;2;201;198;190m[48;2;201;198;190m▀▀[38;2;198;198;190m[48;2;198;198;190m▀[38;2;82;78;66m[48;2;159;158;149m▀[38;2;82;80;69m[48;2;82;80;69m▀[38;2;66;66;66m[48;2;66;66;66m▀[38;2;255;255;255m[48;2;255;255;255m▀▀▀▀▀[38;2;66;66;66m[48;2;66;66;66m▀[38;2;132;83;180m[48;2;132;83;180m▀▀[38;2;132;82;180m[48;2;132;82;180m▀[48;2;148;181;252m▀[38;2;0;0;0m[48;2;132;82;180m▀[49m▄      [0m
  [38;2;0;0;0m▄[38;2;0;4;0m[48;2;115;189;91m▀[38;2;77;127;61m▀[38;2;113;189;91m[48;2;74;140;74m▀▀▀[48;2;113;189;91m▀[38;2;115;189;91m[48;2;115;189;91m▀[38;2;82;79;69m[48;2;82;79;69m▀[38;2;132;82;180m[48;2;82;79;71m▀▀[38;2;82;61;130m[48;2;134;96;134m▀[38;2;239;165;143m▀[38;2;66;66;66m[48;2;132;79;175m▀[48;2;99;73;120m▀[48;2;148;148;140m▀[48;2;66;66;66m▀[38;2;189;214;221m[48;2;189;214;221m▀[38;2;66;66;66m[48;2;66;66;66m▀[38;2;198;198;190m[48;2;159;158;149m▀[48;2;82;78;66m▀[38;2;159;152;143m▀[38;2;198;189;182m▀[38;2;198;198;190m[48;2;82;79;69m▀[48;2;198;198;190m▀[38;2;201;198;190m[48;2;201;198;190m▀▀[38;2;71;68;69m[48;2;148;148;140m▀[48;2;71;68;69m▀[38;2;189;211;224m[48;2;189;211;224m▀[38;2;255;255;255m▀▀▀[38;2;189;189;237m[48;2;66;57;74m▀[38;2;66;57;74m[48;2;127;123;155m▀[38;2;132;83;180m[48;2;132;83;180m▀▀[38;2;132;82;180m[48;2;66;66;66m▀[48;2;132;82;180m▀[38;2;148;181;252m▀[38;2;132;82;180m[48;2;148;181;252m▀[38;2;0;0;0m[48;2;0;0;0m▀[49m     [0m
   [38;2;0;0;0m▀▀[38;2;115;189;91m[48;2;0;0;0m▀▀▀▀[38;2;57;63;84m[48;2;8;4;0m▀[38;2;156;181;252m▀[38;2;148;181;252m[48;2;82;82;66m▀▀[38;2;132;83;180m[48;2;132;83;180m▀▀[38;2;124;101;142m[48;2;99;61;123m▀[38;2;99;61;123m[48;2;148;141;162m▀[38;2;148;148;140m[48;2;82;79;69m▀[48;2;148;148;140m▀[38;2;74;74;66m[48;2;74;74;66m▀[38;2;189;214;221m▀[38;2;66;66;66m[48;2;66;66;66m▀[38;2;148;148;140m▀[38;2;148;152;140m[48;2;148;152;140m▀▀[38;2;148;148;140m[48;2;148;148;140m▀[38;2;82;79;69m▀▀[38;2;148;148;140m[48;2;82;79;69m▀[38;2;66;66;66m[48;2;66;66;66m▀[38;2;189;214;221m[48;2;189;214;221m▀[38;2;189;214;224m[48;2;189;214;224m▀▀[38;2;189;214;221m[48;2;66;66;66m▀▀[38;2;66;66;66m[48;2;132;82;180m▀[38;2;132;82;180m▀▀[48;2;255;206;71m▀[48;2;132;82;180m▀[38;2;66;66;66m[48;2;66;66;66m▀[38;2;132;82;180m[48;2;132;82;180m▀[38;2;148;181;252m[48;2;148;181;252m▀[38;2;0;0;0m[48;2;99;66;111m▀[49m▄    [0m
           [38;2;0;0;0m▀▀[38;2;103;78;107m[48;2;0;0;0m▀[48;2;103;78;107m▀[38;2;148;148;140m[48;2;102;102;90m▀[38;2;102;102;90m[48;2;148;148;140m▀[38;2;148;148;140m[48;2;104;104;91m▀[38;2;82;82;66m[48;2;82;82;66m▀[38;2;74;140;74m[48;2;74;140;74m▀[38;2;82;80;70m[48;2;82;80;70m▀[38;2;189;214;221m[48;2;189;214;221m▀[38;2;66;66;66m▀▀▀[38;2;148;148;140m[48;2;82;79;69m▀▀[38;2;136;144;144m[48;2;74;74;66m▀[38;2;74;74;66m[48;2;198;214;222m▀[38;2;189;214;224m[48;2;189;214;224m▀▀[38;2;189;214;221m[48;2;90;74;82m▀[38;2;90;74;82m▀[38;2;99;66;112m[48;2;99;66;112m▀▀[38;2;99;64;112m[48;2;66;66;66m▀[38;2;66;66;66m▀[38;2;132;83;180m[48;2;132;83;180m▀▀[38;2;255;206;71m[48;2;255;206;71m▀[38;2;132;82;180m[48;2;132;82;180m▀[38;2;66;55;71m[48;2;66;55;71m▀[38;2;99;78;107m[48;2;0;8;0m▀[38;2;123;148;227m[48;2;69;74;113m▀[38;2;16;0;0m[48;2;123;148;227m▀[38;2;0;0;0m[49m▄▄  [0m
              [38;2;0;0;0m▀[38;2;148;156;140m[48;2;8;8;8m▀[38;2;101;107;96m[48;2;55;57;52m▀[38;2;74;74;66m[48;2;255;255;255m▀▀[38;2;82;82;66m[48;2;189;214;221m▀[38;2;189;214;221m▀[48;2;66;66;66m▀▀[38;2;148;148;140m[48;2;189;214;221m▀[38;2;189;214;221m[48;2;148;148;140m▀[38;2;189;214;224m[48;2;189;214;224m▀▀▀▀▀▀[38;2;74;75;68m[48;2;74;75;68m▀[38;2;98;64;112m▀[38;2;66;66;66m[48;2;189;214;221m▀▀[38;2;192;193;192m[48;2;66;70;66m▀[38;2;66;70;66m[48;2;255;255;255m▀[38;2;132;82;180m[48;2;66;66;66m▀[48;2;132;82;180m▀[38;2;255;206;71m▀[38;2;132;82;180m[48;2;255;206;71m▀[38;2;0;0;0m[48;2;239;173;111m▀[49m▄▀[38;2;99;66;111m[48;2;0;0;0m▀[38;2;115;148;227m▀▀[38;2;0;0;0m[49m▀ [0m
               [38;2;0;0;0m[48;2;0;0;0m▀[38;2;255;255;255m[48;2;255;255;255m▀▀▀▀[38;2;66;66;66m[48;2;66;66;66m▀[38;2;198;198;190m[48;2;104;104;91m▀[38;2;104;104;91m▀[38;2;66;66;66m[48;2;148;148;140m▀▀[38;2;189;214;221m[48;2;66;66;66m▀[48;2;189;214;221m▀[38;2;198;206;206m[48;2;66;66;66m▀[38;2;66;66;66m[48;2;198;206;206m▀[48;2;198;198;182m▀[48;2;110;110;105m▀[38;2;189;214;221m[48;2;74;74;66m▀▀[38;2;82;82;66m[48;2;255;255;255m▀▀[38;2;255;255;255m▀▀▀[38;2;66;66;66m▀[38;2;99;70;107m[48;2;66;48;71m▀[48;2;0;4;0m▀[38;2;115;82;83m[48;2;0;0;24m▀[38;2;231;165;143m[48;2;115;82;83m▀[38;2;0;0;0m[48;2;239;173;111m▀[49m▄    [0m
                [38;2;0;0;0m▀[38;2;255;255;255m[48;2;0;0;0m▀▀[38;2;247;255;247m▀[38;2;82;85;82m▀[38;2;198;198;190m[48;2;74;74;58m▀[38;2;115;115;102m[48;2;198;198;190m▀[38;2;102;102;90m[48;2;102;102;90m▀[38;2;148;148;140m[48;2;148;148;140m▀[38;2;66;66;66m[48;2;0;0;0m▀[38;2;0;0;0m[49m▀[38;2;69;69;66m[48;2;0;0;0m▀[38;2;137;137;132m[48;2;206;206;198m▀[38;2;148;148;140m[48;2;201;197;189m▀[38;2;201;197;189m▀[38;2;198;198;182m[48;2;74;70;66m▀[38;2;74;70;66m[48;2;115;113;105m▀[38;2;148;148;140m[48;2;201;201;197m▀[38;2;255;255;255m[48;2;148;148;140m▀[48;2;148;150;140m▀[48;2;255;255;255m▀▀[48;2;0;0;0m▀[38;2;0;0;0m[49m▀  ▀▀▀    [0m
                     [38;2;0;0;0m▀▀▀▀ ▄[38;2;0;4;0m[48;2;206;198;190m▀[38;2;137;133;127m▀[38;2;148;151;140m[48;2;198;198;190m▀[38;2;198;198;190m[48;2;99;104;91m▀[38;2;66;66;63m[48;2;0;0;0m▀[38;2;198;198;190m[48;2;198;198;190m▀[38;2;104;104;91m[48;2;104;104;91m▀[38;2;198;198;190m[48;2;198;198;190m▀[48;2;99;104;91m▀[38;2;148;151;140m[48;2;198;198;190m▀[38;2;255;255;255m[48;2;85;85;85m▀[48;2;0;0;0m▀[38;2;0;0;0m[49m▀         [0m
                           [38;2;0;0;0m▀▀▀▀ ▀[38;2;99;99;95m[48;2;0;0;0m▀[38;2;198;198;190m▀[38;2;0;0;0m[49m▀[38;2;198;198;190m[48;2;0;0;0m▀[38;2;0;0;0m[49m▀           [0m
                                                 [0m
