
               [38;2;0;4;0m▄▄▄▄▄           [0m
          [38;2;0;4;0m▄▄[48;2;77;89;141m▀▀[38;2;0;8;8m[48;2;222;86;94m▀[38;2;222;86;94m[48;2;148;60;65m▀[38;2;156;66;76m[48;2;222;88;89m▀▀[38;2;222;86;86m[48;2;66;74;122m▀▀[38;2;0;4;0m[48;2;66;75;125m▀▀[48;2;222;86;86m▀[49m▄▄      [0m
       [38;2;0;4;0m▄▄[48;2;222;86;86m▀[38;2;79;89;141m▀▀[38;2;222;88;89m[48;2;222;88;89m▀[48;2;156;66;76m▀[38;2;156;66;76m[48;2;222;88;89m▀[38;2;222;88;89m▀[38;2;222;86;86m[48;2;222;86;86m▀[38;2;66;74;122m▀[38;2;78;88;142m[48;2;66;74;122m▀▀▀▀[38;2;66;74;122m[48;2;222;86;86m▀[38;2;222;86;86m▀▀[38;2;0;4;0m▀[49m▄    [0m
      [38;2;0;4;0m[48;2;0;4;0m▀[38;2;189;165;85m[48;2;189;165;85m▀[38;2;66;66;66m[48;2;66;66;66m▀[38;2;222;86;86m[48;2;222;86;86m▀▀[48;2;66;74;122m▀[38;2;66;74;122m[48;2;78;88;142m▀▀[38;2;195;140;75m[48;2;74;57;66m▀[38;2;74;57;66m[48;2;255;181;79m▀[38;2;222;86;86m[48;2;66;66;66m▀[48;2;222;86;86m▀[38;2;222;86;89m[48;2;222;86;89m▀▀▀▀▀▀▀▀[38;2;214;90;102m[48;2;214;90;102m▀[38;2;0;16;32m[48;2;107;53;67m▀[38;2;0;4;0m[49m▄  [0m
  [38;2;0;4;0m▄▄ ▄[38;2;0;8;16m[48;2;63;60;39m▀[38;2;189;165;85m[48;2;189;165;85m▀[38;2;66;66;66m[48;2;66;66;66m▀[38;2;222;86;86m[48;2;222;86;86m▀▀[48;2;66;66;66m▀[38;2;66;74;106m[48;2;222;86;86m▀[48;2;66;74;106m▀[38;2;66;66;66m[48;2;247;214;71m▀[38;2;247;214;71m[48;2;66;66;66m▀[38;2;66;66;66m[48;2;222;86;86m▀[38;2;222;86;86m▀▀[48;2;66;74;122m▀[48;2;66;70;98m▀▀[48;2;66;74;122m▀▀[38;2;222;88;89m[48;2;222;88;89m▀[48;2;156;66;76m▀[38;2;222;82;86m[48;2;222;82;86m▀[38;2;66;70;122m[48;2;170;78;98m▀[38;2;0;4;0m[48;2;66;72;126m▀[49m▄ [0m
 [38;2;0;4;0m▀[38;2;189;165;85m[48;2;0;4;0m▀[48;2;189;165;85m▀[38;2;8;4;16m[48;2;206;148;94m▀[38;2;140;100;68m[48;2;74;52;42m▀[38;2;66;66;66m[48;2;66;66;66m▀[38;2;192;165;80m[48;2;192;165;80m▀[38;2;66;66;66m[48;2;66;66;66m▀[38;2;222;86;86m▀[38;2;66;66;66m[48;2;140;115;112m▀[38;2;140;115;112m[48;2;66;66;66m▀[38;2;66;66;66m▀[38;2;247;214;71m[48;2;247;214;71m▀[48;2;66;66;66m▀[38;2;66;66;66m▀[38;2;222;86;86m▀▀[38;2;66;66;66m[48;2;247;214;71m▀▀[38;2;247;214;71m▀[38;2;66;66;66m▀[38;2;74;86;146m[48;2;66;66;66m▀[38;2;71;79;119m[48;2;74;86;146m▀[38;2;66;74;122m[48;2;66;74;122m▀[38;2;214;78;78m[48;2;165;77;93m▀[38;2;156;66;76m[48;2;222;88;89m▀[38;2;222;88;89m[48;2;156;66;76m▀[38;2;93;55;75m[48;2;140;78;108m▀[38;2;0;8;8m[48;2;0;8;8m▀[49m [0m
   [38;2;0;4;0m▀▀[38;2;189;165;85m[48;2;0;4;0m▀[38;2;189;165;82m[48;2;189;165;82m▀▀[38;2;66;66;66m[48;2;66;66;66m▀[38;2;91;82;83m[48;2;140;115;116m▀▀[38;2;66;66;66m[48;2;66;66;66m▀[38;2;244;214;71m[48;2;244;214;71m▀▀[38;2;66;66;66m[48;2;247;214;71m▀[38;2;247;214;71m▀[48;2;66;66;66m▀▀[48;2;66;74;90m▀[38;2;66;74;90m▀[38;2;66;66;66m[48;2;78;88;142m▀▀[38;2;78;88;142m▀[48;2;66;74;122m▀[38;2;66;70;114m[48;2;165;73;85m▀[38;2;214;74;70m▀[38;2;159;66;76m[48;2;159;66;76m▀▀[38;2;156;78;84m[48;2;104;55;56m▀[38;2;0;8;0m[48;2;0;8;0m▀[49m [0m
      [38;2;0;0;0m[48;2;0;0;0m▀[38;2;82;85;82m[48;2;247;255;247m▀[38;2;66;66;66m[48;2;66;66;66m▀[38;2;91;82;83m[48;2;140;115;116m▀[38;2;66;66;66m[48;2;66;66;66m▀[38;2;247;214;71m▀[38;2;195;193;149m[48;2;74;70;50m▀[38;2;74;70;50m[48;2;255;255;199m▀[38;2;66;66;66m[48;2;173;239;213m▀[48;2;66;66;66m▀[38;2;247;247;239m[48;2;247;247;239m▀[38;2;66;66;66m▀[38;2;160;63;76m[48;2;66;70;98m▀[38;2;66;70;98m[48;2;160;63;76m▀[38;2;66;74;122m[48;2;159;65;77m▀▀▀[38;2;159;65;77m▀[38;2;159;66;76m[48;2;159;66;76m▀▀[38;2;159;64;74m[48;2;0;4;0m▀▀[38;2;0;4;0m[49m▀  [0m
     [38;2;0;4;0m▄▀[38;2;173;239;213m[48;2;0;4;0m▀[38;2;255;247;239m[48;2;167;107;108m▀[38;2;123;37;43m▀[38;2;132;53;60m[48;2;173;118;122m▀[38;2;255;247;247m[48;2;132;53;60m▀[38;2;170;233;210m[48;2;255;255;255m▀[38;2;255;255;255m[48;2;170;233;210m▀[38;2;181;214;197m[48;2;115;66;75m▀[38;2;115;66;75m[48;2;181;214;197m▀[38;2;255;255;247m[48;2;195;193;187m▀[38;2;195;193;187m[48;2;74;70;66m▀[38;2;66;66;66m[48;2;94;76;74m▀[48;2;66;66;66m▀[38;2;156;66;76m[48;2;66;70;66m▀[48;2;96;69;69m▀[48;2;0;4;0m▀[38;2;0;4;0m[49m▀▀▀     [0m
    [38;2;0;4;0m[48;2;0;4;0m▀[38;2;94;72;74m[48;2;94;72;74m▀[38;2;0;4;0m▀[38;2;94;72;74m▀[38;2;66;69;63m[48;2;0;4;0m▀[38;2;198;198;190m▀[38;2;159;66;77m[48;2;198;198;190m▀[38;2;198;198;190m▀[38;2;160;66;76m[48;2;66;66;66m▀▀[38;2;198;198;190m[48;2;77;69;69m▀[38;2;77;69;69m▀[38;2;66;66;66m[48;2;94;76;74m▀[38;2;94;76;74m▀[38;2;66;55;58m[48;2;99;78;83m▀[38;2;99;78;83m[48;2;0;8;8m▀[38;2;94;72;74m[48;2;94;72;74m▀[38;2;0;4;0m▀[49m▄▄[48;2;140;115;116m▀[49m▄     [0m
   [38;2;0;4;0m[48;2;0;4;0m▀[38;2;94;72;74m[48;2;94;72;74m▀[48;2;0;4;0m▀[48;2;94;72;74m▀[38;2;0;4;0m[48;2;0;4;0m▀[49m  ▀▀▀[38;2;94;72;74m[48;2;0;4;0m▀[38;2;94;76;74m[48;2;66;66;66m▀▀[38;2;99;78;83m[48;2;66;55;58m▀[48;2;0;8;8m▀[38;2;0;4;0m[49m▀ ▀▀[38;2;88;75;72m[48;2;0;4;0m▀[48;2;132;111;108m▀[38;2;140;115;116m[48;2;93;78;77m▀[38;2;0;4;0m[48;2;140;115;116m▀[49m▄    [0m
    [38;2;0;4;0m▀ ▀  ▄[48;2;94;72;74m▀[49m▄ ▄[38;2;0;8;8m[48;2;66;55;58m▀[38;2;99;78;83m[48;2;99;78;83m▀[38;2;94;76;74m[48;2;94;76;74m▀[38;2;66;66;66m▀[38;2;0;4;0m[48;2;0;4;0m▀[49m ▄  [48;2;0;4;0m▀[38;2;140;115;116m[48;2;140;115;116m▀[48;2;0;4;0m▀[48;2;140;115;116m▀[38;2;0;4;0m[48;2;0;4;0m▀[49m   [0m
         [38;2;0;4;0m▀[38;2;94;72;74m[48;2;0;4;0m▀[48;2;94;72;74m▀[38;2;0;8;8m[48;2;99;78;83m▀[38;2;99;78;83m[48;2;66;55;58m▀[38;2;160;66;76m[48;2;66;66;66m▀[38;2;66;66;66m[48;2;160;66;76m▀[38;2;74;52;53m[48;2;148;92;97m▀[38;2;148;92;97m[48;2;0;12;8m▀[38;2;88;75;72m[48;2;132;111;108m▀[38;2;0;4;0m[48;2;88;75;72m▀[38;2;140;115;116m[48;2;140;115;116m▀[38;2;0;4;0m[48;2;0;4;0m▀[49m  ▀ ▀    [0m
         [38;2;0;4;0m[48;2;0;4;0m▀[38;2;160;66;76m[48;2;66;66;66m▀[38;2;66;66;66m[48;2;160;66;76m▀[38;2;94;76;74m[48;2;66;66;66m▀[48;2;94;76;74m▀[38;2;66;65;66m[48;2;0;4;0m▀[38;2;0;4;0m[49m▀▀▄[48;2;140;115;116m▀[38;2;140;115;116m▀[48;2;66;66;66m▀[38;2;91;82;83m▀[38;2;0;4;0m[48;2;94;72;74m▀[49m▄       [0m
          [38;2;0;4;0m▀[38;2;189;165;85m[48;2;0;4;0m▀[48;2;189;165;85m▀[38;2;0;4;0m[48;2;0;4;0m▀[49m   ▀[38;2;143;82;87m[48;2;0;24;24m▀[38;2;71;53;55m[48;2;214;111;118m▀[38;2;206;99;83m[48;2;181;45;85m▀[48;2;255;206;79m▀[38;2;74;39;37m[48;2;222;94;94m▀[38;2;0;12;8m[48;2;0;12;8m▀[49m       [0m
           [38;2;0;4;0m▀[38;2;189;165;85m[48;2;0;4;0m▀[38;2;0;4;0m[49m▀     [48;2;0;4;0m▀[38;2;247;214;71m[48;2;247;214;71m▀[38;2;192;165;83m[48;2;192;165;83m▀[38;2;247;214;71m[48;2;0;4;0m▀[38;2;0;4;0m[49m▀       [0m
                    [38;2;0;4;0m▀[38;2;247;214;71m[48;2;0;4;0m▀[38;2;0;4;0m[49m▀        [0m
                               [0m
