
       [38;2;32;32;32m▄▄▄         [0m
    [38;2;32;32;32m▄[48;2;230;82;90m▀▀[38;2;57;65;82m▀[38;2;255;255;255m[48;2;57;65;82m▀[38;2;57;65;82m[48;2;180;180;172m▀[38;2;32;32;32m[48;2;32;32;32m▀[49m        [0m
   [38;2;32;32;32m[48;2;32;32;32m▀[38;2;230;82;90m[48;2;156;82;98m▀[48;2;230;82;90m▀[48;2;156;82;98m▀[38;2;148;123;205m[48;2;255;255;255m▀[38;2;230;82;90m[48;2;156;82;98m▀[38;2;32;32;32m▀[49m▄▄       [0m
 [38;2;32;32;32m▄[48;2;255;189;189m▀[38;2;255;189;189m▀[48;2;57;65;82m▀[38;2;156;82;98m[48;2;82;74;74m▀[38;2;230;82;90m[48;2;230;82;90m▀[38;2;49;49;49m▀[38;2;156;82;98m▀[38;2;255;255;255m[48;2;156;82;98m▀[38;2;57;65;82m[48;2;255;255;255m▀[38;2;180;180;172m[48;2;32;32;32m▀[38;2;32;32;32m[49m▀      [0m
 [38;2;32;32;32m[48;2;32;32;32m▀[38;2;255;189;189m[48;2;57;65;82m▀[38;2;57;65;82m▀[38;2;230;82;90m[48;2;230;82;90m▀▀▀▀[48;2;82;74;74m▀[38;2;82;74;74m[48;2;230;82;90m▀[38;2;230;82;90m▀[38;2;32;32;32m▀[49m▄      [0m
  [38;2;32;32;32m[48;2;32;32;32m▀[38;2;156;82;98m[48;2;156;82;98m▀[38;2;57;65;82m[48;2;57;65;82m▀[38;2;230;82;90m[48;2;230;82;90m▀▀▀[38;2;57;65;82m▀[38;2;230;82;90m[48;2;57;65;82m▀[48;2;82;74;74m▀[38;2;82;74;74m▀[48;2;230;82;90m▀[38;2;32;32;32m[48;2;32;32;32m▀[49m▄▄   [0m
   [38;2;32;32;32m▀[38;2;156;82;98m[48;2;32;32;32m▀[38;2;57;65;82m▀[38;2;230;82;90m[48;2;57;65;82m▀[48;2;156;82;98m▀[38;2;156;82;98m▀[38;2;57;65;82m▀[38;2;230;82;90m[48;2;57;65;82m▀[48;2;82;74;74m▀[38;2;82;74;74m▀[48;2;230;82;90m▀[38;2;230;82;90m▀[48;2;32;32;32m▀[38;2;32;32;32m[49m▀  [0m
     [38;2;32;32;32m▄[48;2;32;32;32m▀[38;2;57;65;82m[48;2;197;139;139m▀[48;2;57;65;82m▀[38;2;156;82;98m▀[48;2;197;139;139m▀[38;2;57;65;82m[48;2;156;82;98m▀▀[48;2;57;65;82m▀[48;2;230;82;90m▀[38;2;32;32;32m[48;2;82;74;74m▀[49m▄  [0m
    [38;2;32;32;32m▀[38;2;197;139;139m[48;2;32;32;32m▀▀[38;2;49;49;49m[49m▀[38;2;156;82;98m[48;2;49;49;49m▀[38;2;57;65;82m[48;2;255;189;189m▀[38;2;197;139;139m[48;2;32;32;32m▀[38;2;32;32;32m[49m▀▀[38;2;156;82;98m[48;2;32;32;32m▀[38;2;57;65;82m▀[38;2;82;74;74m[48;2;230;82;90m▀[38;2;230;82;90m[48;2;82;74;74m▀[38;2;32;32;32m[48;2;32;32;32m▀[49m [0m
       [38;2;32;32;32m▀[38;2;255;189;189m[48;2;32;32;32m▀[38;2;197;139;139m▀[38;2;255;189;189m▀[38;2;32;32;32m[49m▀   ▀▀  [0m
                   [0m
