
[38;2;0;0;0m                                                                
[38;2;0;0;0m                                  [38;2;49;49;49m████[38;2;0;0;0m                          
[38;2;0;0;0m                              [38;2;49;49;49m████[38;2;189;172;189m████[38;2;49;49;49m██[38;2;0;0;0m            [38;2;49;49;49m██████████[38;2;0;0;0m  
[38;2;0;0;0m  [38;2;49;49;49m████████████[38;2;0;0;0m            [38;2;49;49;49m████[38;2;189;172;189m████[38;2;148;131;148m████[38;2;49;49;49m██[38;2;0;0;0m  [38;2;49;49;49m██████████[38;2;222;205;230m████████[38;2;49;49;49m██[38;2;0;0;0m  
[38;2;0;0;0m  [38;2;49;49;49m██[38;2;255;255;255m████████[38;2;189;189;180m██[38;2;49;49;49m████████[38;2;0;0;0m  [38;2;49;49;49m██[38;2;189;172;189m████[38;2;148;131;148m████[38;2;82;82;82m████[38;2;49;49;49m████[38;2;255;255;255m██[38;2;82;82;82m██[38;2;222;205;230m██████████████[38;2;49;49;49m██[38;2;0;0;0m  
[38;2;0;0;0m  [38;2;49;49;49m██[38;2;189;189;180m██[38;2;255;255;255m████████████████[38;2;49;49;49m████[38;2;82;82;82m████████[38;2;189;189;180m██[38;2;255;255;255m██████[38;2;189;189;180m██[38;2;82;82;82m██[38;2;222;205;230m████[38;2;189;172;189m██[38;2;148;131;148m██████[38;2;82;82;82m██[38;2;0;0;0m    
[38;2;0;0;0m    [38;2;49;49;49m██[38;2;255;255;255m████[38;2;189;189;180m██[38;2;82;82;82m████████[38;2;255;255;255m████████[38;2;189;189;180m██[38;2;82;82;82m██[38;2;189;189;180m██[38;2;82;82;82m██████[38;2;189;189;180m██[38;2;82;82;82m██[38;2;148;131;148m████████[38;2;222;205;230m██████[38;2;49;49;49m██[38;2;0;0;0m    
[38;2;0;0;0m    [38;2;49;49;49m██[38;2;189;189;180m██[38;2;82;82;82m████[38;2;255;255;255m████[38;2;82;82;82m██[38;2;222;205;230m██[38;2;82;82;82m████[38;2;148;131;148m██[38;2;189;189;180m██████[38;2;82;82;82m██[38;2;222;205;230m████[38;2;189;90;172m██[38;2;82;82;82m████[38;2;189;172;189m████[38;2;222;205;230m████████[38;2;49;49;49m██[38;2;0;0;0m      
[38;2;0;0;0m  [38;2;49;49;49m██[38;2;189;189;180m██[38;2;82;82;82m██[38;2;255;255;255m██████[38;2;189;189;180m████[38;2;82;82;82m██[38;2;222;205;230m████[38;2;82;82;82m████████[38;2;189;90;172m████[38;2;205;148;197m██[38;2;246;98;82m██[38;2;255;255;255m██[38;2;189;90;172m██[38;2;82;82;82m██[38;2;148;131;148m████████[38;2;49;49;49m██[38;2;0;0;0m        
[38;2;0;0;0m    [38;2;49;49;49m██[38;2;189;189;180m██[38;2;148;131;148m██[38;2;189;90;172m██[38;2;49;49;49m████[38;2;189;189;180m██[38;2;82;82;82m██[38;2;222;205;230m████████[38;2;189;90;172m██[38;2;82;82;82m██[38;2;189;90;172m██[38;2;222;205;230m████[38;2;246;98;82m██[38;2;180;82;82m████[38;2;82;82;82m██[38;2;189;172;189m██████[38;2;49;49;49m██[38;2;0;0;0m          
[38;2;0;0;0m    [38;2;49;49;49m██[38;2;189;189;180m██[38;2;189;90;172m██[38;2;49;49;49m██[38;2;246;98;82m██[38;2;49;49;49m██[38;2;82;82;82m██[38;2;222;205;230m██████[38;2;189;90;172m████[38;2;222;205;230m██[38;2;82;82;82m██[38;2;222;205;230m██[38;2;205;148;197m██[38;2;189;90;172m██[38;2;82;82;82m██[38;2;246;98;82m████[38;2;222;205;230m██[38;2;82;82;82m██[38;2;49;49;49m████[38;2;0;0;0m            
[38;2;0;0;0m  [38;2;49;49;49m██[38;2;189;189;180m██[38;2;82;82;82m████[38;2;255;255;255m██[38;2;189;189;180m████[38;2;49;49;49m██████[38;2;189;172;189m██[38;2;222;205;230m██[38;2;189;90;172m████[38;2;222;205;230m██[38;2;82;82;82m██[38;2;189;90;172m██[38;2;205;148;197m██[38;2;222;205;230m██[38;2;82;82;82m████[38;2;189;90;172m██[38;2;49;49;49m██[38;2;0;0;0m          [38;2;49;49;49m██[38;2;0;0;0m    
[38;2;0;0;0m    [38;2;49;49;49m██[38;2;189;189;180m██████[38;2;148;131;148m██[38;2;49;49;49m██[38;2;0;0;0m  [38;2;49;49;49m██[38;2;82;82;82m██[38;2;49;49;49m████[38;2;148;131;148m████[38;2;189;90;172m██[38;2;82;82;82m██[38;2;189;90;172m██[38;2;222;205;230m██████[38;2;189;90;172m██[38;2;82;82;82m██[38;2;49;49;49m██[38;2;0;0;0m        [38;2;49;49;49m██[38;2;189;90;172m██[38;2;49;49;49m██[38;2;0;0;0m  
[38;2;0;0;0m      [38;2;49;49;49m████████[38;2;0;0;0m    [38;2;49;49;49m██[38;2;82;82;82m██████[38;2;49;49;49m██[38;2;82;82;82m██[38;2;148;131;148m██[38;2;189;90;172m██[38;2;82;82;82m████[38;2;222;205;230m██[38;2;82;82;82m████[38;2;222;205;230m██[38;2;255;255;255m██[38;2;49;49;49m██[38;2;0;0;0m  [38;2;49;49;49m████[38;2;222;205;230m██[38;2;189;90;172m██[38;2;49;49;49m██[38;2;0;0;0m  
[38;2;0;0;0m                [38;2;49;49;49m██[38;2;82;82;82m██████[38;2;49;49;49m██[38;2;0;0;0m  [38;2;49;49;49m██[38;2;82;82;82m████[38;2;148;131;148m████[38;2;82;82;82m██[38;2;255;255;255m████[38;2;148;131;148m████[38;2;82;82;82m██[38;2;49;49;49m██[38;2;148;131;148m██[38;2;222;205;230m██[38;2;189;90;172m██[38;2;222;205;230m██[38;2;49;49;49m██[38;2;0;0;0m  
[38;2;0;0;0m                [38;2;49;49;49m██[38;2;82;82;82m████[38;2;49;49;49m██████[38;2;82;82;82m██[38;2;148;131;148m████[38;2;82;82;82m████[38;2;255;255;255m██[38;2;148;131;148m████[38;2;222;205;230m██[38;2;255;255;255m████[38;2;148;131;148m██[38;2;82;82;82m██[38;2;189;90;172m██[38;2;222;205;230m██[38;2;49;49;49m██[38;2;0;0;0m    
[38;2;0;0;0m                  [38;2;49;49;49m████[38;2;222;205;230m██[38;2;82;82;82m██[38;2;189;90;172m██[38;2;82;82;82m██████[38;2;189;90;172m████[38;2;82;82;82m██[38;2;255;255;255m████[38;2;148;131;148m████[38;2;82;82;82m████[38;2;148;131;148m██████[38;2;49;49;49m██[38;2;0;0;0m    
[38;2;0;0;0m                [38;2;49;49;49m██[38;2;82;82;82m██[38;2;222;205;230m████[38;2;82;82;82m██[38;2;222;205;230m██[38;2;189;90;172m██[38;2;82;82;82m██[38;2;255;255;255m██[38;2;82;82;82m██[38;2;189;90;172m████[38;2;82;82;82m██[38;2;148;131;148m██[38;2;82;82;82m████[38;2;148;131;148m████████[38;2;49;49;49m██[38;2;0;0;0m      
[38;2;0;0;0m                [38;2;49;49;49m██[38;2;222;205;230m██████[38;2;82;82;82m██[38;2;222;205;230m██[38;2;189;90;172m██[38;2;222;205;230m██[38;2;82;82;82m██[38;2;255;255;255m██[38;2;82;82;82m██[38;2;189;90;172m██[38;2;82;82;82m████[38;2;222;205;230m██[38;2;82;82;82m██[38;2;148;131;148m████[38;2;49;49;49m████[38;2;0;0;0m        
[38;2;0;0;0m                [38;2;49;49;49m██[38;2;148;131;148m██[38;2;222;205;230m██████[38;2;82;82;82m██[38;2;189;90;172m██[38;2;222;205;230m██[38;2;189;90;172m██[38;2;82;82;82m██[38;2;222;205;230m██[38;2;82;82;82m██[38;2;148;131;148m██[38;2;222;205;230m██████[38;2;49;49;49m████[38;2;0;0;0m            
[38;2;0;0;0m                  [38;2;49;49;49m██[38;2;82;82;82m██[38;2;148;131;148m██████[38;2;82;82;82m██[38;2;189;90;172m██[38;2;222;205;230m██[38;2;189;90;172m██[38;2;82;82;82m██[38;2;222;205;230m████████[38;2;148;131;148m██[38;2;49;49;49m██[38;2;0;0;0m              
[38;2;0;0;0m                [38;2;49;49;49m██[38;2;189;189;180m████[38;2;82;82;82m██[38;2;148;131;148m██[38;2;189;90;172m████[38;2;49;49;49m████████[38;2;148;131;148m██[38;2;222;205;230m████[38;2;148;131;148m██[38;2;49;49;49m██[38;2;0;0;0m                
[38;2;0;0;0m                  [38;2;49;49;49m████████████[38;2;0;0;0m      [38;2;49;49;49m██[38;2;82;82;82m██[38;2;148;131;148m████████[38;2;49;49;49m██[38;2;0;0;0m              
[38;2;0;0;0m                                      [38;2;49;49;49m██[38;2;222;205;230m██████[38;2;148;131;148m██[38;2;189;90;172m██[38;2;49;49;49m██[38;2;0;0;0m            
[38;2;0;0;0m                                    [38;2;49;49;49m██[38;2;189;189;180m██[38;2;255;255;255m██[38;2;148;131;148m██[38;2;255;255;255m██[38;2;189;90;172m██[38;2;82;82;82m██[38;2;49;49;49m██[38;2;0;0;0m            
[38;2;0;0;0m                                      [38;2;49;49;49m██[38;2;255;255;255m██[38;2;148;131;148m██[38;2;255;255;255m██[38;2;49;49;49m████[38;2;0;0;0m              
[38;2;0;0;0m                                        [38;2;49;49;49m██████[38;2;0;0;0m                  
[38;2;0;0;0m                                                                [0m
