
            [38;2;49;49;49m▄▄        [0m
       [38;2;49;49;49m▄▄▄[48;2;205;74;74m▀[48;2;246;98;82m▀[38;2;246;98;82m▀[38;2;49;49;49m[48;2;49;49;49m▀[49m        [0m
     [38;2;49;49;49m▄[48;2;246;98;82m▀[38;2;246;98;82m▀▀[38;2;205;74;74m▀[38;2;148;57;57m[48;2;148;57;57m▀[38;2;246;98;82m[48;2;246;98;82m▀▀[38;2;49;49;49m[48;2;205;74;74m▀[49m▄       [0m
 [38;2;49;49;49m▄[48;2;246;98;82m▀▀[49m▄[48;2;148;57;57m▀[38;2;246;98;82m[48;2;205;74;74m▀[48;2;246;98;82m▀▀[38;2;148;57;57m▀[38;2;246;98;82m▀▀[48;2;205;74;74m▀[38;2;205;74;74m[48;2;148;57;57m▀[38;2;49;49;49m[48;2;49;49;49m▀[49m       [0m
 [38;2;49;49;49m[48;2;49;49;49m▀[38;2;255;139;41m[48;2;255;139;41m▀[38;2;246;98;82m[48;2;148;57;57m▀[38;2;148;57;57m[48;2;246;98;82m▀[38;2;246;98;82m▀[38;2;148;57;57m▀▀[38;2;246;98;82m[48;2;148;57;57m▀▀[48;2;205;74;74m▀[38;2;148;57;57m[48;2;246;98;82m▀▀[38;2;205;74;74m▀[48;2;148;57;57m▀[38;2;49;49;49m[48;2;49;49;49m▀[49m▄     [0m
 [38;2;49;49;49m▀[38;2;82;82;82m[48;2;49;49;49m▀[38;2;148;57;57m[48;2;205;74;74m▀[38;2;49;49;49m[48;2;82;82;82m▀[38;2;189;189;180m[48;2;255;255;255m▀[38;2;246;98;82m[48;2;246;98;82m▀▀[38;2;205;74;74m[48;2;49;49;49m▀[38;2;246;98;82m[48;2;189;189;180m▀[48;2;205;74;74m▀[48;2;246;98;82m▀[48;2;148;57;57m▀[38;2;148;57;57m[48;2;246;98;82m▀[38;2;246;98;82m[48;2;255;189;49m▀▀[48;2;246;98;82m▀[38;2;49;49;49m[48;2;49;49;49m▀[49m    [0m
   [38;2;49;49;49m▀[38;2;255;222;139m[48;2;49;49;49m▀[38;2;197;164;90m[48;2;255;222;139m▀[38;2;255;222;139m▀▀[38;2;82;82;82m▀[38;2;255;255;255m▀[38;2;255;222;139m▀[38;2;205;74;74m[48;2;197;164;90m▀[38;2;148;57;57m[48;2;205;74;74m▀[38;2;255;189;49m[48;2;255;189;49m▀▀[38;2;255;139;41m[48;2;246;98;82m▀[38;2;246;98;82m[48;2;49;49;49m▀[38;2;49;49;49m[49m▀▄[48;2;246;98;82m▀[49m▄ [0m
     [38;2;49;49;49m[48;2;49;49;49m▀[38;2;82;82;82m[48;2;230;197;106m▀[38;2;197;164;90m[48;2;82;82;82m▀[38;2;255;222;139m▀▀[38;2;197;164;90m[48;2;139;115;49m▀[38;2;82;82;82m[48;2;197;164;90m▀▀[38;2;205;74;74m[48;2;139;115;49m▀[38;2;49;49;49m[48;2;49;49;49m▀[49m▀ [48;2;49;49;49m▀[38;2;246;98;82m[48;2;205;74;74m▀[48;2;246;98;82m▀[38;2;49;49;49m[48;2;49;49;49m▀[49m [0m
      [38;2;49;49;49m▀▀[38;2;197;164;90m[48;2;49;49;49m▀[38;2;230;197;106m[48;2;205;74;74m▀▀[38;2;139;115;49m▀[38;2;82;82;82m[48;2;148;57;57m▀[38;2;230;197;106m[48;2;82;82;82m▀[48;2;255;222;139m▀[38;2;49;49;49m[48;2;148;57;57m▀[48;2;205;74;74m▀[38;2;205;74;74m[48;2;49;49;49m▀[38;2;49;49;49m[49m▀▀  [0m
       [38;2;49;49;49m▀[38;2;205;74;74m[48;2;49;49;49m▀[38;2;148;57;57m▀[38;2;49;49;49m[49m▀[38;2;82;82;82m[48;2;49;49;49m▀[38;2;148;57;57m[48;2;205;74;74m▀[38;2;205;74;74m▀[38;2;49;49;49m[48;2;49;49;49m▀[49m▀▀     [0m
            [38;2;49;49;49m▀▀        [0m
