
[38;2;0;0;0m                                                
[38;2;0;0;0m                          ████████              
[38;2;0;0;0m                        ██[38;2;160;72;72m██[38;2;232;120;128m████[38;2;160;72;72m██[38;2;0;0;0m██            
[38;2;0;0;0m                      ██[38;2;232;120;128m██████████[38;2;160;72;72m██[38;2;0;0;0m██          
[38;2;0;0;0m                  ████[38;2;232;120;128m██[38;2;240;168;96m██[38;2;240;216;64m██[38;2;240;168;96m██[38;2;232;120;128m████[38;2;184;96;96m██[38;2;0;0;0m██          
[38;2;0;0;0m                ██[38;2;184;96;96m██[38;2;232;120;128m██████[38;2;240;168;96m██[38;2;240;216;64m████[38;2;240;168;96m██[38;2;184;96;96m██[38;2;160;72;72m██[38;2;0;0;0m██        
[38;2;0;0;0m            ████[38;2;232;120;128m██████████████████[38;2;184;96;96m████[38;2;0;0;0m██        
[38;2;0;0;0m          ██[38;2;184;96;96m██[38;2;232;120;128m██[38;2;240;168;96m██[38;2;240;216;64m████[38;2;240;168;96m██[38;2;232;120;128m████[38;2;240;216;64m████[38;2;232;120;128m██[38;2;184;96;96m████[38;2;160;72;72m██[38;2;0;0;0m██      
[38;2;0;0;0m        ██[38;2;240;216;64m██[38;2;240;168;96m██[38;2;232;120;128m████[38;2;240;168;96m██[38;2;240;216;64m██████[38;2;240;168;96m██[38;2;232;120;128m██[38;2;240;168;96m██[38;2;184;160;64m████[38;2;184;96;96m████[38;2;0;0;0m██      
[38;2;0;0;0m        ██[38;2;184;96;96m██[38;2;240;216;64m████[38;2;240;168;96m██[38;2;232;120;128m██████████████[38;2;184;96;96m████████[38;2;160;72;72m██[38;2;0;0;0m██    
[38;2;0;0;0m      ████[38;2;184;96;96m████[38;2;232;120;128m████████████████[38;2;184;96;96m████████████[38;2;160;72;72m██[38;2;0;0;0m██  
[38;2;0;0;0m    ██[38;2;208;96;64m██[38;2;240;144;40m██[38;2;0;0;0m██[38;2;184;96;96m██████[38;2;232;120;128m██[38;2;240;168;96m██[38;2;240;216;64m████[38;2;232;120;128m██[38;2;184;96;96m██████████[38;2;184;128;80m██[38;2;184;160;64m████[38;2;0;0;0m██  
[38;2;0;0;0m    ██[38;2;240;144;40m██[38;2;208;96;64m████[38;2;64;64;64m████[38;2;184;96;96m████████[38;2;184;160;64m██████[38;2;184;96;96m████[38;2;184;128;80m██[38;2;184;160;64m████[38;2;184;128;80m██[38;2;184;96;96m██[38;2;0;0;0m██  
[38;2;0;0;0m  ██[38;2;240;144;40m██[38;2;208;96;64m████[38;2;64;64;64m██[38;2;248;248;248m██[38;2;184;184;184m██[38;2;64;64;64m██████[38;2;184;96;96m████[38;2;64;64;64m████[38;2;184;96;96m████████████[38;2;0;0;0m██    
[38;2;0;0;0m  ██[38;2;240;144;40m██[38;2;208;96;64m████[38;2;0;0;0m██[38;2;184;184;184m██[38;2;160;160;144m██[38;2;64;64;64m██[38;2;248;248;248m██[38;2;184;184;184m██[38;2;64;64;64m████[38;2;240;144;40m████[38;2;64;64;64m██[38;2;184;96;96m██████[38;2;64;64;64m██[38;2;0;0;0m██      
[38;2;0;0;0m  ██[38;2;208;96;64m████[38;2;0;0;0m██  ████[38;2;64;64;64m██[38;2;184;184;184m██[38;2;160;160;144m██[38;2;64;64;64m██[38;2;240;144;40m██████[38;2;208;96;64m██[38;2;64;64;64m██████[38;2;168;88;56m████[38;2;0;0;0m██    
[38;2;0;0;0m  ██[38;2;208;96;64m██[38;2;0;0;0m██        ██████[38;2;240;144;40m████████[38;2;208;96;64m██[38;2;0;0;0m██[38;2;208;96;64m██[38;2;240;144;40m██[38;2;64;64;64m██[38;2;168;88;56m████[38;2;0;0;0m██  
[38;2;0;0;0m    ██              ██[38;2;240;144;40m████████[38;2;0;0;0m██  ██[38;2;208;96;64m██[38;2;240;144;40m██[38;2;64;64;64m██[38;2;168;88;56m██[38;2;0;0;0m██  
[38;2;0;0;0m                    ██[38;2;240;144;40m██████[38;2;208;96;64m██[38;2;0;0;0m██    ██[38;2;208;96;64m██[38;2;0;0;0m████    
[38;2;0;0;0m                    ██[38;2;208;96;64m██[38;2;240;144;40m██[38;2;208;96;64m██[38;2;0;0;0m██      ██[38;2;208;96;64m██[38;2;0;0;0m██      
[38;2;0;0;0m                      ██[38;2;240;144;40m██[38;2;0;0;0m██          ██        
[38;2;0;0;0m                      ██[38;2;208;96;64m██[38;2;0;0;0m██                    
[38;2;0;0;0m                        ██                      
[38;2;0;0;0m                                                [0m
