
[38;2;0;0;0m                                                
[38;2;0;0;0m                      ██████                    
[38;2;0;0;0m                    ██[38;2;240;120;168m████[38;2;240;208;72m██[38;2;0;0;0m██                  
[38;2;0;0;0m                  ██[38;2;184;160;64m██[38;2;240;208;72m██[38;2;240;120;168m██████[38;2;0;0;0m██                
[38;2;0;0;0m                  ██[38;2;144;72;96m██[38;2;184;96;120m████[38;2;184;160;64m██[38;2;144;72;96m██[38;2;0;0;0m██                
[38;2;0;0;0m                  ██[38;2;64;64;64m██[38;2;144;72;96m██████[38;2;64;64;64m██[38;2;0;0;0m████  ██████      
[38;2;0;0;0m                    ██[38;2;64;64;64m██[38;2;184;160;64m██[38;2;64;64;64m██[38;2;240;144;40m██████[38;2;0;0;0m██[38;2;240;120;168m██[38;2;240;208;72m██[38;2;184;160;64m██[38;2;0;0;0m██    
[38;2;0;0;0m                ██████[38;2;240;144;40m████[38;2;192;112;80m████[38;2;240;144;40m██[38;2;64;64;64m██[38;2;240;120;168m██████[38;2;240;208;72m██[38;2;184;160;64m██[38;2;0;0;0m██  
[38;2;0;0;0m            ████[38;2;192;112;80m██[38;2;240;144;40m████[38;2;64;64;64m████[38;2;240;144;40m████[38;2;192;112;80m██[38;2;64;64;64m██[38;2;184;160;64m████[38;2;184;96;120m████[38;2;144;72;96m██[38;2;0;0;0m██  
[38;2;0;0;0m          ████[38;2;248;248;248m██[38;2;192;112;80m██[38;2;240;144;40m████████[38;2;64;64;64m██[38;2;240;144;40m████[38;2;192;112;80m██[38;2;64;64;64m██[38;2;144;72;96m██████[38;2;64;64;64m██[38;2;0;0;0m██  
[38;2;0;0;0m      ████[38;2;64;64;64m██[38;2;184;184;184m██[38;2;192;112;80m██[38;2;240;144;40m██████[38;2;192;112;80m██[38;2;184;184;184m████[38;2;64;64;64m██[38;2;192;112;80m██[38;2;240;144;40m██[38;2;192;112;80m██[38;2;64;64;64m████[38;2;0;0;0m████    
[38;2;0;0;0m    ██[38;2;192;112;80m████[38;2;64;64;64m██[38;2;192;112;80m████[38;2;168;88;56m████[38;2;192;112;80m██[38;2;184;184;184m██[38;2;248;248;248m██[38;2;0;0;0m██[38;2;248;248;248m██[38;2;64;64;64m██[38;2;192;112;80m██[38;2;64;64;64m██[38;2;192;112;80m██[38;2;64;64;64m██[38;2;0;0;0m██      
[38;2;0;0;0m  ██[38;2;192;112;80m████████[38;2;64;64;64m██[38;2;168;88;56m██[38;2;240;144;40m████[38;2;168;88;56m██[38;2;184;184;184m██[38;2;0;0;0m████[38;2;248;248;248m██[38;2;64;64;64m████[38;2;240;144;40m██[38;2;64;64;64m████[38;2;168;88;56m██[38;2;0;0;0m██    
[38;2;0;0;0m  ██[38;2;64;64;64m██[38;2;192;112;80m████[38;2;0;0;0m████[38;2;248;248;248m██[38;2;64;64;64m██████[38;2;168;88;56m██[38;2;248;248;248m████[38;2;64;64;64m██[38;2;240;144;40m████[38;2;192;112;80m██[38;2;64;64;64m██[38;2;192;112;80m██[38;2;64;64;64m██[38;2;168;88;56m██[38;2;0;0;0m██  
[38;2;0;0;0m  ██[38;2;192;112;80m██[38;2;64;64;64m██[38;2;0;0;0m██    ████[38;2;64;64;64m██[38;2;248;248;248m██[38;2;192;112;80m██[38;2;168;88;56m██[38;2;64;64;64m██[38;2;240;144;40m████[38;2;192;112;80m████[38;2;64;64;64m██[38;2;168;88;56m██[38;2;192;112;80m██[38;2;0;0;0m████  
[38;2;0;0;0m  ██[38;2;192;112;80m██[38;2;0;0;0m██          ██████[38;2;64;64;64m██[38;2;192;112;80m██[38;2;240;144;40m████[38;2;192;112;80m████[38;2;0;0;0m████[38;2;192;112;80m██[38;2;0;0;0m██    
[38;2;0;0;0m    ██                  ██[38;2;240;144;40m████[38;2;192;112;80m████[38;2;0;0;0m██    ████    
[38;2;0;0;0m                        ██[38;2;240;144;40m██[38;2;64;64;64m████[38;2;192;112;80m██[38;2;0;0;0m██            
[38;2;0;0;0m                        ██[38;2;64;64;64m██[38;2;192;112;80m██[38;2;64;64;64m██[38;2;0;0;0m██              
[38;2;0;0;0m                          ██[38;2;192;112;80m██[38;2;0;0;0m██                
[38;2;0;0;0m                          ████                  
[38;2;0;0;0m                                                [0m
