
                   [38;2;0;0;0m▄                        [0m
                  [38;2;0;0;0m[48;2;0;0;0m▀[38;2;74;140;74m[48;2;74;140;74m▀[38;2;0;0;0m[48;2;0;0;0m▀[49m ▄[48;2;90;173;122m▀[49m▄          ▄▄▄▄▄    [0m
                  [38;2;0;0;0m[48;2;0;0;0m▀[38;2;74;140;74m[48;2;74;140;74m▀[38;2;63;85;57m[48;2;90;127;82m▀[38;2;8;0;8m[48;2;63;85;57m▀[38;2;74;140;74m[48;2;86;177;122m▀[38;2;86;177;122m▀[38;2;0;0;0m[48;2;0;0;0m▀[49m      ▄▄[48;2;103;103;91m▀▀[38;2;103;103;91m▀[38;2;101;104;90m[48;2;101;104;90m▀[38;2;255;255;255m▀[48;2;255;255;255m▀▀[38;2;8;4;0m▀[48;2;90;88;85m▀[38;2;0;0;0m[49m▄ [0m
                   [38;2;0;0;0m[48;2;0;0;0m▀[38;2;78;133;86m[48;2;78;133;86m▀[38;2;74;86;58m[48;2;82;181;114m▀[38;2;90;181;122m[48;2;90;181;122m▀[38;2;60;122;81m[48;2;0;4;0m▀[38;2;0;0;0m[49m▀    ▄[48;2;103;103;91m▀[38;2;103;103;91m▀[38;2;104;106;94m[48;2;104;106;94m▀▀[38;2;103;103;91m[48;2;103;103;91m▀[48;2;0;0;0m▀[38;2;99;99;95m▀[38;2;198;198;190m▀[38;2;201;198;190m[48;2;201;198;190m▀▀[38;2;198;198;182m[48;2;104;107;99m▀[38;2;104;107;99m[48;2;57;61;57m▀[38;2;0;0;0m[48;2;0;0;0m▀[49m [0m
           [38;2;0;0;0m▄  ▄ ▄[48;2;231;247;175m▀[38;2;0;0;8m[48;2;231;247;167m▀[38;2;77;82;61m▀[38;2;77;129;85m[48;2;66;74;58m▀[38;2;88;184;112m[48;2;77;129;85m▀[38;2;74;140;74m[48;2;0;0;0m▀[38;2;0;0;0m[49m▀   ▄▄[48;2;103;103;91m▀[38;2;104;106;94m[48;2;104;106;94m▀▀[38;2;103;103;91m[48;2;0;0;0m▀[38;2;0;0;0m[49m▀▀   ▀▀▀▀  [0m
          [38;2;0;0;0m[48;2;0;0;0m▀[38;2;255;255;255m[48;2;255;255;255m▀[38;2;0;4;0m▀[48;2;170;171;170m▀[38;2;239;247;199m[48;2;80;82;66m▀[38;2;0;0;0m[48;2;239;247;199m▀[38;2;231;247;167m[48;2;231;247;167m▀[48;2;239;177;115m▀[38;2;225;247;148m[48;2;225;247;148m▀▀[38;2;222;247;150m[48;2;222;247;150m▀[38;2;162;176;106m▀[38;2;0;0;0m[48;2;165;173;109m▀[49m▄▄[48;2;255;255;255m▀[48;2;85;85;82m▀[38;2;255;255;247m▀[38;2;255;255;255m[48;2;255;255;255m▀[38;2;82;82;66m▀[38;2;85;85;85m▀[38;2;0;0;0m▀[49m▄           [0m
          [38;2;0;0;0m▄[48;2;66;66;66m▀[38;2;255;255;255m[48;2;192;192;192m▀[38;2;66;66;66m[48;2;66;66;66m▀[38;2;222;247;150m[48;2;222;247;150m▀[38;2;238;175;114m[48;2;238;175;114m▀[38;2;222;247;150m▀[38;2;238;175;114m[48;2;222;247;150m▀[38;2;225;247;148m[48;2;225;247;148m▀▀[38;2;222;247;150m[48;2;222;247;150m▀[48;2;162;176;106m▀[38;2;145;145;126m[48;2;90;90;66m▀[38;2;90;90;66m[48;2;255;255;247m▀[38;2;255;255;255m[48;2;255;255;255m▀[48;2;101;104;90m▀[38;2;198;198;190m[48;2;198;198;190m▀[38;2;82;79;69m[48;2;82;79;69m▀[38;2;255;255;255m[48;2;255;255;255m▀▀▀▀▀[38;2;0;0;0m[48;2;0;0;0m▀[49m          [0m
          [38;2;0;0;0m▀[38;2;255;255;255m[48;2;0;0;0m▀[38;2;192;192;192m[48;2;255;255;255m▀[38;2;66;66;66m[48;2;192;192;192m▀[38;2;255;239;143m[48;2;99;74;67m▀[38;2;203;184;118m[48;2;203;184;118m▀[38;2;238;175;114m[48;2;238;175;114m▀[38;2;222;247;150m[48;2;222;247;150m▀▀[48;2;162;176;106m▀[38;2;165;175;106m[48;2;82;82;66m▀▀[38;2;82;82;66m[48;2;255;255;255m▀[38;2;255;255;255m▀[38;2;104;104;91m[48;2;104;104;91m▀[38;2;198;198;190m[48;2;198;198;190m▀[38;2;79;80;71m[48;2;79;80;71m▀[38;2;101;104;93m[48;2;101;104;93m▀[38;2;104;106;94m[48;2;104;106;94m▀▀[38;2;255;255;255m[48;2;101;104;90m▀[48;2;255;255;255m▀▀[38;2;0;0;0m[48;2;0;0;0m▀[49m          [0m
         [38;2;0;0;0m▄[48;2;82;127;78m▀[38;2;82;127;78m▀[38;2;198;198;190m[48;2;66;66;66m▀[38;2;66;66;66m[48;2;198;198;190m▀[38;2;222;181;126m[48;2;111;90;71m▀[38;2;0;0;16m▀[38;2;79;80;71m[48;2;101;104;93m▀▀[38;2;80;68;53m[48;2;80;68;53m▀[38;2;0;12;16m[48;2;239;181;127m▀[38;2;205;185;101m[48;2;255;239;71m▀[38;2;255;239;71m[48;2;156;132;132m▀[38;2;255;255;255m[48;2;255;255;255m▀[38;2;101;104;90m[48;2;101;104;90m▀[38;2;198;198;182m[48;2;66;66;66m▀[38;2;66;66;66m[48;2;110;110;105m▀[38;2;104;106;94m[48;2;104;106;94m▀▀[38;2;103;103;91m[48;2;103;103;91m▀[38;2;66;66;66m▀[38;2;57;57;57m[48;2;120;120;120m▀[38;2;247;247;247m[48;2;57;57;57m▀[38;2;255;255;255m[48;2;200;195;190m▀[38;2;200;195;190m▀[38;2;0;0;0m[48;2;198;198;190m▀[49m▄        [0m
       [38;2;0;0;0m▄▄[48;2;255;255;255m▀[38;2;96;96;85m▀[48;2;96;96;85m▀[38;2;82;80;69m[48;2;82;80;69m▀[38;2;66;66;66m[48;2;66;66;66m▀[38;2;102;104;90m[48;2;102;104;90m▀[48;2;82;82;66m▀[38;2;104;106;94m[48;2;104;106;94m▀▀[38;2;255;255;255m[48;2;90;90;82m▀[38;2;90;90;82m[48;2;255;255;255m▀[38;2;82;78;66m[48;2;197;196;192m▀[38;2;255;255;255m▀[38;2;192;192;192m[48;2;192;192;192m▀[38;2;66;66;66m[48;2;255;255;255m▀[38;2;103;103;91m[48;2;66;66;66m▀[48;2;103;103;91m▀[38;2;102;104;90m[48;2;102;104;90m▀[48;2;82;82;66m▀[38;2;82;82;66m[48;2;87;175;119m▀▀[38;2;102;104;90m[48;2;82;82;66m▀[48;2;102;104;90m▀[38;2;66;66;66m[48;2;66;66;66m▀[38;2;198;198;190m[48;2;198;198;190m▀[48;2;0;0;0m▀[38;2;0;0;0m[49m▀        [0m
   [38;2;0;0;0m▄▄▄[38;2;16;12;0m[48;2;96;93;85m▀[38;2;255;255;255m▀[48;2;82;82;66m▀[48;2;255;255;255m▀[48;2;200;195;190m▀[38;2;200;195;190m▀[38;2;74;74;66m[48;2;198;198;190m▀▀[38;2;66;66;66m[48;2;66;66;66m▀[38;2;103;103;91m▀[38;2;107;103;91m▀[48;2;80;78;74m▀[38;2;82;79;69m[48;2;198;198;190m▀[38;2;198;198;190m▀[38;2;200;195;190m[48;2;255;255;255m▀▀[38;2;255;255;255m▀[48;2;66;66;66m▀[48;2;74;70;66m▀[38;2;74;70;66m▀[38;2;102;104;90m[48;2;82;82;66m▀[48;2;102;104;90m▀[38;2;79;80;71m[48;2;101;104;93m▀▀[38;2;90;173;122m[48;2;90;107;90m▀[38;2;90;107;90m[48;2;90;74;74m▀[38;2;107;107;91m[48;2;66;66;66m▀[38;2;66;66;66m[48;2;80;80;74m▀[38;2;0;0;0m[48;2;82;78;70m▀[49m▄        [0m
 [38;2;0;0;0m▄[48;2;132;132;108m▀[38;2;132;132;108m[48;2;88;88;72m▀[38;2;82;79;69m[48;2;132;130;105m▀[38;2;132;130;105m▀[48;2;82;79;69m▀▀[48;2;132;130;105m▀[38;2;82;79;69m▀[38;2;198;198;190m[48;2;0;0;0m▀[38;2;0;0;0m[49m▀▀▀[38;2;66;66;63m[48;2;0;0;0m▀[38;2;198;198;190m[48;2;66;66;63m▀[38;2;82;86;82m[48;2;82;86;82m▀[38;2;255;255;255m[48;2;255;255;255m▀▀[48;2;66;66;66m▀[48;2;255;255;255m▀[48;2;66;66;66m▀[38;2;74;71;69m[48;2;0;0;0m▀▀[38;2;82;80;69m[48;2;66;66;66m▀▀[38;2;66;66;66m[48;2;255;255;255m▀▀[38;2;101;104;93m[48;2;79;80;71m▀▀[38;2;55;85;63m[48;2;93;170;125m▀[38;2;93;170;125m[48;2;16;0;0m▀[38;2;0;0;0m[49m▀[38;2;82;78;70m[48;2;0;0;0m▀[38;2;82;81;69m[48;2;82;81;69m▀▀[38;2;0;0;0m[48;2;82;78;70m▀[49m▄      [0m
 [38;2;0;0;0m▀[38;2;148;154;116m[48;2;0;0;0m▀[38;2;74;77;58m[48;2;222;231;174m▀[38;2;82;82;66m[48;2;231;247;167m▀▀[38;2;222;247;150m[48;2;222;247;150m▀[38;2;82;82;66m▀[38;2;88;85;72m[48;2;88;85;72m▀[38;2;132;127;108m[48;2;0;0;0m▀[38;2;0;0;0m[49m▀  ▀[38;2;74;71;69m[48;2;0;0;0m▀▀[38;2;82;78;70m▀[38;2;0;0;0m[49m▀[38;2;255;255;255m[48;2;0;0;0m▀[38;2;0;0;0m[49m▀[38;2;255;255;255m[48;2;0;0;0m▀[38;2;0;0;0m[49m▀  [48;2;0;0;0m▀[38;2;255;255;255m[48;2;255;255;255m▀▀▀▀[48;2;200;195;190m▀[38;2;198;198;190m[48;2;0;0;0m▀[38;2;66;66;63m▀[38;2;0;0;0m[48;2;77;74;69m▀[38;2;77;74;69m▀[38;2;82;80;69m[48;2;82;80;69m▀[48;2;66;66;66m▀[48;2;82;80;69m▀[38;2;0;0;0m[48;2;0;0;0m▀[49m      [0m
 [38;2;0;0;0m[48;2;0;0;0m▀[38;2;225;250;148m[48;2;225;250;148m▀[38;2;236;244;177m▀▀[38;2;225;250;148m▀[38;2;225;247;148m[48;2;225;247;148m▀▀[38;2;162;176;106m[48;2;162;176;106m▀▀[38;2;0;0;0m[48;2;0;0;0m▀[49m           ▄[48;2;103;103;91m▀[38;2;104;106;94m[48;2;104;106;94m▀▀[38;2;255;255;255m[48;2;101;104;90m▀▀[48;2;0;0;0m▀[38;2;0;0;0m[49m▀  ▀▀▀▀▀       [0m
 [38;2;0;0;0m▀[38;2;222;247;150m[48;2;0;0;0m▀[48;2;222;247;150m▀[38;2;225;247;148m[48;2;225;247;148m▀▀[38;2;222;247;150m[48;2;162;176;106m▀[38;2;162;176;106m▀[38;2;165;173;109m[48;2;165;173;109m▀[48;2;0;0;0m▀[38;2;0;0;0m[49m▀           ▀[38;2;103;103;91m[48;2;0;0;0m▀[38;2;66;69;61m▀[38;2;99;103;91m[48;2;99;103;91m▀[38;2;66;66;66m[48;2;66;66;66m▀[38;2;103;103;91m[48;2;103;103;91m▀[38;2;0;0;0m▀[49m▄              [0m
   [38;2;0;0;0m▀[38;2;165;173;109m[48;2;0;0;0m▀▀▀▀[38;2;0;0;0m[49m▀                ▀▀▀▀               [0m
                                            [0m
