
       [38;2;49;49;49m▄▄             [0m
     [38;2;49;49;49m▄[48;2;82;82;82m▀[38;2;213;156;65m[48;2;172;123;65m▀[38;2;49;49;49m▀[49m▄▄           [0m
  [38;2;49;49;49m▄[48;2;246;74;57m▀[48;2;255;205;41m▀[38;2;213;156;65m[48;2;172;123;65m▀[38;2;222;180;123m[48;2;222;180;123m▀▀[38;2;213;156;65m[48;2;213;156;65m▀▀[38;2;172;123;65m▀[38;2;49;49;49m[48;2;172;123;65m▀[48;2;213;156;65m▀[48;2;49;49;49m▀[49m  ▄ ▄   [0m
 [38;2;49;49;49m[48;2;49;49;49m▀[38;2;172;123;65m[48;2;238;205;172m▀[38;2;49;49;49m[48;2;82;82;82m▀[38;2;246;74;57m[48;2;246;74;57m▀[38;2;82;82;82m[48;2;82;82;82m▀[38;2;172;123;65m▀[38;2;213;156;65m[48;2;255;148;139m▀[48;2;246;74;57m▀[48;2;255;205;41m▀[48;2;82;82;82m▀[48;2;172;123;65m▀[38;2;172;123;65m[48;2;49;49;49m▀[38;2;49;49;49m[49m▀ [48;2;49;49;49m▀[38;2;255;255;255m[48;2;255;255;255m▀[38;2;82;82;82m▀[38;2;255;255;255m▀[38;2;49;49;49m[48;2;49;49;49m▀[49m  [0m
 [38;2;49;49;49m▀[38;2;238;205;172m[48;2;49;49;49m▀[48;2;238;205;172m▀[48;2;189;156;115m▀[48;2;238;205;172m▀[38;2;246;74;57m▀[38;2;49;49;49m[48;2;82;82;82m▀[38;2;246;74;57m[48;2;246;74;57m▀[38;2;255;205;41m[48;2;255;205;41m▀[38;2;246;74;57m[48;2;246;74;57m▀[38;2;82;82;82m[48;2;82;82;82m▀[48;2;172;123;65m▀[38;2;49;49;49m[48;2;49;49;49m▀[49m▀[38;2;255;255;255m[48;2;49;49;49m▀[38;2;189;189;180m[48;2;189;189;180m▀[38;2;255;255;255m▀[38;2;189;189;180m▀[38;2;255;255;255m[48;2;49;49;49m▀[38;2;49;49;49m[49m▀ [0m
   [38;2;49;49;49m[48;2;49;49;49m▀[38;2;189;189;180m[48;2;255;255;255m▀[38;2;189;156;115m[48;2;82;82;82m▀[38;2;238;205;172m[48;2;131;98;65m▀[48;2;238;205;172m▀▀▀[48;2;189;156;115m▀[38;2;189;156;115m[48;2;131;98;65m▀[38;2;131;98;65m[48;2;172;123;65m▀[38;2;49;49;49m▀[49m▄ [48;2;49;49;49m▀[38;2;172;123;65m[48;2;172;123;65m▀[38;2;49;49;49m[48;2;49;49;49m▀[49m   [0m
    [38;2;49;49;49m▀[38;2;172;123;65m[48;2;49;49;49m▀[38;2;82;82;82m[48;2;131;98;65m▀[48;2;189;156;115m▀▀▀[38;2;131;98;65m[48;2;82;82;82m▀[38;2;82;82;82m[48;2;222;180;123m▀[38;2;213;156;65m[48;2;213;156;65m▀[48;2;82;82;82m▀[38;2;172;123;65m[48;2;172;123;65m▀[38;2;49;49;49m[48;2;82;82;82m▀[38;2;172;123;65m[48;2;131;98;65m▀[38;2;49;49;49m[48;2;49;49;49m▀[49m    [0m
    [38;2;49;49;49m[48;2;49;49;49m▀[38;2;82;82;82m▀▀[38;2;189;156;115m▀[48;2;189;156;115m▀▀[48;2;82;82;82m▀[38;2;82;82;82m[48;2;172;123;65m▀▀[38;2;172;123;65m▀▀[38;2;49;49;49m[48;2;49;49;49m▀[49m▀     [0m
        [38;2;49;49;49m▀▀▀[38;2;131;98;65m[48;2;49;49;49m▀[38;2;172;123;65m[48;2;82;82;82m▀▀[38;2;49;49;49m[48;2;49;49;49m▀[49m       [0m
            [38;2;49;49;49m▀▀        [0m
