
    [38;2;0;0;0m▄▄                      [0m
   [38;2;0;0;0m▀[38;2;159;159;159m[48;2;0;0;0m▀[48;2;159;159;159m▀[38;2;0;0;0m[48;2;165;165;165m▀[38;2;0;4;0m[49m▄                    [0m
    [38;2;0;0;0m[48;2;0;0;0m▀[38;2;159;159;159m[48;2;66;66;66m▀[38;2;55;58;55m▀[38;2;0;4;0m[48;2;0;0;0m▀[38;2;0;0;0m[48;2;99;99;99m▀[49m▄[48;2;192;192;192m▀▀▀[48;2;66;66;66m▀[49m▄       ▄▄[48;2;189;189;189m▀▀[49m▄ [0m
   [38;2;0;0;0m[48;2;0;0;0m▀[38;2;66;66;66m[48;2;66;66;66m▀▀▀[48;2;0;0;0m▀[38;2;99;99;99m[48;2;66;66;66m▀[38;2;66;66;66m[48;2;189;189;189m▀[38;2;99;99;99m[48;2;192;192;192m▀▀[38;2;192;192;192m[48;2;107;107;107m▀[38;2;66;66;66m[48;2;66;66;66m▀[38;2;99;99;99m[48;2;99;99;99m▀[38;2;0;0;0m[48;2;66;66;66m▀[49m▄[48;2;99;99;99m▀[49m▄  [48;2;0;0;0m▀[38;2;189;189;189m[48;2;192;192;192m▀▀[48;2;0;0;0m▀[38;2;0;0;0m[49m▀  [0m
   [38;2;0;0;0m▀[38;2;66;66;66m[48;2;0;0;0m▀▀[38;2;0;0;0m[48;2;99;102;99m▀[38;2;99;99;99m▀[38;2;66;66;66m[48;2;66;66;66m▀[38;2;107;107;107m[48;2;189;189;189m▀[38;2;99;99;99m[48;2;192;192;192m▀[38;2;192;192;192m[48;2;99;99;99m▀[38;2;189;189;189m[48;2;66;66;66m▀[38;2;66;66;66m[48;2;99;99;99m▀[48;2;99;102;99m▀[38;2;99;99;99m▀[48;2;99;99;99m▀[48;2;66;66;66m▀[38;2;0;0;0m▀[49m▄[48;2;99;102;99m▀[38;2;189;189;189m▀[38;2;99;99;99m▀[38;2;192;192;192m▀[38;2;0;0;0m[48;2;0;0;0m▀[49m   [0m
  [38;2;0;0;0m▄[48;2;189;198;189m▀[48;2;66;66;66m▀[38;2;66;66;66m[48;2;107;107;107m▀[38;2;99;102;99m[48;2;255;132;71m▀[48;2;0;0;0m▀[38;2;107;107;107m[48;2;255;132;71m▀[38;2;66;66;66m[48;2;99;99;99m▀[38;2;192;192;192m[48;2;66;66;66m▀▀[38;2;66;66;66m[48;2;119;82;67m▀[38;2;99;99;99m▀[38;2;99;102;99m[48;2;99;99;99m▀▀[38;2;99;99;99m[48;2;99;102;99m▀▀▀▀[38;2;99;102;99m[48;2;99;99;99m▀▀▀[48;2;0;0;0m▀[38;2;0;0;0m[49m▀   [0m
 [38;2;0;0;0m▄[48;2;189;189;189m▀[38;2;94;99;94m▀[38;2;189;189;189m[48;2;192;192;192m▀[38;2;66;66;66m[48;2;66;66;66m▀[38;2;255;132;71m[48;2;120;93;75m▀[38;2;0;0;0m[48;2;247;140;79m▀[38;2;255;132;71m[48;2;99;99;99m▀[38;2;99;99;99m▀[48;2;99;102;99m▀▀[38;2;239;148;103m[48;2;247;140;79m▀[38;2;0;16;32m[48;2;0;12;24m▀[38;2;255;132;71m[48;2;255;135;71m▀[38;2;99;99;99m▀[38;2;99;102;99m[48;2;255;132;71m▀[48;2;99;99;99m▀[48;2;107;107;107m▀[48;2;66;66;66m▀[38;2;66;66;66m[48;2;189;189;189m▀[38;2;99;99;99m[48;2;63;63;63m▀[48;2;0;0;0m▀[38;2;0;0;0m[49m▀    [0m
 [38;2;0;0;0m▄[48;2;189;189;189m▀[38;2;189;189;189m▀[38;2;192;192;192m[48;2;99;99;99m▀[48;2;192;192;192m▀[38;2;57;70;73m[48;2;99;99;99m▀[48;2;247;255;247m▀[38;2;66;66;66m[48;2;192;192;192m▀[48;2;255;255;255m▀[38;2;99;102;99m[48;2;66;66;66m▀▀[38;2;123;76;51m▀[38;2;247;140;79m▀[38;2;255;135;71m▀▀[38;2;99;99;99m▀▀[38;2;66;66;66m[48;2;192;192;192m▀[38;2;189;189;189m▀[48;2;99;99;99m▀[38;2;0;0;0m▀[49m▄ ▄▄  [0m
  [38;2;0;0;0m▀[38;2;94;94;94m[48;2;0;0;0m▀[38;2;192;192;192m[48;2;159;157;159m▀[48;2;189;189;189m▀[38;2;198;203;198m[48;2;192;192;192m▀[38;2;99;99;99m▀[38;2;255;255;255m[48;2;99;99;99m▀[38;2;192;192;192m▀[38;2;255;255;255m[48;2;198;203;198m▀[38;2;192;192;192m[48;2;247;255;247m▀[38;2;255;255;255m[48;2;198;203;198m▀[38;2;192;192;192m[48;2;247;255;247m▀[38;2;255;255;255m[48;2;99;99;99m▀▀[38;2;107;107;107m[48;2;192;192;192m▀[38;2;189;189;189m▀[38;2;192;192;192m▀▀[48;2;101;104;101m▀▀[38;2;189;189;189m[48;2;66;66;66m▀[38;2;0;0;0m[48;2;132;119;108m▀[38;2;137;115;105m[48;2;137;115;105m▀[48;2;0;0;0m▀[38;2;0;0;0m[49m▀ [0m
 [38;2;0;0;0m▄[48;2;136;119;104m▀[38;2;66;66;66m[48;2;66;66;66m▀[38;2;159;157;159m▀[48;2;159;159;159m▀[38;2;192;192;192m▀[48;2;189;189;189m▀▀▀[38;2;99;99;99m[48;2;192;192;192m▀▀▀▀[38;2;192;192;192m▀▀[48;2;189;189;189m▀▀[38;2;99;99;99m▀[38;2;192;192;192m[48;2;99;99;99m▀[38;2;189;189;189m[48;2;192;192;192m▀[38;2;57;61;57m▀[38;2;110;101;94m[48;2;66;66;66m▀[38;2;66;66;66m[48;2;99;99;99m▀[38;2;137;115;105m[48;2;66;66;66m▀[48;2;0;0;0m▀[38;2;0;0;0m[49m▀ [0m
 [38;2;0;0;0m▀[38;2;136;119;104m[48;2;0;0;0m▀▀[38;2;66;66;66m▀[38;2;159;159;159m▀[38;2;99;99;99m[48;2;159;159;159m▀[38;2;189;189;189m▀[38;2;159;157;159m▀[38;2;189;189;189m▀[38;2;192;192;192m[48;2;189;189;189m▀[48;2;159;157;159m▀[48;2;189;189;189m▀[48;2;159;157;159m▀[48;2;159;159;159m▀[48;2;99;99;99m▀[38;2;189;189;189m[48;2;159;159;159m▀[38;2;159;157;159m▀[38;2;159;159;159m[48;2;156;156;156m▀[48;2;96;96;96m▀[38;2;66;66;66m[48;2;66;66;66m▀[48;2;110;101;94m▀[38;2;99;99;99m[48;2;99;99;99m▀▀[48;2;0;0;0m▀[38;2;0;0;0m[49m▀  [0m
      [38;2;0;0;0m▀[38;2;159;159;159m[48;2;0;0;0m▀[48;2;96;96;96m▀[48;2;156;156;156m▀[38;2;159;157;159m[48;2;159;159;159m▀[38;2;189;189;189m▀[38;2;159;157;159m▀[38;2;189;189;189m▀[38;2;159;159;159m[48;2;99;99;99m▀[48;2;159;159;159m▀[38;2;99;99;99m[48;2;99;99;99m▀[38;2;159;159;159m▀[38;2;96;96;96m[48;2;126;115;105m▀[38;2;66;66;66m[48;2;74;70;66m▀[38;2;132;119;108m[48;2;136;119;104m▀[38;2;66;66;66m[48;2;66;66;66m▀[48;2;173;156;149m▀▀[38;2;173;156;149m▀[38;2;0;0;0m[48;2;0;0;0m▀[49m  [0m
     [38;2;0;0;0m▄[38;2;0;4;8m▄[38;2;0;0;0m[48;2;137;122;108m▀[38;2;66;66;66m[48;2;66;66;66m▀[38;2;156;156;156m▀[38;2;99;99;99m▀[38;2;159;159;159m[48;2;99;99;99m▀[48;2;156;156;156m▀[48;2;0;0;0m▀[38;2;99;99;99m▀▀[38;2;136;115;104m[48;2;123;113;102m▀[48;2;181;165;149m▀[38;2;179;161;144m[48;2;176;154;144m▀▀[38;2;66;66;66m[48;2;69;63;61m▀[38;2;136;119;104m[48;2;137;122;113m▀[38;2;58;55;55m[48;2;0;0;0m▀[38;2;0;4;8m[49m▀[38;2;0;0;0m▀   [0m
    [38;2;0;0;0m[48;2;0;0;0m▀[38;2;140;119;108m[48;2;140;119;108m▀[38;2;137;122;108m[48;2;69;60;55m▀[38;2;69;63;58m[48;2;137;121;111m▀[38;2;136;119;104m[48;2;140;119;108m▀[48;2;0;0;0m▀[38;2;0;0;0m[49m▀▀▀   [38;2;8;8;8m[48;2;0;0;0m▀[38;2;66;60;55m[48;2;66;66;66m▀[38;2;176;154;144m▀[38;2;66;66;66m▀[38;2;69;63;61m[48;2;0;0;0m▀[38;2;0;4;8m[49m▀      [0m
     [38;2;0;0;0m▀▀▀▀      ▀[38;2;66;66;66m[48;2;0;0;0m▀[48;2;173;156;149m▀[48;2;176;154;144m▀▀[48;2;181;156;149m▀[38;2;0;0;0m[48;2;0;4;8m▀[49m      [0m
                [38;2;0;0;0m▀[38;2;173;156;149m[48;2;0;0;0m▀[38;2;66;66;66m▀[38;2;176;154;144m▀[38;2;60;55;55m▀[38;2;0;4;8m[49m▀      [0m
                            [0m
