
         [38;2;49;49;49m▄▄▄▄         [0m
      [38;2;49;49;49m▄[48;2;148;213;255m▀[48;2;172;238;255m▀[38;2;148;213;255m▀[48;2;148;213;255m▀▀▀[38;2;49;49;49m▀[48;2;90;164;197m▀[49m▄      [0m
    [38;2;49;49;49m▄[48;2;90;164;197m▀[38;2;148;213;255m[48;2;148;213;255m▀[38;2;172;238;255m▀▀[38;2;148;213;255m▀▀▀▀▀▀[38;2;90;164;197m[48;2;82;82;82m▀[38;2;49;49;49m[48;2;49;49;49m▀[49m     [0m
  [38;2;49;49;49m▄[48;2;74;106;139m▀[38;2;238;98;106m[48;2;238;98;106m▀▀[38;2;90;164;197m▀[38;2;148;213;255m[48;2;148;213;255m▀▀[48;2;255;255;255m▀[48;2;148;213;255m▀▀[38;2;82;82;82m[48;2;82;82;82m▀[38;2;148;213;255m[48;2;148;213;255m▀▀▀[38;2;90;164;197m▀[38;2;49;49;49m[48;2;49;49;49m▀[49m    [0m
 [38;2;49;49;49m[48;2;49;49;49m▀[38;2;172;238;255m[48;2;90;164;197m▀[38;2;148;213;255m[48;2;148;213;255m▀[38;2;90;164;197m▀[38;2;238;98;106m▀[38;2;180;90;106m▀[38;2;148;213;255m▀▀[38;2;49;49;49m[48;2;82;82;82m▀[38;2;148;213;255m[48;2;148;213;255m▀[38;2;82;82;82m[48;2;82;82;82m▀[38;2;148;213;255m[48;2;148;213;255m▀[48;2;238;98;106m▀[48;2;148;213;255m▀▀[48;2;238;98;106m▀[48;2;148;213;255m▀[38;2;49;49;49m[48;2;49;49;49m▀[49m▄▄ [0m
  [38;2;49;49;49m▀[38;2;148;213;255m[48;2;49;49;49m▀▀[38;2;82;82;82m▀[48;2;90;164;197m▀[38;2;148;213;255m[48;2;82;82;82m▀▀[48;2;90;164;197m▀[38;2;90;164;197m▀[38;2;82;82;82m▀[38;2;148;213;255m[48;2;82;82;82m▀[38;2;238;98;106m[48;2;180;90;106m▀[48;2;238;98;106m▀[38;2;148;213;255m[48;2;90;164;197m▀[38;2;238;98;106m[48;2;180;90;106m▀[48;2;82;82;82m▀[38;2;82;82;82m[48;2;90;164;197m▀[38;2;90;164;197m[48;2;49;49;49m▀[38;2;49;49;49m[49m▀ [0m
      [38;2;49;49;49m[48;2;49;49;49m▀[38;2;90;164;197m[48;2;197;197;205m▀[48;2;82;82;82m▀[48;2;90;164;197m▀▀▀▀[38;2;82;82;82m▀▀▀▀[38;2;90;164;197m▀▀[38;2;49;49;49m[48;2;49;49;49m▀[49m  [0m
       [38;2;49;49;49m▀▀[38;2;82;82;82m[48;2;49;49;49m▀[38;2;90;164;197m[48;2;197;197;205m▀[48;2;90;164;197m▀[48;2;49;49;49m▀[38;2;49;49;49m[49m▀▀[38;2;90;164;197m[48;2;49;49;49m▀[48;2;197;197;205m▀[48;2;90;164;197m▀[38;2;49;49;49m[48;2;49;49;49m▀[49m   [0m
          [38;2;49;49;49m▀▀    ▀▀    [0m
