
[38;2;0;0;0m                                                      
[38;2;0;0;0m                              ████                    
[38;2;0;0;0m                            ██[38;2;66;66;66m██[38;2;0;0;0m██                    
[38;2;0;0;0m          ████              ██[38;2;66;66;66m██[38;2;0;0;0m██                    
[38;2;0;0;0m        ██[38;2;181;148;117m██[38;2;0;0;0m██[38;2;107;173;83m██[38;2;65;115;57m██[38;2;0;0;0m      ████[38;2;66;66;66m██████[38;2;0;0;0m██                  
[38;2;0;0;0m    [38;2;65;115;57m██[38;2;0;20;0m██[38;2;181;165;117m██[38;2;71;80;55m██[38;2;143;159;103m██[38;2;66;117;58m██[38;2;0;0;0m      ██[38;2;66;66;66m██████████[38;2;0;0;0m██      ██████      
[38;2;0;0;0m  [38;2;65;115;57m██[38;2;107;173;83m██[38;2;121;117;78m██[38;2;181;165;117m██[38;2;143;159;103m██[38;2;0;0;8m██[38;2;0;0;0m        ██[38;2;66;66;66m████████[38;2;0;0;0m██    [38;2;65;115;57m██[38;2;107;173;83m██[38;2;0;0;0m██[38;2;181;148;117m██[38;2;66;66;66m██[38;2;0;0;0m██    
[38;2;0;0;0m    [38;2;66;117;58m██[38;2;66;115;58m██[38;2;0;0;0m██[38;2;181;148;117m██[38;2;148;115;84m██[38;2;0;0;0m██  ████[38;2;66;66;66m████████[38;2;74;63;55m██[38;2;0;4;16m██[38;2;0;0;0m██    [38;2;66;115;58m██[38;2;143;159;100m██[38;2;0;0;0m██[38;2;181;148;117m██[38;2;0;0;0m██    
[38;2;0;0;0m        ██[38;2;148;115;84m██████[38;2;0;0;0m██[38;2;148;115;84m████[38;2;66;66;66m████████[38;2;74;63;55m██[38;2;148;122;95m██[38;2;148;115;84m██[38;2;0;0;0m██  ████[38;2;143;159;100m██[38;2;181;148;117m██[38;2;0;0;0m██    
[38;2;0;0;0m      ██[38;2;148;115;84m██████[38;2;66;66;66m██[38;2;181;148;117m██[38;2;115;91;67m████[38;2;148;115;84m████████[38;2;148;118;89m██[38;2;115;90;67m██[38;2;115;91;67m██[38;2;181;148;117m██[38;2;0;0;0m██[38;2;181;148;117m██████[38;2;132;165;95m██[38;2;0;0;0m██    
[38;2;0;0;0m      ██[38;2;148;115;84m████[38;2;115;90;67m██[38;2;66;66;66m████[38;2;181;148;117m████[38;2;115;90;67m██████████[38;2;181;145;112m██[38;2;181;148;117m████[38;2;121;99;78m██[38;2;181;148;117m██████[38;2;132;165;95m████[38;2;66;117;58m██[38;2;0;0;0m  
[38;2;0;0;0m        ██[38;2;148;115;84m████[38;2;66;66;66m██[38;2;255;140;167m██[38;2;181;148;117m██████[38;2;66;66;66m████[38;2;181;148;117m██████[38;2;66;66;66m██[38;2;107;91;75m██[38;2;148;115;84m██[38;2;181;148;117m██[38;2;189;156;117m██[38;2;0;0;0m██[38;2;66;117;58m████[38;2;0;0;0m    
[38;2;0;0;0m          ████[38;2;66;66;66m██[38;2;255;140;167m██[38;2;181;148;117m████[38;2;66;66;66m████████[38;2;181;148;117m██[38;2;66;66;66m██[38;2;148;115;84m████████[38;2;126;104;78m██[38;2;0;0;0m██        
[38;2;0;0;0m              [38;2;0;0;8m██[38;2;74;59;50m██[38;2;181;148;117m████[38;2;66;66;66m██[38;2;255;140;167m██[38;2;66;66;66m████[38;2;181;148;109m██[38;2;66;66;66m██[38;2;148;115;84m██[38;2;107;91;75m██[38;2;99;81;56m██[38;2;148;119;84m██[38;2;148;115;84m██[38;2;0;0;0m██        
[38;2;0;0;0m              [38;2;0;0;8m██[38;2;148;119;92m██[38;2;148;115;84m██[38;2;181;148;117m██[38;2;66;66;66m██[38;2;255;140;167m██[38;2;66;66;66m████[38;2;181;148;109m██[38;2;143;121;95m██[38;2;66;66;66m██[38;2;148;115;84m██[38;2;148;119;84m██[38;2;0;4;0m██[38;2;0;0;0m██          
[38;2;0;0;0m                ██[38;2;148;115;84m████[38;2;66;66;66m████████[38;2;148;118;84m████[38;2;148;115;84m██[38;2;0;0;0m████              
[38;2;0;0;0m                  ████[38;2;148;115;84m██[38;2;66;66;66m████[38;2;148;115;84m██[38;2;148;118;84m████[38;2;0;0;0m██                  
[38;2;0;0;0m                      ████[38;2;148;115;84m████[38;2;0;0;0m████  ████              
[38;2;0;0;0m                    ██[38;2;66;66;66m██████████[38;2;0;0;0m████[38;2;66;66;66m████[38;2;0;0;0m██            
[38;2;0;0;0m                    ██[38;2;66;66;66m██████████████[38;2;0;0;0m████[38;2;66;66;66m██[38;2;0;0;0m██          
[38;2;0;0;0m                      ██[38;2;66;66;66m████████[38;2;0;0;0m████    ████          
[38;2;0;0;0m                        ████████                      
[38;2;0;0;0m                                                      [0m
