
 [38;2;0;0;0m▄▄              [0m
 [38;2;0;0;0m[48;2;0;0;0m▀[38;2;66;66;66m[48;2;66;61;66m▀[38;2;0;0;0m▀[49m▄            [0m
 [38;2;0;0;0m[48;2;0;0;0m▀[38;2;192;180;91m[48;2;255;255;111m▀[38;2;255;239;103m▀[38;2;66;66;66m▀[38;2;0;0;0m[48;2;0;0;0m▀[49m     ▄▄▄   [0m
 [38;2;0;0;0m▀[38;2;255;255;111m[48;2;0;0;0m▀[48;2;127;127;55m▀[38;2;127;127;55m[48;2;255;255;111m▀[38;2;0;0;0m▀▀[48;2;197;156;69m▀[38;2;24;12;8m[49m▄[38;2;0;0;0m[48;2;178;174;77m▀[48;2;255;255;111m▀[38;2;66;66;66m[48;2;197;156;69m▀[48;2;66;66;66m▀[38;2;0;0;0m[48;2;0;0;0m▀[49m   [0m
 [38;2;0;0;0m▄[48;2;255;255;159m▀[38;2;255;255;111m▀[48;2;255;255;111m▀▀▀▀[38;2;101;93;42m▀[38;2;255;255;111m▀[48;2;255;247;111m▀[48;2;170;165;74m▀[38;2;66;66;66m[48;2;0;0;0m▀[38;2;0;0;0m[49m▀   [0m
 [38;2;0;0;0m[48;2;198;75;86m▀[48;2;247;239;103m▀[38;2;255;255;159m▀[38;2;255;255;111m[48;2;255;255;111m▀▀[48;2;255;255;255m▀[48;2;0;0;0m▀[48;2;255;255;111m▀[38;2;197;156;69m▀[38;2;0;0;0m[48;2;0;0;0m▀[49m▀▀    [0m
  [38;2;0;0;0m[48;2;0;0;8m▀[38;2;247;239;103m[48;2;82;85;45m▀[38;2;255;255;111m[48;2;181;154;75m▀[48;2;239;198;79m▀[38;2;0;0;0m[48;2;255;255;111m▀▀[38;2;255;123;167m[48;2;255;123;167m▀[48;2;0;0;0m▀[38;2;0;0;0m[49m▀ ▄▄   [0m
  [38;2;0;0;8m▀[38;2;247;255;119m[48;2;0;0;0m▀[38;2;66;66;66m[48;2;231;198;79m▀[48;2;66;66;66m▀[48;2;74;66;66m▀[48;2;239;198;79m▀[38;2;0;0;0m[48;2;192;178;80m▀[48;2;255;239;95m▀[49m▄[48;2;0;0;0m▀▀▀▀[49m▄ [0m
   [38;2;0;0;0m[48;2;0;0;0m▀[38;2;66;66;66m[48;2;198;165;70m▀[38;2;231;198;79m[48;2;132;110;47m▀[38;2;239;198;79m[48;2;132;115;52m▀[38;2;184;154;75m▀[38;2;129;118;65m[48;2;0;0;0m▀[38;2;66;57;50m▀[38;2;0;0;0m[49m▀  ▀▀  [0m
    [38;2;0;0;0m▀▀[38;2;198;159;70m[48;2;0;0;0m▀▀[38;2;0;0;0m[49m▀        [0m
                 [0m
