
                [38;2;0;0;0m▄▄     [0m
     [38;2;0;0;0m▄  ▄▄▄    [48;2;0;0;0m▀[38;2;232;96;64m[48;2;232;96;64m▀[38;2;64;64;64m[48;2;64;64;64m▀[38;2;0;0;0m[48;2;232;216;144m▀[48;2;64;64;64m▀[49m▄▄ [0m
    [38;2;0;0;0m[48;2;0;0;0m▀[38;2;232;96;64m[48;2;232;96;64m▀[38;2;0;0;0m[48;2;64;64;64m▀[48;2;232;96;64m▀[38;2;232;96;64m▀[48;2;64;64;64m▀[48;2;0;0;0m▀[38;2;0;0;0m[49m▀  [48;2;0;0;0m▀[38;2;184;56;32m[48;2;184;56;32m▀[38;2;64;64;64m[48;2;64;64;64m▀[38;2;232;216;144m[48;2;200;184;96m▀[48;2;64;64;64m▀[38;2;64;64;64m[48;2;184;56;32m▀[38;2;232;96;64m[48;2;232;96;64m▀[38;2;0;0;0m[48;2;0;0;0m▀[49m [0m
  [38;2;0;0;0m▄[48;2;184;56;32m▀[38;2;232;96;64m▀[38;2;64;64;64m[48;2;64;64;64m▀[38;2;232;96;64m[48;2;232;96;64m▀[48;2;64;64;64m▀[38;2;64;64;64m[48;2;232;96;64m▀[38;2;232;96;64m▀[48;2;184;56;32m▀[38;2;0;0;0m▀▀[49m▄[48;2;216;152;40m▀[38;2;64;64;64m[48;2;64;64;64m▀[38;2;200;184;96m▀[38;2;64;64;64m[48;2;184;56;32m▀[38;2;184;56;32m▀[48;2;0;0;0m▀[38;2;0;0;0m[49m▀  [0m
  [38;2;0;0;0m▀[38;2;184;56;32m[48;2;0;0;0m▀[38;2;64;64;64m[48;2;64;64;64m▀[38;2;184;56;32m[48;2;184;56;32m▀[38;2;64;64;64m[48;2;0;0;0m▀[38;2;184;56;32m[48;2;184;184;184m▀[48;2;64;64;64m▀▀[38;2;64;64;64m[48;2;184;112;64m▀▀[48;2;216;152;40m▀[38;2;216;152;40m▀[38;2;184;112;64m[48;2;64;64;64m▀[38;2;64;64;64m[48;2;232;216;144m▀[38;2;232;216;144m▀[38;2;64;64;64m[48;2;200;184;96m▀[38;2;0;0;0m[48;2;0;0;0m▀[49m    [0m
 [38;2;0;0;0m▄[48;2;224;160;160m▀[38;2;224;160;160m▀▀[38;2;64;64;64m▀[38;2;0;0;0m[48;2;64;64;64m▀[38;2;248;248;248m▀[38;2;64;64;64m[48;2;200;184;96m▀[48;2;64;64;64m▀▀[38;2;184;112;64m[48;2;184;112;64m▀[48;2;152;88;56m▀[38;2;64;64;64m[48;2;216;152;40m▀[38;2;216;152;40m▀[38;2;232;216;144m[48;2;184;112;64m▀[38;2;200;184;96m[48;2;200;184;96m▀▀[38;2;0;0;0m[48;2;0;0;0m▀[49m    [0m
 [38;2;0;0;0m▀[38;2;224;160;160m[48;2;0;0;0m▀[38;2;192;112;120m▀[38;2;64;64;64m[48;2;192;112;120m▀▀[48;2;64;64;64m▀[38;2;200;184;96m[48;2;200;184;96m▀[48;2;184;112;64m▀[38;2;64;64;64m▀[38;2;184;112;64m▀[38;2;152;88;56m[48;2;216;152;40m▀[38;2;216;152;40m▀[48;2;184;112;64m▀[38;2;184;112;64m▀▀▀[38;2;0;0;0m[48;2;0;0;0m▀[49m     [0m
    [38;2;0;0;0m▀▀[38;2;184;112;64m[48;2;0;0;0m▀[48;2;64;64;64m▀[48;2;232;216;144m▀▀[38;2;64;64;64m[48;2;64;64;64m▀[38;2;184;112;64m▀[48;2;184;112;64m▀▀[48;2;64;64;64m▀[48;2;0;0;0m▀[38;2;0;0;0m[49m▀      [0m
     [38;2;0;0;0m[48;2;0;0;0m▀[38;2;192;112;120m▀[38;2;0;0;0m▀[49m▀▀[38;2;200;184;96m[48;2;0;0;0m▀[38;2;64;64;64m[48;2;192;112;120m▀▀▀[38;2;192;112;120m[48;2;0;0;0m▀[38;2;0;0;0m[49m▀       [0m
         [38;2;0;0;0m[48;2;0;0;0m▀[38;2;248;248;248m▀[38;2;192;112;120m▀[38;2;224;160;160m[48;2;248;248;248m▀[38;2;0;0;0m[48;2;0;0;0m▀[49m         [0m
            [38;2;0;0;0m▀          [0m
