
[38;2;0;0;0m                                        
[38;2;0;0;0m              ██                        
[38;2;0;0;0m      ████  ██[38;2;216;152;40m██[38;2;0;0;0m██                      
[38;2;0;0;0m      ██[38;2;240;232;152m██[38;2;0;0;0m██[38;2;216;152;40m████[38;2;0;0;0m██  ████      ██████    
[38;2;0;0;0m      ██[38;2;240;232;152m██[38;2;64;64;64m██[38;2;216;152;40m████[38;2;64;64;64m██[38;2;0;0;0m██[38;2;240;232;152m██[38;2;0;0;0m██  ████[38;2;152;88;56m████[38;2;0;0;0m████  
[38;2;0;0;0m      ██[38;2;240;232;152m██[38;2;184;112;64m██[38;2;216;152;40m████[38;2;184;112;64m██[38;2;240;232;152m████[38;2;0;0;0m████[38;2;152;88;56m██[38;2;64;64;64m██[38;2;152;88;56m██[38;2;64;64;64m██[38;2;152;88;56m██[38;2;0;0;0m██  
[38;2;0;0;0m    ██[38;2;240;232;152m██[38;2;184;112;64m██[38;2;216;152;40m████[38;2;184;112;64m██[38;2;240;232;152m████[38;2;200;184;96m████[38;2;64;64;64m██[38;2;152;88;56m██[38;2;64;64;64m████[38;2;152;88;56m████[38;2;0;0;0m██  
[38;2;0;0;0m    ██[38;2;200;184;96m██[38;2;184;112;64m██[38;2;216;152;40m██[38;2;184;112;64m██[38;2;240;232;152m████[38;2;200;184;96m████[38;2;64;64;64m██████████[38;2;152;88;56m██[38;2;0;0;0m██    
[38;2;0;0;0m    ██[38;2;200;184;96m██[38;2;216;152;40m██[38;2;184;112;64m██[38;2;240;232;152m██[38;2;200;184;96m████[38;2;64;64;64m████[38;2;184;112;64m██[38;2;216;152;40m████[38;2;64;64;64m██[38;2;240;232;152m██[38;2;0;0;0m██      
[38;2;0;0;0m      ██[38;2;64;64;64m██[38;2;240;232;152m██[38;2;200;184;96m██[38;2;248;248;248m██[38;2;64;64;64m████[38;2;184;112;64m████[38;2;152;88;56m████[38;2;240;232;152m████[38;2;200;184;96m██[38;2;0;0;0m██    
[38;2;0;0;0m    ██[38;2;224;160;160m████[38;2;64;64;64m██[38;2;0;0;0m██[38;2;248;248;248m██[38;2;64;64;64m████[38;2;184;112;64m██[38;2;152;88;56m██[38;2;216;152;40m████[38;2;240;232;152m██[38;2;200;184;96m████[38;2;0;0;0m██    
[38;2;0;0;0m  ██[38;2;224;160;160m████████[38;2;64;64;64m██████████[38;2;216;152;40m██████[38;2;184;112;64m██[38;2;200;184;96m██[38;2;0;0;0m██      
[38;2;0;0;0m  ██[38;2;224;160;160m██[38;2;192;112;120m██[38;2;64;64;64m██████[38;2;240;232;152m██████[38;2;64;64;64m██[38;2;216;152;40m████[38;2;184;112;64m██████[38;2;0;0;0m██      
[38;2;0;0;0m    ████[38;2;192;112;120m████[38;2;64;64;64m██[38;2;200;184;96m██[38;2;240;232;152m████[38;2;64;64;64m████[38;2;184;112;64m██████[38;2;0;0;0m██        
[38;2;0;0;0m        ████[38;2;200;184;96m██[38;2;160;144;88m██[38;2;200;184;96m██[38;2;160;144;88m██[38;2;200;184;96m██[38;2;64;64;64m████[38;2;0;0;0m████          
[38;2;0;0;0m            ████[38;2;200;184;96m██[38;2;64;64;64m████[38;2;192;112;120m██[38;2;0;0;0m██              
[38;2;0;0;0m                ████[38;2;184;184;184m██[38;2;0;0;0m██                
[38;2;0;0;0m                  ████                  
[38;2;0;0;0m                                        [0m
