
       [38;2;0;0;0m▄▄              [0m
      [38;2;0;0;0m[48;2;0;0;0m▀[38;2;66;66;66m[48;2;66;66;66m▀[38;2;0;0;0m[48;2;0;0;0m▀[49m        ▄[48;2;247;214;55m▀[48;2;198;165;46m▀[49m▄  [0m
     [38;2;0;0;0m[48;2;0;0;0m▀[38;2;198;165;46m[48;2;198;165;46m▀[38;2;206;173;62m[48;2;137;117;44m▀[38;2;0;4;8m[48;2;0;4;8m▀[49m  [38;2;0;0;0m▄▄[48;2;66;66;66m▀▀[38;2;0;0;16m[48;2;82;71;32m▀[48;2;247;214;63m▀[38;2;247;214;55m[48;2;198;165;46m▀[38;2;198;165;46m▀▀▀[38;2;0;0;0m[48;2;0;0;0m▀[49m [0m
   [38;2;0;0;0m▄[48;2;198;165;46m▀[38;2;8;4;0m[48;2;255;222;55m▀[38;2;173;149;37m▀[38;2;0;0;0m[48;2;247;214;55m▀[49m▄▄[48;2;247;214;55m▀[38;2;247;217;55m[48;2;247;217;55m▀▀[38;2;66;66;66m[48;2;66;66;66m▀[48;2;198;165;46m▀[38;2;198;165;46m▀▀▀▀[48;2;0;0;0m▀[38;2;0;0;0m[49m▀  [0m
  [38;2;0;0;0m[48;2;0;0;0m▀[38;2;247;217;55m[48;2;247;217;55m▀▀▀▀[38;2;247;214;55m[48;2;197;166;45m▀[48;2;247;214;55m▀[38;2;156;131;68m▀[38;2;247;214;55m▀[38;2;239;214;71m[48;2;159;143;55m▀[38;2;80;71;40m[48;2;0;0;24m▀[38;2;198;165;46m[48;2;0;0;0m▀[48;2;198;165;46m▀▀▀[48;2;0;0;0m▀[38;2;0;0;0m[49m▀    [0m
 [38;2;0;0;0m[48;2;0;0;0m▀[38;2;247;214;55m[48;2;247;214;55m▀[48;2;156;131;68m▀[48;2;247;214;55m▀▀[38;2;197;166;45m▀[38;2;247;255;247m[48;2;0;0;0m▀[38;2;0;0;0m[48;2;82;85;82m▀[38;2;247;217;55m[48;2;247;217;55m▀▀[38;2;247;214;55m[48;2;247;214;55m▀[38;2;0;0;0m▀[49m▄▀[38;2;198;165;46m[48;2;0;0;0m▀[48;2;198;165;46m▀▀[38;2;0;0;0m[48;2;0;0;0m▀[49m    [0m
 [38;2;0;0;0m▄[48;2;181;148;37m▀[38;2;247;214;55m[48;2;66;66;66m▀[48;2;187;165;59m▀[38;2;247;217;55m[48;2;247;217;55m▀▀[38;2;247;214;55m[48;2;247;214;55m▀[38;2;247;99;87m[48;2;247;99;87m▀▀[38;2;247;214;55m[48;2;247;214;55m▀[38;2;247;217;55m[48;2;247;217;55m▀▀[38;2;255;206;63m[48;2;170;137;50m▀[38;2;0;0;24m[48;2;85;69;37m▀[38;2;206;165;54m[48;2;140;110;39m▀[48;2;8;0;8m▀[38;2;0;0;0m[49m▀     [0m
  [38;2;0;0;0m▀▀▀[38;2;198;165;46m[48;2;0;0;0m▀[48;2;198;165;46m▀[38;2;247;214;55m[48;2;187;165;59m▀[48;2;66;66;66m▀[38;2;66;66;66m[48;2;247;214;55m▀[38;2;247;214;55m▀[48;2;66;66;66m▀[48;2;247;214;55m▀▀[48;2;181;113;49m▀[38;2;78;59;46m[48;2;78;59;46m▀[38;2;156;115;68m[48;2;0;4;24m▀[38;2;0;0;0m[49m▀     [0m
     [38;2;0;0;0m▀[38;2;198;165;46m[48;2;0;0;0m▀[48;2;198;165;46m▀▀[38;2;66;66;66m[48;2;247;214;55m▀▀[38;2;247;217;55m[48;2;247;217;55m▀▀[38;2;247;214;55m[48;2;247;214;55m▀[48;2;66;66;66m▀[38;2;0;0;0m[48;2;0;0;0m▀[49m       [0m
       [38;2;0;0;0m▀▀▀[38;2;247;214;55m[48;2;0;0;0m▀▀[48;2;247;214;55m▀[48;2;0;0;0m▀[38;2;0;0;0m[49m▀        [0m
            [38;2;0;0;0m▀          [0m
