
[38;2;0;0;0m                                                
[38;2;0;0;0m                        ██████                  
[38;2;0;0;0m                    ████[38;2;247;173;127m██████[38;2;0;0;0m████              
[38;2;0;0;0m                  [38;2;8;4;8m██[38;2;173;122;93m██[38;2;247;176;127m████████[38;2;247;173;127m██[38;2;189;132;101m██[38;2;0;0;0m██            
[38;2;0;0;0m                ██[38;2;173;122;93m██[38;2;255;181;135m██[38;2;247;176;127m████████[38;2;247;173;127m████[38;2;156;107;92m██[38;2;0;0;0m██          
[38;2;0;0;0m            ████[38;2;165;115;85m██[38;2;156;107;92m██[38;2;247;173;127m██[38;2;247;176;127m████████████[38;2;170;121;90m██[38;2;0;0;0m██          
[38;2;0;0;0m          ██[38;2;189;132;101m██[38;2;247;173;127m████████[38;2;247;176;127m████████████[38;2;255;181;135m██[38;2;0;0;0m██          
[38;2;0;0;0m        ██[38;2;247;176;127m████████████████[38;2;247;173;127m████[38;2;247;176;127m████[38;2;247;173;127m██[38;2;156;111;92m██[38;2;0;0;0m██        
[38;2;0;0;0m      ██[38;2;189;132;101m██[38;2;247;176;127m████████████████[38;2;247;173;127m██[38;2;189;132;101m██[38;2;247;176;127m████[38;2;247;173;127m██[38;2;186;132;104m██[38;2;0;0;0m██        
[38;2;0;0;0m      ██[38;2;170;121;90m██[38;2;247;176;127m████████████████████[38;2;186;132;104m██[38;2;247;173;127m██[38;2;247;176;127m████[38;2;0;0;0m██        
[38;2;0;0;0m      ██[38;2;255;181;135m██[38;2;247;176;127m████████████████████[38;2;156;111;92m██[38;2;247;173;127m██[38;2;247;176;127m████[38;2;0;0;0m██        
[38;2;0;0;0m    ██[38;2;189;132;101m██[38;2;247;173;127m██████[38;2;247;176;127m████████████████[38;2;156;107;92m██[38;2;247;173;127m██████[38;2;0;0;0m██        
[38;2;0;0;0m    ██[38;2;247;173;127m████[38;2;189;132;101m██[38;2;247;173;127m██[38;2;247;176;127m████████████████[38;2;247;173;127m██[38;2;156;107;92m██[38;2;247;173;127m██[38;2;189;132;101m██[38;2;0;0;0m██        
[38;2;0;0;0m  ██[38;2;247;173;127m██████[38;2;156;117;96m██[38;2;247;173;127m██[38;2;186;132;104m██[38;2;247;173;127m██[38;2;247;176;127m████████[38;2;186;132;104m██[38;2;247;173;127m████[38;2;66;66;66m██[38;2;189;131;101m████[38;2;156;107;92m██[38;2;0;0;0m██      
[38;2;0;0;0m  ██[38;2;247;173;127m██[38;2;66;66;66m██[38;2;247;173;127m██[38;2;66;61;66m██[38;2;247;173;127m██[38;2;156;111;92m██[38;2;247;173;127m██[38;2;247;176;127m████████[38;2;156;111;92m██[38;2;247;173;127m████[38;2;66;66;66m██[38;2;189;131;101m██[38;2;156;107;92m████[38;2;0;0;0m██      
[38;2;0;0;0m    ██[38;2;198;189;182m██[38;2;99;53;59m██[38;2;148;96;103m██[38;2;74;72;63m██[38;2;66;66;66m██[38;2;247;173;127m██████████[38;2;66;66;66m██[38;2;247;173;127m██[38;2;247;176;127m████[38;2;66;66;66m██[38;2;156;107;92m████[38;2;0;0;0m████    
[38;2;0;0;0m  ██[38;2;255;255;255m██[38;2;198;189;182m██[38;2;132;98;100m██[38;2;222;119;142m████[38;2;66;66;66m████[38;2;247;173;127m██[38;2;156;107;92m██[38;2;247;173;127m██[38;2;66;66;66m████[38;2;247;173;127m██[38;2;247;176;127m████[38;2;66;66;66m██[38;2;156;107;92m████████[38;2;0;0;0m██  
[38;2;0;0;0m  ██[38;2;255;255;255m██[38;2;247;255;247m██[38;2;82;85;82m██[38;2;222;115;142m██[38;2;181;74;93m██[38;2;222;115;142m██[38;2;66;66;66m██[38;2;195;187;168m██[38;2;74;66;58m██[38;2;247;173;127m██[38;2;66;66;66m██[38;2;156;107;92m██[38;2;66;66;66m██[38;2;247;173;127m████[38;2;66;66;66m██[38;2;156;107;92m██[38;2;77;58;50m██[38;2;0;4;0m██[38;2;0;0;0m██    
[38;2;0;0;0m  ██[38;2;255;255;255m██[38;2;0;0;0m████[38;2;181;74;93m████[38;2;222;115;142m██[38;2;66;66;66m██[38;2;74;66;58m██[38;2;255;247;223m██[38;2;66;66;66m██[38;2;156;119;96m██[38;2;156;107;92m████[38;2;66;66;66m████[38;2;156;107;92m████[38;2;154;111;101m██[38;2;0;4;0m██[38;2;0;0;0m      
[38;2;0;0;0m    ██    ██[38;2;66;66;66m████[38;2;255;255;255m██████[38;2;77;58;53m██[38;2;154;111;98m██[38;2;156;107;92m████████[38;2;0;0;0m████████      
[38;2;0;0;0m            ██[38;2;255;255;255m██████[38;2;139;139;139m██[38;2;0;4;8m██[38;2;154;111;98m██[38;2;0;0;0m██████████            
[38;2;0;0;0m              ████████  ████                    
[38;2;0;0;0m                                                [0m
