
          [38;2;0;0;0m▄          [0m
         [38;2;0;0;0m▄[48;2;140;123;124m▀[49m▄         [0m
    [38;2;0;0;0m▄▄  ▄[48;2;140;123;124m▀[38;2;140;123;124m▀[38;2;0;0;0m[48;2;0;0;0m▀[49m ▄[48;2;99;94;99m▀[48;2;0;0;0m▀[49m     [0m
 [38;2;0;0;0m▄▄ ▀[38;2;140;123;124m[48;2;0;4;16m▀[38;2;0;0;0m[48;2;140;123;132m▀[49m▄[48;2;82;74;98m▀[38;2;82;74;98m[48;2;82;75;98m▀▀[38;2;0;0;0m[48;2;55;49;65m▀[49m▄[48;2;55;49;71m▀[38;2;66;63;66m[48;2;0;0;0m▀[38;2;0;0;0m[49m▀▄▄   [0m
 [38;2;0;0;0m▀[38;2;107;99;99m[48;2;0;0;0m▀[38;2;0;0;0m[48;2;99;90;107m▀[48;2;66;60;71m▀[38;2;47;44;55m[48;2;57;49;73m▀[38;2;93;83;93m[48;2;82;75;98m▀[38;2;82;74;98m▀[38;2;55;49;65m▀[38;2;82;75;98m▀▀[38;2;82;74;98m▀▀[38;2;82;74;106m[48;2;57;49;73m▀[38;2;55;49;71m[48;2;82;75;98m▀[38;2;0;0;0m[48;2;140;123;132m▀[38;2;140;123;124m[48;2;0;4;16m▀[38;2;0;0;0m[49m▀   [0m
   [38;2;0;0;0m[48;2;0;0;0m▀[38;2;66;60;71m[48;2;90;82;98m▀[38;2;82;75;98m[48;2;82;75;98m▀[38;2;57;49;73m▀[38;2;82;75;98m▀▀▀▀▀▀▀▀[38;2;93;83;93m[48;2;57;50;73m▀[38;2;47;44;55m▀[38;2;0;0;0m[48;2;66;63;66m▀[48;2;99;94;99m▀[49m▄ [0m
  [38;2;0;0;0m▀[38;2;90;82;98m[48;2;0;0;0m▀[48;2;170;132;47m▀[38;2;82;75;98m[48;2;255;189;71m▀[48;2;82;74;98m▀▀▀[48;2;85;71;64m▀[48;2;255;214;95m▀[48;2;247;214;87m▀[48;2;82;71;56m▀[48;2;82;75;98m▀[38;2;57;49;73m▀[38;2;57;50;73m[48;2;55;49;65m▀[48;2;0;0;0m▀[38;2;0;0;0m[49m▀▀  [0m
   [38;2;0;0;0m[48;2;0;0;0m▀[38;2;255;198;71m[48;2;255;189;71m▀[38;2;255;189;71m[48;2;173;133;47m▀[48;2;255;198;71m▀[48;2;255;189;55m▀[38;2;82;74;98m[48;2;189;142;58m▀[38;2;85;71;64m[48;2;66;57;82m▀[38;2;0;0;48m[48;2;255;214;71m▀[38;2;0;0;40m[48;2;247;206;87m▀[38;2;82;71;56m[48;2;82;69;50m▀[38;2;57;49;73m[48;2;57;49;73m▀[38;2;82;75;98m[48;2;0;0;0m▀[38;2;82;74;98m▀[38;2;0;0;0m[48;2;140;123;124m▀[49m▄   [0m
    [38;2;0;0;0m▀[38;2;8;4;0m▀[38;2;173;133;47m[48;2;0;0;0m▀[38;2;189;142;58m▀[38;2;57;49;65m▀[38;2;66;57;82m▀▀[38;2;82;69;50m▀[38;2;0;0;32m[49m▀[38;2;0;0;0m▀  ▀▀   [0m
                     [0m
