
          [38;2;49;49;49m▄        [0m
     [38;2;49;49;49m▄▄▄ [48;2;49;49;49m▀[38;2;148;197;189m[48;2;148;197;189m▀[38;2;49;49;49m[48;2;49;49;49m▀[49m       [0m
  [38;2;49;49;49m▄▄[48;2;82;82;82m▀[38;2;148;197;189m▀[48;2;65;139;131m▀[38;2;65;139;131m[48;2;106;172;164m▀[38;2;49;49;49m[48;2;82;82;82m▀[38;2;106;172;164m[48;2;106;172;164m▀[48;2;65;139;131m▀[38;2;65;139;131m▀[38;2;49;49;49m[48;2;49;49;49m▀[48;2;148;197;189m▀▀[49m▄   [0m
  [38;2;49;49;49m[48;2;49;49;49m▀[38;2;148;197;189m[48;2;49;98;90m▀[48;2;65;139;131m▀[48;2;106;172;164m▀[38;2;82;82;82m▀[38;2;65;139;131m[48;2;82;82;82m▀[48;2;65;139;131m▀[38;2;82;82;82m[48;2;49;98;90m▀[38;2;65;139;131m▀[38;2;49;98;90m▀[38;2;106;172;164m[48;2;82;82;82m▀[38;2;65;139;131m▀[38;2;82;82;82m[48;2;148;197;189m▀[38;2;49;49;49m▀▀[49m▄ [0m
   [38;2;49;49;49m[48;2;49;49;49m▀[38;2;189;189;205m[48;2;255;255;255m▀[38;2;65;139;131m[48;2;213;98;65m▀[38;2;106;172;164m[48;2;65;139;131m▀[38;2;65;139;131m[48;2;82;82;82m▀[38;2;49;98;90m▀[38;2;82;82;82m[48;2;65;139;131m▀[48;2;148;197;189m▀▀▀[38;2;106;172;164m[48;2;82;82;82m▀[48;2;65;139;131m▀[38;2;65;139;131m[48;2;49;49;49m▀[38;2;49;98;90m▀[38;2;49;49;49m[49m▀ [0m
 [38;2;49;49;49m▄[48;2;148;197;189m▀[38;2;82;82;82m[48;2;106;172;164m▀[48;2;82;82;82m▀[38;2;49;49;49m[48;2;106;172;164m▀[38;2;49;98;90m▀▀[38;2;65;139;131m[48;2;49;49;49m▀[38;2;213;98;65m[48;2;213;98;65m▀[38;2;255;255;255m[48;2;255;255;255m▀[38;2;82;82;82m[48;2;189;189;205m▀[48;2;82;82;82m▀[48;2;65;139;131m▀[38;2;65;139;131m[48;2;106;172;164m▀[38;2;49;49;49m▀[49m▄  [0m
 [38;2;49;49;49m▀[38;2;49;98;90m[48;2;49;49;49m▀▀[38;2;148;197;189m[48;2;82;82;82m▀▀[48;2;148;197;189m▀[38;2;106;172;164m▀[48;2;65;139;131m▀[38;2;82;82;82m[48;2;82;82;82m▀[48;2;65;139;131m▀[38;2;106;172;164m[48;2;148;197;189m▀▀[38;2;82;82;82m▀[38;2;65;139;131m[48;2;82;82;82m▀[38;2;148;197;189m[48;2;65;139;131m▀▀[38;2;49;49;49m[48;2;49;49;49m▀[49m [0m
   [38;2;49;49;49m▀[38;2;82;82;82m[48;2;49;49;49m▀[38;2;65;139;131m[48;2;106;172;164m▀[38;2;82;82;82m▀[48;2;82;82;82m▀[48;2;65;139;131m▀[38;2;65;139;131m▀[38;2;82;82;82m▀[38;2;65;139;131m[48;2;82;82;82m▀▀▀[38;2;82;82;82m[48;2;49;98;90m▀[38;2;49;49;49m[48;2;49;49;49m▀[49m▀  [0m
     [38;2;49;49;49m[48;2;49;49;49m▀[38;2;82;82;82m[48;2;65;139;131m▀[38;2;49;98;90m[48;2;82;82;82m▀[38;2;82;82;82m[48;2;49;98;90m▀[38;2;106;172;164m[48;2;82;82;82m▀▀[38;2;65;139;131m▀[38;2;82;82;82m[48;2;49;98;90m▀[38;2;65;139;131m[48;2;65;139;131m▀[38;2;49;49;49m[48;2;49;49;49m▀[49m    [0m
      [38;2;49;49;49m▀▀▀[38;2;65;139;131m[48;2;49;49;49m▀▀[38;2;49;49;49m[49m▀▀▀     [0m
                   [0m
