
[38;2;0;0;0m                                                                              
[38;2;0;0;0m                        ██                              ██                    
[38;2;0;0;0m                      ██[38;2;232;240;248m██[38;2;0;0;0m██                          ██[38;2;232;240;248m██[38;2;0;0;0m██                  
[38;2;0;0;0m                      ██[38;2;232;240;248m██[38;2;0;0;0m██                          ██[38;2;232;240;248m████[38;2;0;0;0m██                
[38;2;0;0;0m                    ██[38;2;176;176;184m██[38;2;232;240;248m████[38;2;0;0;0m██                      ██[38;2;232;240;248m██[38;2;176;176;184m██[38;2;232;240;248m██[38;2;0;0;0m██                
[38;2;0;0;0m                    ██[38;2;176;176;184m██[38;2;232;240;248m████[38;2;64;64;64m██[38;2;0;0;0m██                      ██[38;2;120;128;136m██[38;2;232;240;248m████[38;2;0;0;0m██              
[38;2;0;0;0m                  ██[38;2;176;176;184m██[38;2;120;128;136m██[38;2;208;208;208m██[38;2;232;240;248m██[38;2;120;128;136m██[38;2;232;240;248m██[38;2;0;0;0m██                    ██[38;2;232;240;248m██████[38;2;176;176;184m██[38;2;0;0;0m██            
[38;2;0;0;0m                    ██[38;2;176;176;184m████[38;2;232;240;248m████[38;2;0;0;0m██                      ██[38;2;232;240;248m████[38;2;208;208;208m██[38;2;0;0;0m██              
[38;2;0;0;0m                      ██[38;2;176;176;184m██[38;2;208;208;208m██[38;2;232;240;248m██[38;2;120;128;136m██[38;2;0;0;0m██                  ██[38;2;232;240;248m████[38;2;120;128;136m██[38;2;176;176;184m████[38;2;0;0;0m██            
[38;2;0;0;0m                      ██[38;2;176;176;184m████[38;2;120;128;136m██[38;2;232;240;248m██[38;2;120;128;136m██[38;2;0;0;0m██                ██[38;2;232;240;248m██[38;2;120;128;136m██[38;2;232;240;248m██[38;2;120;128;136m██[38;2;176;176;184m██[38;2;0;0;0m██            
[38;2;0;0;0m                        ██[38;2;176;176;184m████[38;2;120;128;136m██[38;2;208;208;208m██[38;2;176;176;184m██[38;2;0;0;0m██    ██████████[38;2;232;240;248m██████[38;2;120;128;136m██[38;2;176;176;184m████[38;2;0;0;0m██            
[38;2;0;0;0m                      ██[38;2;176;176;184m██[38;2;120;128;136m██[38;2;176;176;184m████████[38;2;64;64;64m██[38;2;0;0;0m████[38;2;200;168;152m████████[38;2;64;64;64m██[38;2;232;240;248m████[38;2;208;208;208m██[38;2;176;176;184m████[38;2;0;0;0m██              
[38;2;0;0;0m                        ████[38;2;176;176;184m██████[38;2;64;64;64m████[38;2;224;200;184m████[38;2;200;168;152m██████[38;2;64;64;64m██[38;2;232;240;248m██████[38;2;176;176;184m██████[38;2;0;0;0m██              
[38;2;0;0;0m                            ██[38;2;176;176;184m██[38;2;64;64;64m████[38;2;224;200;184m████████[38;2;200;168;152m████[38;2;64;64;64m██[38;2;232;240;248m████[38;2;208;208;208m██[38;2;176;176;184m████[38;2;120;128;136m██[38;2;176;176;184m██[38;2;0;0;0m██            
[38;2;0;0;0m                              ██[38;2;64;64;64m██[38;2;200;168;152m████[38;2;224;200;184m████[38;2;200;168;152m██████[38;2;64;64;64m██[38;2;232;240;248m██[38;2;208;208;208m██[38;2;176;176;184m██████[38;2;64;64;64m██[38;2;0;0;0m██              
[38;2;0;0;0m                              ██[38;2;200;168;152m██████████████[38;2;64;64;64m██[38;2;160;128;96m██[38;2;64;64;64m██[38;2;176;176;184m██████[38;2;64;64;64m██[38;2;0;0;0m██                
[38;2;0;0;0m                              ██[38;2;64;64;64m██[38;2;200;168;152m████████[38;2;64;64;64m████[38;2;248;248;248m██[38;2;160;128;96m██[38;2;200;168;152m██[38;2;160;128;96m██[38;2;64;64;64m████[38;2;200;168;152m██[38;2;0;0;0m██                
[38;2;0;0;0m                            ██[38;2;208;208;208m██[38;2;0;0;0m██[38;2;200;168;152m██████[38;2;64;64;64m██[38;2;0;0;0m██[38;2;248;248;248m████[38;2;160;128;96m██[38;2;200;168;152m████████████[38;2;0;0;0m██              
[38;2;0;0;0m                            ██[38;2;160;128;96m██[38;2;200;168;152m██████[38;2;64;64;64m██[38;2;248;248;248m██[38;2;0;0;0m██[38;2;248;248;248m████[38;2;160;128;96m██[38;2;200;168;152m████████████[38;2;0;0;0m████            
[38;2;0;0;0m                            ██[38;2;160;128;96m██[38;2;64;64;64m████[38;2;160;128;96m██[38;2;200;168;152m██████████████████████[38;2;64;64;64m██[38;2;200;168;152m████[38;2;0;0;0m██          
[38;2;0;0;0m                            ██[38;2;64;64;64m██[38;2;80;88;104m████[38;2;64;64;64m████[38;2;200;168;152m██████████████████[38;2;64;64;64m██[38;2;200;168;152m██[38;2;224;200;184m██[38;2;200;168;152m████[38;2;0;0;0m██        
[38;2;0;0;0m                            ██[38;2;176;176;184m██[38;2;80;88;104m████[38;2;248;248;248m████[38;2;64;64;64m██[38;2;200;168;152m████████████████[38;2;64;64;64m██[38;2;200;168;152m████████[38;2;0;0;0m██        
[38;2;0;0;0m                              ██[38;2;80;88;104m██████████[38;2;64;64;64m██[38;2;200;168;152m████████████[38;2;96;80;48m██[38;2;160;128;96m████[38;2;200;168;152m████[38;2;96;80;48m██[38;2;0;0;0m██        
[38;2;0;0;0m                              ██[38;2;176;176;184m██[38;2;80;88;104m████[38;2;248;248;248m████[38;2;64;64;64m██[38;2;160;128;96m██[38;2;200;168;152m██████[38;2;96;80;48m████[38;2;160;128;96m██[38;2;64;64;64m██[38;2;160;128;96m██[38;2;96;80;48m██[38;2;160;128;96m██████[38;2;0;0;0m████    
[38;2;0;0;0m      ████████            ██████[38;2;64;64;64m██[38;2;80;88;104m██████████[38;2;64;64;64m██[38;2;96;80;48m██████[38;2;200;168;152m██[38;2;160;128;96m██████[38;2;64;64;64m██████[38;2;160;128;96m██[38;2;64;64;64m██[38;2;200;168;152m████[38;2;0;0;0m██  
[38;2;0;0;0m    ██[38;2;248;248;248m████[38;2;176;144;136m████[38;2;0;0;0m██  ████████[38;2;160;128;96m████████[38;2;64;64;64m██[38;2;176;176;184m██[38;2;80;88;104m██[38;2;248;248;248m████[38;2;64;64;64m██[38;2;200;168;152m██████[38;2;160;128;96m██████[38;2;96;80;48m██[38;2;160;128;96m████[38;2;64;64;64m████[38;2;200;168;152m██████[38;2;0;0;0m██  
[38;2;0;0;0m  ██[38;2;208;208;208m██[38;2;64;64;64m██[38;2;128;104;72m██[38;2;64;64;64m██[38;2;248;248;248m██[38;2;176;144;136m██[38;2;0;0;0m██[38;2;160;128;96m████████████[38;2;0;0;0m██████[38;2;64;64;64m████████[38;2;200;168;152m████[38;2;160;128;96m████[38;2;96;80;48m████[38;2;64;64;64m████████[38;2;200;168;152m████████[38;2;0;0;0m██    
[38;2;0;0;0m    ██████[38;2;128;104;72m██[38;2;64;64;64m██[38;2;128;104;72m██[38;2;0;0;0m██[38;2;96;80;48m██[38;2;160;128;96m████[38;2;0;0;0m██████      ██[38;2;160;128;96m████[38;2;96;80;48m██████████[38;2;160;128;96m██[38;2;64;64;64m██[38;2;248;248;248m██[38;2;160;128;96m██[38;2;200;168;152m██[38;2;128;104;72m██[38;2;64;64;64m██[38;2;200;168;152m██[38;2;0;0;0m████      
[38;2;0;0;0m          ██████  ██████          ██[38;2;160;128;96m██[38;2;64;64;64m██[38;2;160;128;96m████████████[38;2;64;64;64m██[38;2;248;248;248m██[38;2;64;64;64m██[38;2;248;248;248m██[38;2;128;104;72m██[38;2;160;128;96m██[38;2;200;168;152m██[38;2;0;0;0m██          
[38;2;0;0;0m                                ██[38;2;160;128;96m██████[38;2;64;64;64m████[38;2;96;80;48m████████[38;2;160;128;96m██[38;2;64;64;64m██[38;2;248;248;248m██[38;2;64;64;64m████[38;2;248;248;248m██[38;2;0;0;0m██            
[38;2;0;0;0m                                ██[38;2;96;80;48m██████[38;2;160;128;96m████[38;2;64;64;64m██[38;2;160;128;96m██████[38;2;96;80;48m██[38;2;200;168;152m██[38;2;64;64;64m██[38;2;200;168;152m████[38;2;64;64;64m██[38;2;160;128;96m██[38;2;0;0;0m██          
[38;2;0;0;0m                                ██[38;2;160;128;96m██████████[38;2;0;0;0m██████████[38;2;200;168;152m██████████[38;2;96;80;48m██[38;2;0;0;0m██          
[38;2;0;0;0m                                  ██[38;2;96;80;48m██[38;2;160;128;96m████[38;2;0;0;0m██        ██[38;2;96;80;48m██[38;2;200;168;152m████[38;2;160;128;96m██[38;2;96;80;48m██[38;2;160;128;96m████[38;2;0;0;0m██        
[38;2;0;0;0m                                    ██████          ██[38;2;160;128;96m██[38;2;96;80;48m██████[38;2;160;128;96m██████[38;2;0;0;0m██        
[38;2;0;0;0m                                                      ██[38;2;160;128;96m██████████[38;2;0;0;0m██          
[38;2;0;0;0m                                                    ██[38;2;248;248;248m██[38;2;96;80;48m██[38;2;160;128;96m██[38;2;96;80;48m████[38;2;160;128;96m██[38;2;0;0;0m██          
[38;2;0;0;0m                                                      ██████[38;2;248;248;248m████[38;2;0;0;0m██            
[38;2;0;0;0m                                                            ████              
[38;2;0;0;0m                                                                              [0m
