
     [38;2;49;49;49m▄▄▄▄      [0m
  [38;2;49;49;49m▄[48;2;57;115;197m▀[48;2;74;148;246m▀[38;2;57;115;197m▀[38;2;74;148;246m▀▀[38;2;57;115;197m▀[38;2;49;49;49m▀[48;2;57;115;197m▀[49m▄   [0m
 [38;2;49;49;49m▄[48;2;57;115;197m▀[38;2;74;148;246m[48;2;74;148;246m▀▀▀▀▀▀▀▀[38;2;49;49;49m[48;2;57;115;197m▀[49m▄  [0m
 [38;2;49;49;49m[48;2;49;49;49m▀[38;2;74;148;246m[48;2;131;205;255m▀[38;2;131;205;255m▀[38;2;74;148;246m▀▀[48;2;255;255;255m▀[38;2;255;255;255m▀▀[38;2;74;148;246m▀[48;2;74;148;246m▀▀[38;2;49;49;49m[48;2;49;49;49m▀[49m  [0m
 [38;2;49;49;49m▄[48;2;246;246;41m▀[38;2;123;123;123m▀[38;2;131;205;255m[48;2;123;123;123m▀[38;2;255;255;255m[48;2;255;255;255m▀▀[38;2;49;49;49m[48;2;57;115;197m▀[38;2;255;255;255m[48;2;255;255;255m▀▀[38;2;74;148;246m[48;2;57;115;197m▀[38;2;49;49;49m[48;2;49;49;49m▀[49m   [0m
  [38;2;49;49;49m▀[38;2;197;172;41m[48;2;49;49;49m▀[48;2;82;82;82m▀[38;2;189;189;180m[48;2;189;189;180m▀[38;2;255;255;255m▀▀[38;2;189;189;180m[48;2;82;82;82m▀[38;2;82;82;82m▀[38;2;49;49;49m[48;2;57;115;197m▀[49m▄▄  [0m
  [38;2;49;49;49m[48;2;49;49;49m▀[38;2;82;82;82m[48;2;115;172;205m▀[38;2;57;115;197m[48;2;82;82;82m▀[48;2;57;115;197m▀[48;2;82;82;82m▀[48;2;74;148;246m▀[38;2;74;148;246m▀[48;2;82;82;82m▀[38;2;82;82;82m[48;2;131;205;255m▀[38;2;57;115;197m[48;2;82;82;82m▀[38;2;82;82;82m[48;2;57;115;197m▀[38;2;49;49;49m[48;2;49;49;49m▀[49m [0m
 [38;2;49;49;49m[48;2;49;49;49m▀[38;2;115;172;205m▀[38;2;49;49;49m[49m▀[48;2;49;49;49m▀[38;2;82;82;82m[48;2;255;255;255m▀[38;2;131;205;255m[48;2;131;205;255m▀[38;2;82;82;82m[48;2;255;255;255m▀[48;2;82;82;82m▀[38;2;131;205;255m[48;2;131;205;255m▀▀▀[38;2;82;82;82m[48;2;49;49;49m▀[38;2;49;49;49m[49m▀ [0m
    [38;2;49;49;49m▄[48;2;197;172;41m▀[38;2;82;123;164m▀[38;2;131;205;255m[48;2;49;49;49m▀[48;2;82;123;164m▀[38;2;82;82;82m[48;2;115;172;205m▀[38;2;131;205;255m[48;2;82;82;82m▀[38;2;82;82;82m[48;2;115;172;205m▀[38;2;49;49;49m[48;2;49;49;49m▀[49m  [0m
     [38;2;49;49;49m▀▀ ▀[38;2;246;246;41m[48;2;49;49;49m▀▀[38;2;49;49;49m[49m▀   [0m
               [0m
