
             [38;2;32;32;32m▄▄          [0m
           [38;2;32;32;32m▄[48;2;255;255;255m▀[38;2;255;255;255m[48;2;213;205;238m▀[38;2;32;32;32m[48;2;32;32;32m▀[49m          [0m
  [38;2;32;32;32m▄[48;2;213;205;238m▀[49m▄ ▄▄[48;2;197;82;123m▀▀[48;2;255;123;205m▀[38;2;213;205;238m▀[48;2;213;205;238m▀[38;2;32;32;32m[48;2;32;32;32m▀[49m           [0m
  [38;2;32;32;32m[48;2;32;32;32m▀[38;2;213;205;238m[48;2;255;123;205m▀[38;2;65;65;74m[48;2;65;65;74m▀[38;2;32;32;32m[48;2;255;123;205m▀[38;2;255;123;205m[48;2;65;65;74m▀▀▀[48;2;255;123;205m▀[38;2;197;82;123m▀▀[38;2;255;123;205m[48;2;197;82;123m▀[38;2;32;32;32m▀[49m▄ ▄▄       [0m
 [38;2;32;32;32m▄[48;2;148;106;230m▀[38;2;255;123;205m▀[38;2;65;65;74m[48;2;98;82;115m▀[38;2;98;82;115m[48;2;148;106;230m▀[38;2;148;106;230m[48;2;65;65;74m▀[38;2;98;82;115m[48;2;255;123;205m▀[38;2;148;106;230m[48;2;98;82;115m▀[38;2;65;65;74m[48;2;148;106;230m▀[38;2;255;123;205m[48;2;65;65;74m▀▀[38;2;65;65;74m[48;2;148;106;230m▀▀[38;2;197;82;123m[48;2;65;65;74m▀[38;2;32;32;32m[48;2;213;205;238m▀[38;2;213;205;238m▀[38;2;32;32;32m[48;2;32;32;32m▀[49m       [0m
 [38;2;32;32;32m[48;2;32;32;32m▀[38;2;148;106;230m[48;2;148;106;230m▀[38;2;98;82;115m[48;2;98;82;115m▀[38;2;148;106;230m[48;2;65;65;74m▀[38;2;65;65;74m[48;2;148;106;230m▀[38;2;255;123;205m[48;2;255;123;205m▀[48;2;148;106;230m▀[38;2;98;82;115m[48;2;65;65;74m▀[38;2;148;106;230m[48;2;98;82;115m▀[48;2;148;106;230m▀▀[48;2;98;82;115m▀[38;2;65;65;74m[48;2;148;106;230m▀[38;2;98;82;115m[48;2;255;123;205m▀[38;2;213;205;238m▀[38;2;32;32;32m[48;2;32;32;32m▀[49m        [0m
 [38;2;32;32;32m[48;2;32;32;32m▀[38;2;148;106;230m[48;2;148;106;230m▀[38;2;98;82;115m[48;2;98;82;115m▀[38;2;65;65;74m[48;2;65;65;74m▀[38;2;148;106;230m[48;2;148;106;230m▀▀▀[38;2;65;65;74m[48;2;65;65;74m▀[38;2;148;106;230m[48;2;148;106;230m▀[38;2;98;82;115m▀[48;2;98;82;115m▀[38;2;148;106;230m[48;2;148;106;230m▀▀[38;2;255;123;205m[48;2;255;123;205m▀[48;2;32;32;32m▀[38;2;32;32;32m[49m▀        [0m
  [38;2;32;32;32m[48;2;32;32;32m▀[38;2;172;230;255m[48;2;172;230;255m▀[38;2;65;65;74m[48;2;255;123;205m▀[38;2;98;82;115m[48;2;65;65;74m▀[38;2;148;106;230m▀[38;2;65;65;74m[48;2;255;123;205m▀[38;2;148;106;230m[48;2;172;230;255m▀[38;2;255;123;205m▀[38;2;98;82;115m[48;2;65;65;74m▀[38;2;148;106;230m[48;2;148;106;230m▀▀▀[48;2;32;32;32m▀[38;2;32;32;32m[49m▀         [0m
   [38;2;32;32;32m▀[38;2;255;123;205m[48;2;32;32;32m▀[48;2;197;82;123m▀[48;2;255;123;205m▀[38;2;172;230;255m▀▀[38;2;255;123;205m[48;2;197;82;123m▀[38;2;65;65;74m▀[38;2;148;106;230m[48;2;65;65;74m▀[48;2;32;32;32m▀[38;2;32;32;32m[49m▀   ▄[48;2;148;106;230m▀▀[49m▄    [0m
     [38;2;32;32;32m[48;2;32;32;32m▀[38;2;98;82;115m[48;2;197;82;123m▀[38;2;197;82;123m[48;2;255;123;205m▀▀[38;2;148;106;230m[48;2;148;106;230m▀[38;2;98;82;115m▀[38;2;148;106;230m[48;2;65;65;74m▀▀[38;2;32;32;32m[48;2;148;106;230m▀▀[49m▄[48;2;98;82;115m▀[38;2;98;82;115m▀▀[48;2;148;106;230m▀▀[38;2;32;32;32m▀[49m▄  [0m
    [38;2;32;32;32m[48;2;32;32;32m▀[38;2;98;82;115m[48;2;98;82;115m▀[38;2;255;123;205m[48;2;197;82;123m▀[48;2;148;106;230m▀[48;2;255;123;205m▀▀[38;2;148;106;230m[48;2;148;106;230m▀[48;2;98;82;115m▀[38;2;98;82;115m[48;2;65;65;74m▀[38;2;65;65;74m[48;2;98;82;115m▀▀[38;2;98;82;115m[48;2;32;32;32m▀▀[38;2;32;32;32m[49m▀▀▀▀[38;2;148;106;230m[48;2;32;32;32m▀[48;2;255;123;205m▀[38;2;32;32;32m[48;2;32;32;32m▀[49m [0m
     [38;2;32;32;32m▀[38;2;98;82;115m[48;2;32;32;32m▀[38;2;65;65;74m[48;2;98;82;115m▀[38;2;148;106;230m[48;2;32;32;32m▀▀[38;2;98;82;115m[48;2;148;106;230m▀[38;2;148;106;230m▀[48;2;32;32;32m▀[38;2;32;32;32m[49m▀▀      ▀[38;2;255;123;205m[48;2;32;32;32m▀[38;2;32;32;32m[49m▀ [0m
       [38;2;32;32;32m▀  ▀[38;2;148;106;230m[48;2;32;32;32m▀[38;2;32;32;32m[49m▀            [0m
                         [0m
