
       [38;2;49;49;49m▄▄▄          [0m
     [38;2;49;49;49m▄[48;2;98;172;238m▀[38;2;98;172;238m[48;2;49;115;164m▀[48;2;82;82;82m▀[48;2;49;49;49m▀[38;2;49;49;49m[48;2;98;172;238m▀[49m▄        [0m
     [38;2;49;49;49m▀[38;2;98;172;238m[48;2;49;49;49m▀▀[38;2;49;49;49m[49m▀ [48;2;49;49;49m▀[38;2;98;172;238m[48;2;98;172;238m▀[38;2;49;49;49m[48;2;49;49;49m▀[49m       [0m
     [38;2;49;49;49m▄▄[48;2;115;197;57m▀[48;2;139;230;49m▀▀[38;2;82;82;82m▀[38;2;49;49;49m[48;2;115;197;57m▀[48;2;90;156;65m▀[49m▄      [0m
    [38;2;49;49;49m[48;2;49;49;49m▀[38;2;255;255;255m[48;2;139;230;49m▀[38;2;139;230;49m[48;2;189;238;123m▀[48;2;139;230;49m▀[48;2;115;197;57m▀[48;2;255;255;255m▀[48;2;115;197;57m▀[48;2;139;230;49m▀▀[38;2;115;197;57m▀[38;2;49;49;49m[48;2;115;197;57m▀[49m▄    [0m
  [38;2;49;49;49m▄[48;2;49;49;49m▀[38;2;139;230;49m[48;2;139;230;49m▀[38;2;189;238;123m[48;2;115;197;57m▀[38;2;139;230;49m[48;2;139;230;49m▀▀[38;2;189;189;189m[48;2;49;49;49m▀[38;2;49;49;49m[48;2;148;57;41m▀[38;2;255;255;255m[48;2;255;255;255m▀[38;2;90;156;65m[48;2;90;156;65m▀[38;2;139;230;49m[48;2;139;230;49m▀▀▀[38;2;49;49;49m[48;2;115;197;57m▀[49m▄   [0m
 [38;2;49;49;49m[48;2;49;49;49m▀[38;2;82;82;82m[48;2;230;255;148m▀[38;2;230;255;148m[48;2;222;197;41m▀[38;2;115;197;57m[48;2;82;82;82m▀[38;2;139;230;49m[48;2;115;197;57m▀▀▀▀[38;2;115;197;57m[48;2;222;197;41m▀[38;2;90;156;65m[48;2;230;255;148m▀[38;2;246;106;156m[48;2;246;106;156m▀▀[38;2;115;197;57m[48;2;90;156;65m▀[38;2;139;230;49m[48;2;115;197;57m▀[38;2;115;197;57m▀[38;2;49;49;49m[48;2;49;49;49m▀[49m   [0m
  [38;2;49;49;49m▀[38;2;115;197;57m[48;2;49;49;49m▀[38;2;230;255;148m[48;2;90;156;65m▀[38;2;82;82;82m▀[38;2;222;197;41m[48;2;82;82;82m▀[38;2;230;255;148m▀▀[48;2;90;156;65m▀[38;2;222;197;41m▀[38;2;90;156;65m[48;2;115;197;57m▀▀[38;2;115;197;57m▀[48;2;82;82;82m▀[38;2;82;82;82m▀[38;2;49;49;49m[48;2;230;255;148m▀[49m▄  [0m
    [38;2;49;49;49m▀[38;2;90;156;65m[48;2;49;49;49m▀[48;2;82;82;82m▀[38;2;82;82;82m[48;2;222;197;41m▀[38;2;115;197;57m[48;2;230;255;148m▀▀▀[48;2;115;197;57m▀▀▀[38;2;82;82;82m[48;2;139;230;49m▀[38;2;230;255;148m▀[38;2;222;197;41m▀[38;2;90;156;65m[48;2;230;255;148m▀[38;2;49;49;49m[48;2;49;49;49m▀[49m [0m
    [38;2;49;49;49m[48;2;49;49;49m▀[38;2;115;197;57m[48;2;90;156;65m▀[38;2;82;82;82m[48;2;82;82;82m▀[38;2;230;255;148m[48;2;222;197;41m▀[38;2;115;197;57m[48;2;115;197;57m▀[48;2;230;255;148m▀[38;2;230;255;148m[48;2;115;197;57m▀[48;2;230;255;148m▀[38;2;115;197;57m[48;2;90;156;65m▀[38;2;90;156;65m[48;2;139;230;49m▀[38;2;115;197;57m[48;2;90;156;65m▀[38;2;139;230;49m[48;2;82;82;82m▀[48;2;49;49;49m▀[38;2;49;49;49m[49m▀  [0m
   [38;2;49;49;49m▀[38;2;222;197;41m[48;2;49;49;49m▀[38;2;82;82;82m[48;2;222;197;41m▀[38;2;90;156;65m[48;2;82;82;82m▀[38;2;82;82;82m[48;2;222;197;41m▀[38;2;222;197;41m[48;2;49;49;49m▀[38;2;115;197;57m▀[38;2;222;197;41m▀[38;2;82;82;82m▀[38;2;90;156;65m[48;2;90;156;65m▀[38;2;139;230;49m[48;2;115;197;57m▀[48;2;139;230;49m▀▀[38;2;115;197;57m[48;2;115;197;57m▀[38;2;49;49;49m[48;2;49;49;49m▀[49m  [0m
     [38;2;49;49;49m▀▀▀   ▄[48;2;222;197;41m▀[38;2;90;156;65m[48;2;82;82;82m▀[38;2;115;197;57m[48;2;90;156;65m▀▀[38;2;90;156;65m[48;2;49;49;49m▀[38;2;49;49;49m[49m▀  [0m
            [38;2;49;49;49m▀[38;2;222;197;41m[48;2;49;49;49m▀[38;2;82;82;82m▀[38;2;222;197;41m▀[38;2;49;49;49m[49m▀   [0m
                    [0m
