
       [38;2;0;0;0m▄▄▄              [0m
     [38;2;0;0;0m▄[48;2;56;96;144m▀[38;2;96;144;240m[48;2;248;248;248m▀[48;2;96;144;240m▀▀[38;2;0;0;0m▀[49m▄ ▄▄▄        [0m
     [38;2;0;0;0m[48;2;0;0;0m▀[38;2;184;184;184m[48;2;184;184;184m▀[38;2;64;64;64m[48;2;0;0;0m▀[38;2;248;248;248m[48;2;96;144;240m▀[38;2;56;96;144m▀▀[38;2;0;0;0m▀▀[38;2;96;144;240m[48;2;248;248;248m▀▀[48;2;96;144;240m▀[38;2;0;0;0m▀[48;2;56;96;144m▀[49m▄     [0m
     [38;2;0;0;0m▄[38;2;64;64;64m[48;2;96;144;240m▀[38;2;96;144;240m[48;2;248;248;248m▀[38;2;56;96;144m▀[38;2;96;144;240m▀[48;2;56;96;144m▀[48;2;96;144;240m▀[38;2;248;248;248m[48;2;248;248;248m▀[38;2;128;128;112m[48;2;0;0;0m▀[38;2;0;0;0m▀[38;2;248;248;248m[48;2;248;248;248m▀[38;2;96;144;240m[48;2;96;144;240m▀▀[38;2;0;0;0m[48;2;0;0;0m▀[49m     [0m
  [38;2;0;0;0m▄[48;2;184;184;184m▀[48;2;64;64;64m▀[38;2;96;144;240m[48;2;248;248;248m▀[38;2;248;248;248m[48;2;128;128;112m▀[38;2;128;128;112m[48;2;184;184;184m▀[48;2;248;248;248m▀▀[38;2;248;248;248m[48;2;128;128;112m▀▀[38;2;80;120;176m[48;2;248;248;248m▀[38;2;248;248;248m[48;2;80;120;176m▀[48;2;96;144;240m▀[38;2;96;144;240m▀▀[38;2;0;0;0m[48;2;0;0;0m▀[49m      [0m
 [38;2;0;0;0m[48;2;0;0;0m▀[38;2;184;184;184m[48;2;64;64;64m▀[48;2;184;184;184m▀[38;2;64;64;64m[48;2;0;0;0m▀[38;2;128;128;112m[48;2;128;128;112m▀[38;2;184;184;184m[48;2;248;248;248m▀[38;2;248;248;248m[48;2;128;128;112m▀[38;2;128;128;112m[48;2;184;184;184m▀[48;2;248;248;248m▀[38;2;248;248;248m[48;2;128;128;112m▀[38;2;184;184;184m[48;2;248;248;248m▀[38;2;128;128;112m[48;2;128;128;112m▀[38;2;248;248;248m[48;2;248;248;248m▀[38;2;80;120;176m[48;2;80;120;176m▀[38;2;96;144;240m[48;2;64;64;64m▀[48;2;96;144;240m▀▀[38;2;0;0;0m[48;2;0;0;0m▀[49m     [0m
  [38;2;0;0;0m▀▀▄[48;2;64;64;64m▀[38;2;248;248;248m[48;2;184;184;184m▀[38;2;128;128;112m▀[38;2;248;248;248m[48;2;64;64;64m▀[48;2;184;184;184m▀▀[38;2;128;128;112m[48;2;64;64;64m▀[38;2;248;248;248m[48;2;184;184;184m▀[38;2;128;128;112m[48;2;64;64;64m▀[38;2;184;184;184m[48;2;184;184;184m▀[38;2;80;120;176m[48;2;80;120;176m▀[38;2;64;64;64m[48;2;64;64;64m▀[38;2;96;144;240m[48;2;96;144;240m▀[48;2;248;248;248m▀[38;2;0;0;0m▀[49m▄   [0m
   [38;2;0;0;0m[48;2;0;0;0m▀[38;2;80;120;176m[48;2;56;96;144m▀[38;2;56;96;144m▀[38;2;64;64;64m▀[38;2;184;184;184m[48;2;0;0;0m▀▀[48;2;64;64;64m▀[38;2;64;64;64m[48;2;184;184;184m▀[38;2;184;184;184m[48;2;64;64;64m▀[38;2;64;64;64m[48;2;184;184;184m▀[38;2;184;184;184m[48;2;80;120;176m▀[38;2;80;120;176m▀[48;2;64;64;64m▀[38;2;64;64;64m[48;2;0;0;0m▀[38;2;248;248;248m[48;2;248;248;248m▀▀▀▀[38;2;0;0;0m▀[49m▄ [0m
    [38;2;0;0;0m▀▀▀  ▀[48;2;0;0;0m▀[38;2;64;64;64m[48;2;80;120;176m▀[38;2;80;120;176m▀▀[38;2;64;64;64m▀[38;2;0;0;0m[48;2;0;0;0m▀[49m [48;2;0;0;0m▀[38;2;248;248;248m[48;2;64;64;64m▀[38;2;64;64;64m[48;2;184;184;184m▀[38;2;248;248;248m▀[38;2;184;184;184m[48;2;0;0;0m▀[38;2;0;0;0m[49m▀ [0m
          [38;2;0;0;0m▀[38;2;64;64;64m[48;2;0;0;0m▀[38;2;96;144;240m▀[38;2;80;120;176m▀[38;2;64;64;64m▀[38;2;0;0;0m[49m▀  ▀▀▀   [0m
                        [0m
