
      [38;2;0;0;0m▄▄▄▄       ▄▄▄  [0m
   [38;2;0;0;0m▄[48;2;0;0;0m▀[48;2;88;120;168m▀[38;2;112;144;248m[48;2;112;144;248m▀▀[48;2;248;248;248m▀[48;2;0;0;0m▀[38;2;0;0;0m[48;2;112;144;248m▀[48;2;64;64;64m▀[49m▄  ▄[48;2;248;248;248m▀[38;2;248;248;248m▀▀[38;2;64;64;64m▀[38;2;0;0;0m[48;2;0;0;0m▀[49m [0m
  [38;2;0;0;0m▄[48;2;112;144;248m▀[38;2;112;144;248m[48;2;248;176;160m▀▀[48;2;112;144;248m▀[38;2;0;0;0m[48;2;248;248;248m▀[48;2;0;0;0m▀[48;2;128;128;112m▀[38;2;248;248;248m[48;2;248;248;248m▀[38;2;88;120;168m[48;2;88;120;168m▀[38;2;0;0;0m[48;2;112;144;248m▀[49m▄ [48;2;0;0;0m▀[38;2;248;248;248m[48;2;248;248;248m▀[48;2;112;144;248m▀[48;2;248;248;248m▀▀[38;2;0;0;0m[48;2;0;0;0m▀[49m [0m
 [38;2;0;0;0m▄[48;2;88;120;168m▀[38;2;88;120;168m[48;2;248;248;248m▀[38;2;248;176;160m[48;2;184;184;184m▀[38;2;192;128;112m[48;2;248;176;160m▀[38;2;248;176;160m▀[38;2;88;120;168m[48;2;248;248;248m▀[38;2;248;248;248m[48;2;88;120;168m▀[48;2;112;144;248m▀[38;2;88;120;168m▀[38;2;112;144;248m▀[48;2;88;120;168m▀[38;2;64;64;64m▀[38;2;0;0;0m[48;2;64;64;64m▀[38;2;184;184;184m[48;2;184;184;184m▀[38;2;248;248;248m[48;2;88;120;168m▀[38;2;112;144;248m[48;2;184;184;184m▀[38;2;248;248;248m▀[38;2;0;0;0m[48;2;0;0;0m▀[49m  [0m
 [38;2;0;0;0m[48;2;0;0;0m▀[38;2;248;248;248m[48;2;128;128;112m▀[38;2;128;128;112m[48;2;64;64;64m▀[38;2;64;64;64m[48;2;248;248;248m▀▀▀[38;2;128;128;112m[48;2;64;64;64m▀[38;2;248;248;248m[48;2;128;128;112m▀[38;2;88;120;168m[48;2;184;184;184m▀[48;2;88;120;168m▀▀▀▀[38;2;64;64;64m[48;2;64;64;64m▀[38;2;88;120;168m[48;2;88;120;168m▀[48;2;0;0;0m▀[38;2;184;184;184m▀[38;2;0;0;0m[49m▀   [0m
 [38;2;0;0;0m▄[48;2;88;120;168m▀[38;2;248;248;248m[48;2;64;64;64m▀[38;2;128;128;112m▀[38;2;64;64;64m[48;2;184;184;184m▀[38;2;128;128;112m[48;2;64;64;64m▀[38;2;184;184;184m[48;2;184;184;184m▀[38;2;64;64;64m[48;2;64;64;64m▀[38;2;184;184;184m[48;2;184;184;184m▀[38;2;88;120;168m[48;2;88;120;168m▀▀[48;2;0;0;0m▀[38;2;64;64;64m▀[38;2;0;0;0m[49m▀▀      [0m
 [38;2;0;0;0m▀[38;2;64;64;64m[48;2;0;0;0m▀[38;2;88;120;168m▀[38;2;64;64;64m▀[38;2;0;0;0m[49m▀[38;2;184;184;184m[48;2;0;0;0m▀[38;2;64;64;64m▀[38;2;184;184;184m[48;2;64;64;64m▀[38;2;88;120;168m▀[38;2;64;64;64m[48;2;88;120;168m▀[38;2;0;0;0m▀[49m▄         [0m
        [38;2;0;0;0m▀[38;2;88;120;168m[48;2;0;0;0m▀▀[38;2;64;64;64m▀[38;2;0;0;0m[49m▀         [0m
                      [0m
