
[38;2;0;0;0m                                                    
[38;2;0;0;0m                                          ████      
[38;2;0;0;0m                                          ██[38;2;255;206;55m██[38;2;0;0;0m██    
[38;2;0;0;0m              [38;2;8;0;0m████[38;2;0;0;0m      ████        ██    ██[38;2;255;189;55m██[38;2;255;206;55m██[38;2;0;0;0m██  
[38;2;0;0;0m          ████[38;2;255;189;71m██[38;2;173;126;47m██[38;2;0;0;0m██████[38;2;255;206;55m██[38;2;0;0;0m██      ██[38;2;247;148;47m██[38;2;0;0;0m████[38;2;255;189;55m████[38;2;255;206;55m██[38;2;0;0;0m██  
[38;2;0;0;0m        ██[38;2;255;206;55m██[38;2;247;148;47m██[38;2;255;206;55m██[38;2;247;148;47m██[38;2;236;152;57m██[38;2;255;206;47m██[38;2;247;165;47m████[38;2;0;0;0m██      [38;2;8;0;8m██[38;2;173;115;45m██[38;2;217;99;68m██[38;2;236;152;57m██[38;2;255;206;55m████[38;2;247;148;47m██[38;2;0;0;0m██  
[38;2;0;0;0m        ██[38;2;255;206;55m████[38;2;247;148;47m██[38;2;255;206;55m██[38;2;217;99;68m████[38;2;247;165;47m██[38;2;0;0;0m██      ██[38;2;255;173;63m████[38;2;217;99;68m██[38;2;255;206;47m██[38;2;255;206;55m██[38;2;247;148;47m██[38;2;0;0;0m██    
[38;2;0;0;0m      [38;2;0;0;24m██[38;2;255;206;63m██[38;2;255;206;55m████[38;2;214;102;70m████[38;2;177;129;85m██[38;2;99;37;51m██[38;2;115;115;67m██[38;2;0;0;0m        ██[38;2;255;206;55m████[38;2;214;102;70m████[38;2;222;115;62m████[38;2;0;0;0m██    
[38;2;0;0;0m  ████[38;2;85;69;37m██[38;2;255;206;63m██[38;2;255;206;55m██[38;2;247;148;47m██[38;2;214;102;70m████[38;2;177;129;85m██[38;2;255;222;119m██[38;2;231;231;135m██[38;2;0;0;0m██  ████[38;2;66;66;66m██[38;2;255;206;55m██[38;2;247;148;47m██[38;2;214;102;70m████[38;2;222;115;62m██[38;2;0;0;0m██      
[38;2;0;0;0m  ██[38;2;189;181;101m██[38;2;66;66;66m██[38;2;198;140;86m██[38;2;247;148;47m██[38;2;214;98;70m████[38;2;247;247;135m██[38;2;255;222;119m██[38;2;177;129;85m██[38;2;0;0;0m██  ██[38;2;239;132;55m██[38;2;255;206;47m██[38;2;236;152;57m██[38;2;74;53;58m██[38;2;164;142;92m██[38;2;214;99;70m██[38;2;0;0;0m████        
[38;2;0;0;0m    ██[38;2;198;140;86m██[38;2;66;66;66m██[38;2;214;98;70m████[38;2;247;247;135m████[38;2;177;129;85m██[38;2;99;37;51m██[38;2;247;148;47m██[38;2;0;0;0m██[38;2;239;132;55m████[38;2;217;99;68m████[38;2;255;231;127m██[38;2;74;53;58m██[38;2;0;0;0m██            
[38;2;0;0;0m      ██[38;2;255;247;207m██[38;2;66;66;66m████[38;2;255;255;135m████[38;2;247;247;135m████[38;2;82;49;58m██[38;2;255;222;95m██[38;2;233;162;100m██[38;2;222;115;54m██[38;2;255;247;207m██████[38;2;247;247;135m██[38;2;0;0;0m██  ██████    
[38;2;0;0;0m      ██[38;2;255;247;207m██████[38;2;173;171;90m██[38;2;8;4;0m██[38;2;247;247;135m████[38;2;255;222;95m██[38;2;168;135;76m██[38;2;222;115;54m██[38;2;255;255;191m██[38;2;255;247;207m██████[38;2;247;247;135m████[38;2;0;0;0m██[38;2;255;206;55m████[38;2;0;0;0m██    
[38;2;0;0;0m      ██[38;2;255;247;207m██████[38;2;0;0;8m████[38;2;247;247;135m██[38;2;189;181;101m██[38;2;247;247;135m██[38;2;255;247;207m██████████[38;2;247;247;135m████[38;2;255;247;119m██[38;2;239;148;66m██[38;2;231;127;63m██[38;2;0;0;0m██      
[38;2;0;0;0m        ██[38;2;255;247;207m██[38;2;247;247;135m██[38;2;123;127;79m██[38;2;247;255;151m██[38;2;247;247;135m██[38;2;189;181;101m██[38;2;247;247;135m████[38;2;255;247;207m████[38;2;247;247;135m████████[38;2;231;99;39m██[38;2;239;148;66m██[38;2;231;127;63m██[38;2;0;0;0m██      
[38;2;0;0;0m        ██[38;2;255;255;183m██[38;2;236;233;153m██[38;2;247;247;135m████[38;2;189;181;101m██[38;2;247;247;135m████████████[38;2;66;66;66m██[38;2;247;247;135m████[38;2;255;231;127m██[38;2;173;154;85m██[38;2;0;0;0m██        
[38;2;0;0;0m        ██[38;2;236;233;153m██[38;2;198;189;94m██[38;2;247;247;135m██[38;2;66;66;66m██[38;2;247;247;135m██████████████[38;2;66;66;66m██[38;2;247;247;135m████[38;2;255;231;127m██[38;2;8;0;0m██[38;2;0;0;0m          
[38;2;0;0;0m          ██[38;2;66;66;66m██[38;2;74;70;66m██[38;2;247;247;127m██[38;2;247;247;135m████████[38;2;225;185;97m██[38;2;231;247;135m██[38;2;74;57;74m██[38;2;195;107;61m██[38;2;63;63;52m██[38;2;189;181;109m██[38;2;189;189;125m██[38;2;0;0;8m██[38;2;0;0;0m          
[38;2;0;0;0m            ██[38;2;189;188;107m██[38;2;132;129;86m██[38;2;247;247;135m██[38;2;189;181;101m██[38;2;247;247;135m████[38;2;220;123;60m████[38;2;255;132;55m██[38;2;195;107;61m██[38;2;0;4;24m██[38;2;63;63;52m██[38;2;126;126;86m██[38;2;0;0;8m██[38;2;0;0;0m          
[38;2;0;0;0m            ██[38;2;189;181;101m████[38;2;0;0;0m████[38;2;247;247;135m██████[38;2;66;66;66m██[38;2;214;99;70m██[38;2;0;0;0m██  ████            
[38;2;0;0;0m            ██[38;2;66;66;66m████[38;2;0;0;0m██  ██[38;2;247;247;135m████[38;2;66;66;66m██[38;2;0;0;0m██                    
[38;2;0;0;0m              ████    [38;2;0;0;8m██[38;2;247;255;151m████[38;2;0;0;8m██[38;2;0;0;0m                      
[38;2;0;0;0m                      [38;2;0;0;8m██[38;2;123;127;79m████[38;2;0;0;8m██[38;2;0;0;0m                      
[38;2;0;0;0m                        ████                        
[38;2;0;0;0m                                                    [0m
