
[38;2;0;0;0m                                              
[38;2;0;0;0m        [38;2;49;49;49m████[38;2;0;0;0m                                  
[38;2;0;0;0m        [38;2;49;49;49m██[38;2;197;197;205m██[38;2;49;49;49m██[38;2;0;0;0m  [38;2;49;49;49m████[38;2;0;0;0m                          
[38;2;0;0;0m        [38;2;49;49;49m██[38;2;197;197;205m██[38;2;164;164;172m██[38;2;49;49;49m████[38;2;197;197;205m██[38;2;49;49;49m██[38;2;0;0;0m          [38;2;49;49;49m██[38;2;0;0;0m  [38;2;49;49;49m████[38;2;0;0;0m      
[38;2;0;0;0m        [38;2;49;49;49m██[38;2;82;82;82m██[38;2;197;197;205m████[38;2;82;82;82m██[38;2;106;106;106m██[38;2;197;197;205m██[38;2;49;49;49m██[38;2;0;0;0m      [38;2;49;49;49m██[38;2;197;197;205m██[38;2;49;49;49m██[38;2;197;197;205m██[38;2;49;49;49m██[38;2;0;0;0m      
[38;2;0;0;0m      [38;2;49;49;49m██[38;2;164;164;172m██[38;2;106;106;106m████[38;2;197;197;205m██[38;2;82;82;82m██[38;2;106;106;106m██[38;2;197;197;205m██[38;2;49;49;49m██[38;2;0;0;0m      [38;2;49;49;49m██[38;2;197;197;205m██████[38;2;49;49;49m████[38;2;0;0;0m    
[38;2;0;0;0m      [38;2;49;49;49m██[38;2;106;106;106m██████████[38;2;197;197;205m████[38;2;164;164;172m██[38;2;49;49;49m██████[38;2;164;164;172m██[38;2;197;197;205m████[38;2;82;82;82m██[38;2;197;197;205m██[38;2;49;49;49m██[38;2;0;0;0m    
[38;2;0;0;0m    [38;2;49;49;49m██[38;2;82;82;82m██[38;2;106;106;106m██████[38;2;164;65;49m██[38;2;222;189;16m██[38;2;82;82;82m██[38;2;197;197;205m████[38;2;82;82;82m██[38;2;197;197;205m████████[38;2;164;164;172m████[38;2;49;49;49m██[38;2;0;0;0m      
[38;2;0;0;0m  [38;2;49;49;49m██[38;2;246;98;82m██[38;2;164;65;49m██[38;2;106;106;106m██[38;2;82;82;82m██[38;2;49;49;49m██[38;2;246;98;82m██[38;2;246;246;41m██[38;2;106;106;106m████[38;2;197;197;205m██[38;2;164;164;172m██[38;2;106;106;106m██[38;2;197;197;205m████[38;2;106;106;106m██[38;2;164;164;172m██████[38;2;49;49;49m██[38;2;0;0;0m    
[38;2;0;0;0m  [38;2;49;49;49m██[38;2;106;106;106m████████████████████[38;2;197;197;205m██████████[38;2;106;106;106m██[38;2;164;164;172m██[38;2;197;197;205m████[38;2;49;49;49m██[38;2;0;0;0m  
[38;2;0;0;0m    [38;2;49;49;49m██[38;2;82;82;82m██[38;2;106;106;106m████[38;2;164;164;172m██[38;2;255;255;255m██[38;2;106;106;106m████[38;2;197;197;205m██████████████[38;2;106;106;106m██[38;2;49;49;49m██████[38;2;0;0;0m    
[38;2;0;0;0m      [38;2;49;49;49m██████[38;2;106;106;106m██████[38;2;197;197;205m██████████████████[38;2;49;49;49m██[38;2;0;0;0m        
[38;2;0;0;0m          [38;2;49;49;49m██[38;2;82;82;82m██[38;2;106;106;106m██████[38;2;197;197;205m██████[38;2;106;106;106m██[38;2;197;197;205m██[38;2;82;82;82m██[38;2;197;197;205m██[38;2;82;82;82m██[38;2;106;106;106m██[38;2;49;49;49m██[38;2;0;0;0m      
[38;2;0;0;0m            [38;2;49;49;49m██[38;2;164;164;172m██[38;2;106;106;106m██[38;2;197;197;205m████████[38;2;106;106;106m████[38;2;49;49;49m████[38;2;82;82;82m██[38;2;106;106;106m██[38;2;49;49;49m██[38;2;0;0;0m      
[38;2;0;0;0m          [38;2;49;49;49m██[38;2;82;82;82m████████[38;2;197;197;205m████[38;2;82;82;82m██[38;2;49;49;49m████[38;2;0;0;0m  [38;2;49;49;49m██[38;2;106;106;106m████[38;2;49;49;49m██[38;2;0;0;0m      
[38;2;0;0;0m          [38;2;49;49;49m██[38;2;106;106;106m████[38;2;49;49;49m██[38;2;82;82;82m██[38;2;164;164;172m██[38;2;106;106;106m██[38;2;82;82;82m██[38;2;49;49;49m██[38;2;0;0;0m      [38;2;49;49;49m████[38;2;0;0;0m        
[38;2;0;0;0m            [38;2;49;49;49m████[38;2;0;0;0m  [38;2;49;49;49m██[38;2;82;82;82m██[38;2;106;106;106m██[38;2;49;49;49m██[38;2;0;0;0m                    
[38;2;0;0;0m                  [38;2;49;49;49m██[38;2;106;106;106m████[38;2;49;49;49m██[38;2;0;0;0m                    
[38;2;0;0;0m                    [38;2;49;49;49m████[38;2;0;0;0m                      
[38;2;0;0;0m                                              [0m
