
[38;2;0;0;0m                                          
[38;2;0;0;0m              ██████                      
[38;2;0;0;0m          ████[38;2;248;176;160m██████[38;2;0;0;0m██              ████  
[38;2;0;0;0m        ██[38;2;224;104;88m██[38;2;248;176;160m██████████[38;2;0;0;0m██          ██[38;2;120;192;248m██[38;2;0;0;0m██  
[38;2;0;0;0m      ██[38;2;248;176;160m██████████[38;2;184;88;72m████[38;2;224;104;88m██[38;2;0;0;0m██      ██[38;2;56;112;176m██[38;2;120;192;248m██[38;2;0;0;0m██  
[38;2;0;0;0m      ██[38;2;248;176;160m████████[38;2;248;248;248m██████[38;2;224;104;88m██[38;2;0;0;0m██      ██[38;2;120;192;248m██[38;2;112;168;224m██[38;2;0;0;0m██  
[38;2;0;0;0m    ██[38;2;56;112;176m██[38;2;120;192;248m██[38;2;248;176;160m████[38;2;184;88;72m██[38;2;248;248;248m██[38;2;0;0;0m██[38;2;184;184;184m██[38;2;224;104;88m██[38;2;0;0;0m██    ██[38;2;112;168;224m██[38;2;120;192;248m██[38;2;0;0;0m██    
[38;2;0;0;0m    ██[38;2;120;192;248m██████[38;2;184;88;72m██[38;2;224;104;88m██[38;2;248;248;248m██[38;2;184;184;184m████[38;2;0;0;0m██    ██[38;2;64;144;200m████[38;2;112;168;224m██[38;2;0;0;0m██    
[38;2;0;0;0m  ██[38;2;120;192;248m██████[38;2;112;168;224m██[38;2;56;112;176m██[38;2;224;104;88m██████[38;2;64;64;64m██[38;2;224;104;88m██[38;2;0;0;0m████[38;2;64;64;64m██[38;2;64;144;200m██████[38;2;0;0;0m██    
[38;2;0;0;0m  ██[38;2;120;192;248m████[38;2;112;168;224m██[38;2;56;112;176m██[38;2;64;144;200m██[38;2;64;64;64m██████[38;2;224;104;88m██[38;2;184;88;72m██[38;2;224;104;88m████[38;2;184;88;72m██[38;2;64;64;64m██[38;2;64;144;200m██[38;2;0;0;0m██      
[38;2;0;0;0m    ██[38;2;56;112;176m████[38;2;64;64;64m████[38;2;64;144;200m████████[38;2;224;104;88m██[38;2;184;88;72m████[38;2;224;104;88m██[38;2;64;64;64m██[38;2;0;0;0m████      
[38;2;0;0;0m      ████[38;2;64;144;200m██[38;2;64;64;64m██[38;2;120;192;248m██[38;2;112;168;224m██[38;2;64;144;200m████[38;2;224;104;88m████[38;2;64;64;64m████[38;2;0;0;0m██          
[38;2;0;0;0m        ██[38;2;64;64;64m██[38;2;120;192;248m████████[38;2;64;144;200m██[38;2;224;104;88m██[38;2;64;64;64m██[38;2;120;192;248m██[38;2;64;144;200m████[38;2;0;0;0m██        
[38;2;0;0;0m      ██[38;2;64;144;200m██[38;2;64;64;64m██[38;2;64;144;200m██[38;2;112;168;224m████[38;2;120;192;248m████[38;2;64;64;64m██[38;2;120;192;248m██████[38;2;56;112;176m████[38;2;0;0;0m██      
[38;2;0;0;0m      ██[38;2;64;144;200m████[38;2;64;64;64m██[38;2;0;0;0m██[38;2;64;144;200m██████[38;2;64;64;64m██[38;2;120;192;248m██████[38;2;64;144;200m████[38;2;0;0;0m██      
[38;2;0;0;0m        ██████  ██████[38;2;120;192;248m██████[38;2;56;112;176m██[38;2;64;144;200m██[38;2;0;0;0m██        
[38;2;0;0;0m                    ██[38;2;64;144;200m██[38;2;120;192;248m████[38;2;64;144;200m██[38;2;0;0;0m██          
[38;2;0;0;0m                      ██[38;2;64;144;200m████[38;2;0;0;0m██            
[38;2;0;0;0m                        ████              
[38;2;0;0;0m                                          [0m
