
[38;2;0;0;0m                                              
[38;2;0;0;0m                  [38;2;49;49;49m██[38;2;0;0;0m                          
[38;2;0;0;0m                [38;2;49;49;49m██[38;2;246;164;164m██[38;2;49;49;49m██[38;2;0;0;0m                        
[38;2;0;0;0m                [38;2;49;49;49m██[38;2;238;98;106m██[38;2;49;49;49m██[38;2;0;0;0m                        
[38;2;0;0;0m            [38;2;49;49;49m████[38;2;238;98;106m████[38;2;49;49;49m████[38;2;0;0;0m                      
[38;2;0;0;0m          [38;2;49;49;49m██[38;2;238;98;106m██████████[38;2;82;82;82m██[38;2;49;49;49m██[38;2;0;0;0m            [38;2;49;49;49m████[38;2;0;0;0m    
[38;2;0;0;0m        [38;2;49;49;49m██[38;2;246;164;164m████[38;2;238;98;106m██████████[38;2;49;49;49m██[38;2;0;0;0m          [38;2;49;49;49m██[38;2;255;255;255m██[38;2;82;180;255m██[38;2;49;49;49m██[38;2;0;0;0m  
[38;2;0;0;0m        [38;2;49;49;49m██[38;2;255;255;255m██[38;2;246;164;164m████[38;2;238;98;106m██[38;2;197;65;82m██[38;2;82;82;82m██[38;2;197;65;82m██[38;2;238;98;106m██[38;2;49;49;49m██[38;2;0;0;0m      [38;2;49;49;49m██[38;2;172;222;255m██[38;2;82;180;255m████[38;2;49;49;49m██[38;2;0;0;0m  
[38;2;0;0;0m      [38;2;49;49;49m██[38;2;238;98;106m██[38;2;246;164;164m████[38;2;238;98;106m████[38;2;82;82;82m██[38;2;246;246;41m██[38;2;82;82;82m██[38;2;197;65;82m██[38;2;82;82;82m██[38;2;49;49;49m██████[38;2;82;180;255m██████[38;2;49;49;49m██[38;2;0;0;0m    
[38;2;0;0;0m      [38;2;49;49;49m██[38;2;197;65;82m██[38;2;238;98;106m██████[38;2;82;82;82m██[38;2;246;246;41m██[38;2;49;49;49m██[38;2;246;246;41m██[38;2;197;65;82m██[38;2;82;82;82m██[38;2;238;98;106m████[38;2;82;82;82m██[38;2;82;139;255m██[38;2;82;180;255m████[38;2;49;49;49m██[38;2;0;0;0m    
[38;2;0;0;0m    [38;2;49;49;49m██[38;2;82;180;255m████[38;2;82;139;255m██[38;2;82;82;82m██[38;2;197;65;82m██[38;2;82;82;82m██[38;2;246;246;41m██[38;2;49;49;49m██[38;2;246;246;41m██[38;2;82;82;82m████[38;2;238;98;106m██[38;2;82;82;82m██[38;2;82;139;255m██████[38;2;49;49;49m██[38;2;0;0;0m      
[38;2;0;0;0m  [38;2;49;49;49m██[38;2;255;255;255m██[38;2;172;222;255m██[38;2;82;180;255m██████[38;2;82;82;82m██[38;2;197;65;82m██[38;2;82;82;82m██[38;2;246;246;41m██[38;2;82;82;82m████[38;2;197;65;82m████[38;2;82;82;82m██[38;2;82;139;255m██[38;2;82;82;82m██[38;2;49;49;49m██[38;2;0;0;0m        
[38;2;0;0;0m  [38;2;49;49;49m██[38;2;82;82;82m██[38;2;82;180;255m████[38;2;82;139;255m██[38;2;49;49;49m██████████[38;2;197;65;82m██████[38;2;82;139;255m██[38;2;82;82;82m████[38;2;197;65;82m██[38;2;49;49;49m██[38;2;0;0;0m        
[38;2;0;0;0m    [38;2;49;49;49m████████[38;2;0;0;0m        [38;2;49;49;49m██[38;2;82;82;82m██[38;2;197;65;82m████[38;2;82;139;255m██████[38;2;197;65;82m██[38;2;49;49;49m██[38;2;0;0;0m        
[38;2;0;0;0m                      [38;2;49;49;49m████[38;2;82;139;255m██████[38;2;197;65;82m██[38;2;49;49;49m██[38;2;0;0;0m          
[38;2;0;0;0m                          [38;2;49;49;49m████[38;2;82;82;82m██[38;2;49;49;49m██[38;2;0;0;0m            
[38;2;0;0;0m                            [38;2;49;49;49m██[38;2;82;139;255m██[38;2;49;49;49m██[38;2;0;0;0m            
[38;2;0;0;0m                          [38;2;49;49;49m██[38;2;82;180;255m██[38;2;82;139;255m██[38;2;49;49;49m██[38;2;0;0;0m            
[38;2;0;0;0m                        [38;2;49;49;49m██[38;2;172;222;255m██[38;2;82;180;255m██[38;2;82;82;82m██[38;2;49;49;49m██[38;2;0;0;0m            
[38;2;0;0;0m                        [38;2;49;49;49m██[38;2;255;255;255m██[38;2;82;180;255m██[38;2;49;49;49m██[38;2;0;0;0m              
[38;2;0;0;0m                        [38;2;49;49;49m██[38;2;82;180;255m██[38;2;82;82;82m██[38;2;49;49;49m██[38;2;0;0;0m              
[38;2;0;0;0m                          [38;2;49;49;49m████[38;2;0;0;0m                
[38;2;0;0;0m                                              [0m
