
    [38;2;0;0;0m▄▄                        [0m
 [38;2;0;0;0m▄[48;2;136;96;48m▀[48;2;168;120;72m▀[38;2;168;120;72m▀▀[38;2;0;0;0m▀[49m▄  ▄     ▄             [0m
 [38;2;0;0;0m[48;2;0;0;0m▀[38;2;168;120;72m[48;2;136;96;48m▀[48;2;168;120;72m▀▀▀[48;2;64;64;64m▀[38;2;0;0;0m[48;2;0;0;0m▀[49m [48;2;0;0;0m▀[38;2;240;224;160m[48;2;200;128;104m▀[38;2;0;0;0m[48;2;240;224;160m▀[49m▄[48;2;200;176;120m▀[49m▄[48;2;240;224;160m▀[38;2;240;224;160m▀[38;2;0;0;0m[48;2;200;176;120m▀[49m▄[48;2;240;224;160m▀[49m▄         [0m
  [38;2;0;0;0m▀[38;2;136;96;48m[48;2;0;0;0m▀[48;2;64;64;64m▀[38;2;64;64;64m▀[48;2;0;0;0m▀[38;2;0;0;0m[49m▀▄[48;2;240;224;160m▀[38;2;200;128;104m[48;2;200;128;104m▀[38;2;240;224;160m[48;2;240;224;160m▀[38;2;168;120;72m[48;2;168;120;72m▀[38;2;200;176;120m[48;2;200;176;120m▀[38;2;168;120;72m[48;2;240;224;160m▀[38;2;240;224;160m▀[38;2;200;176;120m[48;2;200;176;120m▀[38;2;64;64;64m[48;2;64;64;64m▀[38;2;240;224;160m[48;2;240;224;160m▀[38;2;200;128;104m[48;2;200;128;104m▀[38;2;240;224;160m[48;2;240;224;160m▀[38;2;0;0;0m[48;2;0;0;0m▀[49m ▄[48;2;168;120;72m▀▀[49m▄   [0m
    [38;2;0;0;0m[48;2;0;0;0m▀[38;2;64;64;64m[48;2;136;96;48m▀[38;2;136;96;48m▀[38;2;0;0;0m[48;2;64;64;64m▀[38;2;64;64;64m[48;2;240;224;160m▀[38;2;240;224;160m▀▀▀▀[38;2;200;176;120m▀[38;2;240;224;160m▀▀[38;2;64;64;64m▀[38;2;240;224;160m▀[38;2;240;168;152m[48;2;240;168;152m▀[48;2;240;224;160m▀[38;2;240;224;160m▀[38;2;200;176;120m[48;2;64;64;64m▀[38;2;0;0;0m[48;2;168;120;72m▀[38;2;168;120;72m▀▀▀▀[38;2;0;0;0m[48;2;0;0;0m▀[49m  [0m
    [38;2;0;0;0m▀[38;2;136;96;48m[48;2;0;0;0m▀[48;2;64;64;64m▀[38;2;64;64;64m[48;2;240;224;160m▀[38;2;200;176;120m▀[38;2;240;224;160m▀[48;2;200;176;120m▀[48;2;240;224;160m▀▀[48;2;200;176;120m▀[48;2;240;224;160m▀▀▀▀▀▀[38;2;200;176;120m[48;2;200;176;120m▀[38;2;64;64;64m▀[38;2;168;120;72m[48;2;64;64;64m▀[48;2;168;120;72m▀▀[48;2;136;96;48m▀[38;2;136;96;48m[48;2;64;64;64m▀[38;2;64;64;64m▀[38;2;0;0;0m[48;2;0;0;0m▀[49m [0m
      [38;2;0;0;0m▀[38;2;200;176;120m[48;2;0;0;0m▀[38;2;168;144;88m[48;2;200;176;120m▀[38;2;240;224;160m[48;2;168;144;88m▀[38;2;200;176;120m▀[38;2;240;224;160m[48;2;200;176;120m▀[38;2;200;176;120m[48;2;168;144;88m▀[38;2;240;224;160m[48;2;240;224;160m▀[48;2;64;64;64m▀[48;2;0;0;0m▀[38;2;168;144;88m[48;2;248;248;248m▀[48;2;168;144;88m▀[38;2;240;224;160m[48;2;240;224;160m▀[48;2;200;176;120m▀[38;2;200;176;120m▀▀[38;2;64;64;64m▀[38;2;0;0;0m[48;2;0;0;0m▀[38;2;64;64;64m[48;2;64;64;64m▀▀▀[48;2;0;0;0m▀[38;2;0;0;0m[49m▀ [0m
      [38;2;0;0;0m▄[48;2;200;176;120m▀[38;2;200;176;120m[48;2;64;64;64m▀[38;2;64;64;64m[48;2;136;96;48m▀[48;2;240;168;152m▀▀[48;2;200;128;104m▀[48;2;136;96;48m▀[38;2;248;248;248m[48;2;64;64;64m▀[38;2;64;64;64m[48;2;168;144;88m▀[38;2;248;248;248m▀[38;2;168;144;88m[48;2;200;176;120m▀[38;2;200;176;120m▀▀[38;2;136;96;48m▀[48;2;64;64;64m▀[38;2;168;120;72m[48;2;168;120;72m▀[38;2;64;64;64m▀[38;2;136;96;48m[48;2;136;96;48m▀[38;2;64;64;64m▀[38;2;136;96;48m[48;2;0;0;0m▀[38;2;0;0;0m[49m▀  [0m
      [38;2;0;0;0m▄[48;2;136;96;48m▀[38;2;64;64;64m▀[38;2;240;168;152m[48;2;64;64;64m▀[48;2;240;168;152m▀[48;2;64;64;64m▀[48;2;200;128;104m▀[38;2;200;128;104m[48;2;136;96;48m▀[38;2;64;64;64m[48;2;64;64;64m▀[38;2;200;176;120m[48;2;200;176;120m▀▀▀▀▀▀▀[38;2;0;0;0m[48;2;0;0;0m▀[49m▀[38;2;136;96;48m[48;2;0;0;0m▀▀[38;2;0;0;0m[49m▀   [0m
      [38;2;0;0;0m▀[38;2;136;96;48m[48;2;0;0;0m▀▀[48;2;64;64;64m▀[38;2;64;64;64m▀[48;2;200;176;120m▀▀▀[38;2;200;176;120m[48;2;0;0;0m▀[48;2;200;176;120m▀[48;2;0;0;0m▀[48;2;200;176;120m▀[48;2;64;64;64m▀[38;2;136;96;48m[48;2;136;96;48m▀[38;2;200;176;120m▀[38;2;0;0;0m▀[49m▄       [0m
        [38;2;0;0;0m▀[38;2;112;72;48m[48;2;0;0;0m▀▀[38;2;0;0;0m▀[49m▀▀ ▀ [48;2;0;0;0m▀[38;2;64;64;64m[48;2;112;72;48m▀[48;2;64;64;64m▀[38;2;136;96;48m▀[38;2;64;64;64m[48;2;0;0;0m▀[38;2;0;0;0m[49m▀       [0m
                 [38;2;0;0;0m▀[38;2;112;72;48m[48;2;0;0;0m▀[38;2;0;0;0m[49m▀[38;2;112;72;48m[48;2;0;0;0m▀[38;2;0;0;0m[49m▀        [0m
                              [0m
