
[38;2;0;0;0m                                      
[38;2;0;0;0m            [38;2;49;49;49m██████[38;2;0;0;0m                    
[38;2;0;0;0m          [38;2;49;49;49m██[38;2;156;123;49m██[38;2;197;172;49m████[38;2;49;49;49m██[38;2;0;0;0m  [38;2;49;49;49m██████[38;2;0;0;0m          
[38;2;0;0;0m          [38;2;49;49;49m██[38;2;197;172;49m██[38;2;156;123;49m██[38;2;65;123;197m████[38;2;49;49;49m██[38;2;246;222;65m██████[38;2;49;49;49m██[38;2;0;0;0m        
[38;2;0;0;0m        [38;2;49;49;49m██[38;2;197;172;49m██[38;2;156;123;49m██[38;2;65;123;197m██[38;2;156;213;246m██[38;2;156;123;49m██[38;2;246;222;65m████████[38;2;197;172;49m██[38;2;49;49;49m██[38;2;0;0;0m      
[38;2;0;0;0m        [38;2;49;49;49m██[38;2;197;172;49m██[38;2;156;123;49m██[38;2;156;213;246m██[38;2;156;123;49m██[38;2;246;222;65m████████[38;2;197;172;49m████[38;2;49;49;49m██[38;2;0;0;0m      
[38;2;0;0;0m        [38;2;49;49;49m██[38;2;197;172;49m██[38;2;156;123;49m████[38;2;246;222;65m████[38;2;156;123;49m██[38;2;82;82;82m████[38;2;197;172;49m████[38;2;49;49;49m██[38;2;0;0;0m      
[38;2;0;0;0m          [38;2;49;49;49m██[38;2;197;172;49m██[38;2;156;123;49m██[38;2;246;222;65m██[38;2;197;172;49m██[38;2;156;213;246m██[38;2;65;123;197m████[38;2;82;82;82m██[38;2;197;172;49m██[38;2;49;49;49m██[38;2;0;0;0m      
[38;2;0;0;0m          [38;2;49;49;49m██[38;2;49;98;139m██[38;2;246;222;65m██[38;2;197;172;49m██[38;2;49;49;49m██[38;2;255;255;255m██[38;2;156;213;246m██[38;2;65;123;197m████[38;2;49;49;49m██[38;2;0;0;0m        
[38;2;0;0;0m        [38;2;49;49;49m██[38;2;49;98;139m██[38;2;156;123;49m██[38;2;197;172;49m██[38;2;255;255;255m██[38;2;65;123;197m██[38;2;255;255;255m██[38;2;156;213;246m██[38;2;65;123;197m████[38;2;49;49;49m██[38;2;0;0;0m        
[38;2;0;0;0m      [38;2;49;49;49m██[38;2;82;82;82m██[38;2;156;123;49m██[38;2;246;222;65m████[38;2;156;123;49m██[38;2;156;213;246m████[38;2;65;123;197m██████[38;2;49;49;49m██[38;2;0;0;0m        
[38;2;0;0;0m    [38;2;49;49;49m██[38;2;49;98;139m████[38;2;82;82;82m██[38;2;156;123;49m████[38;2;65;123;197m██████████[38;2;82;82;82m██[38;2;49;49;49m██[38;2;0;0;0m        
[38;2;0;0;0m    [38;2;49;49;49m██[38;2;49;98;139m████[38;2;82;82;82m██[38;2;65;123;197m████████[38;2;82;82;82m██[38;2;65;123;197m████████[38;2;49;49;49m██[38;2;0;0;0m      
[38;2;0;0;0m  [38;2;49;49;49m██[38;2;123;172;205m████[38;2;82;82;82m██[38;2;255;255;255m██[38;2;49;98;139m██[38;2;65;123;197m██[38;2;123;172;205m██[38;2;49;98;139m██[38;2;82;82;82m██[38;2;65;123;197m██████████[38;2;49;49;49m██[38;2;0;0;0m    
[38;2;0;0;0m  [38;2;49;49;49m██████[38;2;82;82;82m██[38;2;255;255;255m██[38;2;49;98;139m██[38;2;123;172;205m██[38;2;255;255;255m██[38;2;123;172;205m██[38;2;49;98;139m██[38;2;82;82;82m██[38;2;65;123;197m████████[38;2;49;49;49m██[38;2;0;0;0m    
[38;2;0;0;0m        [38;2;49;49;49m██[38;2;123;172;205m██[38;2;156;213;246m██[38;2;123;172;205m██[38;2;255;255;255m██[38;2;123;172;205m██[38;2;156;213;246m██[38;2;82;82;82m██[38;2;123;172;205m██[38;2;65;123;197m████████[38;2;49;49;49m██[38;2;0;0;0m  
[38;2;0;0;0m          [38;2;49;49;49m██[38;2;156;213;246m████[38;2;123;172;205m██[38;2;156;213;246m██████[38;2;82;82;82m██[38;2;123;172;205m██[38;2;156;213;246m██[38;2;65;123;197m████[38;2;49;49;49m██[38;2;0;0;0m  
[38;2;0;0;0m          [38;2;49;49;49m██[38;2;82;82;82m██[38;2;123;172;205m██[38;2;255;255;255m██[38;2;123;172;205m██[38;2;156;213;246m██████[38;2;82;82;82m████[38;2;156;213;246m████[38;2;49;49;49m██[38;2;0;0;0m  
[38;2;0;0;0m        [38;2;49;49;49m██[38;2;197;172;49m████[38;2;82;82;82m██[38;2;49;49;49m██[38;2;123;172;205m██████████[38;2;49;49;49m████████[38;2;0;0;0m  
[38;2;0;0;0m          [38;2;49;49;49m██████[38;2;0;0;0m  [38;2;49;49;49m██[38;2;123;172;205m██████[38;2;49;49;49m██[38;2;0;0;0m          
[38;2;0;0;0m                  [38;2;49;49;49m██[38;2;197;172;49m██[38;2;156;123;49m██[38;2;197;172;49m██[38;2;49;49;49m██[38;2;0;0;0m          
[38;2;0;0;0m                  [38;2;49;49;49m██[38;2;246;222;65m██[38;2;49;49;49m██[38;2;246;222;65m██[38;2;49;49;49m██[38;2;0;0;0m          
[38;2;0;0;0m                    [38;2;49;49;49m██[38;2;0;0;0m  [38;2;49;49;49m██[38;2;0;0;0m            
[38;2;0;0;0m                                      [0m
