
[38;2;0;0;0m                                                    
[38;2;0;0;0m                    [38;2;49;49;49m██████████████[38;2;0;0;0m                  
[38;2;0;0;0m                  [38;2;49;49;49m██[38;2;82;82;82m██[38;2;205;74;82m██[38;2;246;106;90m██████[38;2;205;74;82m██[38;2;82;82;82m██[38;2;49;49;49m██[38;2;0;0;0m                
[38;2;0;0;0m                  [38;2;49;49;49m██[38;2;246;106;90m██████████████[38;2;49;49;49m██[38;2;0;0;0m                
[38;2;0;0;0m                [38;2;49;49;49m██[38;2;82;82;82m██[38;2;172;65;74m██[38;2;246;106;90m██████████[38;2;172;65;74m██[38;2;82;82;82m██[38;2;49;49;49m██[38;2;0;0;0m              
[38;2;0;0;0m              [38;2;49;49;49m██[38;2;246;106;90m██[38;2;82;82;82m██[38;2;205;74;82m██[38;2;172;65;74m██████████[38;2;205;74;82m██[38;2;82;82;82m██[38;2;246;106;90m██[38;2;49;49;49m██[38;2;0;0;0m            
[38;2;0;0;0m              [38;2;49;49;49m██[38;2;246;106;90m████[38;2;172;65;74m██[38;2;205;74;82m██████████[38;2;172;65;74m██[38;2;246;106;90m████[38;2;49;49;49m██[38;2;0;0;0m            
[38;2;0;0;0m              [38;2;49;49;49m██[38;2;172;65;74m██[38;2;246;106;90m████[38;2;172;65;74m██████████[38;2;246;106;90m████[38;2;172;65;74m██[38;2;49;49;49m██[38;2;0;0;0m            
[38;2;0;0;0m              [38;2;49;49;49m██[38;2;205;74;82m██[38;2;172;65;74m████[38;2;246;106;90m██████████[38;2;172;65;74m████[38;2;205;74;82m██[38;2;49;49;49m██[38;2;0;0;0m            
[38;2;0;0;0m          [38;2;49;49;49m████[38;2;82;82;82m████[38;2;205;74;82m████[38;2;172;65;74m██████████[38;2;205;74;82m████[38;2;49;49;49m██[38;2;0;0;0m              
[38;2;0;0;0m        [38;2;49;49;49m██[38;2;148;189;255m████[38;2;82;82;82m████████[38;2;205;74;82m██████████[38;2;82;82;82m██████[38;2;49;49;49m██[38;2;0;0;0m            
[38;2;0;0;0m    [38;2;49;49;49m████[38;2;148;189;255m████[38;2;82;82;82m██[38;2;115;156;255m██[38;2;82;82;82m██[38;2;205;74;82m██[38;2;82;82;82m████[38;2;197;197;197m██[38;2;49;49;49m██[38;2;90;131;213m██[38;2;197;197;197m██[38;2;82;82;82m████[38;2;90;131;213m████[38;2;49;49;49m██[38;2;0;0;0m          
[38;2;0;0;0m  [38;2;49;49;49m██[38;2;115;156;255m██[38;2;74;106;180m██[38;2;148;189;255m████[38;2;82;82;82m████[38;2;205;74;82m██[38;2;246;106;90m████[38;2;82;82;82m████[38;2;255;255;255m████[38;2;82;82;82m██[38;2;90;131;213m██████[38;2;82;82;82m██[38;2;49;49;49m████[38;2;0;0;0m        
[38;2;0;0;0m  [38;2;49;49;49m██[38;2;115;156;255m██[38;2;74;106;180m██[38;2;148;189;255m██[38;2;82;82;82m██[38;2;115;156;255m██[38;2;82;82;82m██[38;2;205;74;82m██[38;2;246;106;90m████[38;2;82;82;82m██████[38;2;90;131;213m██[38;2;115;156;255m██[38;2;90;131;213m████[38;2;82;82;82m██[38;2;148;189;255m████[38;2;82;82;82m██[38;2;49;49;49m██[38;2;0;0;0m      
[38;2;0;0;0m    [38;2;49;49;49m██[38;2;115;156;255m██[38;2;148;189;255m██[38;2;82;82;82m████[38;2;205;74;82m██[38;2;246;106;90m████[38;2;82;82;82m██[38;2;205;74;82m██[38;2;82;82;82m████[38;2;115;156;255m████[38;2;90;131;213m████[38;2;82;82;82m██[38;2;148;189;255m██████[38;2;49;49;49m██[38;2;0;0;0m      
[38;2;0;0;0m      [38;2;49;49;49m██[38;2;82;82;82m████[38;2;246;106;90m██[38;2;205;74;82m██[38;2;246;106;90m████[38;2;82;82;82m██[38;2;205;74;82m██[38;2;82;82;82m██[38;2;90;131;213m██[38;2;115;156;255m████[38;2;90;131;213m██[38;2;82;82;82m██[38;2;148;189;255m██[38;2;49;49;49m██[38;2;148;189;255m██[38;2;90;131;213m██[38;2;115;156;255m██[38;2;49;49;49m██[38;2;0;0;0m    
[38;2;0;0;0m      [38;2;49;49;49m██[38;2;82;82;82m██[38;2;246;106;90m██[38;2;205;74;82m██[38;2;246;106;90m████[38;2;82;82;82m██[38;2;205;74;82m████[38;2;82;82;82m██[38;2;115;156;255m████████[38;2;82;82;82m██[38;2;148;189;255m██[38;2;49;49;49m██[38;2;148;189;255m██[38;2;74;106;180m██[38;2;115;156;255m██[38;2;74;106;180m██[38;2;49;49;49m██[38;2;0;0;0m  
[38;2;0;0;0m        [38;2;49;49;49m██[38;2;246;106;90m██[38;2;205;74;82m██[38;2;246;106;90m████[38;2;82;82;82m██[38;2;205;74;82m██[38;2;82;82;82m██████[38;2;115;156;255m██████[38;2;82;82;82m██[38;2;148;189;255m████[38;2;74;106;180m██[38;2;115;156;255m██████[38;2;49;49;49m██[38;2;0;0;0m  
[38;2;0;0;0m      [38;2;49;49;49m██[38;2;82;82;82m████[38;2;246;106;90m████[38;2;205;74;82m██████████[38;2;82;82;82m██[38;2;115;156;255m██████[38;2;90;131;213m██[38;2;82;82;82m██[38;2;148;189;255m████[38;2;49;49;49m██████[38;2;0;0;0m    
[38;2;0;0;0m      [38;2;49;49;49m██[38;2;82;82;82m████████[38;2;205;74;82m████████[38;2;82;82;82m██[38;2;115;156;255m████████[38;2;74;106;180m████[38;2;82;82;82m██[38;2;49;49;49m██[38;2;0;0;0m          
[38;2;0;0;0m        [38;2;49;49;49m██[38;2;82;82;82m██████████████████[38;2;74;106;180m██████████[38;2;49;49;49m██[38;2;0;0;0m            
[38;2;0;0;0m        [38;2;49;49;49m██[38;2;82;82;82m██[38;2;49;49;49m██[38;2;82;82;82m██████████████[38;2;90;131;213m██████[38;2;49;49;49m████[38;2;0;0;0m              
[38;2;0;0;0m          [38;2;49;49;49m██[38;2;0;0;0m  [38;2;49;49;49m██[38;2;82;82;82m████[38;2;49;49;49m██[38;2;82;82;82m████[38;2;49;49;49m████████[38;2;0;0;0m                  
[38;2;0;0;0m                [38;2;49;49;49m████[38;2;0;0;0m  [38;2;49;49;49m████[38;2;0;0;0m                          
[38;2;0;0;0m                                                    [0m
