
      [38;2;0;0;0m▄▄          [0m
  [38;2;0;0;0m▄[48;2;198;206;254m▀[49m▄[48;2;214;222;254m▀[38;2;222;222;254m▀[38;2;0;0;0m[48;2;71;71;79m▀[49m▄▄        [0m
  [38;2;0;0;0m[48;2;0;0;0m▀[38;2;198;206;254m[48;2;165;173;213m▀[38;2;0;0;0m[48;2;198;206;254m▀[38;2;214;222;254m[48;2;189;206;253m▀[38;2;123;125;139m[48;2;123;123;139m▀[38;2;143;143;159m[48;2;206;214;254m▀[38;2;214;214;238m[48;2;162;166;194m▀[38;2;0;0;0m[48;2;74;74;82m▀[49m▄▄[48;2;214;222;254m▀▀▀[49m▄  [0m
 [38;2;0;0;0m[48;2;0;0;0m▀[38;2;66;66;66m[48;2;115;121;142m▀[38;2;165;173;213m[48;2;165;173;213m▀[38;2;198;206;254m▀[38;2;167;178;215m[48;2;110;118;129m▀[48;2;66;70;66m▀[38;2;118;118;134m[48;2;66;66;66m▀[38;2;74;70;74m[48;2;198;206;254m▀[38;2;74;74;82m▀[38;2;222;222;246m▀[38;2;214;222;254m[48;2;165;173;213m▀▀[38;2;145;151;172m[48;2;0;0;0m▀[38;2;8;8;8m[49m▀   [0m
 [38;2;0;0;0m[48;2;0;0;0m▀[38;2;173;181;213m[48;2;165;173;213m▀[38;2;115;119;139m[48;2;66;66;66m▀[38;2;66;66;66m[48;2;165;173;213m▀[38;2;66;70;66m[48;2;206;214;254m▀[38;2;198;214;254m[48;2;118;118;134m▀[38;2;198;206;254m[48;2;66;66;66m▀▀[38;2;165;173;213m[48;2;165;173;213m▀▀▀[38;2;123;123;139m▀[48;2;173;181;229m▀[38;2;0;0;0m▀[48;2;222;222;254m▀[49m▄ [0m
 [38;2;0;0;0m[48;2;0;0;0m▀[38;2;165;173;213m[48;2;123;123;139m▀[48;2;165;176;213m▀▀[38;2;162;166;194m[48;2;165;173;213m▀[38;2;74;70;74m▀[38;2;66;66;66m▀[38;2;165;173;213m[48;2;99;53;59m▀[48;2;66;66;66m▀[38;2;123;123;139m▀[48;2;165;173;213m▀[38;2;165;173;213m[48;2;66;66;66m▀[38;2;173;181;229m[48;2;0;0;0m▀[38;2;0;0;0m[49m▀▀  [0m
  [38;2;0;0;0m[48;2;0;0;0m▀[38;2;165;176;213m[48;2;165;173;213m▀[48;2;60;60;71m▀[38;2;165;173;213m[48;2;119;121;139m▀[38;2;123;123;139m[48;2;173;173;213m▀[38;2;99;53;59m[48;2;66;66;66m▀[48;2;247;247;255m▀[38;2;255;255;255m▀[38;2;66;66;66m[48;2;66;66;66m▀[38;2;165;173;213m[48;2;165;173;213m▀▀[38;2;123;123;139m[48;2;198;206;254m▀[38;2;0;0;0m▀[49m▄  [0m
   [38;2;8;4;0m[48;2;0;0;0m▀[38;2;165;173;213m[48;2;123;123;139m▀[38;2;119;121;139m[48;2;165;173;213m▀[38;2;66;70;66m▀[38;2;187;187;192m[48;2;66;66;66m▀[38;2;66;66;66m▀[48;2;165;173;213m▀[38;2;187;187;192m▀[38;2;66;66;66m[48;2;63;63;68m▀[48;2;0;0;0m▀[38;2;0;0;0m[49m▀▀   [0m
    [38;2;0;0;0m▀[38;2;123;123;139m[48;2;0;0;0m▀[48;2;123;123;139m▀[38;2;165;173;213m[48;2;115;122;142m▀▀[38;2;66;66;66m▀▀[38;2;63;63;68m[48;2;0;0;0m▀[38;2;126;126;137m▀[38;2;0;0;0m[49m▀    [0m
      [38;2;0;0;0m▀[38;2;0;4;0m▀[38;2;173;181;213m[48;2;0;0;0m▀▀[38;2;0;4;0m[49m▀       [0m
                  [0m
