
[38;2;0;0;0m                                                        
[38;2;0;0;0m            ████                                        
[38;2;0;0;0m          ██[38;2;239;91;159m████[38;2;0;0;0m██        ████                          
[38;2;0;0;0m          ██[38;2;239;91;159m████[38;2;206;45;118m██[38;2;0;0;0m██    ██[38;2;206;45;118m██[38;2;239;90;159m██[38;2;0;0;0m██    ████                
[38;2;0;0;0m          ██[38;2;202;45;118m██[38;2;239;90;159m████[38;2;0;0;0m██    ██[38;2;239;90;159m██[38;2;247;86;159m██[38;2;8;0;0m██[38;2;0;0;0m  ██[38;2;239;91;159m████[38;2;0;0;0m██              
[38;2;0;0;0m          ██[38;2;202;45;118m██[38;2;239;90;159m██████[38;2;0;0;0m██  ██[38;2;239;90;159m██[38;2;247;86;159m██[38;2;167;57;106m██[38;2;0;0;0m██[38;2;239;90;159m██[38;2;239;91;159m████[38;2;0;0;0m██              
[38;2;0;0;0m    ████    [38;2;8;0;0m██[38;2;255;86;167m██[38;2;247;74;151m██[38;2;187;70;123m██[38;2;0;0;0m████[38;2;66;66;66m██████[38;2;82;84;74m██[38;2;66;66;66m██[38;2;239;90;159m████[38;2;202;45;118m██[38;2;0;0;0m██              
[38;2;0;0;0m  ██[38;2;239;90;159m████[38;2;0;0;0m██  [38;2;8;0;0m██[38;2;173;57;111m██[38;2;66;61;66m████[38;2;103;99;95m████[38;2;85;82;80m██[38;2;104;99;93m██[38;2;82;84;74m██[38;2;66;66;66m██[38;2;239;90;159m████[38;2;202;45;118m████[38;2;0;0;0m██  ████        
[38;2;0;0;0m  ██[38;2;167;57;106m██[38;2;247;86;159m██[38;2;255;90;167m██[38;2;0;12;8m██[38;2;66;66;66m████[38;2;104;99;96m████[38;2;115;82;96m██[38;2;57;74;65m██[38;2;99;99;91m██[38;2;82;82;77m██[38;2;82;84;74m██[38;2;66;66;66m██[38;2;239;90;159m████[38;2;206;45;118m████[38;2;80;48;61m██[38;2;0;20;8m██[38;2;239;90;159m████[38;2;0;0;0m██      
[38;2;0;0;0m    [38;2;8;0;0m██[38;2;247;86;159m██[38;2;170;64;114m██[38;2;85;38;61m██[38;2;85;82;80m██[38;2;104;99;93m██[38;2;82;82;74m██[38;2;104;99;96m██[38;2;57;74;65m██[38;2;231;99;159m██[38;2;66;66;63m██[38;2;82;82;77m██[38;2;82;84;74m██[38;2;66;66;66m██[38;2;239;90;159m██[38;2;202;45;118m██[38;2;206;45;118m██[38;2;66;66;66m██[38;2;80;48;61m██[38;2;239;103;167m██[38;2;239;90;159m██[38;2;202;45;118m██[38;2;0;0;0m██      
[38;2;0;0;0m    ██[38;2;239;90;159m██[38;2;66;66;66m██[38;2;82;84;74m██[38;2;104;99;96m██[38;2;82;82;74m██[38;2;104;99;93m██[38;2;66;66;66m██[38;2;239;90;159m██[38;2;202;45;118m██[38;2;247;74;151m██[38;2;66;61;66m██[38;2;82;83;74m████[38;2;74;72;71m██[38;2;206;45;118m████[38;2;74;72;71m██[38;2;66;61;66m██[38;2;247;74;151m██[38;2;206;45;118m████[38;2;0;0;0m██      
[38;2;0;0;0m      ██[38;2;82;84;74m████[38;2;82;82;74m████[38;2;85;82;80m██[38;2;66;66;66m██[38;2;239;90;159m██[38;2;202;45;118m██[38;2;187;70;123m██[38;2;66;61;66m██[38;2;82;83;74m████[38;2;74;72;71m████████[38;2;66;61;66m██[38;2;187;70;123m██[38;2;206;45;118m██[38;2;66;66;66m██[38;2;255;255;255m██[38;2;0;0;0m██    
[38;2;0;0;0m      ██[38;2;82;83;74m████████[38;2;82;84;74m██[38;2;66;66;66m██[38;2;206;45;118m██████[38;2;66;66;66m██[38;2;82;83;74m████████████[38;2;82;84;74m██[38;2;66;66;66m██[38;2;77;77;71m██[38;2;198;198;198m██[38;2;255;255;255m████[38;2;0;0;0m██  
[38;2;0;0;0m    ██[38;2;82;82;74m██[38;2;82;83;74m████████[38;2;82;84;74m████[38;2;66;66;66m██[38;2;206;45;118m██[38;2;66;66;66m████[38;2;82;83;74m████████████[38;2;82;84;74m████[38;2;77;77;71m████[38;2;255;255;255m████[38;2;0;0;0m██  
[38;2;0;0;0m    ██[38;2;82;82;74m██████[38;2;82;83;74m████████[38;2;82;84;74m██[38;2;66;66;66m████[38;2;82;84;74m██[38;2;82;83;74m████████████████[38;2;82;84;74m██[38;2;66;66;66m██[38;2;198;198;198m████[38;2;0;0;0m██  
[38;2;0;0;0m    ██[38;2;82;82;74m████[38;2;198;198;198m██[38;2;82;83;74m████████[38;2;82;84;74m████████[38;2;82;83;74m████████████████[38;2;66;66;66m████[38;2;198;198;198m██[38;2;0;0;0m██    
[38;2;0;0;0m    ██[38;2;82;82;74m██[38;2;198;198;198m██████[38;2;82;82;74m██[38;2;82;78;74m██[38;2;247;74;151m██[38;2;82;83;74m████████████[38;2;82;84;74m████████[38;2;66;66;66m██████[38;2;0;0;0m████      
[38;2;0;0;0m      ██[38;2;66;66;66m██[38;2;198;198;198m██[38;2;82;82;74m████[38;2;82;78;74m██[38;2;192;75;125m██[38;2;82;83;74m████████████[38;2;82;84;74m██[38;2;66;66;66m██████████[38;2;0;0;0m██          
[38;2;0;0;0m        ██[38;2;66;66;66m██[38;2;198;198;198m██[38;2;66;66;66m██████████████████████████[38;2;0;0;0m████            
[38;2;0;0;0m          ██████[38;2;66;66;66m██████████████████[38;2;0;0;0m██████                
[38;2;0;0;0m                ██████████████████                      
[38;2;0;0;0m                                                        [0m
