
       [38;2;0;0;0m▄▄▄▄▄▄                       [0m
    [38;2;0;0;0m▄[48;2;165;239;253m▀▀[38;2;165;239;253m▀[38;2;168;236;253m[48;2;168;236;253m▀▀[38;2;123;214;251m[48;2;167;236;252m▀[48;2;123;214;251m▀▀[38;2;0;0;0m▀▀[49m▄                    [0m
  [38;2;0;0;0m▄[48;2;123;214;251m▀[38;2;123;214;251m▀▀[38;2;167;236;252m▀▀▀[38;2;123;214;251m▀▀▀▀▀▀▀[38;2;0;0;0m▀[49m▄                  [0m
 [38;2;0;0;0m▄[48;2;123;214;251m▀[38;2;123;214;251m[48;2;0;0;0m▀[48;2;123;214;251m▀▀▀▀▀▀▀▀▀▀▀▀▀[38;2;0;0;0m▀[49m▄                 [0m
 [38;2;0;0;0m[48;2;0;0;0m▀[38;2;123;214;251m[48;2;123;214;251m▀▀▀▀▀▀▀▀▀[48;2;0;0;0m▀[48;2;123;214;251m▀▀▀▀▀▀[38;2;0;0;0m[48;2;132;119;180m▀[49m▄                [0m
  [38;2;8;0;0m[48;2;8;0;0m▀[38;2;132;206;244m[48;2;70;103;122m▀[38;2;112;174;203m[48;2;90;94;106m▀[38;2;123;214;251m▀[38;2;118;170;198m[48;2;123;214;251m▀[38;2;123;214;251m▀▀▀▀▀▀▀▀▀▀▀[38;2;132;119;180m[48;2;132;119;180m▀[38;2;0;0;0m[48;2;0;0;0m▀[49m                [0m
   [38;2;0;0;0m▀[38;2;148;156;188m[48;2;24;0;0m▀[38;2;107;104;125m[48;2;148;156;188m▀[38;2;85;94;101m[48;2;189;61;93m▀▀[38;2;123;214;251m[48;2;85;93;101m▀▀▀▀[48;2;90;94;106m▀[38;2;90;94;106m[48;2;112;174;203m▀[38;2;123;214;251m[48;2;123;214;251m▀▀▀▀▀[38;2;135;121;183m▀[38;2;0;0;0m[48;2;0;0;0m▀[49m               [0m
     [38;2;0;0;0m[48;2;0;0;0m▀[38;2;137;163;198m[48;2;115;214;251m▀[38;2;181;61;93m▀[38;2;189;80;93m[48;2;156;61;68m▀[38;2;156;61;68m[48;2;255;119;143m▀[38;2;255;127;143m[48;2;255;127;143m▀[48;2;189;61;93m▀[38;2;189;61;93m[48;2;123;214;251m▀[38;2;123;214;251m▀▀▀▀▀▀▀[38;2;0;0;0m▀[49m▄       ▄▄▄    [0m
    [38;2;0;0;0m▄[48;2;123;214;251m▀[38;2;123;214;251m▀▀▀▀▀▀▀▀▀▀▀▀▀▀[38;2;140;206;252m[48;2;140;206;252m▀[38;2;16;0;0m[48;2;99;137;168m▀[38;2;0;0;0m[49m▄   ▄[48;2;123;214;251m▀[48;2;57;86;109m▀[38;2;57;86;109m▀[38;2;57;85;110m[48;2;123;214;251m▀▀[38;2;0;0;0m▀[49m▄  [0m
   [38;2;0;0;0m▄[48;2;123;214;251m▀[38;2;123;214;251m▀▀[48;2;66;66;66m▀[38;2;57;85;110m[48;2;57;85;110m▀[38;2;123;214;251m[48;2;123;214;251m▀▀[48;2;66;66;66m▀[38;2;66;66;66m[48;2;123;214;251m▀[38;2;123;214;251m▀▀▀[48;2;57;79;94m▀[38;2;57;79;94m▀[38;2;123;214;251m[48;2;123;214;251m▀▀▀[38;2;135;121;183m[48;2;135;121;183m▀[38;2;0;0;0m[48;2;132;119;180m▀[49m▄ [48;2;0;0;0m▀[38;2;123;214;251m[48;2;123;214;251m▀[38;2;57;85;110m[48;2;57;85;110m▀▀[38;2;123;214;251m[48;2;123;214;251m▀▀[48;2;118;170;198m▀[38;2;118;168;198m[48;2;118;168;198m▀▀[38;2;0;0;0m[48;2;0;0;0m▀[49m [0m
   [38;2;0;0;0m[48;2;0;0;0m▀[38;2;123;214;251m[48;2;112;174;203m▀[48;2;90;94;106m▀[48;2;123;214;251m▀[38;2;66;66;66m[48;2;66;66;66m▀[38;2;123;214;251m[48;2;123;214;251m▀▀[48;2;66;66;66m▀[38;2;66;66;66m[48;2;123;214;251m▀[38;2;123;214;251m▀▀▀▀[38;2;66;66;66m[48;2;66;66;66m▀[38;2;123;214;251m[48;2;123;214;251m▀▀▀▀[48;2;118;170;198m▀[38;2;126;143;190m[48;2;126;143;190m▀[38;2;66;66;66m[48;2;66;66;66m▀[38;2;0;0;0m[48;2;123;206;251m▀[38;2;123;206;251m[48;2;61;103;125m▀[38;2;57;85;110m[48;2;57;85;110m▀[48;2;123;214;251m▀[38;2;123;214;251m▀▀[48;2;118;170;198m▀[38;2;118;170;198m▀[38;2;115;165;195m[48;2;0;0;0m▀[38;2;0;0;0m[49m▀  [0m
    [38;2;0;0;0m▀[38;2;86;94;102m[48;2;0;0;0m▀[38;2;110;165;190m[48;2;66;66;66m▀[38;2;66;66;66m[48;2;132;214;252m▀[38;2;123;214;251m[48;2;123;214;251m▀▀[38;2;66;66;66m[48;2;66;66;66m▀[38;2;132;214;252m[48;2;110;165;190m▀[38;2;85;93;101m[48;2;85;93;101m▀[38;2;123;214;251m[48;2;123;214;251m▀[38;2;90;94;106m[48;2;90;94;106m▀[38;2;123;214;251m[48;2;112;174;203m▀[38;2;66;66;66m[48;2;66;66;66m▀[38;2;123;214;251m[48;2;123;214;251m▀▀▀[48;2;118;170;198m▀[38;2;118;170;198m▀[38;2;115;165;195m[48;2;115;165;195m▀[38;2;66;66;66m[48;2;66;66;66m▀[38;2;57;85;110m[48;2;57;85;110m▀[48;2;123;214;251m▀[38;2;123;214;251m▀[48;2;118;170;198m▀▀[38;2;118;170;198m▀[38;2;115;165;195m[48;2;115;165;195m▀[48;2;0;0;0m▀[38;2;0;0;0m[49m▀   [0m
     [38;2;0;0;0m▀[38;2;115;165;195m[48;2;0;0;0m▀[48;2;115;165;195m▀[38;2;123;214;251m[48;2;118;170;198m▀▀[38;2;132;214;252m[48;2;113;165;190m▀[38;2;74;66;66m▀[38;2;66;66;66m[48;2;115;165;195m▀[38;2;115;165;195m[48;2;66;66;66m▀[38;2;110;165;190m▀[38;2;66;66;66m[48;2;132;214;252m▀[38;2;123;214;251m[48;2;123;214;251m▀[48;2;118;170;198m▀▀[38;2;118;170;198m▀[38;2;118;168;198m[48;2;118;168;198m▀▀[38;2;66;66;66m[48;2;66;66;66m▀[38;2;115;165;195m[48;2;115;165;195m▀[38;2;118;168;198m[48;2;118;168;198m▀▀▀▀[38;2;115;165;195m[48;2;115;165;195m▀[48;2;0;0;0m▀[38;2;0;0;0m[49m▀     [0m
    [38;2;0;0;0m▄[48;2;123;214;251m▀[38;2;113;165;190m[48;2;132;214;252m▀[38;2;74;66;66m[48;2;113;165;190m▀[38;2;66;66;66m[48;2;115;165;195m▀[38;2;115;165;195m[48;2;66;66;66m▀[38;2;123;173;195m[48;2;46;60;65m▀[48;2;8;4;0m▀[38;2;115;165;195m[48;2;0;0;0m▀[48;2;115;165;195m▀[38;2;118;168;198m[48;2;118;168;198m▀▀▀▀[38;2;115;165;195m[48;2;115;165;195m▀[48;2;66;66;66m▀[48;2;0;0;0m▀[38;2;0;0;0m[49m▀[38;2;115;165;195m[48;2;0;0;0m▀▀▀▀▀[38;2;0;0;0m[49m▀▀       [0m
    [38;2;0;0;0m▀[38;2;66;66;66m[48;2;0;0;0m▀[38;2;115;165;203m▀[38;2;57;82;101m▀[38;2;115;165;195m▀▀[38;2;0;0;0m[49m▀  ▀[38;2;52;60;65m[48;2;16;4;0m▀[48;2;123;173;195m▀[38;2;66;66;66m[48;2;132;214;252m▀[48;2;110;165;190m▀[38;2;74;66;66m[48;2;132;214;252m▀[38;2;113;165;190m[48;2;113;165;190m▀[38;2;0;0;0m[48;2;123;214;251m▀[49m▄              [0m
              [38;2;0;0;0m▀[38;2;66;66;66m[48;2;0;0;0m▀[38;2;115;165;203m▀[38;2;57;82;101m▀[38;2;115;165;203m▀[38;2;57;82;101m▀[38;2;115;165;195m▀[38;2;0;0;0m[49m▀              [0m
                                    [0m
