
[38;2;0;0;0m                                                
[38;2;0;0;0m                  [38;2;0;4;0m████[38;2;0;0;0m                          
[38;2;0;0;0m                [38;2;0;4;0m██[38;2;222;222;222m██[38;2;0;4;0m██[38;2;0;0;0m    [38;2;0;4;0m██████[38;2;0;0;0m                
[38;2;0;0;0m              [38;2;0;4;0m██[38;2;222;222;222m██████[38;2;0;4;0m████[38;2;222;222;222m████[38;2;0;4;0m██[38;2;0;0;0m                
[38;2;0;0;0m              [38;2;0;4;0m██[38;2;222;222;222m████[38;2;101;101;75m██[38;2;222;225;219m████[38;2;222;222;222m██[38;2;101;101;75m██[38;2;85;88;74m██[38;2;16;16;0m██[38;2;0;4;0m██[38;2;0;0;0m            
[38;2;0;0;0m            [38;2;0;4;0m██[38;2;222;222;222m████[38;2;101;101;75m██[38;2;222;222;222m██[38;2;222;225;219m████[38;2;101;101;75m██[38;2;222;222;222m██[38;2;222;231;222m████[38;2;222;222;222m██[38;2;0;4;0m██[38;2;0;0;0m          
[38;2;0;0;0m            [38;2;0;4;0m██[38;2;143;143;137m██[38;2;214;214;206m██[38;2;132;127;60m██[38;2;222;222;222m████[38;2;101;101;75m██[38;2;222;225;219m████████[38;2;222;222;222m████[38;2;0;4;0m██[38;2;0;0;0m        
[38;2;0;0;0m              ██[38;2;143;143;137m██[38;2;132;127;60m████[38;2;222;222;222m████[38;2;222;225;219m████████[38;2;0;4;0m████[38;2;0;0;0m          
[38;2;0;0;0m            [38;2;0;4;0m██[38;2;148;144;96m████[38;2;247;222;111m████[38;2;144;137;56m████[38;2;222;222;222m████[38;2;79;82;71m██[38;2;8;8;0m██[38;2;0;0;0m              
[38;2;0;0;0m          [38;2;0;4;0m██[38;2;148;148;140m██[38;2;57;66;73m██[38;2;239;222;119m██[38;2;247;222;111m████████[38;2;148;140;60m██[38;2;222;222;222m██[38;2;222;231;214m██[38;2;79;82;71m██[38;2;0;4;0m██[38;2;0;0;0m            
[38;2;0;0;0m        [38;2;0;4;0m██[38;2;148;148;140m██[38;2;66;66;66m██[38;2;214;206;150m██[38;2;148;140;52m██[38;2;148;140;60m████[38;2;148;140;52m██[38;2;214;206;150m██[38;2;247;214;103m██[38;2;66;66;58m██[38;2;222;225;219m████[38;2;0;4;0m██[38;2;0;0;0m            
[38;2;0;0;0m        [38;2;0;4;0m██[38;2;148;148;140m██[38;2;66;66;66m██[38;2;148;140;52m██[38;2;247;239;199m██[38;2;222;222;222m████[38;2;247;239;199m██[38;2;148;140;52m██[38;2;156;140;80m██[38;2;66;66;58m██[38;2;222;225;219m████[38;2;222;222;222m██[38;2;0;4;0m██[38;2;0;0;0m          
[38;2;0;0;0m      [38;2;0;4;0m██[38;2;148;148;140m██[38;2;144;144;136m██[38;2;66;66;66m██[38;2;222;222;222m████████[38;2;118;96;86m████[38;2;99;99;91m██[38;2;151;151;146m██[38;2;66;66;66m██[38;2;222;222;222m██[38;2;222;225;219m████[38;2;0;4;0m██[38;2;0;0;0m        
[38;2;0;0;0m      [38;2;0;4;0m██[38;2;148;148;140m██[38;2;66;66;66m██[38;2;144;144;136m██[38;2;222;222;222m██[38;2;247;222;111m██[38;2;222;222;222m██[38;2;148;148;140m██[38;2;255;255;255m██[38;2;118;96;86m██[38;2;255;255;255m██[38;2;151;151;146m██[38;2;66;66;66m██[38;2;222;222;222m██[38;2;222;225;219m████[38;2;0;4;0m██[38;2;0;0;0m        
[38;2;0;0;0m      [38;2;0;4;0m██[38;2;148;148;140m██[38;2;66;66;66m██[38;2;159;93;69m██[38;2;206;222;222m██[38;2;177;156;145m██[38;2;222;225;219m████[38;2;181;99;69m████[38;2;247;255;255m██[38;2;164;137;124m██[38;2;74;57;50m██[38;2;231;222;207m██[38;2;222;225;219m████[38;2;222;222;222m██[38;2;0;4;0m██[38;2;0;0;0m      
[38;2;0;0;0m    [38;2;0;4;0m██[38;2;148;148;140m████[38;2;66;66;66m██[38;2;206;107;70m██[38;2;148;90;68m████[38;2;222;225;219m████[38;2;255;255;255m████[38;2;123;78;59m████[38;2;126;112;102m██[38;2;74;57;50m██[38;2;222;225;219m████[38;2;222;222;222m████[38;2;0;4;0m██[38;2;0;0;0m    
[38;2;0;0;0m    [38;2;0;4;0m██[38;2;148;152;140m████[38;2;148;148;140m██[38;2;0;4;0m██[38;2;206;107;70m████[38;2;156;92;66m████[38;2;123;74;51m████[38;2;156;92;65m████[38;2;121;76;62m██[38;2;74;61;58m██[38;2;222;222;222m████[38;2;222;225;219m████[38;2;0;4;0m██[38;2;0;0;0m    
[38;2;0;0;0m  [38;2;0;4;0m██[38;2;148;148;140m██[38;2;148;152;140m████[38;2;0;4;0m██[38;2;0;0;0m  [38;2;0;4;0m██[38;2;206;107;70m██████[38;2;156;92;65m██████[38;2;123;74;51m██[38;2;214;107;70m████[38;2;66;66;66m██[38;2;222;222;222m██[38;2;222;225;219m████[38;2;0;4;0m██[38;2;0;0;0m    
[38;2;0;0;0m    [38;2;0;4;0m██████[38;2;0;0;0m    [38;2;0;8;8m██[38;2;77;52;42m██[38;2;160;90;64m████[38;2;156;90;68m██[38;2;82;80;70m██[38;2;156;92;66m████[38;2;127;72;51m██[38;2;0;4;0m████[38;2;222;222;222m██[38;2;222;225;219m████[38;2;222;222;222m██[38;2;0;4;0m██[38;2;0;0;0m  
[38;2;0;0;0m              [38;2;0;8;8m██[38;2;154;96;77m██[38;2;66;66;66m██[38;2;160;90;64m██[38;2;82;80;70m████[38;2;156;92;66m██[38;2;206;107;70m██[38;2;0;4;0m██[38;2;0;0;0m    [38;2;0;4;0m██[38;2;222;225;219m████[38;2;222;222;222m██[38;2;0;4;0m██[38;2;0;0;0m  
[38;2;0;0;0m            [38;2;0;4;0m██[38;2;160;90;64m████[38;2;66;66;66m██[38;2;77;77;74m██[38;2;93;97;96m██[38;2;80;79;69m██[38;2;209;107;68m████[38;2;0;4;0m██[38;2;0;0;0m      [38;2;0;4;0m██[38;2;222;222;222m████[38;2;0;4;0m██[38;2;0;0;0m  
[38;2;0;0;0m            [38;2;0;4;0m██[38;2;160;90;64m██[38;2;66;66;66m██[38;2;99;99;91m████[38;2;93;97;96m██[38;2;80;79;69m██[38;2;209;107;68m████[38;2;82;80;70m██[38;2;0;4;0m██[38;2;0;0;0m      [38;2;0;4;0m████[38;2;0;0;0m    
[38;2;0;0;0m            [38;2;0;4;0m██[38;2;154;96;77m██[38;2;77;52;42m██[38;2;94;99;94m████[38;2;85;88;77m██[38;2;206;107;70m██████[38;2;94;96;94m██[38;2;0;4;0m██[38;2;0;0;0m              
[38;2;0;0;0m              [38;2;0;8;8m████[38;2;66;66;66m██[38;2;94;99;94m██[38;2;85;88;77m████[38;2;206;107;70m██[38;2;79;80;71m██[38;2;94;96;94m██[38;2;0;4;0m██[38;2;0;0;0m              
[38;2;0;0;0m                [38;2;0;4;0m██[38;2;66;66;66m████[38;2;0;4;0m██[38;2;66;65;66m██[38;2;94;99;94m████[38;2;0;4;0m██[38;2;0;0;0m                
[38;2;0;0;0m                [38;2;0;4;0m██[38;2;66;66;66m██[38;2;0;4;0m██[38;2;0;0;0m  [38;2;0;4;0m██[38;2;66;66;66m██[38;2;94;99;94m██[38;2;0;4;0m██[38;2;0;0;0m                
[38;2;0;0;0m            [38;2;0;4;0m██[38;2;0;8;8m██[38;2;82;55;42m██[38;2;66;65;66m██[38;2;0;4;0m██[38;2;0;0;0m    [38;2;0;8;8m██[38;2;126;82;65m██[38;2;0;4;0m██[38;2;0;0;0m                
[38;2;0;0;0m          [38;2;0;4;0m██[38;2;127;72;51m██[38;2;123;78;59m████[38;2;0;4;0m██[38;2;0;0;0m      [38;2;0;8;8m██[38;2;189;119;93m██[38;2;127;72;51m██[38;2;0;4;0m██[38;2;0;0;0m              
[38;2;0;0;0m            [38;2;0;4;0m██████[38;2;0;0;0m      [38;2;0;4;0m██[38;2;206;107;70m██[38;2;137;73;47m██[38;2;206;107;70m██[38;2;137;73;47m██[38;2;0;4;0m██[38;2;0;0;0m            
[38;2;0;0;0m                          [38;2;0;4;0m████████[38;2;0;0;0m              
[38;2;0;0;0m                                                [0m
