
       [38;2;0;4;0m▄                    [0m
    [38;2;0;4;0m▄[48;2;94;72;74m▀[38;2;94;72;74m[48;2;0;4;0m▀[38;2;0;4;0m[49m▀       ▄▄▄          [0m
   [38;2;0;4;0m▄[38;2;96;75;74m[48;2;96;75;74m▀▀[49m      [38;2;0;4;0m[48;2;132;100;95m▀▀[38;2;132;103;92m[48;2;247;222;103m▀[38;2;247;222;111m[48;2;0;4;0m▀[38;2;0;4;0m[49m▀▀          [0m
   [38;2;0;4;0m▀[38;2;94;76;74m[48;2;66;66;66m▀[38;2;66;66;66m[48;2;255;206;71m▀[48;2;255;206;68m▀[38;2;0;4;0m[48;2;230;177;70m▀[48;2;231;181;71m▀[49m▄[48;2;132;103;100m▀[38;2;132;100;95m[48;2;131;101;95m▀[38;2;189;162;101m[48;2;247;222;111m▀[38;2;247;222;111m▀[49m      [38;2;0;4;0m▄   [38;2;0;8;0m▄▄[38;2;0;4;0m[48;2;0;8;0m▀[49m [0m
  [38;2;0;4;0m[48;2;255;255;255m▀[38;2;230;177;70m[48;2;230;177;70m▀[38;2;255;206;68m[48;2;255;206;68m▀▀[38;2;255;206;71m[48;2;230;177;70m▀[38;2;231;176;68m[48;2;231;176;68m▀[38;2;231;181;71m[48;2;231;181;71m▀[38;2;66;66;66m[48;2;66;66;66m▀[38;2;132;101;97m[48;2;132;101;97m▀[38;2;132;103;92m[48;2;132;103;92m▀[38;2;247;222;111m[48;2;247;222;111m▀▀[48;2;0;4;0m▀▀[38;2;159;144;69m[48;2;239;214;103m▀[38;2;0;4;0m[48;2;0;4;0m▀[49m▄[48;2;247;222;111m▀[38;2;247;222;111m▀[38;2;0;4;0m▀[49m▄[48;2;247;222;111m▀[38;2;247;222;111m▀[48;2;0;4;0m▀[49m  [0m
 [38;2;0;4;0m[48;2;0;4;0m▀[38;2;231;181;79m[48;2;255;255;239m▀[38;2;231;176;68m[48;2;231;181;71m▀[48;2;231;176;68m▀▀[48;2;66;66;66m▀[38;2;66;66;66m[48;2;255;247;247m▀[38;2;231;176;68m[48;2;66;66;66m▀[48;2;231;181;71m▀[38;2;66;66;74m[48;2;231;176;68m▀[38;2;66;66;66m▀[38;2;0;4;0m[48;2;0;4;0m▀[49m   ▀ [38;2;189;165;85m[48;2;255;231;119m▀[38;2;247;222;111m[48;2;189;164;83m▀[48;2;247;222;111m▀▀▀▀[38;2;0;4;0m[49m▀   [0m
 [38;2;0;4;0m▀[38;2;231;181;71m[48;2;0;4;0m▀[38;2;231;176;68m[48;2;66;66;66m▀[48;2;231;181;71m▀[48;2;66;66;66m▀[48;2;231;181;71m▀[38;2;66;66;66m[48;2;231;176;68m▀[38;2;230;177;70m[48;2;255;239;135m▀[38;2;255;239;135m▀[38;2;230;177;70m▀[38;2;231;176;68m[48;2;231;181;71m▀[38;2;189;148;69m[48;2;206;156;70m▀[38;2;0;4;0m[48;2;0;4;0m▀[49m  ▄[48;2;189;165;85m▀[38;2;189;165;85m[48;2;0;4;0m▀[38;2;0;4;0m[49m▀ ▀[38;2;173;151;74m▀[38;2;0;4;0m▀    [0m
  [38;2;94;72;74m[48;2;94;72;74m▀[38;2;181;143;69m[48;2;99;78;83m▀[38;2;66;66;66m[48;2;66;66;66m▀[38;2;231;181;71m[48;2;247;247;223m▀▀[38;2;231;176;68m[48;2;243;214;71m▀[38;2;230;177;70m[48;2;66;66;66m▀[38;2;255;239;135m▀[38;2;230;177;70m[48;2;239;181;71m▀[38;2;193;148;69m[48;2;231;181;71m▀[38;2;206;156;70m▀▀[38;2;0;4;0m[49m▄ ▀[38;2;189;165;85m[48;2;0;4;0m▀[38;2;0;4;0m[49m▄         [0m
  [38;2;0;4;0m▀▀[38;2;0;0;0m[48;2;192;148;69m▀[38;2;247;247;215m[48;2;66;66;66m▀[38;2;247;247;220m[48;2;247;247;220m▀[38;2;247;247;223m[48;2;247;247;223m▀[38;2;132;101;97m[48;2;66;66;66m▀▀[38;2;231;173;63m▀[38;2;231;181;71m[48;2;231;176;68m▀[38;2;231;176;68m▀▀[38;2;193;148;69m[48;2;99;74;75m▀[38;2;0;4;0m[48;2;123;103;99m▀[49m ▀[38;2;82;94;106m▀[38;2;0;4;0m[48;2;0;4;0m▀▀[38;2;78;88;106m[49m▄[38;2;0;4;0m▄     [0m
   [38;2;0;4;0m▀[38;2;192;148;69m[48;2;192;148;67m▀[38;2;66;66;66m▀[38;2;247;247;220m[48;2;66;66;58m▀[38;2;247;247;223m[48;2;66;66;66m▀[38;2;206;189;142m[48;2;206;189;142m▀▀[38;2;66;66;66m[48;2;192;148;69m▀[38;2;231;176;68m[48;2;193;148;69m▀[48;2;231;176;68m▀▀[38;2;187;145;72m[48;2;193;148;69m▀[38;2;82;70;66m[48;2;66;57;42m▀[38;2;0;4;0m[48;2;66;66;66m▀[38;2;66;66;66m[49m▄[38;2;0;4;0m▄▄[38;2;63;64;65m▄[38;2;0;4;0m[48;2;90;94;98m▀[49m▀     [0m
  [38;2;0;4;0m▄[38;2;99;82;83m▄[38;2;0;8;16m[48;2;94;72;74m▀[38;2;154;113;85m▀[38;2;159;112;68m[48;2;0;4;0m▀[38;2;189;148;69m▀[38;2;0;4;0m[49m▀▀[38;2;189;148;69m▀[38;2;192;148;67m[48;2;0;8;8m▀[48;2;66;66;66m▀[48;2;156;111;68m▀[38;2;189;148;69m[48;2;159;113;66m▀[38;2;0;4;0m[48;2;0;4;0m▀[49m▀▀[38;2;78;88;106m▀▀▀[38;2;0;4;0m▀      [0m
   [38;2;0;8;0m▀[38;2;0;4;0m▀▀    ▀[38;2;99;82;83m[48;2;0;8;0m▀[38;2;96;81;67m▀[38;2;66;66;66m▀[38;2;159;113;66m[49m▀[38;2;0;4;0m▀            [0m
                            [0m
