
[38;2;0;0;0m                                                                
[38;2;0;0;0m                                [38;2;49;49;49m████[38;2;0;0;0m                            
[38;2;0;0;0m                              [38;2;49;49;49m██[38;2;205;139;222m████[38;2;49;49;49m██[38;2;0;0;0m                          
[38;2;0;0;0m                          [38;2;49;49;49m████[38;2;205;139;222m████████[38;2;49;49;49m██[38;2;0;0;0m                        
[38;2;0;0;0m                        [38;2;49;49;49m██[38;2;205;139;222m██[38;2;49;49;49m██[38;2;156;90;172m██[38;2;205;139;222m██████[38;2;82;82;82m██[38;2;49;49;49m██[38;2;0;0;0m                      
[38;2;0;0;0m            [38;2;49;49;49m████[38;2;0;0;0m        [38;2;49;49;49m██[38;2;205;139;222m████[38;2;82;82;82m██[38;2;156;90;172m██[38;2;205;139;222m██[38;2;82;82;82m██[38;2;205;139;222m████[38;2;49;49;49m██[38;2;0;0;0m                    
[38;2;0;0;0m          [38;2;49;49;49m██[38;2;255;255;255m████[38;2;49;49;49m██████[38;2;0;0;0m    [38;2;49;49;49m██[38;2;156;90;172m██[38;2;82;82;82m██[38;2;205;139;222m████[38;2;82;82;82m██[38;2;205;139;222m██[38;2;82;82;82m██[38;2;49;49;49m██[38;2;0;0;0m                    
[38;2;0;0;0m        [38;2;49;49;49m████[38;2;255;255;255m██[38;2;189;189;189m██[38;2;82;82;82m██[38;2;255;255;255m████[38;2;49;49;49m████[38;2;156;90;172m██[38;2;82;82;82m██[38;2;156;90;172m██[38;2;205;139;222m██[38;2;156;90;172m██[38;2;82;82;82m████[38;2;205;139;222m████[38;2;49;49;49m██[38;2;0;0;0m  [38;2;49;49;49m██[38;2;0;0;0m              
[38;2;0;0;0m        [38;2;49;49;49m██[38;2;123;123;123m██[38;2;82;82;82m██████[38;2;255;255;255m██[38;2;189;189;189m██[38;2;82;82;82m████████[38;2;205;139;222m██[38;2;156;90;172m██[38;2;82;82;82m██[38;2;205;139;222m██[38;2;82;82;82m██[38;2;205;139;222m████[38;2;49;49;49m████[38;2;115;213;255m██[38;2;49;49;49m██[38;2;0;0;0m            
[38;2;0;0;0m        [38;2;49;49;49m██[38;2;82;82;82m██[38;2;123;123;123m██████[38;2;82;82;82m████[38;2;156;156;156m██████[38;2;82;82;82m██[38;2;156;90;172m██[38;2;205;139;222m████████[38;2;82;82;82m██[38;2;49;49;49m██[38;2;0;0;0m  [38;2;49;49;49m██[38;2;74;164;197m██[38;2;115;213;255m██[38;2;49;49;49m██[38;2;0;0;0m  [38;2;49;49;49m████[38;2;0;0;0m    
[38;2;0;0;0m        [38;2;49;49;49m██[38;2;156;156;156m██[38;2;123;123;123m██████████████[38;2;82;82;82m██[38;2;156;90;172m██[38;2;205;139;222m████[38;2;156;90;172m██[38;2;82;82;82m████[38;2;255;255;255m████[38;2;49;49;49m████[38;2;74;164;197m██[38;2;82;82;82m██[38;2;115;213;255m██[38;2;49;49;49m██[38;2;115;213;255m██[38;2;49;49;49m██[38;2;0;0;0m    
[38;2;0;0;0m  [38;2;49;49;49m██████[38;2;123;123;123m██[38;2;82;82;82m██[38;2;123;123;123m██████[38;2;82;82;82m██[38;2;205;139;57m██[38;2;82;82;82m████[38;2;156;90;172m████[38;2;82;82;82m██████[38;2;255;197;41m██[38;2;123;123;123m██[38;2;82;82;82m██[38;2;255;255;255m██[38;2;74;164;197m██[38;2;82;82;82m██[38;2;74;164;197m██[38;2;82;82;82m████[38;2;115;213;255m████[38;2;49;49;49m██[38;2;0;0;0m    
[38;2;0;0;0m  [38;2;49;49;49m██[38;2;115;213;255m██[38;2;49;49;49m██[38;2;156;156;156m██[38;2;123;123;123m██████[38;2;82;82;82m██[38;2;255;197;41m██[38;2;205;139;57m██[38;2;255;255;255m██[38;2;189;189;189m██[38;2;82;82;82m████[38;2;123;123;123m██████[38;2;255;197;41m████[38;2;123;123;123m██[38;2;82;82;82m██[38;2;49;49;49m██[38;2;115;213;255m██[38;2;74;164;197m██[38;2;49;49;49m██[38;2;115;213;255m████████[38;2;49;49;49m██[38;2;0;0;0m  
[38;2;0;0;0m    [38;2;49;49;49m██[38;2;74;164;197m██[38;2;82;82;82m██[38;2;123;123;123m████[38;2;82;82;82m██[38;2;255;255;255m██[38;2;255;197;41m██[38;2;255;255;255m██████[38;2;82;82;82m██[38;2;123;123;123m████[38;2;255;197;41m████[38;2;123;123;123m██[38;2;255;197;41m████[38;2;49;49;49m██[38;2;0;0;0m  [38;2;49;49;49m██[38;2;115;213;255m██[38;2;49;49;49m██████[38;2;115;213;255m██[38;2;49;49;49m████[38;2;0;0;0m  
[38;2;0;0;0m  [38;2;49;49;49m██[38;2;115;213;255m██[38;2;74;164;197m██[38;2;123;123;123m████[38;2;82;82;82m██[38;2;164;41;49m██[38;2;255;255;255m██[38;2;82;82;82m██████[38;2;255;255;255m██[38;2;82;82;82m██[38;2;255;197;41m██[38;2;123;123;123m██[38;2;255;197;41m████████[38;2;123;123;123m██[38;2;49;49;49m██[38;2;0;0;0m    [38;2;49;49;49m██[38;2;0;0;0m    [38;2;49;49;49m██[38;2;115;213;255m██[38;2;49;49;49m██[38;2;0;0;0m    
[38;2;0;0;0m    [38;2;49;49;49m██[38;2;189;189;189m██[38;2;74;164;197m████[38;2;115;213;255m██████████[38;2;82;82;82m██[38;2;189;189;189m██[38;2;82;82;82m██[38;2;255;197;41m████[38;2;123;123;123m██[38;2;255;197;41m██[38;2;123;123;123m██[38;2;255;197;41m██████[38;2;49;49;49m██[38;2;0;0;0m          [38;2;49;49;49m██[38;2;0;0;0m      
[38;2;0;0;0m    [38;2;49;49;49m██[38;2;255;255;255m██[38;2;82;82;82m██[38;2;189;189;189m██[38;2;123;123;123m██[38;2;74;164;197m██[38;2;115;213;255m██[38;2;74;164;197m██[38;2;82;82;82m██[38;2;189;189;189m██[38;2;82;82;82m██[38;2;255;197;41m██████████[38;2;82;82;82m██[38;2;255;197;41m████[38;2;123;123;123m██[38;2;255;197;41m██[38;2;49;49;49m██[38;2;0;0;0m                
[38;2;0;0;0m      [38;2;49;49;49m██[38;2;82;82;82m██████[38;2;189;189;189m██[38;2;82;82;82m██[38;2;115;213;255m██[38;2;82;82;82m████[38;2;123;123;123m██[38;2;255;197;41m██[38;2;205;139;57m██[38;2;49;49;49m██[38;2;255;197;41m██[38;2;49;49;49m██████[38;2;255;197;41m████[38;2;205;139;57m██[38;2;49;49;49m██[38;2;0;0;0m                
[38;2;0;0;0m      [38;2;49;49;49m██[38;2;205;139;57m████[38;2;82;82;82m██[38;2;255;255;255m██[38;2;49;49;49m██[38;2;82;82;82m████[38;2;123;123;123m██[38;2;255;197;41m████[38;2;49;49;49m██[38;2;0;0;0m  [38;2;49;49;49m████[38;2;0;0;0m    [38;2;49;49;49m██[38;2;189;189;189m██[38;2;205;139;57m██[38;2;189;189;189m██[38;2;49;49;49m██[38;2;0;0;0m              
[38;2;0;0;0m    [38;2;49;49;49m██[38;2;255;197;41m████[38;2;205;139;57m██[38;2;49;49;49m████[38;2;0;0;0m  [38;2;49;49;49m██[38;2;255;197;41m██[38;2;123;123;123m██[38;2;255;197;41m██[38;2;82;82;82m██[38;2;49;49;49m██[38;2;0;0;0m        [38;2;49;49;49m██[38;2;189;189;189m██[38;2;255;255;255m██[38;2;189;189;189m██[38;2;255;255;255m██[38;2;49;49;49m██[38;2;0;0;0m              
[38;2;0;0;0m  [38;2;49;49;49m██[38;2;255;255;255m██[38;2;189;189;189m██[38;2;255;197;41m██[38;2;49;49;49m██[38;2;0;0;0m      [38;2;49;49;49m██[38;2;255;197;41m████[38;2;123;123;123m██[38;2;49;49;49m██[38;2;0;0;0m          [38;2;49;49;49m██[38;2;82;82;82m██[38;2;255;255;255m██[38;2;189;189;189m██[38;2;49;49;49m██[38;2;0;0;0m                
[38;2;0;0;0m  [38;2;49;49;49m████[38;2;189;189;189m██[38;2;255;255;255m██[38;2;49;49;49m██[38;2;0;0;0m    [38;2;49;49;49m██[38;2;205;139;57m██[38;2;255;197;41m██████[38;2;49;49;49m██[38;2;0;0;0m            [38;2;49;49;49m██████[38;2;0;0;0m                  
[38;2;0;0;0m    [38;2;49;49;49m██████[38;2;0;0;0m      [38;2;49;49;49m██[38;2;189;189;189m████[38;2;255;197;41m██[38;2;49;49;49m██[38;2;0;0;0m                                      
[38;2;0;0;0m              [38;2;49;49;49m██[38;2;189;189;189m██[38;2;255;255;255m██[38;2;189;189;189m██[38;2;255;255;255m██[38;2;49;49;49m██[38;2;0;0;0m                                      
[38;2;0;0;0m              [38;2;49;49;49m██[38;2;82;82;82m██[38;2;255;255;255m██[38;2;189;189;189m██[38;2;49;49;49m████[38;2;0;0;0m                                      
[38;2;0;0;0m                [38;2;49;49;49m██████[38;2;0;0;0m                                          
[38;2;0;0;0m                                                                [0m
