
[38;2;0;0;0m                                                                              
[38;2;0;0;0m                      ████        ████                                        
[38;2;0;0;0m                  ████[38;2;255;103;71m██[38;2;0;0;0m██    ████[38;2;247;214;95m████[38;2;0;0;0m████                                    
[38;2;0;0;0m                ██[38;2;255;132;79m██[38;2;255;140;79m██[38;2;0;0;0m██    ██[38;2;255;123;79m██[38;2;250;209;92m████[38;2;247;214;95m██[38;2;250;158;84m██[38;2;165;69;55m██[38;2;0;0;8m██[38;2;0;0;0m████                              
[38;2;0;0;0m                ██[38;2;255;132;79m██[38;2;255;140;79m████[38;2;0;0;0m████[38;2;255;123;79m████[38;2;250;209;92m██[38;2;255;165;87m██[38;2;252;101;74m████[38;2;247;103;79m████[38;2;255;103;71m████[38;2;0;0;0m██                            
[38;2;0;0;0m              ██[38;2;250;211;92m████████[38;2;247;206;95m████[38;2;252;101;74m████████████[38;2;255;103;71m████[38;2;0;0;0m████                              
[38;2;0;0;0m        ██  ██[38;2;247;214;95m██[38;2;250;211;92m████████[38;2;250;170;87m██[38;2;255;99;71m██[38;2;252;101;74m████████████[38;2;0;0;0m████          ██████                  
[38;2;0;0;0m      ██[38;2;214;189;126m██[38;2;16;0;0m██[38;2;250;211;92m████████[38;2;255;231;135m██[38;2;66;66;66m██[38;2;247;214;95m██████[38;2;250;158;84m██[38;2;252;101;74m████[38;2;255;103;71m██[38;2;0;0;0m██            ██[38;2;255;189;87m██[38;2;250;209;92m████[38;2;0;0;0m██      ████      
[38;2;0;0;0m  ████[38;2;66;66;66m██[38;2;214;189;126m██[38;2;115;94;63m██[38;2;250;211;92m████████[38;2;66;66;66m██[38;2;255;231;135m██[38;2;66;66;66m██[38;2;247;214;95m██[38;2;252;101;74m████████[38;2;255;103;71m██[38;2;0;0;0m██            ██[38;2;255;189;87m██[38;2;255;165;87m██[38;2;250;209;92m██[38;2;247;214;95m██[38;2;0;0;0m██████[38;2;255;103;71m████[38;2;0;0;0m██    
[38;2;0;0;0m  ██[38;2;255;247;175m██[38;2;66;70;58m██[38;2;206;198;126m████[38;2;156;66;68m██[38;2;247;214;95m████[38;2;66;66;66m██[38;2;255;247;183m████[38;2;66;61;66m██[38;2;255;94;71m██[38;2;252;101;74m████[38;2;255;103;71m██████[38;2;0;0;0m██          ██[38;2;252;101;74m████████[38;2;247;214;95m██████[38;2;252;101;74m██[38;2;255;103;71m██[38;2;0;0;0m██      
[38;2;0;0;0m  ██[38;2;192;188;136m██[38;2;255;247;175m██[38;2;66;66;66m██[38;2;206;198;126m██[38;2;156;66;68m██[38;2;247;214;95m████[38;2;66;66;66m██[38;2;255;247;183m██[38;2;156;66;68m██[38;2;66;61;66m██[38;2;160;77;68m██[38;2;252;101;74m████[38;2;255;103;71m██[38;2;0;0;0m████        ████[38;2;247;214;95m████████[38;2;252;101;74m████[38;2;247;214;95m██[38;2;252;101;74m████[38;2;255;103;71m████[38;2;0;0;0m██    
[38;2;0;0;0m    ██[38;2;206;198;126m████[38;2;66;66;66m██[38;2;247;214;95m████[38;2;66;66;66m██[38;2;255;247;183m██[38;2;156;66;68m██[38;2;211;110;91m██[38;2;74;57;66m██[38;2;195;140;80m██[38;2;165;66;61m██[38;2;247;99;87m██[38;2;0;0;0m██          ██[38;2;247;214;95m██[38;2;250;211;92m████[38;2;247;206;95m██[38;2;250;170;87m██[38;2;252;101;74m████[38;2;255;102;74m██[38;2;255;166;84m██[38;2;252;101;74m████████[38;2;255;103;71m██[38;2;0;0;0m██  
[38;2;0;0;0m    ██[38;2;206;198;126m██████[38;2;156;66;68m████[38;2;255;247;183m████[38;2;156;66;68m██[38;2;211;110;91m██[38;2;74;57;66m██[38;2;255;181;87m██[38;2;165;66;61m██[38;2;0;0;8m██[38;2;0;0;0m        ██  ██[38;2;247;214;95m██[38;2;250;211;92m████[38;2;247;206;95m██[38;2;255;99;71m██[38;2;252;101;74m████[38;2;255;102;74m████[38;2;252;101;74m████████[38;2;0;0;0m██    
[38;2;0;0;0m      ██[38;2;206;198;134m████[38;2;255;247;183m██████████[38;2;156;66;68m██[38;2;66;66;66m██[38;2;231;206;111m██[38;2;255;156;87m████[38;2;0;0;0m██    ██[38;2;247;103;79m██[38;2;0;0;8m██[38;2;156;66;68m██[38;2;247;214;95m██[38;2;250;209;92m██[38;2;255;165;87m██[38;2;252;101;74m████████[38;2;255;103;71m████████[38;2;0;0;0m████      
[38;2;0;0;0m      ██[38;2;156;148;92m██[38;2;255;247;175m██[38;2;255;247;183m████████████[38;2;231;206;111m██[38;2;66;66;66m██[38;2;255;156;87m██[38;2;0;0;0m██    ██[38;2;255;103;71m██[38;2;247;103;79m██[38;2;165;69;55m██[38;2;247;214;95m████[38;2;250;209;92m████[38;2;247;214;95m██[38;2;252;101;74m██████[38;2;0;0;0m██[38;2;255;103;71m████[38;2;0;0;0m██          
[38;2;0;0;0m      ██[38;2;255;247;183m████████████████[38;2;255;247;175m██[38;2;66;70;58m██[38;2;255;140;79m████[38;2;0;0;0m████[38;2;255;103;71m████████[38;2;131;111;67m██[38;2;255;222;135m██[38;2;0;0;0m████[38;2;255;123;79m████[38;2;255;103;71m██[38;2;0;0;0m██  ████            
[38;2;0;0;0m      ██[38;2;255;247;183m██████[38;2;205;197;125m██[38;2;255;247;183m██[38;2;66;66;66m██[38;2;152;148;100m██[38;2;255;247;183m██[38;2;255;247;175m██[38;2;192;188;136m██[38;2;66;66;66m██[38;2;255;140;79m██[38;2;255;189;87m████[38;2;255;103;71m██[38;2;156;66;68m██[38;2;156;65;68m████[38;2;255;222;135m██[38;2;8;0;0m██[38;2;0;0;0m    ██[38;2;255;123;79m██[38;2;255;103;71m██[38;2;0;0;0m██                  
[38;2;0;0;0m      ██[38;2;255;247;183m████[38;2;192;188;136m██[38;2;255;247;175m██[38;2;173;57;61m██[38;2;200;118;99m██[38;2;255;255;255m██[38;2;255;247;183m████[38;2;205;197;125m██[38;2;195;193;136m██[38;2;74;70;58m██[38;2;247;214;95m████[38;2;156;66;68m██[38;2;255;247;183m██████████[38;2;0;0;0m██    ████                    
[38;2;0;0;0m    ██[38;2;255;247;183m██████[38;2;255;247;175m██[38;2;66;70;58m██[38;2;173;57;61m██[38;2;255;239;175m██[38;2;255;247;183m████[38;2;205;197;125m████[38;2;195;193;136m██[38;2;255;255;175m██[38;2;156;66;68m████[38;2;255;247;183m██████████████[38;2;0;0;0m██                          
[38;2;0;0;0m    ██[38;2;255;247;183m██████████████[38;2;255;255;175m██[38;2;134;137;102m██[38;2;206;198;126m████[38;2;205;197;125m██[38;2;255;247;183m████████████████████[38;2;0;0;0m██                          
[38;2;0;0;0m    ██[38;2;255;247;183m████████████[38;2;0;0;0m██[38;2;74;78;66m██[38;2;195;196;139m██[38;2;206;198;126m████[38;2;255;247;183m████████████████████████[38;2;0;0;0m██                        
[38;2;0;0;0m  ██[38;2;255;247;183m████████████[38;2;0;0;0m██  [38;2;0;4;0m██[38;2;170;171;122m██[38;2;205;197;125m██[38;2;255;247;183m██████████████[38;2;205;197;125m██[38;2;255;247;183m██████████[38;2;0;0;0m██    ████                
[38;2;0;0;0m  ██[38;2;255;247;183m████[38;2;152;148;100m██[38;2;255;247;183m████[38;2;0;0;0m██    [38;2;0;4;0m██[38;2;255;255;183m██[38;2;255;247;183m██████████████[38;2;205;197;125m██████[38;2;255;247;183m████████[38;2;0;0;0m██  ██[38;2;255;103;71m████[38;2;0;0;0m██              
[38;2;0;0;0m    ██[38;2;156;148;100m██[38;2;255;247;183m██[38;2;0;0;0m████    ██[38;2;255;247;183m████████████████[38;2;206;198;126m████[38;2;66;66;66m████[38;2;173;173;122m██[38;2;255;255;183m██[38;2;255;247;183m██[38;2;205;197;125m██[38;2;82;60;42m██[38;2;0;0;16m██[38;2;255;102;74m████[38;2;0;0;0m██                
[38;2;0;0;0m      ████        ██[38;2;255;247;183m████████████████[38;2;206;198;126m██[38;2;66;66;66m████[38;2;0;0;0m██[38;2;8;8;0m██[38;2;173;173;122m██[38;2;205;197;125m████[38;2;165;121;69m██[38;2;247;181;95m██[38;2;255;166;84m██[38;2;255;102;74m██[38;2;0;0;0m██                
[38;2;0;0;0m                    ██[38;2;206;198;126m██[38;2;255;247;183m████████████[38;2;66;66;66m██████[38;2;0;0;0m██  ██[38;2;206;198;126m██[38;2;156;66;68m██[38;2;255;206;95m████[38;2;0;0;0m████                  
[38;2;0;0;0m                    ██[38;2;206;198;126m██[38;2;152;148;100m████[38;2;255;247;183m██████[38;2;205;197;125m██[38;2;0;0;0m██[38;2;66;66;66m████[38;2;0;0;0m██  ██[38;2;206;198;126m████[38;2;131;103;51m██[38;2;8;0;8m██[38;2;0;0;0m                      
[38;2;0;0;0m                      ██[38;2;206;198;126m████[38;2;66;66;66m██[38;2;255;247;183m████[38;2;0;0;0m██  ██[38;2;66;57;66m██[38;2;156;75;68m██[38;2;0;0;0m████[38;2;206;198;126m████[38;2;0;0;0m██                        
[38;2;0;0;0m                        ██[38;2;206;198;126m██[38;2;66;66;66m██[38;2;255;247;183m████[38;2;0;0;0m██  ██[38;2;156;75;68m██[38;2;247;94;71m██[38;2;247;103;79m██[38;2;165;69;53m██[38;2;66;66;66m████[38;2;0;0;0m██                        
[38;2;0;0;0m                        [38;2;0;0;16m██[38;2;206;198;134m██[38;2;206;198;126m██[38;2;66;66;66m██[38;2;255;247;183m████[38;2;0;0;0m██[38;2;247;198;87m██[38;2;252;101;74m████[38;2;156;66;68m██[38;2;0;0;0m██[38;2;86;94;102m████[38;2;0;0;0m██                        
[38;2;0;0;0m                      ██[38;2;103;99;75m██[38;2;206;198;134m██[38;2;206;198;126m██[38;2;66;66;66m██[38;2;255;247;183m██[38;2;156;66;68m██[38;2;247;198;87m████[38;2;247;214;95m██[38;2;252;101;74m██[38;2;0;0;0m██  ████                          
[38;2;0;0;0m                      ██[38;2;121;132;137m████[38;2;74;78;90m██[38;2;255;247;191m██[38;2;255;247;183m██[38;2;156;66;68m██[38;2;255;156;79m████[38;2;0;0;0m████                                  
[38;2;0;0;0m                        ████[38;2;134;134;124m██[38;2;74;78;90m██[38;2;255;247;183m██[38;2;156;66;68m██[38;2;0;0;0m████                                      
[38;2;0;0;0m                          ██[38;2;121;132;137m████[38;2;66;66;66m██[38;2;0;0;0m██                                          
[38;2;0;0;0m                            ██████                                            
[38;2;0;0;0m                                                                              [0m
