
                 [38;2;0;0;0m▄▄▄  [0m
               [38;2;0;0;0m▄[38;2;64;64;64m[48;2;168;136;192m▀[38;2;168;136;192m▀▀[38;2;64;64;64m[48;2;128;112;176m▀[38;2;0;0;0m[48;2;0;0;0m▀[49m [0m
               [38;2;0;0;0m▀[38;2;168;136;192m[48;2;0;0;0m▀[48;2;64;64;64m▀[38;2;64;64;64m[48;2;128;112;176m▀[38;2;128;112;176m▀[38;2;0;0;0m[48;2;0;0;0m▀[49m [0m
     [38;2;0;0;0m▄[48;2;168;136;192m▀[48;2;64;64;64m▀[49m▄       ▄[48;2;104;88;136m▀[38;2;128;112;176m[48;2;128;112;176m▀[38;2;0;0;0m[48;2;0;0;0m▀[49m  [0m
     [38;2;0;0;0m[48;2;0;0;0m▀[38;2;168;136;192m[48;2;168;136;192m▀[48;2;128;112;176m▀[38;2;0;0;0m[48;2;0;0;0m▀[49m▄ ▄[48;2;168;136;192m▀▀[49m▄▄[48;2;128;112;176m▀[38;2;128;112;176m[48;2;0;0;0m▀[38;2;0;0;0m[49m▀   [0m
 [38;2;0;0;0m▄▄ ▄[48;2;128;112;176m▀[38;2;128;112;176m[48;2;168;136;192m▀[38;2;168;136;192m▀▀[48;2;104;88;136m▀[38;2;0;0;0m[48;2;128;112;176m▀[38;2;168;136;192m[48;2;168;136;192m▀[48;2;240;224;144m▀[38;2;192;184;120m[48;2;64;64;64m▀[38;2;64;64;64m[48;2;168;136;192m▀[38;2;168;136;192m▀[38;2;64;64;64m▀[38;2;0;0;0m[48;2;0;0;0m▀[49m    [0m
 [38;2;0;0;0m▀[38;2;192;184;120m[48;2;0;0;0m▀[38;2;0;0;0m[48;2;192;184;120m▀[48;2;64;64;64m▀[38;2;168;136;192m[48;2;168;136;192m▀▀▀▀▀[48;2;104;88;136m▀[48;2;128;112;176m▀[38;2;64;64;64m▀[38;2;168;136;192m▀▀▀[38;2;128;112;176m▀▀[38;2;0;0;0m[48;2;192;184;120m▀[49m▄  [0m
   [38;2;0;0;0m[48;2;0;0;0m▀[38;2;64;64;64m[48;2;168;136;192m▀[38;2;168;136;192m▀▀▀[48;2;0;0;0m▀[38;2;0;0;0m[48;2;240;96;80m▀[38;2;248;248;248m[48;2;248;248;248m▀[38;2;64;64;64m[48;2;104;88;136m▀[38;2;128;112;176m[48;2;64;64;64m▀▀[38;2;64;64;64m[48;2;0;0;0m▀[38;2;128;112;176m▀[48;2;128;112;176m▀▀[38;2;160;152;80m[48;2;0;0;0m▀[38;2;0;0;0m▀[49m  [0m
   [38;2;0;0;0m▀[38;2;168;136;192m[48;2;0;0;0m▀[38;2;128;112;176m[48;2;248;248;248m▀[38;2;168;136;192m[48;2;184;184;176m▀[38;2;240;224;144m[48;2;64;64;64m▀[48;2;192;184;120m▀[38;2;192;184;120m▀[38;2;160;152;80m[48;2;64;64;64m▀[38;2;240;224;144m▀▀▀[38;2;0;0;0m[49m▀ ▀▀    [0m
    [38;2;0;0;0m▀[38;2;184;184;176m[48;2;0;0;0m▀[38;2;248;248;248m▀[38;2;0;0;0m[49m▀[38;2;192;184;120m[48;2;0;0;0m▀[38;2;0;0;0m[49m▀[48;2;0;0;0m▀[38;2;128;112;176m[48;2;128;112;176m▀[48;2;64;64;64m▀[38;2;0;0;0m[48;2;0;0;0m▀[49m        [0m
         [38;2;0;0;0m▀[38;2;240;224;144m[48;2;0;0;0m▀▀[38;2;0;0;0m[49m▀         [0m
                      [0m
