
           [38;2;49;49;49m▄▄                     [0m
         [38;2;49;49;49m▄[48;2;255;230;57m▀[38;2;255;230;57m▀[48;2;57;98;74m▀[38;2;49;49;49m[48;2;106;180;115m▀[49m▄[48;2;189;164;65m▀[48;2;255;230;57m▀[48;2;189;164;65m▀[48;2;82;82;82m▀[49m▄              [0m
        [38;2;49;49;49m▄[48;2;255;230;57m▀[38;2;255;230;57m▀[38;2;57;98;74m[48;2;57;98;74m▀[38;2;106;180;115m[48;2;65;139;90m▀[38;2;156;123;65m[48;2;156;123;65m▀[38;2;255;230;57m[48;2;255;230;57m▀[48;2;49;49;49m▀[48;2;255;230;57m▀▀[38;2;189;164;65m▀[48;2;57;98;74m▀[38;2;49;49;49m[48;2;106;180;115m▀▀[38;2;82;82;82m[49m▄[38;2;49;49;49m[48;2;255;230;57m▀▀[48;2;189;164;65m▀[49m▄       [0m
  [38;2;49;49;49m▄[48;2;255;230;57m▀▀▀[49m▄▄[48;2;82;82;82m▀[38;2;255;230;57m[48;2;255;230;57m▀[38;2;189;164;65m[48;2;189;164;65m▀[38;2;255;255;255m[48;2;255;255;255m▀[38;2;156;123;65m[48;2;156;123;65m▀[38;2;49;49;49m[48;2;255;230;57m▀[38;2;255;230;57m▀▀[48;2;49;49;49m▀[48;2;255;230;57m▀[38;2;57;98;74m[48;2;57;98;74m▀[38;2;65;139;90m[48;2;65;139;90m▀[38;2;106;180;115m▀[38;2;82;82;82m[48;2;82;82;82m▀[38;2;255;230;57m[48;2;255;230;57m▀[48;2;156;123;65m▀[38;2;156;123;65m[48;2;189;164;65m▀[38;2;189;164;65m▀▀[38;2;49;49;49m[48;2;49;49;49m▀[49m      [0m
 [38;2;49;49;49m[48;2;49;49;49m▀[38;2;255;230;57m[48;2;189;164;65m▀[38;2;189;164;65m[48;2;82;82;82m▀[38;2;82;82;82m[48;2;189;189;189m▀[38;2;156;123;65m[48;2;82;82;82m▀[38;2;255;230;57m▀[38;2;189;164;65m[48;2;189;164;65m▀[38;2;189;189;189m▀[38;2;82;82;82m[48;2;82;82;82m▀[38;2;189;164;65m[48;2;189;164;65m▀[38;2;255;255;255m[48;2;255;255;255m▀[38;2;156;123;65m[48;2;156;123;65m▀[38;2;255;230;57m[48;2;189;164;65m▀[38;2;49;49;49m[48;2;255;230;57m▀[38;2;255;230;57m▀[48;2;189;164;65m▀[38;2;189;164;65m[48;2;156;123;65m▀[38;2;156;123;65m[48;2;255;255;255m▀[38;2;57;98;74m▀[38;2;82;82;82m[48;2;82;82;82m▀[38;2;255;230;57m[48;2;255;230;57m▀[48;2;156;123;65m▀[38;2;189;164;65m[48;2;189;164;65m▀[48;2;82;82;82m▀[38;2;82;82;82m▀[48;2;189;189;189m▀[38;2;49;49;49m▀[49m▄     [0m
 [38;2;49;49;49m▄[48;2;82;82;82m▀[38;2;255;255;255m[48;2;255;255;255m▀[38;2;189;189;189m[48;2;82;82;82m▀[38;2;82;82;82m▀[48;2;255;255;255m▀[38;2;156;123;65m[48;2;82;82;82m▀[38;2;189;164;65m[48;2;189;164;65m▀[38;2;189;189;189m[48;2;49;49;49m▀[38;2;82;82;82m▀[38;2;255;255;255m[48;2;255;255;255m▀[48;2;74;172;197m▀[38;2;156;123;65m[48;2;156;123;65m▀[38;2;189;164;65m[48;2;189;164;65m▀▀[48;2;156;123;65m▀[38;2;156;123;65m[48;2;189;189;189m▀[38;2;255;255;255m[48;2;213;98;65m▀[48;2;255;255;255m▀[38;2;82;82;82m[48;2;82;82;82m▀[38;2;255;230;57m[48;2;189;164;65m▀[38;2;156;123;65m[48;2;156;123;65m▀[38;2;189;164;65m[48;2;189;164;65m▀[38;2;82;82;82m[48;2;82;82;82m▀[38;2;189;189;189m▀[48;2;189;189;189m▀[38;2;82;82;82m▀[38;2;49;49;49m[48;2;255;255;255m▀[49m▄    [0m
 [38;2;49;49;49m[48;2;49;49;49m▀[38;2;189;189;189m[48;2;82;82;82m▀[38;2;82;82;82m[48;2;189;189;189m▀[48;2;49;49;49m▀[38;2;189;189;189m[48;2;255;255;255m▀[38;2;255;255;255m[48;2;82;82;82m▀[38;2;82;82;82m[48;2;49;49;49m▀[38;2;49;49;49m[49m▀ ▀[38;2;255;255;255m[48;2;49;49;49m▀[48;2;255;255;255m▀[48;2;189;189;189m▀[38;2;156;123;65m[48;2;156;123;65m▀[38;2;189;164;65m[48;2;189;164;65m▀[38;2;156;123;65m[48;2;156;123;65m▀[38;2;255;255;255m[48;2;255;255;255m▀[48;2;74;172;197m▀[48;2;255;255;255m▀[38;2;82;82;82m▀[48;2;82;82;82m▀[38;2;189;164;65m▀[38;2;156;123;65m[48;2;156;123;65m▀[38;2;189;164;65m[48;2;49;49;49m▀[38;2;49;49;49m[49m▀[38;2;189;189;189m[48;2;49;49;49m▀[38;2;255;255;255m[48;2;82;82;82m▀[38;2;82;82;82m[48;2;255;255;255m▀[38;2;49;49;49m▀[49m▄   [0m
  [38;2;49;49;49m▀▀ ▀▀   [48;2;49;49;49m▀[38;2;82;82;82m[48;2;255;255;255m▀[38;2;255;255;255m▀[48;2;189;189;189m▀[48;2;255;255;255m▀[38;2;156;123;65m▀[38;2;255;255;255m▀▀[48;2;131;131;115m▀[48;2;189;189;189m▀[38;2;189;189;189m▀▀[38;2;49;49;49m[48;2;49;49;49m▀[49m▀▄[48;2;255;230;57m▀[38;2;189;164;65m▀▀[38;2;82;82;82m▀[48;2;189;164;65m▀[38;2;49;49;49m[48;2;82;82;82m▀[49m▄  [0m
         [38;2;49;49;49m[48;2;49;49;49m▀[38;2;255;255;255m[48;2;65;139;90m▀[38;2;82;82;82m[48;2;255;255;255m▀▀[38;2;255;255;255m▀[38;2;189;189;189m[48;2;82;82;82m▀[48;2;189;189;189m▀▀▀▀[48;2;131;131;115m▀[38;2;131;131;115m[48;2;189;189;189m▀[38;2;189;189;189m▀[38;2;82;82;82m▀[48;2;82;82;82m▀[38;2;255;230;57m[48;2;189;164;65m▀[38;2;189;164;65m[48;2;82;82;82m▀▀▀[38;2;255;230;57m▀[48;2;156;123;65m▀[38;2;189;164;65m[48;2;189;164;65m▀[38;2;49;49;49m▀[49m▄ [0m
        [38;2;49;49;49m▀[38;2;65;139;90m[48;2;49;49;49m▀[38;2;106;180;115m▀[38;2;65;139;90m[48;2;65;139;90m▀[38;2;106;180;115m[48;2;57;98;74m▀[38;2;65;139;90m[48;2;65;139;90m▀[38;2;189;189;189m[48;2;49;49;49m▀[38;2;49;49;49m▀[49m▀▀[38;2;189;189;189m[48;2;49;49;49m▀[48;2;189;189;189m▀[48;2;82;82;82m▀▀[38;2;82;82;82m[48;2;189;189;189m▀[38;2;189;189;189m[48;2;82;82;82m▀[38;2;82;82;82m[48;2;255;255;255m▀[38;2;189;189;189m▀[48;2;82;82;82m▀[38;2;82;82;82m▀[48;2;189;189;189m▀[48;2;82;82;82m▀[38;2;156;123;65m▀[38;2;189;164;65m[48;2;49;49;49m▀[38;2;49;49;49m[49m▀ [0m
           [38;2;49;49;49m▀▀▀   [48;2;49;49;49m▀[38;2;65;139;90m[48;2;57;98;74m▀[38;2;57;98;74m[48;2;65;139;90m▀▀[38;2;189;189;189m▀[38;2;57;98;74m▀[38;2;65;139;90m▀[38;2;82;82;82m▀[48;2;49;49;49m▀[48;2;255;255;255m▀[38;2;255;255;255m[48;2;189;189;189m▀[38;2;189;189;189m[48;2;82;82;82m▀[38;2;82;82;82m[48;2;189;189;189m▀[38;2;189;189;189m[48;2;49;49;49m▀[38;2;49;49;49m[49m▀  [0m
                  [38;2;49;49;49m▀▀[38;2;65;139;90m[48;2;49;49;49m▀[38;2;57;98;74m▀[38;2;65;139;90m▀[38;2;49;49;49m[49m▀▀ ▀▀▀▀    [0m
                                  [0m
