
[38;2;0;0;0m                                                                                    
[38;2;0;0;0m                              ████                                                  
[38;2;0;0;0m                            ██[38;2;93;156;164m████[38;2;0;0;0m██                                                
[38;2;0;0;0m                            ██[38;2;95;156;167m████[38;2;0;0;0m██                                                
[38;2;0;0;0m                          ██[38;2;98;157;164m██[38;2;74;121;123m████[38;2;0;0;0m██          ████                                  
[38;2;0;0;0m                          ██[38;2;74;121;123m████[38;2;0;0;0m██          ██[38;2;57;93;74m████[38;2;0;0;0m██                                
[38;2;0;0;0m                        ██[38;2;74;121;123m██████[38;2;0;0;0m██        ██[38;2;57;91;74m██[38;2;57;93;74m████[38;2;0;0;0m██                                
[38;2;0;0;0m                        ██[38;2;71;121;123m████[38;2;74;121;123m██[38;2;0;0;0m██        ██[38;2;57;91;74m████[38;2;0;0;0m██                                  
[38;2;0;0;0m                      ██[38;2;74;121;123m██[38;2;71;121;123m████[38;2;0;0;0m██        ██[38;2;57;91;74m██████[38;2;0;0;0m██                                  
[38;2;0;0;0m                      ██[38;2;74;121;123m██[38;2;71;121;123m████[38;2;35;64;60m██[38;2;0;4;0m██[38;2;0;0;0m    ██[38;2;57;91;74m██████[38;2;0;0;0m██                                    
[38;2;0;0;0m                    ██[38;2;74;121;123m████[38;2;71;121;123m████[38;2;35;64;60m██[38;2;71;125;120m██[38;2;0;0;0m████[38;2;57;91;74m██████[38;2;0;0;0m██                                      
[38;2;0;0;0m                    ██[38;2;71;121;123m██████████[38;2;32;72;57m██[38;2;74;121;123m██[38;2;57;91;74m██[38;2;54;91;74m████[38;2;57;91;74m██[38;2;0;0;0m██                                      
[38;2;0;0;0m                  ██[38;2;74;121;123m██[38;2;71;121;123m████████████[38;2;74;121;123m████[38;2;65;64;65m██[38;2;54;91;74m██[38;2;0;0;0m██                                        
[38;2;0;0;0m                ██[38;2;65;121;123m██[38;2;65;68;65m██[38;2;71;121;123m████████████████[38;2;65;121;123m██[38;2;65;86;84m██[38;2;0;0;0m██                                        
[38;2;0;0;0m              ██[38;2;74;121;123m██[38;2;65;68;65m██[38;2;65;86;84m██[38;2;71;121;123m██████████[38;2;65;64;65m██████[38;2;65;68;65m████[38;2;57;91;74m██[38;2;0;0;0m██    ██████████                        
[38;2;0;0;0m              [38;2;8;0;0m██[38;2;74;117;115m██[38;2;57;68;57m██[38;2;60;87;79m██[38;2;71;121;123m████[38;2;65;85;82m████[38;2;65;64;65m██[38;2;255;121;139m██[38;2;254;124;139m████[38;2;255;121;139m██[38;2;254;72;117m██[38;2;65;64;65m████[38;2;0;0;0m████[38;2;74;121;123m██[38;2;95;156;167m██[38;2;95;157;167m████[38;2;65;109;115m██[38;2;0;4;0m██[38;2;0;0;0m██                    
[38;2;0;0;0m            ██[38;2;74;117;115m██[38;2;52;78;76m██[38;2;65;125;123m██[38;2;60;87;79m██[38;2;71;121;123m████[38;2;65;85;82m██[38;2;255;72;115m██[38;2;255;121;139m████[38;2;254;124;139m████[38;2;255;121;139m████[38;2;255;72;115m██[38;2;65;64;65m██[38;2;74;121;123m████[38;2;95;156;167m████[38;2;95;157;167m████[38;2;98;161;172m████[38;2;74;121;123m██[38;2;0;0;0m██                  
[38;2;0;0;0m            ██[38;2;71;121;123m██[38;2;65;64;65m██[38;2;74;121;123m██[38;2;57;91;74m██[38;2;49;97;98m██[38;2;82;82;84m██[38;2;160;62;74m██[38;2;255;72;115m██[38;2;255;89;123m████[38;2;160;62;74m██[38;2;255;97;131m██[38;2;254;74;117m████[38;2;255;72;115m██[38;2;65;85;82m██[38;2;71;121;123m████[38;2;71;125;128m██[38;2;90;153;164m██[38;2;95;157;167m████████[38;2;95;156;167m██[38;2;74;121;123m██[38;2;0;0;0m██                
[38;2;0;0;0m            ██[38;2;71;121;123m██[38;2;65;64;65m██[38;2;74;121;123m██[38;2;57;91;74m██[38;2;82;82;84m██[38;2;148;52;57m██[38;2;255;72;115m██[38;2;160;62;74m██[38;2;255;89;123m██[38;2;160;62;74m██[38;2;255;97;131m██[38;2;160;62;74m██[38;2;254;74;117m████[38;2;65;85;82m████[38;2;71;121;123m████[38;2;32;68;57m██[38;2;90;153;164m██[38;2;95;157;167m████████[38;2;95;156;167m████[38;2;0;0;0m██                
[38;2;0;0;0m            ██[38;2;54;91;74m██[38;2;65;64;65m██[38;2;60;87;79m██[38;2;65;125;123m██[38;2;139;109;156m██[38;2;41;157;213m██[38;2;255;72;115m████[38;2;160;62;74m██[38;2;255;72;115m██[38;2;222;68;106m████[38;2;255;72;115m██[38;2;160;62;74m██[38;2;65;64;65m██[38;2;71;121;123m████████[38;2;32;72;57m██[38;2;90;153;164m████[38;2;95;157;167m████████[38;2;98;165;172m██[38;2;0;0;0m██              
[38;2;0;0;0m      ██    ██[38;2;54;91;74m██[38;2;65;64;65m██[38;2;60;87;79m██[38;2;57;68;57m██[38;2;238;60;98m████[38;2;255;72;115m██[38;2;82;178;255m██[38;2;255;72;115m████[38;2;82;178;255m██[38;2;222;68;106m██[38;2;160;62;74m██[38;2;255;72;115m██[38;2;65;64;65m██[38;2;71;121;123m██████████[38;2;71;125;128m██[38;2;32;68;57m██[38;2;95;157;167m████████[38;2;65;110;115m██[38;2;0;0;0m██              
[38;2;0;0;0m    ██[38;2;74;121;123m██[38;2;0;0;0m██    [38;2;0;4;0m██[38;2;49;87;76m██[38;2;71;121;123m██[38;2;65;64;65m██[38;2;82;178;255m██[38;2;255;72;115m██████████[38;2;254;74;117m████████[38;2;255;72;115m██[38;2;65;64;65m██[38;2;71;121;123m████████████[38;2;32;72;57m████[38;2;71;121;123m████[38;2;74;121;123m██[38;2;0;0;0m██              
[38;2;0;0;0m    ██[38;2;74;121;123m██[38;2;0;0;0m██  ██[38;2;49;87;76m██[38;2;74;129;115m██[38;2;71;121;123m██[38;2;65;64;65m██[38;2;255;72;115m████[38;2;82;178;255m██[38;2;255;72;115m██[38;2;82;178;255m██[38;2;255;72;115m██[38;2;254;74;117m████████[38;2;255;72;115m████[38;2;65;64;65m██[38;2;71;121;123m██████████████████[38;2;74;121;123m██[38;2;0;0;0m██              
[38;2;0;0;0m    ██[38;2;82;121;115m██[38;2;0;0;0m██  ██[38;2;54;91;74m████[38;2;71;121;123m██[38;2;65;64;65m██[38;2;255;72;115m████████[38;2;254;74;117m████[38;2;255;72;115m████[38;2;160;62;74m██[38;2;255;72;115m██[38;2;254;74;117m████[38;2;65;85;82m████[38;2;71;121;123m████████████████████[38;2;0;0;0m██            
[38;2;0;0;0m    ██[38;2;54;80;76m████[38;2;0;0;0m██[38;2;57;91;74m██[38;2;54;91;74m██[38;2;65;64;65m██[38;2;71;121;123m██[38;2;65;64;65m██[38;2;160;62;74m██[38;2;255;72;115m██[38;2;82;178;255m██[38;2;255;72;115m██[38;2;254;74;117m████[38;2;255;72;115m██[38;2;160;62;74m██[38;2;255;72;115m██[38;2;160;62;74m██[38;2;254;74;117m████[38;2;255;72;115m██[38;2;65;85;82m██[38;2;71;121;123m████████████████[38;2;32;72;57m██[38;2;71;121;123m██[38;2;0;0;0m██            
[38;2;0;0;0m  ██[38;2;57;91;74m██[38;2;65;64;65m████[38;2;57;93;74m████[38;2;63;75;68m████████[38;2;65;64;65m██[38;2;160;68;90m██[38;2;255;72;115m██[38;2;160;62;74m██[38;2;255;72;115m██████[38;2;160;62;74m██[38;2;255;72;123m██[38;2;150;64;90m██[38;2;246;76;131m██[38;2;131;40;57m██[38;2;65;64;65m██[38;2;71;121;123m██████[38;2;35;72;60m██[38;2;71;121;120m██[38;2;71;121;123m████████[38;2;35;72;60m████[38;2;0;0;0m██            
[38;2;0;0;0m  ██[38;2;57;91;74m██[38;2;65;64;65m██[38;2;54;91;74m██[38;2;57;93;74m████[38;2;63;75;68m██[38;2;189;72;139m██[38;2;63;75;68m██[38;2;189;72;139m██[38;2;65;64;65m██[38;2;255;72;115m██[38;2;160;62;74m██[38;2;255;72;115m██[38;2;160;62;74m██[38;2;255;72;115m██[38;2;160;62;74m██[38;2;255;72;115m██[38;2;255;72;123m██[38;2;202;68;106m██[38;2;131;40;57m██[38;2;208;64;106m██[38;2;65;64;65m██████[38;2;71;121;123m██[38;2;35;72;60m████[38;2;71;121;123m████████[38;2;71;121;120m██[38;2;35;72;60m██[38;2;32;72;61m██[38;2;0;0;0m██          
[38;2;0;0;0m  ██[38;2;61;78;69m██[38;2;65;64;65m██[38;2;54;91;74m██[38;2;65;64;65m██[38;2;54;91;74m██[38;2;65;64;65m██[38;2;186;72;137m██[38;2;189;72;139m████[38;2;84;51;68m████[38;2;246;76;131m████[38;2;238;80;139m██[38;2;123;44;65m██[38;2;189;72;137m████████[38;2;189;72;139m████[38;2;189;68;131m████[38;2;57;68;57m██[38;2;74;121;123m██[38;2;71;121;123m██[38;2;32;72;57m██[38;2;71;121;123m██████████[38;2;32;72;57m██[38;2;35;72;60m██[38;2;71;121;120m██[38;2;0;0;0m██        
[38;2;0;0;0m  ██[38;2;61;78;69m██[38;2;54;91;74m████[38;2;65;64;65m████[38;2;186;72;137m████[38;2;189;72;139m██[38;2;131;40;57m██[38;2;169;86;137m██[38;2;0;16;0m██[38;2;123;44;65m██[38;2;205;66;109m██[38;2;200;68;115m████[38;2;189;72;137m████████[38;2;189;72;139m██[38;2;131;40;57m██[38;2;112;58;76m██[38;2;74;52;49m██[38;2;63;86;79m██[38;2;74;121;123m██[38;2;71;121;123m████████████████[38;2;35;72;60m████[38;2;0;0;0m██        
[38;2;0;0;0m    ██[38;2;54;91;74m████[38;2;65;64;65m██[38;2;186;72;137m██[38;2;189;68;115m██[38;2;126;45;76m██[38;2;189;72;139m██[38;2;0;0;0m████  [38;2;0;16;8m██[38;2;115;72;74m██[38;2;115;62;74m██[38;2;197;56;123m██[38;2;189;68;131m████[38;2;120;53;68m████[38;2;191;70;117m████[38;2;255;72;115m██[38;2;65;72;65m██[38;2;82;121;115m██[38;2;54;80;76m██[38;2;0;0;0m██[38;2;74;121;123m██[38;2;71;121;123m██[38;2;32;72;57m██[38;2;71;121;123m██████████[38;2;32;72;57m██[38;2;35;64;60m██[38;2;0;4;0m██[38;2;0;0;0m      
[38;2;0;0;0m    ██[38;2;54;91;74m██[38;2;65;64;65m██[38;2;186;72;137m████[38;2;126;45;76m██[38;2;0;0;0m████    ██[38;2;76;53;52m████[38;2;74;64;49m██[38;2;115;62;74m██[38;2;112;58;76m██[38;2;74;52;49m██[38;2;82;48;41m██[38;2;197;64;123m██[38;2;65;64;74m██[38;2;255;72;139m██[38;2;65;72;65m████[38;2;54;80;76m██[38;2;0;0;0m██  ██[38;2;71;121;123m████[38;2;32;72;57m██[38;2;71;121;123m██████████[38;2;35;64;60m██[38;2;71;125;120m██[38;2;0;0;0m██    
[38;2;0;0;0m      ██[38;2;57;91;74m██[38;2;0;0;0m██[38;2;189;72;139m██[38;2;0;0;0m██        ██[38;2;57;91;74m████[38;2;60;83;71m████[38;2;54;80;76m██[38;2;82;121;115m██[38;2;71;121;123m██[38;2;65;64;65m██[38;2;71;121;123m██[38;2;65;64;65m██[38;2;54;91;74m████[38;2;0;0;0m██  ██[38;2;49;83;82m██[38;2;74;125;123m████[38;2;71;121;123m██[38;2;32;72;57m██[38;2;71;121;123m████████████[38;2;0;0;0m██    
[38;2;0;0;0m        ██  ██            ██[38;2;57;91;74m██[38;2;60;83;71m██[38;2;0;0;0m██[38;2;54;80;76m██[38;2;0;0;0m██[38;2;71;121;123m████████[38;2;54;91;74m██[38;2;65;64;65m██[38;2;0;0;0m██  ██[38;2;74;125;123m██[38;2;49;84;82m██[38;2;0;4;0m██[38;2;71;121;123m██████[38;2;32;72;57m████[38;2;71;121;123m████[38;2;32;72;57m██[38;2;57;91;74m██[38;2;0;0;0m██  
[38;2;0;0;0m                            ████  ██  ██[38;2;74;121;123m██[38;2;0;0;0m██[38;2;57;91;74m██[38;2;65;64;65m██[38;2;0;0;0m██    ██████  ██[38;2;74;121;123m██████[38;2;71;121;123m██[38;2;32;72;57m██[38;2;32;72;61m██[38;2;57;93;74m██[38;2;57;91;74m██[38;2;0;0;0m██  
[38;2;0;0;0m                                        ██  ████              ██[38;2;74;121;123m██[38;2;0;0;0m██[38;2;74;121;123m██[38;2;71;121;123m████[38;2;57;93;74m████[38;2;0;0;0m██    
[38;2;0;0;0m                                                              ████  ██[38;2;74;121;123m████[38;2;0;0;0m██[38;2;57;91;74m██[38;2;0;0;0m██    
[38;2;0;0;0m                                                                    ██[38;2;74;121;123m██[38;2;0;0;0m██  ██      
[38;2;0;0;0m                                                                      ██            
[38;2;0;0;0m                                                                                    [0m
