
         [38;2;49;49;49m▄▄                  [0m
       [38;2;49;49;49m▄[48;2;246;131;82m▀[38;2;246;131;82m[48;2;197;98;65m▀[38;2;197;98;65m[48;2;246;131;82m▀[38;2;49;49;49m[48;2;49;49;49m▀[49m▄▄▄▄      ▄▄     [0m
      [38;2;49;49;49m▄[48;2;246;131;82m▀[38;2;246;131;82m▀[38;2;197;98;65m[48;2;156;82;49m▀[38;2;246;131;82m[48;2;82;82;82m▀[38;2;82;82;82m[48;2;230;205;156m▀[38;2;230;205;156m▀▀[38;2;148;115;74m▀[38;2;189;156;115m[48;2;148;115;74m▀[38;2;49;49;49m[48;2;189;156;115m▀[49m▄   [48;2;49;49;49m▀[38;2;246;131;82m[48;2;156;82;49m▀[48;2;246;131;82m▀[38;2;49;49;49m▀[49m▄   [0m
     [38;2;49;49;49m[48;2;49;49;49m▀[38;2;197;98;65m[48;2;197;98;65m▀[38;2;156;82;49m[48;2;156;82;49m▀[48;2;197;98;65m▀[38;2;197;98;65m▀[38;2;82;82;82m[48;2;82;82;82m▀[38;2;246;131;82m[48;2;230;205;156m▀[38;2;230;205;156m[48;2;246;131;82m▀[38;2;246;131;82m[48;2;230;205;156m▀[38;2;230;205;156m▀[38;2;148;115;74m[48;2;148;115;74m▀[38;2;189;156;115m[48;2;189;156;115m▀[38;2;49;49;49m▀[49m▄ ▄[48;2;246;131;82m▀[38;2;246;131;82m▀[38;2;197;98;65m▀[38;2;246;131;82m[48;2;156;82;49m▀[38;2;49;49;49m[48;2;197;98;65m▀[49m▄  [0m
     [38;2;49;49;49m▀[38;2;156;82;49m[48;2;49;49;49m▀[38;2;197;98;65m[48;2;197;98;65m▀[48;2;82;82;82m▀[38;2;82;82;82m[48;2;230;205;156m▀[38;2;230;205;156m▀[38;2;246;131;82m▀[38;2;230;205;156m▀[38;2;246;131;82m▀[38;2;230;205;156m▀▀[38;2;148;115;74m▀[38;2;189;156;115m[48;2;148;115;74m▀[48;2;189;156;115m▀[38;2;49;49;49m[48;2;82;82;82m▀[38;2;197;98;65m[48;2;246;131;82m▀▀[38;2;246;131;82m[48;2;197;98;65m▀[48;2;156;82;49m▀[38;2;156;82;49m[48;2;197;98;65m▀[38;2;197;98;65m▀[38;2;49;49;49m▀[49m▄ [0m
     [38;2;49;49;49m[48;2;49;49;49m▀[38;2;189;156;115m[48;2;82;82;82m▀[38;2;82;82;82m▀[48;2;230;205;156m▀[38;2;148;115;74m▀[38;2;230;205;156m[48;2;148;115;74m▀▀[48;2;230;205;156m▀▀▀[48;2;148;115;74m▀▀[38;2;148;115;74m▀[48;2;189;156;115m▀[38;2;82;82;82m[48;2;82;82;82m▀[38;2;246;131;82m[48;2;246;131;82m▀▀▀[38;2;156;82;49m[48;2;156;82;49m▀[38;2;197;98;65m[48;2;197;98;65m▀▀▀[38;2;49;49;49m[48;2;49;49;49m▀[49m [0m
   [38;2;49;49;49m▄[48;2;49;49;49m▀[38;2;148;115;74m[48;2;82;82;82m▀[38;2;189;156;115m[48;2;148;115;74m▀[38;2;82;82;82m▀[38;2;230;205;156m[48;2;49;49;49m▀[48;2;230;205;156m▀▀[38;2;189;156;115m[48;2;189;156;115m▀[38;2;148;115;74m[48;2;230;205;156m▀[48;2;148;115;74m▀[48;2;246;131;82m▀[38;2;246;131;82m▀▀[38;2;148;115;74m[48;2;148;115;74m▀[38;2;189;156;115m[48;2;189;156;115m▀▀[38;2;49;49;49m[48;2;82;82;82m▀[38;2;246;131;82m[48;2;49;49;49m▀[38;2;156;82;49m[48;2;197;98;65m▀[38;2;197;98;65m▀[38;2;156;82;49m▀[38;2;197;98;65m[48;2;49;49;49m▀[38;2;49;49;49m[49m▀  [0m
 [38;2;49;49;49m▄[48;2;189;156;115m▀[38;2;189;156;115m[48;2;148;115;74m▀[38;2;148;115;74m[48;2;189;156;115m▀[38;2;189;156;115m▀[38;2;82;82;82m▀[38;2;49;49;49m[48;2;49;49;49m▀[49m ▀[38;2;82;82;82m[48;2;49;49;49m▀[38;2;189;156;115m[48;2;148;115;74m▀[38;2;230;205;156m▀[48;2;230;205;156m▀[38;2;148;115;74m[48;2;189;156;115m▀[38;2;246;131;82m[48;2;148;115;74m▀[38;2;148;115;74m▀[38;2;189;156;115m[48;2;189;156;115m▀▀[48;2;49;49;49m▀[38;2;49;49;49m[49m▀ [48;2;49;49;49m▀[38;2;230;205;156m[48;2;148;115;74m▀▀[38;2;189;156;115m[48;2;189;156;115m▀[38;2;49;49;49m[48;2;49;49;49m▀[49m  [0m
 [38;2;49;49;49m[48;2;49;49;49m▀[38;2;148;115;74m[48;2;148;115;74m▀▀▀[38;2;189;156;115m▀[38;2;49;49;49m[48;2;49;49;49m▀[49m  [48;2;49;49;49m▀[38;2;82;82;82m[48;2;189;156;115m▀[38;2;197;98;65m[48;2;82;82;82m▀▀[38;2;148;115;74m[48;2;197;98;65m▀[38;2;189;156;115m[48;2;189;156;115m▀▀[38;2;148;115;74m[48;2;82;82;82m▀[38;2;189;156;115m▀[38;2;49;49;49m[48;2;49;49;49m▀[49m ▄[48;2;230;205;156m▀[38;2;230;205;156m▀▀[48;2;148;115;74m▀[38;2;49;49;49m[48;2;189;156;115m▀[49m▄  [0m
  [38;2;49;49;49m▀[38;2;148;115;74m[48;2;49;49;49m▀▀[38;2;49;49;49m[49m▀   ▀[38;2;189;156;115m[48;2;49;49;49m▀[48;2;189;156;115m▀▀[38;2;82;82;82m[48;2;148;115;74m▀[48;2;82;82;82m▀[48;2;230;205;156m▀[38;2;230;205;156m▀▀[38;2;49;49;49m▀[49m▄[48;2;189;156;115m▀[38;2;148;115;74m▀▀[38;2;230;205;156m[48;2;148;115;74m▀[38;2;148;115;74m[48;2;189;156;115m▀[38;2;189;156;115m[48;2;49;49;49m▀[38;2;49;49;49m[49m▀  [0m
           [38;2;49;49;49m▀▀[48;2;49;49;49m▀[38;2;230;205;156m[48;2;230;205;156m▀▀▀[48;2;148;115;74m▀[38;2;148;115;74m[48;2;189;156;115m▀[38;2;82;82;82m[48;2;49;49;49m▀[38;2;189;156;115m▀[48;2;189;156;115m▀▀▀[38;2;148;115;74m[48;2;49;49;49m▀[38;2;49;49;49m[49m▀   [0m
              [38;2;49;49;49m▀[38;2;189;156;115m[48;2;49;49;49m▀▀▀[38;2;49;49;49m[49m▀  ▀▀▀     [0m
                             [0m
