
          [38;2;49;49;49m▄▄▄            [0m
       [38;2;49;49;49m▄[48;2;189;189;189m▀▀[38;2;189;189;189m▀[48;2;82;82;82m▀[38;2;139;139;139m▀[38;2;49;49;49m▀[49m▄[48;2;189;189;189m▀▀[49m▄       [0m
    [38;2;49;49;49m▄[48;2;139;139;139m▀[48;2;82;82;82m▀[38;2;189;189;189m[48;2;106;106;106m▀[38;2;106;106;106m[48;2;189;189;189m▀[48;2;82;82;82m▀[38;2;82;82;82m▀[48;2;106;106;106m▀[38;2;106;106;106m[48;2;82;82;82m▀[38;2;82;82;82m[48;2;106;106;106m▀[38;2;189;189;189m▀[48;2;189;189;189m▀▀▀[38;2;49;49;49m▀[49m▄     [0m
   [38;2;49;49;49m[48;2;49;49;49m▀[38;2;189;189;189m[48;2;139;139;139m▀[38;2;82;82;82m[48;2;82;82;82m▀[38;2;189;189;189m[48;2;189;189;189m▀▀[38;2;139;139;139m[48;2;82;82;82m▀[38;2;82;82;82m▀[38;2;106;106;106m[48;2;106;106;106m▀[48;2;82;82;82m▀[38;2;82;82;82m[48;2;189;189;189m▀[38;2;189;189;189m▀▀[38;2;106;106;106m▀[38;2;189;189;189m[48;2;106;106;106m▀[48;2;82;82;82m▀[38;2;82;82;82m[48;2;106;106;106m▀[48;2;189;189;189m▀[38;2;49;49;49m▀[48;2;106;106;106m▀[49m▄  [0m
   [38;2;49;49;49m▀[38;2;139;139;139m[48;2;49;49;49m▀[38;2;82;82;82m[48;2;82;82;82m▀[38;2;189;189;189m[48;2;139;139;139m▀[48;2;189;189;189m▀[38;2;82;82;82m[48;2;82;82;82m▀[38;2;197;90;131m[48;2;106;106;106m▀[38;2;106;106;106m[48;2;238;115;156m▀[38;2;82;82;82m[48;2;82;82;82m▀[38;2;189;189;189m[48;2;189;189;189m▀▀▀▀▀[38;2;82;82;82m[48;2;82;82;82m▀[38;2;189;189;189m[48;2;189;189;189m▀[38;2;255;255;255m▀[38;2;189;189;189m▀▀[38;2;49;49;49m[48;2;49;49;49m▀[49m  [0m
     [38;2;49;49;49m▀[48;2;49;49;49m▀[38;2;139;139;139m[48;2;106;106;106m▀[38;2;82;82;82m▀[38;2;197;90;131m[48;2;82;82;82m▀[38;2;106;106;106m[48;2;238;115;156m▀[38;2;82;82;82m[48;2;82;82;82m▀[38;2;189;189;189m[48;2;106;106;106m▀[48;2;189;189;189m▀▀▀[48;2;106;106;106m▀[38;2;82;82;82m▀[38;2;106;106;106m[48;2;82;82;82m▀[38;2;189;189;189m▀▀[38;2;106;106;106m[48;2;49;49;49m▀[38;2;49;49;49m[49m▀  [0m
   [38;2;49;49;49m▄▄[48;2;197;90;131m▀[38;2;106;106;106m[48;2;106;106;106m▀[38;2;82;82;82m▀[38;2;139;139;139m[48;2;82;82;82m▀[38;2;82;82;82m[48;2;139;139;139m▀[38;2;106;106;106m[48;2;82;82;82m▀[48;2;106;106;106m▀[38;2;82;82;82m▀[38;2;106;106;106m[48;2;82;82;82m▀[48;2;139;139;139m▀▀[38;2;139;139;139m▀▀[48;2;49;49;49m▀[38;2;49;49;49m[49m▀[38;2;106;106;106m[48;2;49;49;49m▀[38;2;49;49;49m[48;2;106;106;106m▀[49m▄  [0m
 [38;2;49;49;49m▄[48;2;189;189;189m▀[38;2;189;189;189m[48;2;82;82;82m▀[38;2;106;106;106m▀[38;2;82;82;82m[48;2;189;189;189m▀[38;2;106;106;106m[48;2;49;49;49m▀▀[38;2;82;82;82m[48;2;189;189;189m▀[38;2;139;139;139m▀[38;2;82;82;82m[48;2;139;139;139m▀[38;2;106;106;106m[48;2;82;82;82m▀▀[38;2;82;82;82m[48;2;139;139;139m▀[38;2;139;139;139m▀[48;2;49;49;49m▀[38;2;49;49;49m[49m▀▀ ▄[48;2;106;106;106m▀[38;2;106;106;106m▀▀[38;2;49;49;49m[48;2;49;49;49m▀[49m [0m
 [38;2;49;49;49m▀▀[48;2;49;49;49m▀[38;2;189;189;189m▀[38;2;49;49;49m[49m▀ ▄[48;2;106;106;106m▀[38;2;189;189;189m[48;2;82;82;82m▀▀[48;2;189;189;189m▀▀▀▀[48;2;82;82;82m▀[38;2;49;49;49m[48;2;49;49;49m▀[49m ▄[48;2;238;115;156m▀[38;2;106;106;106m[48;2;106;106;106m▀▀[48;2;49;49;49m▀[38;2;49;49;49m[49m▀ [0m
      [38;2;49;49;49m▀[38;2;106;106;106m[48;2;49;49;49m▀[48;2;106;106;106m▀▀[38;2;82;82;82m▀[48;2;82;82;82m▀[48;2;139;139;139m▀▀▀[38;2;139;139;139m[48;2;49;49;49m▀[38;2;49;49;49m[49m▀[48;2;49;49;49m▀[38;2;189;189;189m[48;2;189;189;189m▀[38;2;106;106;106m[48;2;82;82;82m▀[38;2;82;82;82m[48;2;189;189;189m▀[38;2;238;115;156m[48;2;49;49;49m▀[38;2;49;49;49m[49m▀  [0m
        [38;2;49;49;49m▀▀▀[38;2;189;189;189m[48;2;49;49;49m▀[38;2;82;82;82m[48;2;189;189;189m▀▀[48;2;139;139;139m▀[38;2;139;139;139m[48;2;82;82;82m▀[38;2;49;49;49m[48;2;49;49;49m▀[49m ▀▀[38;2;189;189;189m[48;2;49;49;49m▀[38;2;49;49;49m[49m▀   [0m
            [38;2;49;49;49m▀▀▀▀         [0m
