
                  [38;2;49;49;49m▄▄▄      [0m
          [38;2;49;49;49m▄▄    ▄[48;2;213;189;156m▀[38;2;213;189;156m[48;2;164;139;115m▀[38;2;164;139;115m[48;2;213;189;156m▀[38;2;49;49;49m[48;2;49;49;49m▀[49m      [0m
       [38;2;49;49;49m▄[48;2;246;222;172m▀[48;2;213;189;156m▀[38;2;246;222;172m▀[38;2;213;189;156m▀[38;2;49;49;49m[48;2;49;49;49m▀[49m  ▄[48;2;115;115;115m▀[38;2;115;115;115m▀[38;2;213;189;156m▀[38;2;49;49;49m[48;2;49;49;49m▀[49m ▄[48;2;115;115;115m▀▀[49m▄  [0m
      [38;2;49;49;49m[48;2;49;49;49m▀[38;2;246;222;172m[48;2;246;222;172m▀[38;2;213;189;156m[48;2;213;189;156m▀▀▀▀[38;2;49;49;49m[48;2;82;82;82m▀[49m▄[48;2;213;189;156m▀[38;2;82;82;82m▀[38;2;115;115;115m[48;2;164;139;115m▀[48;2;115;115;115m▀[38;2;49;49;49m▀▀[48;2;82;82;82m▀[38;2;115;115;115m▀[48;2;164;139;115m▀[48;2;115;115;115m▀[38;2;49;49;49m[48;2;164;139;115m▀[49m▄ [0m
    [38;2;49;49;49m▄[48;2;213;189;156m▀[38;2;213;189;156m[48;2;164;139;115m▀[38;2;164;139;115m[48;2;213;189;156m▀[38;2;213;189;156m▀▀[48;2;82;82;82m▀[38;2;82;82;82m[48;2;115;115;115m▀[38;2;213;189;156m▀[48;2;213;189;156m▀[48;2;164;139;115m▀[38;2;115;115;115m[48;2;115;115;115m▀▀▀▀▀[48;2;164;139;115m▀[38;2;213;189;156m[48;2;213;189;156m▀[48;2;164;139;115m▀[48;2;115;115;115m▀[38;2;164;139;115m[48;2;49;49;49m▀[38;2;49;49;49m[49m▀ [0m
   [38;2;49;49;49m[48;2;49;49;49m▀[38;2;213;189;156m[48;2;164;139;115m▀[38;2;164;139;115m[48;2;213;189;156m▀[48;2;164;139;115m▀[38;2;213;189;156m[48;2;213;189;156m▀▀▀[38;2;82;82;82m[48;2;164;139;115m▀[38;2;115;115;115m[48;2;82;82;82m▀[48;2;115;115;115m▀▀[48;2;213;98;106m▀[48;2;115;115;115m▀▀▀▀[38;2;213;189;156m[48;2;164;139;115m▀[48;2;213;189;156m▀▀[38;2;115;115;115m▀[48;2;115;115;115m▀[38;2;49;49;49m▀[49m▄ [0m
  [38;2;49;49;49m[48;2;49;49;49m▀[38;2;164;139;115m[48;2;213;189;156m▀[38;2;246;222;172m[48;2;246;222;172m▀[38;2;213;189;156m[48;2;213;189;156m▀▀[38;2;164;139;115m▀[38;2;213;189;156m▀▀▀[38;2;82;82;82m▀[38;2;115;115;115m[48;2;82;82;82m▀▀[38;2;213;98;106m[48;2;115;115;115m▀[48;2;213;98;106m▀[38;2;115;115;115m[48;2;115;115;115m▀[48;2;213;189;156m▀▀[38;2;213;189;156m▀▀[48;2;82;82;82m▀[38;2;164;139;115m[48;2;115;115;115m▀[38;2;115;115;115m▀[48;2;49;49;49m▀[38;2;49;49;49m[49m▀ [0m
 [38;2;49;49;49m[48;2;49;49;49m▀[38;2;115;115;115m[48;2;115;115;115m▀[38;2;246;222;172m[48;2;246;222;172m▀[38;2;213;189;156m[48;2;213;189;156m▀[48;2;164;139;115m▀[38;2;164;139;115m▀[38;2;213;189;156m[48;2;82;82;82m▀[38;2;164;139;115m[48;2;164;139;115m▀[38;2;82;82;82m[48;2;213;189;156m▀▀[38;2;213;189;156m▀▀▀[38;2;82;82;82m[48;2;82;82;82m▀[38;2;115;115;115m[48;2;115;115;115m▀[48;2;164;139;115m▀[38;2;164;139;115m[48;2;213;189;156m▀[38;2;213;189;156m▀[48;2;164;139;115m▀[38;2;82;82;82m[48;2;49;49;49m▀[48;2;115;115;115m▀▀[38;2;49;49;49m▀[49m▄  [0m
 [38;2;49;49;49m▀[38;2;115;115;115m[48;2;49;49;49m▀[38;2;213;189;156m[48;2;213;189;156m▀▀[38;2;164;139;115m[48;2;164;139;115m▀[38;2;213;189;156m[48;2;82;82;82m▀[48;2;213;189;156m▀▀[48;2;164;139;115m▀[48;2;213;189;156m▀▀▀[48;2;164;139;115m▀[38;2;82;82;82m[48;2;82;82;82m▀[38;2;115;115;115m[48;2;115;115;115m▀[38;2;82;82;82m▀▀[38;2;213;189;156m[48;2;49;49;49m▀[38;2;49;49;49m[49m▀ ▀[38;2;115;115;115m[48;2;49;49;49m▀▀▀[38;2;49;49;49m[49m▀ [0m
  [38;2;49;49;49m▀[38;2;82;82;82m[48;2;49;49;49m▀[48;2;164;139;115m▀[38;2;164;139;115m[48;2;213;189;156m▀[38;2;213;189;156m▀[38;2;82;82;82m▀[48;2;164;139;115m▀▀[38;2;213;189;156m[48;2;82;82;82m▀[48;2;213;189;156m▀[48;2;164;139;115m▀[38;2;82;82;82m[48;2;49;49;49m▀[38;2;115;115;115m▀[38;2;49;49;49m[49m▀[38;2;115;115;115m[48;2;49;49;49m▀[48;2;115;115;115m▀▀[38;2;49;49;49m[48;2;49;49;49m▀[49m       [0m
    [38;2;49;49;49m▀▀[38;2;164;139;115m[48;2;49;49;49m▀▀▀[38;2;49;49;49m[49m▀▀[38;2;213;189;156m[48;2;49;49;49m▀[38;2;49;49;49m[49m▀    ▀▀        [0m
                           [0m
