
            [38;2;0;0;0m▄▄     [0m
          [38;2;0;0;0m▄[48;2;165;222;253m▀[38;2;214;239;254m[48;2;214;239;254m▀[38;2;0;0;0m[48;2;0;0;0m▀[49m     [0m
         [38;2;0;0;0m▄[48;2;0;0;0m▀[38;2;181;206;221m[48;2;181;206;221m▀[38;2;189;189;189m[48;2;0;0;0m▀[38;2;0;0;0m[49m▀     [0m
      [38;2;0;0;0m▄[48;2;165;222;253m▀▀[38;2;165;222;253m▀[38;2;106;152;158m[48;2;156;231;252m▀[38;2;57;74;65m[48;2;106;152;158m▀[38;2;0;0;0m[48;2;90;140;154m▀[49m▄     [0m
  [38;2;0;0;0m▄[48;2;165;222;253m▀[49m▄[48;2;165;222;253m▀[38;2;8;0;0m▀[38;2;60;74;84m▀[38;2;165;222;253m[48;2;66;66;66m▀[48;2;165;222;253m▀[38;2;90;139;154m▀▀[38;2;165;222;253m[48;2;90;139;154m▀▀[38;2;0;0;0m[48;2;0;0;0m▀[49m    [0m
  [38;2;0;4;0m[48;2;0;4;0m▀[38;2;165;239;245m[48;2;110;161;163m▀[38;2;107;173;155m[48;2;165;222;253m▀[38;2;165;222;253m▀[38;2;164;222;252m[48;2;255;255;255m▀[48;2;164;222;252m▀[38;2;165;222;253m[48;2;165;222;253m▀▀▀[38;2;90;139;154m▀[38;2;99;156;155m▀[38;2;165;222;253m[48;2;99;156;155m▀[38;2;0;0;0m[48;2;82;85;82m▀[48;2;247;255;247m▀[48;2;0;0;0m▀[49m  [0m
 [38;2;0;0;0m[48;2;0;0;0m▀[38;2;165;222;253m[48;2;214;99;70m▀▀[48;2;165;222;253m▀[38;2;255;255;255m[48;2;255;255;255m▀[38;2;127;127;127m[48;2;0;0;0m▀[38;2;255;255;255m[48;2;255;255;255m▀[38;2;165;222;253m[48;2;165;222;253m▀[48;2;90;139;154m▀[38;2;107;173;155m[48;2;255;255;255m▀▀[48;2;0;0;0m▀[38;2;0;0;0m[49m▀[38;2;173;171;173m[48;2;8;4;8m▀[48;2;255;255;255m▀[38;2;0;0;0m▀[49m▄ [0m
  [38;2;0;0;0m▀[38;2;214;99;70m[48;2;0;0;0m▀[38;2;119;111;115m[48;2;24;0;0m▀[38;2;214;222;230m▀[38;2;214;239;254m[48;2;0;0;0m▀▀[38;2;107;173;155m[48;2;189;189;189m▀▀[38;2;0;0;0m[48;2;0;0;0m▀[49m▀   ▀▀  [0m
        [38;2;0;0;0m▀▀         [0m
