
[38;2;0;0;0m                                                                                                
[38;2;0;0;0m                        [38;2;0;4;0m██████[38;2;0;0;0m                                                                  
[38;2;0;0;0m                      [38;2;0;4;0m██[38;2;82;133;114m██[38;2;198;255;182m██[38;2;137;199;156m██[38;2;0;4;0m████[38;2;0;0;0m                                                              
[38;2;0;0;0m                      [38;2;0;4;0m██[38;2;123;198;171m██[38;2;137;199;156m██[38;2;77;142;130m██[38;2;132;206;164m████[38;2;0;4;0m██[38;2;0;0;0m                                                            
[38;2;0;0;0m                      [38;2;0;4;0m██[38;2;132;206;164m██[38;2;85;142;122m██[38;2;206;255;174m██[38;2;82;142;125m██[38;2;140;199;153m██[38;2;132;206;164m██[38;2;0;4;0m██[38;2;0;0;0m                          [38;2;0;4;0m██[38;2;0;8;8m████[38;2;0;0;0m                          
[38;2;0;0;0m                      [38;2;0;4;0m██[38;2;132;206;164m██[38;2;85;142;122m██[38;2;206;255;174m██[38;2;198;255;182m██[38;2;82;142;125m██[38;2;132;206;164m██[38;2;0;4;0m██[38;2;0;0;0m    [38;2;0;4;0m████████[38;2;0;0;0m          [38;2;0;4;0m████[38;2;132;206;164m██[38;2;206;255;190m██[38;2;137;173;129m██[38;2;0;4;0m██[38;2;0;0;0m                        
[38;2;0;0;0m      [38;2;0;8;8m████[38;2;0;0;0m              [38;2;0;4;0m██[38;2;82;140;122m██[38;2;156;214;156m██[38;2;206;255;174m████[38;2;90;140;122m██[38;2;129;206;161m██[38;2;0;4;0m████[38;2;129;206;161m██[38;2;206;255;174m██[38;2;129;206;161m████[38;2;0;4;0m████[38;2;0;0;0m    [38;2;0;8;0m██[38;2;132;206;164m██[38;2;104;154;123m████[38;2;99;148;123m██[38;2;126;203;161m██[38;2;0;4;0m██[38;2;0;0;0m                        
[38;2;0;0;0m    [38;2;0;4;0m██[38;2;206;255;190m██[38;2;137;173;129m██[38;2;0;4;0m██[38;2;0;0;0m    [38;2;0;4;0m████[38;2;0;0;0m    [38;2;0;4;0m██[38;2;131;189;145m██[38;2;82;140;122m██[38;2;206;255;174m██[38;2;164;210;144m██[38;2;90;140;122m██[38;2;129;206;161m██[38;2;82;133;114m██[38;2;123;198;171m██[38;2;129;206;161m████████[38;2;132;206;164m████[38;2;0;4;0m████[38;2;132;206;164m██[38;2;88;140;109m██[38;2;159;204;148m██[38;2;214;255;174m██[38;2;99;148;123m██[38;2;126;203;161m██[38;2;0;4;0m██[38;2;0;0;0m                        
[38;2;0;0;0m    [38;2;0;4;0m██[38;2;129;206;161m████[38;2;0;4;0m██[38;2;0;0;0m  [38;2;0;20;32m██[38;2;206;255;198m██[38;2;132;206;164m██[38;2;0;4;0m██[38;2;0;0;0m    [38;2;0;4;0m██[38;2;132;206;164m██[38;2;85;148;128m████[38;2;144;205;152m██[38;2;255;255;255m████[38;2;99;156;115m██[38;2;82;140;122m████[38;2;85;142;122m████[38;2;129;206;161m████[38;2;74;123;122m██[38;2;129;206;161m██[38;2;104;154;123m██[38;2;214;255;174m████[38;2;159;204;146m██[38;2;88;140;109m██[38;2;132;206;164m██[38;2;0;4;0m██[38;2;0;0;0m                        
[38;2;0;0;0m    [38;2;0;4;0m██[38;2;129;206;161m████[38;2;74;121;122m██[38;2;0;4;0m██[38;2;69;98;87m██[38;2;137;177;143m██[38;2;132;206;164m██[38;2;0;4;0m██[38;2;0;0;0m      [38;2;0;4;0m██[38;2;66;119;114m██[38;2;123;206;155m██[38;2;255;255;255m██[38;2;144;205;152m██[38;2;151;189;162m██[38;2;255;255;255m██[38;2;206;255;174m██[38;2;123;178;139m██[38;2;206;255;174m████[38;2;90;140;122m████[38;2;129;206;161m████[38;2;104;154;123m██[38;2;159;204;148m██[38;2;214;255;174m██[38;2;104;154;117m██[38;2;132;206;164m██[38;2;0;8;0m██[38;2;0;0;0m                          
[38;2;0;0;0m      [38;2;0;12;0m██[38;2;165;174;170m██[38;2;129;206;163m████[38;2;134;157;140m██[38;2;107;189;155m██[38;2;0;4;0m██[38;2;0;0;0m        [38;2;0;4;0m██[38;2;139;205;155m██[38;2;255;255;255m██[38;2;164;210;144m██[38;2;255;255;255m████[38;2;208;255;174m██[38;2;119;162;147m██[38;2;206;255;174m██[38;2;209;255;174m████████[38;2;90;148;122m██[38;2;144;201;152m██[38;2;126;203;161m██[38;2;99;148;123m██[38;2;90;140;122m██[38;2;129;206;161m██[38;2;132;206;164m██[38;2;0;4;0m██[38;2;0;0;0m          [38;2;0;4;0m████[38;2;0;0;0m            
[38;2;0;0;0m    [38;2;0;4;0m██[38;2;247;255;255m████[38;2;129;206;163m██[38;2;206;107;118m██[38;2;189;94;109m██[38;2;107;189;155m██[38;2;132;206;164m██[38;2;0;4;0m██[38;2;0;0;0m      [38;2;0;4;0m██[38;2;139;205;155m████[38;2;255;255;255m██████[38;2;208;255;174m██[38;2;119;162;147m██[38;2;206;255;174m██[38;2;209;255;174m████████[38;2;198;255;182m██[38;2;90;148;122m██[38;2;126;203;161m████[38;2;129;206;161m████[38;2;0;4;0m██[38;2;0;0;0m          [38;2;0;4;0m██[38;2;206;255;174m██[38;2;132;206;164m██[38;2;0;4;0m██[38;2;0;0;0m          
[38;2;0;0;0m    [38;2;0;4;0m██[38;2;255;255;255m████[38;2;210;107;118m██[38;2;255;165;151m████[38;2;210;107;118m██[38;2;129;206;161m████[38;2;0;4;0m████[38;2;0;0;0m  [38;2;0;4;0m██[38;2;115;198;163m██[38;2;93;136;117m██[38;2;255;255;247m████[38;2;206;255;174m██[38;2;119;162;147m██[38;2;209;255;174m████████████[38;2;206;255;174m██[38;2;85;142;122m██[38;2;129;206;161m██[38;2;74;123;122m██[38;2;74;121;122m██[38;2;0;4;0m██[38;2;0;0;0m            [38;2;0;4;0m██[38;2;132;206;164m████[38;2;0;4;0m██[38;2;0;0;0m          
[38;2;0;0;0m    [38;2;0;4;0m██[38;2;66;140;122m██[38;2;129;178;166m██[38;2;210;107;118m██[38;2;255;165;151m████[38;2;210;107;118m██[38;2;129;206;161m████[38;2;132;206;164m████[38;2;0;4;0m██[38;2;132;206;164m██[38;2;93;136;117m██[38;2;71;74;71m██[38;2;123;173;131m██[38;2;211;228;208m██[38;2;206;255;174m██[38;2;119;162;147m██[38;2;209;255;174m████████████[38;2;206;255;174m████[38;2;74;123;122m██[38;2;129;206;161m██[38;2;0;4;0m██[38;2;0;0;0m          [38;2;0;4;0m████[38;2;132;206;164m██████[38;2;0;4;0m██[38;2;0;0;0m  [38;2;0;4;0m████[38;2;0;0;0m    
[38;2;0;0;0m  [38;2;0;8;8m██[38;2;206;255;190m██[38;2;132;206;164m████[38;2;129;206;163m██[38;2;206;107;118m████[38;2;129;206;163m██[38;2;115;181;155m██[38;2;181;154;93m████[38;2;115;181;155m██[38;2;74;123;122m██[38;2;129;206;161m██[38;2;74;123;122m██[38;2;118;167;139m██[38;2;82;82;66m██[38;2;206;255;174m██[38;2;206;255;182m██[38;2;129;154;126m██[38;2;209;255;174m████████[38;2;123;165;147m██[38;2;82;82;66m██[38;2;209;255;174m████[38;2;74;123;122m██[38;2;165;239;205m██[38;2;115;173;147m██[38;2;0;8;0m██[38;2;0;0;0m      [38;2;0;4;0m██[38;2;206;255;174m██[38;2;129;206;161m██[38;2;74;123;122m██[38;2;129;206;161m██[38;2;74;123;122m██[38;2;129;206;161m██[38;2;0;16;16m██[38;2;198;255;206m██[38;2;132;206;164m██[38;2;0;4;0m██[38;2;0;0;0m  
[38;2;0;0;0m  [38;2;0;8;8m██[38;2;137;173;129m██[38;2;132;206;164m██[38;2;0;4;0m██[38;2;129;206;163m████████[38;2;181;154;93m██[38;2;214;140;62m████[38;2;181;154;93m██[38;2;129;206;161m████[38;2;74;123;122m██[38;2;206;255;174m██[38;2;82;82;66m██[38;2;206;255;174m██[38;2;90;103;98m████[38;2;209;255;174m████████[38;2;82;82;66m████[38;2;209;255;174m████[38;2;74;123;122m██[38;2;135;200;177m██[38;2;173;255;221m██[38;2;0;8;0m██[38;2;0;0;0m      [38;2;0;4;0m██[38;2;129;206;161m████[38;2;74;123;122m██[38;2;129;206;161m██[38;2;74;123;122m██[38;2;129;206;161m██[38;2;132;175;143m████[38;2;132;206;164m██[38;2;0;4;0m██[38;2;0;0;0m  
[38;2;0;0;0m    [38;2;0;4;0m████[38;2;0;0;0m  [38;2;0;4;0m██[38;2;132;206;164m██████[38;2;126;206;161m██[38;2;165;123;93m████[38;2;126;206;161m██[38;2;140;199;153m██[38;2;82;142;125m██[38;2;123;206;155m██[38;2;74;119;122m██[38;2;214;255;174m██[38;2;123;82;91m██[38;2;210;107;118m████[38;2;93;99;98m██[38;2;231;214;167m██[38;2;206;255;174m████[38;2;74;78;74m██[38;2;129;163;123m██[38;2;206;255;166m██[38;2;74;123;122m██[38;2;127;206;163m██[38;2;173;239;213m██[38;2;148;222;188m██[38;2;0;8;8m██[38;2;0;0;0m    [38;2;0;20;16m██[38;2;85;98;96m██[38;2;101;162;141m██[38;2;206;107;118m██[38;2;74;148;130m██[38;2;134;148;134m██[38;2;129;206;161m████[38;2;132;206;164m██[38;2;0;4;0m████[38;2;0;0;0m    
[38;2;0;0;0m            [38;2;0;4;0m████[38;2;132;206;164m██[38;2;126;206;161m████████[38;2;82;142;125m██[38;2;198;255;182m██[38;2;90;148;133m██[38;2;74;119;122m██[38;2;184;197;146m██[38;2;153;140;119m██[38;2;210;107;118m██[38;2;255;165;151m██[38;2;231;214;167m██[38;2;93;99;98m██[38;2;90;99;90m██[38;2;167;203;146m██[38;2;156;206;148m████[38;2;162;211;151m██[38;2;74;123;122m██[38;2;173;239;213m██[38;2;127;206;163m██[38;2;148;222;188m██[38;2;74;115;98m██[38;2;0;4;0m████[38;2;255;255;255m████[38;2;206;107;118m██[38;2;101;162;141m██[38;2;255;148;143m██[38;2;195;148;139m██[38;2;129;206;161m████[38;2;0;4;0m██[38;2;0;0;0m        
[38;2;0;0;0m                [38;2;0;4;0m████████[38;2;132;206;164m██[38;2;129;206;161m██[38;2;90;140;122m██[38;2;129;206;161m████[38;2;74;123;114m██[38;2;165;206;141m██[38;2;209;107;118m████[38;2;255;165;151m████[38;2;209;104;118m████[38;2;167;211;146m████[38;2;74;123;122m██[38;2;129;206;161m██[38;2;129;198;161m██[38;2;165;239;205m██[38;2;74;123;114m██[38;2;132;206;156m██[38;2;115;181;155m██[38;2;181;154;93m██[38;2;255;255;255m████[38;2;222;127;126m████████[38;2;132;206;164m████[38;2;0;4;0m██[38;2;0;0;0m        
[38;2;0;0;0m                        [38;2;0;4;0m██[38;2;129;206;161m██████[38;2;74;123;122m██[38;2;165;206;141m██[38;2;104;151;123m██[38;2;132;181;132m████[38;2;210;107;118m████[38;2;165;206;149m████[38;2;74;123;122m████[38;2;129;206;161m████[38;2;129;198;161m██[38;2;93;156;117m██[38;2;93;151;128m██[38;2;132;206;156m██[38;2;181;154;93m██[38;2;214;140;62m██[38;2;198;148;78m████[38;2;129;207;161m██[38;2;222;127;126m████[38;2;129;207;161m██[38;2;132;206;164m██[38;2;0;4;0m██[38;2;0;0;0m          
[38;2;0;0;0m                          [38;2;0;4;0m██[38;2;132;206;164m██[38;2;74;123;122m██[38;2;206;255;166m██[38;2;107;132;107m██[38;2;206;255;174m████[38;2;159;193;138m██[38;2;165;209;146m████[38;2;104;151;128m██[38;2;74;123;122m██[38;2;126;203;161m████[38;2;99;148;123m██[38;2;148;201;152m██[38;2;99;148;123m██[38;2;198;255;182m██[38;2;206;255;182m██[38;2;103;131;95m██[38;2;165;198;157m██[38;2;113;133;105m██[38;2;165;123;93m██[38;2;126;206;161m██[38;2;129;206;161m████[38;2;132;206;164m████[38;2;0;4;0m██[38;2;0;0;0m            
[38;2;0;0;0m                          [38;2;0;4;0m██[38;2;132;206;164m██[38;2;74;123;122m██[38;2;162;211;151m██[38;2;206;255;174m██[38;2;57;70;73m██[38;2;66;70;66m██[38;2;206;255;174m██[38;2;99;148;123m██[38;2;165;209;146m██[38;2;165;206;141m██[38;2;74;123;122m██[38;2;126;203;161m██[38;2;99;148;123m██[38;2;198;255;182m██[38;2;99;148;123m██[38;2;148;201;152m██[38;2;99;148;123m██[38;2;0;8;8m████[38;2;8;4;0m████[38;2;126;206;161m████[38;2;129;206;161m████[38;2;0;4;0m████[38;2;0;0;0m              
[38;2;0;0;0m                            [38;2;0;4;0m██[38;2;140;206;164m██[38;2;96;139;112m██[38;2;49;66;73m██[38;2;189;255;181m██[38;2;198;255;182m██[38;2;49;70;81m██[38;2;206;255;174m██[38;2;113;162;134m██[38;2;74;123;122m██[38;2;129;206;161m██████[38;2;99;148;123m██[38;2;126;203;161m██[38;2;132;206;164m██[38;2;0;4;0m██[38;2;0;0;0m        [38;2;0;4;0m████████[38;2;0;0;0m                  
[38;2;0;0;0m                              [38;2;8;4;8m██[38;2;52;71;60m██[38;2;142;192;145m██[38;2;96;129;109m██[38;2;99;132;115m████[38;2;206;255;174m██[38;2;66;115;114m██[38;2;129;206;161m████████[38;2;126;203;161m████[38;2;0;4;0m██[38;2;0;0;0m                                    
[38;2;0;0;0m                                [38;2;0;4;0m██[38;2;126;203;161m████[38;2;129;206;161m██[38;2;74;123;122m██[38;2;66;123;114m██[38;2;165;239;205m██[38;2;123;177;150m████[38;2;132;206;164m████[38;2;0;4;0m████[38;2;0;0;0m                                      
[38;2;0;0;0m                                [38;2;0;4;0m██[38;2;99;148;123m██[38;2;126;203;161m██[38;2;129;206;161m████[38;2;165;239;205m██[38;2;132;200;175m██[38;2;181;255;221m██[38;2;8;20;8m██[38;2;0;4;0m████[38;2;0;0;0m                                          
[38;2;0;0;0m                                  [38;2;0;4;0m██[38;2;99;148;123m██[38;2;115;173;147m██[38;2;173;255;221m██[38;2;115;173;147m██[38;2;173;255;221m██[38;2;0;4;0m██[38;2;0;0;0m                                                
[38;2;0;0;0m                                    [38;2;0;4;0m██[38;2;0;8;0m████████[38;2;0;0;0m                                                  
[38;2;0;0;0m                                                                                                [0m
