
[38;2;0;0;0m                                                              
[38;2;0;0;0m                ████                                          
[38;2;0;0;0m                [38;2;66;66;66m██[38;2;123;132;136m██[38;2;0;0;0m██          ██[38;2;187;189;197m██[38;2;121;132;137m██[38;2;0;0;0m                        
[38;2;0;0;0m                ██[38;2;123;132;136m██[38;2;66;66;66m██[38;2;0;0;0m██████  ██[38;2;189;189;197m██[38;2;82;90;82m██[38;2;121;132;137m██[38;2;0;0;0m                        
[38;2;0;0;0m              ██[38;2;189;189;197m████[38;2;187;192;198m██████[38;2;189;189;197m██████[38;2;66;66;66m██[38;2;123;132;135m██[38;2;0;0;0m██                        
[38;2;0;0;0m            ██[38;2;189;189;197m██████[38;2;187;192;198m████████[38;2;123;132;136m██[38;2;189;189;197m██[38;2;66;66;66m██[38;2;0;0;0m██                          
[38;2;0;0;0m                ██[38;2;189;189;197m██[38;2;123;132;136m██[38;2;189;189;197m██[38;2;187;192;198m██████[38;2;63;66;66m██[38;2;126;127;131m██[38;2;123;132;136m██[38;2;0;0;0m████████                  
[38;2;0;0;0m                [38;2;189;189;197m████████[38;2;187;192;198m██████[38;2;189;189;197m██████[38;2;66;66;66m██[38;2;189;189;197m████[38;2;0;0;0m████                
[38;2;0;0;0m        ████████[38;2;134;140;140m██[38;2;187;192;198m████████[38;2;189;189;197m██[38;2;85;93;82m██[38;2;187;192;198m████[38;2;66;66;66m██[38;2;189;189;197m██[38;2;123;132;136m████[38;2;66;66;66m██[38;2;0;0;0m██                
[38;2;0;0;0m      ██[38;2;247;222;175m██[38;2;203;167;131m████[38;2;247;222;175m████[38;2;82;94;82m██[38;2;187;192;198m████[38;2;189;189;197m██[38;2;107;70;59m██[38;2;255;255;255m██[38;2;187;192;198m████[38;2;123;132;136m██[38;2;66;66;66m██[38;2;123;132;135m████[38;2;0;0;0m██      ████        
[38;2;0;0;0m        ████[38;2;247;222;175m██[38;2;189;170;139m██[38;2;203;167;131m██[38;2;247;231;199m██[38;2;187;192;198m████[38;2;0;0;0m██[38;2;231;99;79m██[38;2;189;189;197m██████[38;2;187;192;198m██[38;2;189;189;197m██[38;2;0;0;0m████        ██[38;2;189;189;197m██[38;2;0;0;0m██      
[38;2;0;0;0m            [38;2;74;66;66m██[38;2;247;222;175m████[38;2;82;94;82m██[38;2;187;192;198m████[38;2;189;189;197m██[38;2;220;198;196m██[38;2;189;189;197m██[38;2;66;66;66m██[38;2;189;189;197m██[38;2;187;192;198m██[38;2;66;66;66m██[38;2;0;0;0m██          ██[38;2;189;189;197m██[38;2;66;66;66m██[38;2;0;0;0m██    
[38;2;0;0;0m    ██████  [38;2;126;132;137m██[38;2;63;66;68m██[38;2;189;189;197m██[38;2;123;132;136m██[38;2;187;192;198m████[38;2;66;66;66m████[38;2;203;159;171m██[38;2;66;74;74m██[38;2;143;87;103m██[38;2;189;189;197m██[38;2;66;66;66m██[38;2;63;66;68m████[38;2;0;0;0m          ██[38;2;187;192;198m████[38;2;0;0;0m    
[38;2;0;0;0m  ██[38;2;66;66;66m██[38;2;255;255;255m██[38;2;123;132;135m██[38;2;121;132;137m██[38;2;66;66;66m██[38;2;123;132;135m██[38;2;66;66;66m██[38;2;123;132;135m██[38;2;189;61;93m████[38;2;255;127;143m████[38;2;66;66;66m██[38;2;123;132;136m████[38;2;123;132;135m██[38;2;189;189;197m██[38;2;187;192;198m████[38;2;126;132;131m██[38;2;0;0;0m██  ██[38;2;189;189;197m██████[38;2;66;66;66m██[38;2;0;0;0m██  
[38;2;0;0;0m  ██[38;2;66;66;66m████[38;2;123;132;136m████[38;2;60;66;68m██[38;2;121;132;137m██[38;2;189;189;197m██[38;2;66;66;66m████████[38;2;63;66;66m██[38;2;189;189;197m██[38;2;85;93;82m██[38;2;189;189;197m██████[38;2;66;66;66m████[38;2;189;189;197m██[38;2;0;0;0m████[38;2;189;189;197m██[38;2;66;66;66m██[38;2;189;189;197m████[38;2;123;132;136m██[38;2;0;0;0m██  
[38;2;0;0;0m    [38;2;189;189;197m██[38;2;63;63;66m██[38;2;121;132;137m██[38;2;123;132;139m██[38;2;0;0;0m██  [38;2;189;189;197m██[38;2;187;192;198m██[38;2;189;189;197m██[38;2;66;66;66m██████[38;2;187;192;198m██████[38;2;66;66;66m██[38;2;123;132;139m██[38;2;187;192;198m██████[38;2;189;189;197m██[38;2;123;132;135m██[38;2;66;66;66m██[38;2;123;132;135m████[38;2;123;132;136m████[38;2;0;0;0m    
[38;2;0;0;0m    ████████  ██[38;2;63;63;66m██[38;2;187;192;198m██[38;2;189;189;197m████████[38;2;187;192;198m██████[38;2;127;127;131m██[38;2;255;255;255m██[38;2;187;192;198m██████[38;2;189;189;197m██[38;2;123;132;135m████████[38;2;123;132;136m████[38;2;0;0;0m    
[38;2;0;0;0m            [38;2;189;189;197m██████[38;2;63;66;66m██[38;2;123;131;135m██[38;2;247;222;175m████[38;2;239;222;191m██[38;2;123;132;136m██[38;2;189;189;197m██[38;2;123;132;136m██[38;2;66;66;66m██[38;2;189;189;197m██[38;2;255;255;255m██[38;2;123;132;139m██[38;2;187;192;198m██[38;2;66;66;66m██[38;2;123;132;136m████[38;2;123;132;135m████[38;2;0;0;0m██      
[38;2;0;0;0m            [38;2;187;192;198m██████[38;2;189;189;197m██[38;2;247;222;175m██[38;2;203;167;131m██████[38;2;247;222;175m██[38;2;123;131;135m██[38;2;247;222;175m████[38;2;66;66;66m██[38;2;129;129;134m████[38;2;66;66;66m████[38;2;123;132;135m████[38;2;121;132;137m██[38;2;66;66;66m██[38;2;0;0;0m        
[38;2;0;0;0m            ██[38;2;189;189;197m████[38;2;123;132;136m██[38;2;66;70;74m██[38;2;247;222;183m██[38;2;247;222;175m██████[38;2;203;167;131m████[38;2;66;70;74m██[38;2;187;192;198m██[38;2;66;66;66m████[38;2;187;192;198m██[38;2;189;189;197m██[38;2;66;66;66m██[38;2;0;0;0m██            
[38;2;0;0;0m              ██[38;2;123;132;136m████[38;2;126;121;110m██[38;2;66;70;74m██[38;2;203;167;131m██████[38;2;247;222;175m████[38;2;126;121;110m██[38;2;187;192;198m██[38;2;189;189;197m████[38;2;187;192;198m██[38;2;126;126;131m██[38;2;0;0;0m██              
[38;2;0;0;0m            [38;2;189;189;197m████████[38;2;121;132;137m██[38;2;0;0;0m██  ██[38;2;123;131;135m██[38;2;123;132;137m████[38;2;0;0;0m██[38;2;123;132;136m████████[38;2;0;0;0m██                
[38;2;0;0;0m          ██[38;2;126;126;131m██[38;2;189;189;197m██[38;2;123;132;134m██[38;2;189;189;197m██[38;2;0;0;0m██      ██████  ██[38;2;123;132;136m████[38;2;0;0;0m██                  
[38;2;0;0;0m              ████                ██[38;2;192;195;197m██[38;2;189;189;197m████[38;2;192;195;197m██[38;2;0;0;0m██                
[38;2;0;0;0m                                  ██[38;2;82;90;82m██[38;2;123;132;136m████[38;2;82;90;82m██[38;2;0;0;0m██                
[38;2;0;0;0m                                                              
[38;2;0;0;0m                                                              [0m
