
[38;2;0;0;0m                                                                
[38;2;0;0;0m        [38;2;0;4;0m██[38;2;0;0;0m          [38;2;0;4;0m████[38;2;0;0;0m                                        
[38;2;0;0;0m        [38;2;0;4;0m██[38;2;0;0;0m        [38;2;0;4;0m██[38;2;181;189;181m████[38;2;0;4;0m██[38;2;0;0;0m                                      
[38;2;0;0;0m        [38;2;0;5;0m████[38;2;0;0;0m    [38;2;0;5;0m████[38;2;170;175;173m██[38;2;201;195;190m██[38;2;0;4;0m██[38;2;0;0;0m                        [38;2;0;4;0m████████[38;2;0;0;0m      
[38;2;0;0;0m        [38;2;0;5;0m████[38;2;0;0;0m  [38;2;0;4;0m██[38;2;0;5;0m████[38;2;201;195;190m██[38;2;170;175;173m██[38;2;198;198;190m██[38;2;0;4;0m██[38;2;0;0;0m                  [38;2;0;4;0m████[38;2;231;239;239m██[38;2;247;247;247m████[38;2;255;255;255m██[38;2;0;4;0m██[38;2;0;0;0m    
[38;2;0;0;0m        [38;2;0;4;0m████[38;2;0;0;0m  [38;2;0;4;0m████[38;2;198;198;190m██[38;2;181;181;181m████[38;2;181;189;181m██[38;2;0;4;0m██[38;2;0;0;0m              [38;2;0;4;0m████[38;2;247;247;247m██[38;2;233;233;236m██[38;2;255;255;255m██[38;2;233;233;236m██[38;2;255;255;255m██[38;2;233;233;236m██[38;2;255;255;255m██[38;2;0;4;0m██[38;2;0;0;0m  
[38;2;0;0;0m          [38;2;0;4;0m██[38;2;66;65;66m██[38;2;0;4;0m████████[38;2;181;181;181m██[38;2;181;189;181m██[38;2;0;4;0m██[38;2;0;0;0m            [38;2;0;4;0m██[38;2;231;239;239m██[38;2;247;247;247m████[38;2;255;255;255m██[38;2;233;233;236m██[38;2;255;255;255m██[38;2;233;233;236m██[38;2;255;255;255m██[38;2;233;233;236m██[38;2;0;4;0m██[38;2;0;0;0m  
[38;2;0;0;0m        [38;2;82;74;50m██[38;2;0;0;16m██[38;2;247;222;111m██[38;2;0;4;0m██[38;2;247;222;111m██████[38;2;0;4;0m██████[38;2;0;0;0m          [38;2;0;4;0m██[38;2;233;233;236m██[38;2;255;255;255m██[38;2;233;233;236m██[38;2;255;255;255m██[38;2;233;233;236m██[38;2;255;255;255m██[38;2;233;233;236m██[38;2;255;255;255m██[38;2;233;233;236m██[38;2;255;255;255m██[38;2;0;4;0m██[38;2;0;0;0m  
[38;2;0;0;0m      [38;2;0;4;0m██[38;2;247;222;119m████[38;2;247;222;111m██████████████[38;2;0;4;0m██[38;2;0;0;0m        [38;2;0;4;0m██[38;2;231;239;239m██[38;2;255;255;255m██[38;2;233;233;236m██[38;2;255;255;255m██[38;2;233;233;236m██[38;2;255;255;255m██[38;2;233;233;236m██[38;2;255;255;255m██[38;2;233;233;236m██[38;2;255;255;255m██[38;2;233;233;236m██[38;2;0;4;0m██[38;2;0;0;0m  
[38;2;0;0;0m    [38;2;0;4;0m██[38;2;247;222;111m██████████████████████[38;2;0;4;0m██[38;2;0;0;0m    [38;2;0;4;0m██[38;2;233;233;236m██[38;2;255;255;255m██[38;2;233;233;236m██[38;2;255;255;255m██[38;2;233;233;236m██[38;2;255;255;255m██[38;2;233;233;236m██[38;2;255;255;255m██[38;2;233;233;236m██[38;2;255;255;255m██[38;2;233;233;236m██[38;2;255;255;255m██[38;2;0;4;0m██[38;2;0;0;0m  
[38;2;0;0;0m    [38;2;0;4;0m██[38;2;247;222;111m██████████████████[38;2;255;255;255m██[38;2;247;222;111m██[38;2;0;4;0m██[38;2;0;0;0m    [38;2;0;4;0m██[38;2;255;255;255m██[38;2;233;233;236m██[38;2;255;255;255m██[38;2;233;233;236m██[38;2;255;255;255m██[38;2;233;233;236m██[38;2;255;255;255m██[38;2;233;233;236m██[38;2;255;255;255m██[38;2;233;233;236m██[38;2;255;255;255m██[38;2;233;233;236m██[38;2;0;4;0m██[38;2;0;0;0m  
[38;2;0;0;0m  [38;2;0;4;0m██[38;2;255;255;255m██[38;2;66;66;66m██[38;2;247;222;111m████████████[38;2;255;255;231m██[38;2;197;195;168m██[38;2;189;165;85m██[38;2;255;255;255m██[38;2;255;247;215m██[38;2;0;0;0m██[38;2;0;12;8m██[38;2;214;165;142m██[38;2;173;119;93m██[38;2;198;162;144m██[38;2;173;119;93m██[38;2;255;255;255m██[38;2;233;233;236m██[38;2;255;255;255m██[38;2;233;233;236m██[38;2;255;255;255m██[38;2;233;233;236m██[38;2;255;255;255m██[38;2;247;247;247m████[38;2;0;4;0m██[38;2;0;0;0m  
[38;2;0;0;0m  [38;2;0;4;0m██[38;2;66;66;66m████[38;2;189;164;83m██[38;2;247;222;111m██[38;2;189;164;83m████[38;2;247;222;111m██[38;2;131;133;103m██[38;2;82;74;42m██[38;2;255;255;231m██[38;2;255;255;255m██[38;2;189;165;85m██[38;2;170;165;143m██[38;2;85;82;72m██[38;2;71;63;53m██[38;2;143;114;97m██[38;2;247;247;247m████[38;2;200;164;147m██[38;2;173;119;93m██[38;2;255;255;255m██[38;2;233;233;236m██[38;2;255;255;255m██[38;2;233;233;236m██[38;2;255;255;255m██[38;2;233;233;236m██[38;2;247;247;247m██[38;2;0;4;0m██[38;2;0;0;0m    
[38;2;0;0;0m  [38;2;0;4;0m██[38;2;66;66;66m████[38;2;255;255;255m██[38;2;189;165;85m██[38;2;255;255;255m████[38;2;132;132;105m██[38;2;66;66;66m██[38;2;255;255;255m██[38;2;66;66;66m██[38;2;189;164;83m██[38;2;247;222;111m██[38;2;255;222;111m██[38;2;74;66;66m██[38;2;168;156;148m██[38;2;255;247;239m██[38;2;247;247;247m████[38;2;165;123;93m██[38;2;206;160;138m██[38;2;247;247;247m████[38;2;233;233;236m██[38;2;255;255;255m██[38;2;233;233;236m██[38;2;255;255;255m██[38;2;247;247;247m██[38;2;0;4;0m██[38;2;0;0;0m    
[38;2;0;0;0m  [38;2;0;4;0m██[38;2;206;156;142m██[38;2;66;66;66m██[38;2;255;255;255m████████[38;2;66;66;66m████████[38;2;247;222;111m████[38;2;74;66;66m██[38;2;134;118;81m██[38;2;82;66;58m██[38;2;255;247;239m██[38;2;247;247;247m██[38;2;165;123;93m██[38;2;206;160;138m██[38;2;165;123;93m██[38;2;198;162;144m██[38;2;173;119;93m██[38;2;255;255;255m██[38;2;233;233;236m██[38;2;255;255;255m██[38;2;233;233;236m██[38;2;247;247;247m██[38;2;0;4;0m██[38;2;0;0;0m    
[38;2;0;0;0m    ██[38;2;247;255;247m██[38;2;255;255;255m████████[38;2;74;66;66m██[38;2;173;154;143m██[38;2;66;66;66m████[38;2;247;214;103m██[38;2;187;165;88m██[38;2;66;66;66m██[38;2;160;111;64m██[38;2;66;66;66m██[38;2;206;156;126m██[38;2;181;123;93m██[38;2;200;162;142m██[38;2;233;233;236m██[38;2;255;255;255m██[38;2;247;247;247m██[38;2;198;162;144m██[38;2;173;119;93m██[38;2;247;247;247m██[38;2;233;233;236m██[38;2;255;255;255m██[38;2;0;4;0m██[38;2;0;0;0m      
[38;2;0;0;0m    ██[38;2;82;85;82m██[38;2;170;175;173m██[38;2;255;255;255m██[38;2;132;132;108m██[38;2;255;255;255m██[38;2;222;198;182m██[38;2;74;66;66m██[38;2;66;66;66m██[38;2;192;165;80m██[38;2;187;165;88m██[38;2;66;66;58m██[38;2;160;111;64m████[38;2;66;66;66m██[38;2;159;126;106m██[38;2;200;162;142m██[38;2;239;239;239m██[38;2;255;255;255m██[38;2;233;233;236m██[38;2;247;247;247m██[38;2;173;119;93m██[38;2;198;162;144m██[38;2;247;247;247m██[38;2;255;255;255m██[38;2;233;233;236m██[38;2;0;4;0m██[38;2;0;0;0m      
[38;2;0;0;0m    [38;2;0;4;0m██[38;2;94;72;74m██[38;2;66;66;66m████[38;2;198;198;190m████████[38;2;198;156;78m██[38;2;66;66;66m████[38;2;160;111;64m████[38;2;66;66;66m██[38;2;165;123;93m██[38;2;206;160;138m██[38;2;173;119;93m██[38;2;255;255;255m██[38;2;247;247;247m████[38;2;165;123;93m██[38;2;206;160;138m██[38;2;165;123;93m██[38;2;247;247;247m████[38;2;0;4;0m██[38;2;0;0;0m        
[38;2;0;0;0m      [38;2;0;4;0m██[38;2;94;76;74m████[38;2;66;66;66m██████████[38;2;154;126;74m██[38;2;160;111;64m████[38;2;66;66;66m████[38;2;206;160;138m██[38;2;165;123;93m██[38;2;200;164;147m██[38;2;173;119;93m██[38;2;198;162;144m██[38;2;173;119;93m██[38;2;206;160;138m██[38;2;165;123;93m██[38;2;247;247;247m██████[38;2;0;4;0m██[38;2;0;0;0m        
[38;2;0;0;0m        [38;2;0;8;8m██[38;2;66;55;58m██[38;2;160;111;64m████[38;2;154;119;74m████████[38;2;134;118;81m██[38;2;74;66;66m██[38;2;94;76;74m████[38;2;71;65;58m██[38;2;214;156;126m██[38;2;247;247;247m████[38;2;173;119;93m██[38;2;200;164;147m██[38;2;239;247;239m████[38;2;247;247;247m████[38;2;0;4;0m██[38;2;0;0;0m          
[38;2;0;0;0m      [38;2;0;4;0m██[38;2;99;78;83m████[38;2;66;66;66m██[38;2;160;111;64m██[38;2;66;61;66m██[38;2;198;148;78m████[38;2;66;61;66m██[38;2;74;66;66m██[38;2;255;222;111m██[38;2;66;66;66m██[38;2;94;76;74m██[38;2;143;111;92m██[38;2;71;65;58m██[38;2;66;66;66m████[38;2;255;255;255m██[38;2;173;119;93m██[38;2;206;160;138m██[38;2;239;247;239m██[38;2;0;4;0m████[38;2;0;0;0m            
[38;2;0;0;0m      [38;2;0;4;0m██[38;2;99;82;83m██[38;2;0;8;0m██[38;2;66;66;66m██[38;2;160;111;64m██[38;2;80;71;50m██[38;2;239;214;119m██[38;2;66;66;66m██[38;2;214;206;166m██[38;2;247;214;119m██[38;2;82;74;45m██[38;2;0;8;8m██[38;2;154;113;77m██[38;2;159;114;66m████[38;2;156;115;68m████[38;2;0;4;0m████████[38;2;0;0;0m                
[38;2;0;0;0m        [38;2;0;8;0m██[38;2;66;57;55m██[38;2;160;111;64m██[38;2;66;66;66m██[38;2;0;0;16m██[38;2;80;71;50m██[38;2;214;206;166m████[38;2;0;4;8m████[38;2;77;60;42m██[38;2;0;8;8m██[38;2;159;114;66m████[38;2;78;61;42m██[38;2;0;8;16m██[38;2;0;0;0m                        
[38;2;0;0;0m    [38;2;0;5;0m████[38;2;0;4;0m██[38;2;66;65;66m██[38;2;156;111;68m██[38;2;0;4;0m██[38;2;0;0;0m  [38;2;0;4;0m██[38;2;66;65;66m██[38;2;0;4;0m██[38;2;0;0;0m    [38;2;0;4;0m██[38;2;0;0;0m  [38;2;0;4;0m██████[38;2;0;0;0m                          
[38;2;0;0;0m  [38;2;0;4;0m██[38;2;0;5;0m████[38;2;0;0;0m  [38;2;0;4;0m████[38;2;0;0;0m      [38;2;0;4;0m██[38;2;0;0;0m      [38;2;0;4;0m██[38;2;0;0;0m    [38;2;0;4;0m██████[38;2;0;0;0m                        
[38;2;0;0;0m                    [38;2;0;5;0m████[38;2;0;0;0m    [38;2;0;4;0m██[38;2;0;0;0m                                  
[38;2;0;0;0m                    [38;2;0;5;0m████[38;2;0;0;0m  [38;2;0;4;0m████[38;2;0;0;0m                                  
[38;2;0;0;0m                      [38;2;0;4;0m██[38;2;0;0;0m  [38;2;0;4;0m████[38;2;0;0;0m                                  
[38;2;0;0;0m                          [38;2;0;4;0m██[38;2;0;0;0m                                    
[38;2;0;0;0m                                                                [0m
