
[38;2;0;0;0m                                                                            
[38;2;0;0;0m                                  [38;2;0;4;0m██[38;2;0;0;0m                                        
[38;2;0;0;0m                        [38;2;0;4;0m██[38;2;0;0;0m      [38;2;0;4;0m██[38;2;88;161;93m██[38;2;0;4;0m██[38;2;0;0;0m                                      
[38;2;0;0;0m                      [38;2;0;4;0m██[38;2;41;109;77m██[38;2;0;4;0m██[38;2;0;0;0m  [38;2;0;4;0m██[38;2;90;156;90m██[38;2;88;161;93m████[38;2;0;4;0m██[38;2;0;0;0m      [38;2;0;4;0m████[38;2;0;0;0m                          
[38;2;0;0;0m                      [38;2;0;4;0m██[38;2;55;111;65m██[38;2;82;156;98m██[38;2;0;4;0m██[38;2;86;158;90m██[38;2;41;111;73m██[38;2;87;159;93m████[38;2;0;4;0m██[38;2;0;0;0m  [38;2;0;4;0m████[38;2;86;158;90m████[38;2;0;4;0m██[38;2;0;0;0m                        
[38;2;0;0;0m                      [38;2;0;4;0m██[38;2;82;165;98m██[38;2;55;105;65m██[38;2;82;156;98m██[38;2;86;158;90m██[38;2;41;111;73m██[38;2;87;159;93m████[38;2;90;156;90m██[38;2;0;4;0m██[38;2;88;161;93m████[38;2;41;111;73m██[38;2;86;158;90m██[38;2;0;4;0m██[38;2;0;0;0m                        
[38;2;0;0;0m                  [38;2;0;4;0m████[38;2;82;165;90m██[38;2;57;70;65m██[38;2;66;66;66m██[38;2;88;159;93m██[38;2;86;158;90m████[38;2;87;159;93m████[38;2;86;158;90m██████[38;2;41;111;73m██[38;2;87;159;93m████[38;2;88;161;93m██[38;2;0;4;0m██[38;2;0;0;0m                      
[38;2;0;0;0m                [38;2;0;4;0m██[38;2;82;165;98m██[38;2;55;111;65m██[38;2;57;70;65m██[38;2;65;102;73m██[38;2;88;159;93m██[38;2;66;66;66m██[38;2;41;111;73m██[38;2;86;158;90m██[38;2;87;159;93m████[38;2;41;111;73m████[38;2;86;158;90m████[38;2;87;159;93m████[38;2;88;161;93m████[38;2;0;4;0m████[38;2;0;0;0m                  
[38;2;0;0;0m                [38;2;0;4;0m██[38;2;88;159;93m████[38;2;66;66;66m██[38;2;88;159;93m██████[38;2;86;158;90m████████[38;2;87;159;93m████[38;2;41;111;73m██[38;2;86;158;90m██[38;2;41;111;73m██████[38;2;86;158;90m██[38;2;87;159;93m████[38;2;0;4;0m██[38;2;0;0;0m                
[38;2;0;0;0m              [38;2;0;4;0m██[38;2;41;109;77m██[38;2;66;66;66m██[38;2;88;159;93m██[38;2;66;66;66m██[38;2;88;159;93m████[38;2;66;66;66m██[38;2;86;158;90m██[38;2;41;111;73m████[38;2;86;158;90m██[38;2;87;159;93m████[38;2;86;158;90m██[38;2;41;111;73m██[38;2;86;158;90m████[38;2;41;111;73m██[38;2;86;158;90m██[38;2;87;159;93m████[38;2;0;4;0m██[38;2;0;0;0m                
[38;2;0;0;0m            [38;2;0;4;0m██[38;2;41;109;77m████[38;2;41;111;77m████[38;2;57;78;65m██[38;2;104;118;93m██[38;2;88;159;93m██[38;2;66;66;66m██[38;2;41;111;73m██[38;2;206;181;150m██[38;2;41;111;73m████[38;2;41;119;73m██[38;2;93;142;99m██[38;2;88;159;93m████████[38;2;41;111;73m██[38;2;86;158;90m██[38;2;74;165;98m██[38;2;0;4;8m██[38;2;0;0;0m                  
[38;2;0;0;0m              [38;2;0;4;0m██[38;2;41;109;77m██[38;2;66;66;66m████[38;2;198;198;150m██[38;2;57;78;65m██[38;2;88;159;93m██[38;2;66;66;66m██[38;2;206;181;150m██[38;2;41;111;73m████[38;2;206;181;150m██[38;2;198;189;150m██[38;2;41;119;73m██[38;2;66;66;66m██████[38;2;88;159;93m██[38;2;86;158;90m██[38;2;41;111;73m██[38;2;49;111;68m████[38;2;0;4;0m████[38;2;0;0;0m              
[38;2;0;0;0m              [38;2;0;4;0m██[38;2;41;109;77m██[38;2;66;66;66m████[38;2;206;181;150m██[38;2;66;66;66m██[38;2;88;159;93m██[38;2;66;66;66m██[38;2;206;181;150m██████████[38;2;66;66;66m██[38;2;82;80;69m██████[38;2;66;66;66m██[38;2;87;159;93m████[38;2;57;70;65m██[38;2;65;102;73m██[38;2;41;112;76m████[38;2;0;4;0m██[38;2;0;0;0m            
[38;2;0;0;0m            [38;2;0;4;0m██[38;2;41;109;77m████[38;2;66;66;66m██[38;2;82;80;69m██[38;2;66;66;66m████[38;2;88;159;93m████[38;2;66;66;66m██[38;2;206;181;150m██[38;2;66;66;66m██████████[38;2;82;80;69m████[38;2;66;66;66m██[38;2;87;159;93m████[38;2;82;165;90m██[38;2;57;70;65m██[38;2;41;112;76m████[38;2;0;4;0m██[38;2;0;0;0m            
[38;2;0;0;0m          [38;2;0;4;0m██[38;2;41;109;77m██[38;2;41;111;77m██[38;2;66;66;66m██[38;2;88;159;93m██[38;2;66;66;66m██[38;2;74;70;66m██[38;2;255;255;255m██[38;2;57;82;73m██[38;2;120;107;80m██[38;2;66;66;66m████[38;2;222;86;54m████[38;2;255;255;255m██[38;2;74;70;66m██[38;2;82;80;69m████[38;2;66;66;66m██[38;2;88;159;93m██[38;2;41;103;73m████[38;2;132;99;96m██[38;2;66;66;66m██[38;2;49;111;81m██[38;2;8;4;0m██[38;2;0;0;0m              
[38;2;0;0;0m            [38;2;0;4;0m██[38;2;41;111;77m██[38;2;66;66;66m██[38;2;88;159;93m████[38;2;74;70;66m████[38;2;247;156;95m██[38;2;57;82;73m██[38;2;88;159;93m██[38;2;66;66;66m██[38;2;255;255;255m████[38;2;74;70;66m████[38;2;82;80;69m██[38;2;66;66;66m██[38;2;88;159;93m████[38;2;71;99;79m██[38;2;132;90;92m██[38;2;132;99;96m████[38;2;35;75;54m██[38;2;49;111;81m██[38;2;0;4;0m████[38;2;0;0;0m          
[38;2;0;0;0m              [38;2;0;4;0m██[38;2;41;109;77m██[38;2;57;70;65m██[38;2;82;165;90m██[38;2;74;107;74m██[38;2;189;110;72m██[38;2;74;53;58m██[38;2;164;92;72m██[38;2;57;82;65m████[38;2;66;66;66m████[38;2;132;99;96m██[38;2;66;66;66m██[38;2;131;100;95m██[38;2;41;111;73m██[38;2;88;159;93m████[38;2;74;66;66m██[38;2;206;181;150m██[38;2;132;103;100m██[38;2;203;182;150m██[38;2;66;66;66m██[38;2;41;111;77m██[38;2;41;109;77m████[38;2;0;4;0m██[38;2;0;0;0m        
[38;2;0;0;0m                [38;2;0;4;0m██[38;2;57;70;65m██[38;2;65;102;73m██[38;2;74;107;74m██[38;2;247;111;71m██[38;2;255;132;87m████[38;2;255;140;87m██[38;2;57;82;65m██[38;2;41;111;77m████[38;2;66;66;66m██[38;2;132;99;96m██[38;2;131;100;95m██[38;2;41;111;73m██[38;2;88;159;93m██[38;2;66;66;66m██[38;2;118;104;94m██[38;2;206;181;150m██[38;2;203;182;150m████[38;2;66;66;66m██[38;2;41;111;77m██[38;2;41;109;77m██[38;2;0;4;0m██[38;2;0;0;0m          
[38;2;0;0;0m              [38;2;0;4;0m██[38;2;165;140;133m██[38;2;94;76;74m██[38;2;66;66;66m██[38;2;82;78;82m██[38;2;255;148;111m██[38;2;255;132;87m████[38;2;255;140;87m████[38;2;74;80;63m██[38;2;24;90;72m██[38;2;70;136;98m██[38;2;66;66;66m██[38;2;132;100;96m████[38;2;66;66;66m██[38;2;132;99;96m██[38;2;132;101;97m████[38;2;206;181;150m██[38;2;131;100;95m██[38;2;206;181;150m██[38;2;74;66;66m██[38;2;0;4;0m██[38;2;0;0;0m            
[38;2;0;0;0m              [38;2;0;4;0m██[38;2;82;72;66m██[38;2;94;76;74m██[38;2;66;66;66m██[38;2;168;113;96m██[38;2;82;78;82m██[38;2;175;97;74m██[38;2;96;63;61m██[38;2;96;77;72m████[38;2;173;61;45m██[38;2;74;80;63m██[38;2;70;136;98m██[38;2;66;66;66m██[38;2;99;74;75m████[38;2;132;99;96m████[38;2;132;101;97m████[38;2;131;100;95m████[38;2;118;104;94m██[38;2;74;66;66m██[38;2;41;109;77m██[38;2;0;4;0m██[38;2;0;0;0m          
[38;2;0;0;0m            [38;2;0;4;0m██[38;2;96;75;74m████[38;2;94;76;74m██[38;2;66;66;66m██[38;2;156;136;128m████[38;2;74;61;58m██[38;2;145;100;87m██[38;2;181;74;48m████[38;2;57;74;65m██[38;2;101;112;93m██[38;2;57;82;65m████[38;2;203;181;150m████[38;2;99;70;75m██[38;2;135;107;100m██[38;2;66;66;66m██[38;2;132;99;96m██████[38;2;132;100;96m████[38;2;0;4;0m██[38;2;0;0;0m            
[38;2;0;0;0m        [38;2;0;4;0m████[38;2;66;65;66m██[38;2;96;75;74m████[38;2;94;76;74m████[38;2;66;66;66m██[38;2;156;136;128m██[38;2;181;119;101m██[38;2;74;61;58m██[38;2;66;66;66m████[38;2;189;189;149m██[38;2;57;74;65m██[38;2;57;82;65m██[38;2;206;181;150m██[38;2;203;181;150m████[38;2;206;181;150m██[38;2;135;107;100m██[38;2;66;66;66m██████[38;2;132;99;96m██[38;2;99;74;75m██[38;2;132;100;96m██[38;2;66;65;66m██[38;2;0;4;0m██[38;2;0;0;0m          
[38;2;0;0;0m      [38;2;0;4;0m██[38;2;88;161;93m██[38;2;86;158;90m██[38;2;41;111;73m██[38;2;74;76;68m██[38;2;90;61;66m██[38;2;99;78;83m████[38;2;0;4;0m████[38;2;154;139;127m████[38;2;159;143;122m██[38;2;206;181;150m██████[38;2;203;181;150m████[38;2;206;181;150m████[38;2;66;66;66m████[38;2;41;112;76m████[38;2;66;107;82m██[38;2;47;71;57m██[38;2;99;74;75m██[38;2;132;100;96m██[38;2;132;99;96m████[38;2;0;4;0m██[38;2;0;0;0m        
[38;2;0;0;0m    [38;2;0;4;0m██[38;2;88;161;93m████[38;2;86;158;90m████[38;2;41;107;73m██[38;2;74;76;68m██[38;2;66;55;58m██[38;2;0;8;8m██[38;2;0;0;0m    [38;2;0;4;0m██[38;2;77;71;64m██[38;2;66;66;66m████[38;2;156;137;128m██[38;2;206;181;150m██[38;2;203;181;150m████[38;2;206;181;150m██[38;2;66;66;66m██[38;2;94;76;74m██[38;2;66;66;66m██[38;2;41;112;76m████[38;2;8;0;8m██[38;2;47;71;57m██[38;2;132;100;96m████[38;2;132;99;96m██[38;2;66;66;66m██[38;2;66;65;66m██[38;2;0;4;0m██[38;2;0;0;0m      
[38;2;0;0;0m  [38;2;8;0;8m██[38;2;90;156;98m██[38;2;49;99;73m██[38;2;99;129;99m██[38;2;74;165;90m██[38;2;57;104;73m██[38;2;41;112;76m████[38;2;41;109;77m██[38;2;0;4;0m██[38;2;0;0;0m    [38;2;0;24;8m██[38;2;140;156;132m██[38;2;156;132;124m██[38;2;96;82;80m██[38;2;66;66;66m████[38;2;66;61;66m████[38;2;66;66;66m██[38;2;156;136;128m██[38;2;66;66;66m████[38;2;66;65;66m██[38;2;0;4;0m██[38;2;0;0;0m  [38;2;0;4;0m██[38;2;113;127;97m██[38;2;60;66;52m██[38;2;66;66;66m██[38;2;88;159;93m████[38;2;66;66;66m██[38;2;0;4;0m██[38;2;0;0;0m    
[38;2;0;0;0m    [38;2;49;78;53m██[38;2;198;189;150m██[38;2;49;99;73m██[38;2;49;74;65m██[38;2;57;104;73m██[38;2;41;112;76m████[38;2;0;4;0m██[38;2;0;0;0m    [38;2;0;4;0m██[38;2;70;90;70m████[38;2;66;57;58m██[38;2;96;82;80m██[38;2;94;76;74m████[38;2;96;85;85m██[38;2;156;132;124m██[38;2;156;136;128m██[38;2;66;66;66m██[38;2;41;111;77m████[38;2;0;4;0m██[38;2;0;0;0m      [38;2;8;4;8m██[38;2;113;127;97m██[38;2;88;159;93m████████[38;2;0;4;0m██[38;2;0;0;0m    
[38;2;0;0;0m  [38;2;0;4;0m██[38;2;198;173;150m██[38;2;132;103;100m██[38;2;203;182;150m██[38;2;206;181;150m██[38;2;74;66;66m██[38;2;74;79;66m████[38;2;0;4;0m██[38;2;0;0;0m      [38;2;8;4;0m██[38;2;74;94;82m██[38;2;41;107;73m██[38;2;74;76;68m██[38;2;94;76;74m████[38;2;74;76;68m██[38;2;41;107;73m██[38;2;41;111;77m██[38;2;66;66;66m██[38;2;41;111;77m████[38;2;66;57;55m██[38;2;0;8;0m██[38;2;0;0;0m  [38;2;0;4;0m██[38;2;86;158;90m████████[38;2;88;148;99m██[38;2;33;127;73m██[38;2;82;165;98m██[38;2;0;4;0m██[38;2;0;0;0m  
[38;2;0;0;0m  [38;2;0;4;0m██[38;2;132;117;100m██[38;2;203;182;150m████[38;2;118;104;94m██[38;2;162;143;122m██[38;2;148;147;132m██[38;2;0;12;0m██[38;2;0;0;0m      [38;2;0;4;0m██[38;2;74;94;82m██[38;2;52;64;55m██[38;2;74;76;68m██[38;2;90;61;66m██[38;2;94;76;74m██[38;2;66;66;66m██[38;2;90;61;66m██[38;2;74;76;68m██[38;2;41;111;77m████[38;2;66;66;66m████[38;2;99;82;83m██[38;2;0;8;0m██[38;2;0;0;0m  [38;2;0;4;0m██[38;2;86;158;90m██[38;2;41;111;73m██[38;2;86;158;90m██[38;2;41;111;73m██[38;2;88;148;99m██[38;2;198;189;150m██[38;2;55;111;65m██[38;2;0;4;0m██[38;2;0;0;0m  
[38;2;0;0;0m    [38;2;0;4;0m██[38;2;198;173;150m██[38;2;132;117;100m██[38;2;0;4;0m██[38;2;156;140;132m██[38;2;0;4;0m██[38;2;0;0;0m        [38;2;0;4;0m██[38;2;66;61;66m████[38;2;94;76;74m████[38;2;94;72;74m████[38;2;0;4;0m████[38;2;66;55;58m██[38;2;99;78;83m██[38;2;99;74;75m██[38;2;132;100;96m██[38;2;132;101;97m████[38;2;0;4;0m██[38;2;0;0;0m  [38;2;0;4;0m██[38;2;206;181;150m██[38;2;41;107;73m██[38;2;206;173;150m██[38;2;57;99;73m██[38;2;206;181;150m██[38;2;159;139;127m██[38;2;0;4;0m██[38;2;0;0;0m  
[38;2;0;0;0m      [38;2;0;4;0m████[38;2;0;0;0m  [38;2;0;4;0m████[38;2;0;0;0m      [38;2;0;4;0m██[38;2;66;65;66m██[38;2;96;85;85m██[38;2;156;132;124m██[38;2;66;66;66m████[38;2;94;72;74m██[38;2;0;4;0m██[38;2;0;0;0m    [38;2;0;8;8m██[38;2;99;78;83m██[38;2;132;100;96m████[38;2;132;101;97m████[38;2;66;65;66m██[38;2;0;0;0m  [38;2;0;4;0m██[38;2;206;181;150m██[38;2;151;151;124m██[38;2;206;173;150m██[38;2;206;181;150m██[38;2;107;126;99m██[38;2;159;139;127m██[38;2;0;4;0m██[38;2;0;0;0m  
[38;2;0;0;0m                    [38;2;0;4;0m██[38;2;165;140;133m██[38;2;82;72;66m██[38;2;159;136;127m██[38;2;96;74;72m██[38;2;159;139;127m████[38;2;66;65;66m██[38;2;0;4;0m██[38;2;0;0;0m      [38;2;0;4;0m██[38;2;132;99;96m████[38;2;74;68;66m████[38;2;115;99;99m██[38;2;0;4;0m██[38;2;0;0;0m  [38;2;0;4;0m██[38;2;137;122;105m██[38;2;206;181;158m██[38;2;198;165;150m██[38;2;132;110;100m██[38;2;156;140;132m██[38;2;0;4;0m██[38;2;0;0;0m  
[38;2;0;0;0m                      [38;2;0;4;0m████[38;2;96;74;72m██[38;2;159;136;127m██[38;2;159;139;127m██[38;2;0;4;0m████[38;2;0;0;0m        [38;2;0;4;0m██[38;2;132;99;96m██[38;2;66;66;66m██[38;2;206;181;150m██[38;2;74;68;66m██[38;2;77;67;66m████[38;2;0;4;0m██[38;2;0;0;0m  [38;2;0;4;0m██[38;2;137;122;105m██[38;2;132;110;100m██[38;2;0;0;0m██[38;2;0;4;0m██[38;2;0;0;0m    
[38;2;0;0;0m                          [38;2;0;4;0m██████[38;2;0;0;0m            [38;2;0;4;0m██[38;2;69;63;53m██[38;2;206;181;158m██[38;2;99;86;75m██[38;2;198;173;150m██[38;2;99;86;75m██[38;2;198;173;150m██[38;2;0;4;0m██[38;2;0;0;0m    [38;2;0;4;0m████[38;2;0;0;0m        
[38;2;0;0;0m                                              [38;2;0;4;0m████[38;2;0;0;0m████████                  
[38;2;0;0;0m                                                                            [0m
