
     [38;2;0;0;0m▄              [0m
    [38;2;0;0;0m[48;2;0;0;0m▀[38;2;74;123;186m[48;2;74;123;186m▀[38;2;0;0;0m▀[49m▄▄▄[48;2;115;165;243m▀[49m▄        [0m
   [38;2;0;0;0m[48;2;0;0;0m▀[38;2;77;115;167m[48;2;115;173;251m▀[38;2;115;165;243m[48;2;115;165;243m▀▀▀[38;2;74;123;186m▀[38;2;115;165;243m▀▀[38;2;0;0;0m▀[49m▄       [0m
  [38;2;0;0;0m[48;2;0;0;0m▀[38;2;74;70;66m[48;2;90;104;125m▀[38;2;123;173;243m[48;2;74;70;66m▀[38;2;115;165;243m[48;2;66;66;66m▀▀[38;2;156;181;212m[48;2;8;4;0m▀[38;2;57;63;71m[48;2;156;181;212m▀[38;2;66;66;66m[48;2;0;0;0m▀[48;2;66;66;66m▀[38;2;123;165;243m[48;2;46;58;81m▀[38;2;8;4;0m[48;2;8;4;0m▀[49m       [0m
 [38;2;0;0;0m[48;2;0;0;0m▀[38;2;115;119;123m[48;2;57;59;61m▀[38;2;115;115;123m[48;2;115;115;123m▀[48;2;66;66;66m▀[38;2;58;66;79m[48;2;115;127;142m▀[38;2;173;189;205m[48;2;58;66;79m▀[38;2;239;99;87m[48;2;239;99;87m▀[38;2;231;247;247m[48;2;234;198;194m▀[38;2;66;66;66m[48;2;115;165;243m▀[48;2;66;66;66m▀[38;2;115;115;123m[48;2;115;115;123m▀[38;2;0;0;0m▀[49m▄▄[48;2;74;123;186m▀▀▀[49m▄ [0m
  [38;2;0;0;0m▀▀[38;2;74;123;186m[48;2;0;0;0m▀[38;2;115;165;243m▀▀[38;2;107;165;243m[48;2;66;66;66m▀[38;2;93;132;184m▀[38;2;66;66;66m[48;2;198;181;94m▀[48;2;66;66;66m▀▀[38;2;115;115;123m[48;2;115;115;123m▀▀[38;2;66;66;66m[48;2;66;66;66m▀[38;2;74;126;186m[48;2;74;126;186m▀▀[38;2;0;0;0m[48;2;0;0;0m▀[49m  [0m
     [38;2;0;0;0m▄[48;2;74;123;186m▀[38;2;231;206;119m[48;2;66;66;66m▀▀[38;2;66;66;66m[48;2;74;123;186m▀[48;2;66;66;66m▀[38;2;107;165;243m[48;2;90;132;184m▀[38;2;57;66;65m[48;2;107;165;243m▀[38;2;66;66;66m[48;2;74;123;186m▀[38;2;74;123;186m[48;2;66;66;66m▀[48;2;74;123;186m▀[48;2;0;0;0m▀[38;2;0;0;0m[49m▀  [0m
     [38;2;0;0;0m▀[38;2;66;99;154m[48;2;0;0;0m▀[38;2;74;111;167m[48;2;41;58;84m▀[48;2;8;4;0m▀[38;2;115;165;243m[48;2;0;0;0m▀[48;2;115;165;243m▀[38;2;66;66;66m▀[38;2;115;165;243m[48;2;66;66;66m▀[48;2;0;0;0m▀[38;2;0;0;0m▀[49m▀    [0m
     [38;2;0;0;0m▀[38;2;66;66;66m[48;2;0;0;0m▀▀[38;2;0;0;0m[49m▀ ▀[48;2;0;0;0m▀[38;2;115;115;123m[48;2;115;115;123m▀[38;2;0;0;0m[48;2;0;0;0m▀[49m      [0m
           [38;2;0;0;0m▀▀       [0m
