
    [38;2;0;0;0m▄▄       [0m
   [38;2;0;0;0m[48;2;0;0;0m▀[38;2;222;156;94m[48;2;222;156;94m▀▀[38;2;0;0;0m[48;2;165;115;77m▀[49m▄     [0m
   [38;2;0;0;0m▀[38;2;222;156;94m[48;2;0;0;16m▀[38;2;164;115;76m[48;2;206;156;126m▀[38;2;165;115;77m[48;2;165;115;77m▀[38;2;0;0;0m[48;2;0;0;0m▀[49m     [0m
   [38;2;0;0;0m▄[38;2;0;0;16m[48;2;123;148;211m▀[38;2;103;78;71m▀[38;2;165;115;77m[48;2;90;111;173m▀[38;2;0;0;0m[48;2;57;74;134m▀[48;2;90;111;178m▀[49m▄   [0m
  [38;2;0;0;0m[48;2;0;12;64m▀[38;2;57;74;129m[48;2;60;57;74m▀[38;2;123;148;211m[48;2;189;132;5m▀[48;2;66;86;154m▀[48;2;123;151;211m▀▀[38;2;90;111;178m[48;2;57;74;129m▀[38;2;60;74;119m[48;2;90;107;178m▀[38;2;0;0;0m[48;2;90;111;186m▀[49m▄ [0m
 [38;2;0;0;0m[48;2;0;0;0m▀[38;2;121;103;83m[48;2;74;90;154m▀[38;2;181;148;93m[48;2;247;247;47m▀[38;2;107;101;104m[48;2;0;0;0m▀[38;2;189;132;5m▀[38;2;57;74;129m[48;2;195;182;67m▀[48;2;90;103;170m▀[38;2;90;107;178m[48;2;90;107;178m▀[48;2;57;74;129m▀[38;2;60;74;124m▀[38;2;0;0;0m[48;2;0;0;0m▀[49m [0m
 [38;2;0;0;0m▀[38;2;74;90;154m[48;2;0;0;0m▀[38;2;247;247;47m[48;2;57;74;129m▀[38;2;0;0;0m[48;2;247;247;47m▀▀[38;2;247;222;15m[48;2;198;140;14m▀[38;2;90;103;170m[48;2;57;74;129m▀[38;2;90;107;178m[48;2;57;75;129m▀[38;2;57;74;129m▀[48;2;0;0;0m▀[38;2;0;0;0m[49m▀ [0m
  [38;2;0;0;0m▄[48;2;165;115;77m▀[38;2;57;74;129m▀[48;2;0;0;0m▀▀▀[38;2;57;75;129m[48;2;82;60;45m▀[48;2;0;4;8m▀[38;2;0;0;0m[49m▀  [0m
  [38;2;0;0;0m▀▀▀  ▀[38;2;165;117;82m[48;2;0;0;0m▀▀[38;2;0;0;0m▀[49m  [0m
             [0m
