
[38;2;0;0;0m                                            
[38;2;0;0;0m                [38;2;0;4;0m████████[38;2;0;0;0m                    
[38;2;0;0;0m              [38;2;8;8;0m██[38;2;148;148;132m██[38;2;140;140;129m████[38;2;148;148;132m██[38;2;8;8;0m██[38;2;0;0;0m  [38;2;0;4;0m██[38;2;0;8;0m████[38;2;0;0;0m          
[38;2;0;0;0m          [38;2;0;4;0m████[38;2;101;101;88m████[38;2;140;140;129m████[38;2;101;101;88m████[38;2;0;4;0m██[38;2;140;140;132m██[38;2;148;140;132m██[38;2;74;74;66m██[38;2;0;4;0m██[38;2;0;0;0m        
[38;2;0;0;0m        [38;2;0;4;0m██[38;2;140;140;128m████[38;2;80;81;74m██[38;2;107;111;91m██[38;2;107;110;96m████[38;2;82;79;69m████[38;2;79;79;69m██[38;2;110;110;96m██[38;2;107;110;96m████[38;2;0;4;0m██[38;2;0;0;0m        
[38;2;0;0;0m        [38;2;0;4;0m██[38;2;66;66;66m██████[38;2;107;111;91m██[38;2;107;110;96m██[38;2;82;79;69m██[38;2;140;139;129m████[38;2;140;140;124m██[38;2;79;79;69m██[38;2;107;110;96m████[38;2;107;109;95m██[38;2;0;4;0m████[38;2;0;0;0m    
[38;2;0;0;0m      [38;2;0;4;0m██[38;2;94;96;94m██[38;2;94;99;94m██████[38;2;66;66;66m████[38;2;137;137;127m██[38;2;140;141;132m████[38;2;107;110;96m████[38;2;82;79;69m██████[38;2;107;110;96m██[38;2;77;75;66m██[38;2;0;4;0m██[38;2;0;0;0m  
[38;2;0;0;0m    [38;2;0;4;0m██[38;2;94;96;94m████[38;2;66;66;66m████[38;2;94;99;94m████[38;2;102;102;96m██[38;2;66;66;66m██[38;2;107;110;99m████[38;2;107;110;96m██[38;2;82;79;69m██[38;2;107;110;96m██████[38;2;82;79;69m██[38;2;115;111;99m██[38;2;0;4;0m██[38;2;0;0;0m  
[38;2;0;0;0m  [38;2;0;4;0m██[38;2;74;71;69m██[38;2;82;61;50m████[38;2;255;137;90m████[38;2;66;66;66m██[38;2;99;99;91m██[38;2;82;81;69m████[38;2;66;66;66m██[38;2;107;107;95m██[38;2;107;110;96m██████[38;2;82;79;69m██[38;2;80;81;74m██[38;2;107;111;91m██[38;2;0;4;0m██[38;2;0;0;0m    
[38;2;0;0;0m  [38;2;0;4;0m██[38;2;74;71;69m██[38;2;168;154;140m██[38;2;255;247;231m██[38;2;255;137;90m████[38;2;66;66;66m██[38;2;77;77;74m██[38;2;82;81;69m████[38;2;66;66;66m██[38;2;107;107;95m██[38;2;107;110;96m████████[38;2;107;111;91m██[38;2;66;66;66m██[38;2;0;4;0m██[38;2;0;0;0m    
[38;2;0;0;0m  [38;2;0;4;0m██[38;2;255;140;87m██[38;2;255;137;90m██[38;2;255;255;255m██[38;2;255;140;87m████[38;2;66;66;58m██[38;2;82;82;74m██[38;2;82;80;69m████[38;2;66;66;66m██[38;2;107;107;95m██[38;2;66;66;66m██████[38;2;107;111;91m██[38;2;66;66;66m██[38;2;82;80;69m████[38;2;0;4;0m██[38;2;0;0;0m  
[38;2;0;0;0m    [38;2;0;4;0m██[38;2;255;137;90m████[38;2;255;140;87m██[38;2;66;66;66m██[38;2;99;99;91m██[38;2;82;82;74m██[38;2;82;80;69m██[38;2;66;66;66m██[38;2;107;107;95m██[38;2;66;66;66m██[38;2;82;80;69m██[38;2;66;66;66m██[38;2;80;81;74m██[38;2;66;66;66m████[38;2;82;80;69m████[38;2;0;4;0m██[38;2;0;0;0m  
[38;2;0;0;0m      [38;2;0;4;0m██[38;2;66;67;66m██[38;2;66;66;66m██[38;2;94;99;94m██[38;2;82;80;69m████[38;2;66;66;66m██[38;2;107;107;95m████[38;2;66;66;66m████[38;2;82;80;69m██[38;2;80;81;74m██[38;2;66;66;66m██[38;2;107;107;99m██[38;2;71;73;66m██[38;2;0;4;0m██[38;2;0;0;0m    
[38;2;0;0;0m      [38;2;0;4;0m██[38;2;99;99;99m██[38;2;94;99;94m██[38;2;66;66;66m██████[38;2;107;107;95m████████[38;2;66;66;66m██████[38;2;107;111;91m██[38;2;107;107;99m██[38;2;0;4;0m██[38;2;0;0;0m      
[38;2;0;0;0m        [38;2;0;4;0m██[38;2;66;65;66m████[38;2;82;80;69m████[38;2;66;66;66m████[38;2;107;107;95m██████████[38;2;66;66;66m██[38;2;0;4;0m██[38;2;0;0;0m        
[38;2;0;0;0m          [38;2;0;4;0m██████[38;2;82;80;69m██████[38;2;66;66;66m████████████[38;2;0;4;0m██[38;2;0;0;0m        
[38;2;0;0;0m                [38;2;0;4;0m██[38;2;82;80;69m████[38;2;74;71;69m████[38;2;66;65;66m████[38;2;0;4;0m████[38;2;0;0;0m          
[38;2;0;0;0m                  [38;2;0;4;0m████████████[38;2;0;0;0m              
[38;2;0;0;0m                                            [0m
