
[38;2;0;0;0m                                                      
[38;2;0;0;0m                              ████                    
[38;2;0;0;0m              ████          ██[38;2;107;198;115m██[38;2;0;0;0m██                    
[38;2;0;0;0m              ██[38;2;74;148;74m██[38;2;0;0;0m████  ████[38;2;107;198;115m████[38;2;0;0;0m██                    
[38;2;0;0;0m              ██[38;2;74;148;74m██[38;2;80;140;82m██[38;2;60;74;58m██[38;2;0;4;0m██[38;2;71;139;77m██[38;2;107;198;115m██████[38;2;0;0;0m██                    
[38;2;0;0;0m              ██[38;2;74;148;74m██[38;2;80;140;82m██[38;2;99;206;107m██[38;2;107;206;115m████[38;2;74;148;74m████[38;2;107;198;115m██[38;2;0;0;0m██                    
[38;2;0;0;0m                ██[38;2;107;200;115m████[38;2;107;198;115m████[38;2;107;200;115m████[38;2;107;198;115m████[38;2;0;0;0m██████████          
[38;2;0;0;0m                ██[38;2;107;200;115m████[38;2;74;148;74m██[38;2;107;198;115m██[38;2;107;200;115m████[38;2;107;198;115m██[38;2;66;66;66m██[38;2;71;137;77m██[38;2;107;206;115m██[38;2;107;198;115m████[38;2;0;0;0m██          
[38;2;0;0;0m          ████[38;2;57;74;57m██[38;2;98;132;96m██[38;2;112;186;110m██[38;2;74;156;74m██[38;2;189;247;181m██[38;2;112;186;110m██[38;2;107;198;115m████████[38;2;107;200;115m████[38;2;107;198;115m██[38;2;0;0;0m██            
[38;2;0;0;0m      ████[38;2;255;181;167m████[38;2;57;74;57m██[38;2;181;247;173m██[38;2;74;156;74m██[38;2;189;247;181m████[38;2;74;156;74m██[38;2;107;198;115m██[38;2;74;148;74m██[38;2;107;198;115m██[38;2;66;66;66m██[38;2;107;200;115m████[38;2;0;0;0m██              
[38;2;0;0;0m    ██[38;2;238;115;158m██[38;2;255;181;167m██[38;2;238;115;158m██[38;2;255;181;167m██[38;2;0;0;0m██[38;2;222;214;174m██[38;2;189;239;181m██████[38;2;74;148;74m████[38;2;189;239;181m██[38;2;74;148;74m████[38;2;66;66;66m██[38;2;0;0;0m██                
[38;2;0;0;0m    ██[38;2;255;181;167m████████[38;2;222;214;174m██[38;2;0;0;0m██[38;2;189;239;181m██████████████[38;2;74;148;74m██[38;2;0;0;0m██    ██████        
[38;2;0;0;0m  ██[38;2;239;115;159m██[38;2;198;70;94m██[38;2;255;165;175m██[38;2;255;181;175m████[38;2;239;189;159m██[38;2;49;78;57m██[38;2;189;239;181m██████[38;2;66;66;66m██[38;2;189;239;181m████[38;2;0;0;0m██[38;2;93;137;93m██[38;2;0;0;0m██  [38;2;0;0;8m██[38;2;140;206;244m██[38;2;74;119;186m██[38;2;140;206;244m██[38;2;0;0;0m██      
[38;2;0;0;0m  ██[38;2;239;115;159m██[38;2;236;133;148m██[38;2;198;70;94m██[38;2;206;70;102m██[38;2;230;125;138m██[38;2;49;78;57m██[38;2;112;115;91m██[38;2;66;66;66m██[38;2;189;239;181m██████[38;2;0;0;0m████[38;2;140;206;140m██[38;2;0;0;0m██  ██[38;2;140;206;244m██[38;2;93;137;165m██[38;2;140;206;244m██[38;2;118;177;225m██[38;2;82;115;178m██[38;2;0;0;0m██    
[38;2;0;0;0m    ██[38;2;239;115;159m████[38;2;255;115;151m██[38;2;173;77;101m██[38;2;66;66;66m████████[38;2;156;198;148m████████[38;2;46;66;44m██[38;2;16;0;8m██[38;2;8;0;0m██[38;2;148;206;236m██[38;2;132;206;252m██[38;2;74;119;178m██[38;2;148;206;236m██[38;2;82;115;178m██[38;2;140;206;244m██[38;2;0;0;8m██[38;2;0;0;0m    
[38;2;0;0;0m      ████[38;2;8;0;0m████[38;2;156;198;148m████[38;2;66;66;66m██[38;2;189;165;69m██[38;2;66;66;66m████████[38;2;107;198;115m████[38;2;55;69;79m██[38;2;148;206;236m██[38;2;113;177;227m██[38;2;74;119;178m██[38;2;148;206;236m██[38;2;82;115;178m██[38;2;140;206;244m██[38;2;93;137;165m██[38;2;0;0;0m██  
[38;2;0;0;0m              ████[38;2;107;198;115m██[38;2;247;247;47m████[38;2;107;198;115m██[38;2;66;70;66m██[38;2;82;138;86m██[38;2;98;132;96m██[38;2;57;74;57m██[38;2;66;66;66m██[38;2;140;214;220m██[38;2;82;115;178m████[38;2;107;182;229m██[38;2;123;214;251m██[38;2;82;115;178m██[38;2;90;181;250m██[38;2;0;0;0m██  
[38;2;0;0;0m                ██[38;2;107;198;115m██[38;2;247;247;47m██[38;2;107;198;115m████[38;2;99;206;107m██[38;2;66;70;66m██[38;2;57;74;57m██[38;2;181;247;173m██[38;2;140;214;220m██[38;2;66;66;66m██[38;2;90;181;250m████[38;2;74;119;186m██[38;2;107;182;229m██[38;2;90;181;250m████[38;2;0;0;0m██  
[38;2;0;0;0m                  [38;2;0;4;8m██[38;2;222;255;86m██[38;2;107;200;115m████[38;2;134;188;137m██[38;2;57;70;65m██[38;2;189;239;181m██[38;2;63;80;60m██[38;2;189;239;181m████[38;2;0;0;0m████[38;2;99;181;251m██[38;2;66;121;167m██[38;2;90;181;250m██[38;2;0;0;0m██    
[38;2;0;0;0m                  [38;2;0;4;8m██[38;2;148;171;60m██[38;2;107;200;115m████[38;2;57;70;65m██[38;2;173;247;173m██[38;2;189;239;181m██[38;2;0;0;0m██████    ██████      
[38;2;0;0;0m                    ██[38;2;115;189;115m██[38;2;57;94;57m██[38;2;156;198;148m████[38;2;0;0;0m██                      
[38;2;0;0;0m                      ████[38;2;66;66;66m██[38;2;156;198;148m██[38;2;0;0;0m██                      
[38;2;0;0;0m                          ████                        
[38;2;0;0;0m                                                      [0m
