
           [38;2;0;0;0m▄▄     ▄        [0m
      [38;2;0;0;0m▄▄[48;2;255;255;255m▀▀▀[38;2;255;255;255m[48;2;129;132;129m▀[48;2;255;255;255m▀[38;2;0;0;0m▀▀[49m▄[48;2;255;255;255m▀▀[38;2;255;255;255m[48;2;129;132;129m▀[38;2;0;0;0m[48;2;0;0;0m▀[49m       [0m
     [38;2;0;0;0m▀[38;2;255;255;255m[48;2;0;0;0m▀[48;2;255;255;255m▀▀▀▀▀[38;2;192;193;192m▀[38;2;255;255;255m▀▀▀[38;2;127;127;127m▀[38;2;192;193;192m[48;2;132;132;132m▀[48;2;193;193;193m▀[38;2;189;189;189m[48;2;189;192;189m▀[38;2;0;0;0m▀[49m▄     [0m
     [38;2;0;0;0m▄[48;2;255;255;255m▀[38;2;255;255;255m▀▀▀▀▀▀▀▀▀▀▀[38;2;132;132;132m▀[38;2;189;192;189m[48;2;131;131;131m▀[48;2;189;189;189m▀[38;2;0;0;0m▀[49m▄▄   [0m
    [38;2;0;0;0m[48;2;0;0;0m▀[38;2;255;255;255m[48;2;255;255;255m▀▀▀▀▀▀▀▀▀▀▀[48;2;189;189;189m▀[48;2;255;255;255m▀▀[38;2;131;131;131m[48;2;189;189;189m▀[38;2;189;189;189m[48;2;131;131;131m▀[38;2;126;126;126m[48;2;189;192;189m▀[38;2;189;189;189m▀[48;2;0;0;0m▀[38;2;0;0;0m[49m▀  [0m
     [38;2;0;0;0m▀[38;2;255;255;255m[48;2;0;0;0m▀[48;2;255;255;255m▀▀▀▀▀▀[48;2;255;247;255m▀[48;2;192;209;192m▀[38;2;189;189;189m[48;2;189;198;181m▀[48;2;66;140;58m▀[48;2;66;132;66m▀[48;2;189;189;189m▀[48;2;189;192;189m▀[38;2;131;131;131m▀[38;2;189;192;189m[48;2;173;206;173m▀[48;2;0;20;0m▀[38;2;0;0;0m[49m▀   [0m
       [38;2;0;20;0m[48;2;8;0;0m▀[38;2;85;98;85m[48;2;255;198;79m▀[38;2;255;255;255m[48;2;66;132;66m▀▀[48;2;57;132;65m▀▀[38;2;66;132;66m[48;2;239;178;100m▀▀[38;2;66;140;58m[48;2;172;205;140m▀[38;2;107;159;99m[48;2;90;156;58m▀[38;2;66;132;66m[48;2;66;132;66m▀[38;2;189;189;189m[48;2;189;189;189m▀[38;2;189;192;189m[48;2;66;132;66m▀[48;2;189;189;189m▀[38;2;86;113;86m[48;2;66;132;66m▀[48;2;0;0;0m▀[38;2;0;0;0m[49m▀   [0m
     [38;2;0;0;0m▄▄[38;2;8;0;0m[48;2;66;66;66m▀[38;2;173;132;53m▀[38;2;93;170;77m[48;2;93;173;77m▀▀[38;2;118;162;67m[48;2;118;162;67m▀[38;2;239;222;71m[48;2;239;222;71m▀[38;2;255;255;239m[48;2;0;28;8m▀[38;2;231;140;31m[48;2;206;115;78m▀[38;2;255;255;223m[48;2;255;247;255m▀[38;2;90;156;58m[48;2;66;115;66m▀[38;2;189;189;189m[48;2;189;189;189m▀[48;2;66;132;66m▀[38;2;66;132;66m▀▀[38;2;0;0;0m[48;2;0;0;0m▀[49m     [0m
    [38;2;0;0;0m[48;2;0;0;0m▀[38;2;239;132;143m[48;2;239;132;143m▀[48;2;214;99;70m▀[38;2;214;99;70m[48;2;214;102;70m▀[38;2;66;66;66m▀[38;2;93;173;77m[48;2;66;66;66m▀[48;2;0;0;0m▀[38;2;57;132;65m[48;2;140;222;140m▀▀[38;2;206;115;78m▀[38;2;103;71;43m▀[38;2;129;159;129m[48;2;80;104;45m▀[38;2;192;203;192m▀[38;2;66;132;66m[48;2;0;0;0m▀▀[38;2;0;0;0m[49m▀▀      [0m
 [38;2;0;0;0m▄[48;2;239;132;143m▀▀[38;2;239;132;143m[48;2;214;99;70m▀[38;2;214;99;70m▀▀[38;2;214;102;70m[48;2;66;65;45m▀[48;2;198;148;86m▀[38;2;0;0;0m[48;2;0;0;0m▀[49m ▀[48;2;0;0;0m▀[38;2;66;132;66m[48;2;247;222;71m▀▀[38;2;239;239;87m[48;2;57;70;57m▀[38;2;0;37;24m[48;2;82;124;82m▀[38;2;0;0;0m[49m▄         [0m
 [38;2;0;0;0m[48;2;0;0;0m▀[38;2;239;132;143m[48;2;239;132;143m▀▀[38;2;214;99;70m[48;2;214;99;70m▀[48;2;57;90;65m▀[38;2;66;66;66m[48;2;107;101;67m▀[38;2;132;107;65m[48;2;93;155;88m▀[38;2;0;24;24m[48;2;140;231;132m▀[38;2;8;0;8m[49m▄▄[38;2;0;0;0m[48;2;63;71;63m▀[38;2;90;173;74m[48;2;90;173;74m▀[38;2;115;134;72m[48;2;93;170;77m▀[38;2;49;90;73m[48;2;66;66;66m▀[38;2;132;231;132m[48;2;140;222;140m▀[38;2;57;70;57m[48;2;66;66;66m▀[38;2;66;132;66m[48;2;66;132;66m▀[38;2;0;0;0m▀[49m▄       [0m
  [38;2;0;0;0m▀[38;2;214;99;70m[48;2;0;0;0m▀▀[38;2;206;123;70m▀[38;2;57;90;65m▀[38;2;0;4;0m[49m▀▀[38;2;148;222;148m[48;2;0;0;0m▀[38;2;55;74;55m[48;2;66;66;66m▀[38;2;90;173;74m[48;2;66;132;66m▀[38;2;76;122;68m[48;2;140;222;140m▀[38;2;93;170;77m[48;2;66;132;66m▀[48;2;93;170;77m▀[38;2;66;66;66m[48;2;57;57;81m▀[38;2;140;222;140m[48;2;132;206;164m▀[38;2;66;66;66m[48;2;88;120;117m▀[38;2;66;132;66m[48;2;66;94;50m▀[38;2;66;66;66m[48;2;132;165;252m▀[38;2;0;0;0m▀[48;2;115;140;219m▀[38;2;16;8;0m[49m▄[38;2;0;0;0m▄▄  [0m
          [38;2;0;0;0m[48;2;0;0;0m▀[38;2;140;222;140m[48;2;91;143;91m▀[48;2;132;214;132m▀[38;2;66;132;66m[48;2;140;222;140m▀[38;2;93;170;77m[48;2;66;66;66m▀[38;2;57;57;81m[48;2;104;133;211m▀[38;2;94;131;122m[48;2;132;165;252m▀[38;2;110;147;185m▀[38;2;132;173;252m▀[38;2;132;165;252m▀[38;2;77;102;170m[48;2;77;102;170m▀[38;2;82;96;146m[48;2;90;111;162m▀[38;2;49;52;73m[48;2;53;59;81m▀[38;2;66;132;66m[48;2;66;132;66m▀[48;2;0;0;0m▀[38;2;0;0;0m[49m▀ [0m
           [38;2;8;0;8m[48;2;0;0;0m▀[38;2;49;71;49m[48;2;66;132;66m▀[38;2;140;222;140m[48;2;66;66;66m▀[38;2;66;66;66m▀[38;2;132;165;252m[48;2;132;165;252m▀[38;2;77;102;170m[48;2;91;111;168m▀[48;2;71;89;149m▀[38;2;132;165;252m[48;2;107;132;219m▀[38;2;104;133;211m[48;2;77;103;167m▀▀[38;2;53;59;81m[48;2;0;0;0m▀[38;2;16;8;0m[49m▀[38;2;0;0;0m▀   [0m
            [38;2;0;0;0m▀[38;2;66;66;66m[48;2;0;0;0m▀[38;2;140;222;140m[48;2;247;214;71m▀[38;2;49;58;84m[48;2;0;0;0m▀[38;2;8;4;0m[49m▀[38;2;0;4;8m▀[38;2;107;132;219m[48;2;0;0;0m▀[38;2;77;103;167m▀▀[38;2;0;0;0m[49m▀     [0m
              [38;2;0;0;0m▀            [0m
