
                  [38;2;115;205;251m▄           [0m
                 [38;2;115;205;251m[48;2;115;205;251m▀▀[49m           [0m
                [38;2;115;205;251m[48;2;189;206;205m▀[48;2;16;0;0m▀[48;2;115;206;251m▀[38;2;115;206;251m[49m▄          [0m
               [38;2;115;205;251m[48;2;115;206;251m▀[38;2;16;0;0m[48;2;0;0;0m▀[38;2;131;137;137m[48;2;239;127;71m▀[38;2;0;0;0m[48;2;0;0;0m▀[38;2;115;206;251m[48;2;115;206;251m▀[49m          [0m
            [38;2;115;206;251m▄▄[48;2;189;206;205m▀[38;2;0;0;0m[48;2;16;0;0m▀[38;2;239;127;71m[48;2;247;140;71m▀▀[38;2;0;0;0m[48;2;24;0;0m▀[38;2;115;206;251m[48;2;173;206;229m▀[38;2;115;205;251m[49m▄         [0m
          [38;2;115;206;251m▄[38;2;115;205;251m[48;2;115;206;251m▀[38;2;115;206;251m[48;2;24;0;0m▀[38;2;0;0;0m[48;2;178;159;127m▀[38;2;16;0;0m[48;2;247;140;71m▀[38;2;131;137;137m▀[38;2;247;140;71m▀▀[38;2;98;103;114m▀[38;2;24;0;0m[48;2;214;98;70m▀[38;2;115;205;251m[48;2;0;0;0m▀[48;2;115;206;251m▀[49m        [0m
          [38;2;115;206;251m[48;2;115;206;251m▀[38;2;0;0;0m[48;2;0;0;0m▀[38;2;255;239;191m[48;2;192;206;221m▀[38;2;178;159;127m[48;2;66;123;202m▀[38;2;247;140;71m[48;2;247;140;71m▀▀[48;2;255;206;167m▀▀[48;2;255;255;255m▀[48;2;231;123;71m▀[38;2;0;0;0m[48;2;214;99;70m▀[38;2;115;206;251m[48;2;0;0;0m▀[38;2;115;205;251m[48;2;115;205;251m▀[49m       [0m
       [38;2;115;206;251m▄[38;2;184;230;253m▄[38;2;115;205;251m[48;2;255;255;255m▀[38;2;115;206;251m[48;2;115;205;251m▀[38;2;0;0;0m▀[38;2;255;247;231m[48;2;16;0;0m▀[38;2;66;123;202m[48;2;131;137;137m▀[38;2;247;140;71m[48;2;71;50;45m▀▀[38;2;192;180;181m[48;2;255;255;255m▀[38;2;66;127;210m[48;2;66;123;210m▀[38;2;255;255;255m[48;2;189;189;189m▀[38;2;231;123;71m[48;2;214;99;70m▀[38;2;214;99;70m[48;2;115;107;115m▀[38;2;0;0;0m[48;2;16;0;0m▀[38;2;115;205;251m[48;2;115;205;251m▀[49m       [0m
     [38;2;115;205;251m▀[38;2;115;206;251m[48;2;115;206;251m▀[38;2;255;255;255m▀[48;2;115;205;251m▀[38;2;112;206;251m[49m▀[38;2;115;205;251m▀ [38;2;189;206;205m▀[38;2;16;0;0m[48;2;115;205;251m▀[38;2;0;20;24m[48;2;189;206;205m▀[38;2;214;111;86m[48;2;16;0;0m▀[38;2;255;255;255m[48;2;195;108;69m▀[48;2;74;61;66m▀[38;2;214;99;70m[48;2;46;69;81m▀[48;2;8;0;0m▀[38;2;16;0;0m[48;2;115;206;251m▀[38;2;214;214;230m▀[38;2;115;205;251m[48;2;255;255;255m▀[38;2;112;206;251m[49m▄      [0m
   [38;2;115;206;251m▄[38;2;112;206;251m▄[38;2;115;205;251m[48;2;184;230;253m▀[38;2;115;206;251m[48;2;255;255;255m▀[38;2;255;255;255m▀[38;2;115;205;251m▀[48;2;115;206;251m▀[49m   [48;2;115;205;251m▀[38;2;16;0;0m[48;2;24;0;0m▀[38;2;131;137;137m[48;2;90;99;114m▀[38;2;255;132;71m[48;2;198;86;70m▀[38;2;195;108;69m▀[38;2;8;0;0m[48;2;0;0;0m▀[38;2;123;206;243m[48;2;115;206;251m▀[38;2;115;206;251m[49m▀▀[38;2;184;230;253m[48;2;115;206;251m▀[38;2;255;255;255m[48;2;181;222;253m▀[38;2;115;205;251m[48;2;255;255;255m▀[38;2;112;206;251m[49m▄[38;2;115;205;251m▄   [0m
 [38;2;115;205;251m▄[38;2;115;206;251m[48;2;115;205;251m▀[38;2;181;222;253m▀[38;2;255;255;255m▀▀[38;2;181;222;253m▀▀[38;2;115;206;251m[49m▀▀[38;2;115;205;251m▀   [38;2;156;198;228m▀[38;2;24;0;0m[48;2;115;205;251m▀[38;2;0;0;0m[48;2;115;206;251m▀▀[38;2;115;206;251m[48;2;115;205;251m▀[49m▀[38;2;112;206;251m▄[38;2;115;205;251m[48;2;184;230;253m▀[38;2;115;206;251m[48;2;181;222;253m▀[48;2;255;255;255m▀[38;2;184;230;253m[48;2;115;206;251m▀[49m▀[38;2;115;205;251m▀▀  [0m
               [38;2;115;205;251m▀[38;2;115;206;251m[48;2;115;205;251m▀[49m▀  [38;2;112;206;251m▀[38;2;255;255;255m[48;2;115;205;251m▀[48;2;184;230;253m▀[48;2;255;255;255m▀[38;2;181;222;253m▀[38;2;115;206;251m[48;2;112;206;251m▀[49m    [0m
                [38;2;115;205;251m▀     [38;2;112;206;251m▀▀[38;2;184;230;253m[48;2;115;206;251m▀[38;2;255;255;255m[48;2;181;222;253m▀[38;2;115;205;251m[48;2;255;255;255m▀[38;2;115;206;251m[49m▄  [0m
                         [38;2;115;206;251m▀▀[48;2;115;205;251m▀[38;2;115;205;251m[49m▄ [0m
                              [0m
