
       [38;2;0;0;0m▄▄▄▄▄       [0m
    [38;2;0;0;0m▄[48;2;247;231;223m▀▀[38;2;222;176;142m[48;2;222;176;142m▀▀▀▀[38;2;222;173;142m[48;2;222;173;142m▀[38;2;0;0;0m▀▀[49m▄    [0m
  [38;2;0;0;0m▄[48;2;198;198;198m▀[38;2;66;66;66m[48;2;66;66;66m▀[38;2;74;70;74m[48;2;255;255;255m▀[38;2;134;132;134m▀[38;2;255;255;255m[48;2;139;139;139m▀[48;2;255;255;255m▀[48;2;66;66;66m▀[48;2;255;255;255m▀[38;2;239;214;193m[48;2;255;255;247m▀[38;2;222;173;140m[48;2;239;214;193m▀[38;2;222;176;142m[48;2;222;176;142m▀▀[38;2;0;0;0m[48;2;222;173;142m▀[49m▄  [0m
  [38;2;0;0;0m[48;2;0;0;0m▀[38;2;66;66;66m[48;2;66;66;66m▀[38;2;255;255;255m[48;2;255;255;255m▀▀▀[38;2;140;140;140m[48;2;140;140;140m▀[38;2;66;66;66m[48;2;66;66;66m▀[38;2;247;247;247m[48;2;0;0;0m▀[38;2;82;82;82m[48;2;82;82;82m▀[38;2;255;255;255m[48;2;255;255;255m▀▀[38;2;222;176;142m[48;2;222;176;142m▀▀[38;2;222;173;142m[48;2;222;173;142m▀[38;2;0;0;0m▀[49m▄ [0m
 [38;2;0;0;0m▄[48;2;49;132;89m▀[38;2;255;255;255m[48;2;57;99;73m▀[38;2;57;99;73m[48;2;255;255;255m▀[38;2;247;148;71m[48;2;66;66;66m▀▀[38;2;66;66;66m[48;2;255;255;255m▀[38;2;255;255;255m▀[38;2;66;66;66m▀[38;2;255;255;255m▀▀[48;2;239;206;191m▀[38;2;222;176;142m[48;2;222;176;142m▀▀▀▀[38;2;0;0;0m[48;2;0;0;0m▀[49m [0m
 [38;2;0;0;0m▀[38;2;49;189;129m[48;2;0;0;0m▀[48;2;49;131;89m▀[38;2;49;131;89m▀[38;2;189;181;152m[48;2;57;132;89m▀[38;2;255;206;183m▀[38;2;255;255;255m[48;2;49;132;89m▀▀[48;2;222;172;142m▀▀[38;2;239;206;191m[48;2;222;173;142m▀[38;2;222;173;142m▀[38;2;222;176;142m[48;2;222;176;142m▀▀[38;2;222;173;142m[48;2;222;173;142m▀[38;2;173;124;109m[48;2;173;124;109m▀[38;2;0;0;0m[48;2;0;0;0m▀[49m [0m
  [38;2;0;0;0m▀[38;2;198;198;198m[48;2;0;0;0m▀[48;2;198;198;198m▀[38;2;33;140;89m[48;2;189;206;197m▀[38;2;85;162;125m[48;2;33;140;89m▀[38;2;49;189;129m[48;2;49;131;89m▀▀[38;2;49;123;81m[48;2;170;140;117m▀[38;2;231;148;135m▀[38;2;170;130;111m[48;2;66;61;66m▀[38;2;222;165;134m[48;2;170;130;111m▀[38;2;222;173;142m[48;2;173;124;109m▀[38;2;173;124;109m▀[38;2;173;123;109m[48;2;173;123;109m▀[38;2;0;0;0m[48;2;0;0;0m▀[49m  [0m
   [38;2;0;0;0m▄[48;2;198;115;70m▀[38;2;79;63;58m[48;2;151;126;116m▀[38;2;222;189;174m[48;2;8;0;0m▀[38;2;198;200;198m[48;2;198;200;198m▀▀[38;2;198;198;198m[48;2;198;198;198m▀[38;2;66;66;66m▀[38;2;71;66;63m[48;2;214;198;190m▀[38;2;143;132;127m[48;2;71;66;63m▀[38;2;173;123;109m[48;2;173;123;109m▀[48;2;0;0;0m▀[38;2;0;0;0m[49m▀   [0m
    [38;2;0;0;0m▀▀ ▀[48;2;0;0;0m▀[38;2;66;66;66m[48;2;255;148;71m▀[48;2;192;121;69m▀[38;2;82;55;32m[48;2;247;156;79m▀[38;2;0;4;8m[48;2;0;4;8m▀[38;2;0;0;0m[49m▀     [0m
         [38;2;0;0;0m▀▀▀       [0m
