
[38;2;0;0;0m                                                                  
[38;2;0;0;0m                          [38;2;0;4;0m██[38;2;0;0;0m                                      
[38;2;0;0;0m                        [38;2;0;4;0m██[38;2;132;111;172m██[38;2;0;4;0m██[38;2;0;0;0m                                    
[38;2;0;0;0m                        [38;2;0;4;0m██[38;2;132;111;172m██[38;2;0;4;0m██[38;2;0;0;0m                                    
[38;2;0;0;0m                      [38;2;0;4;0m██[38;2;132;111;172m████[38;2;0;4;0m██[38;2;0;0;0m                            [38;2;0;4;0m████[38;2;0;0;0m    
[38;2;0;0;0m                      [38;2;0;4;0m██[38;2;129;112;174m████[38;2;0;4;0m██[38;2;0;0;0m                          [38;2;0;4;0m██[38;2;156;148;220m██[38;2;0;4;0m██[38;2;0;0;0m    
[38;2;0;0;0m                      [38;2;0;4;0m██[38;2;129;112;174m████[38;2;132;111;172m██[38;2;0;4;0m████████[38;2;0;0;0m                [38;2;0;4;0m██[38;2;156;148;220m████[38;2;0;4;0m██[38;2;0;0;0m    
[38;2;0;0;0m                    [38;2;0;4;0m██[38;2;132;111;172m██[38;2;137;125;169m██[38;2;82;78;66m██[38;2;82;78;74m██[38;2;173;165;229m██[38;2;107;107;139m████[38;2;156;148;220m██[38;2;0;4;0m██[38;2;0;0;0m            [38;2;0;4;0m██[38;2;156;148;220m████[38;2;0;4;0m██[38;2;0;0;0m      
[38;2;0;0;0m                    [38;2;0;4;0m██[38;2;132;111;172m██[38;2;82;78;66m██[38;2;165;148;221m██[38;2;173;165;229m██[38;2;112;107;126m██[38;2;156;148;220m████████[38;2;0;4;0m████[38;2;0;0;0m      [38;2;0;4;0m██[38;2;156;148;220m██████[38;2;0;4;0m██[38;2;0;0;0m      
[38;2;0;0;0m                    [38;2;8;8;8m██[38;2;123;113;166m██[38;2;173;165;221m████[38;2;107;107;139m██[38;2;156;148;220m██[38;2;159;145;223m████████[38;2;159;147;226m██[38;2;132;111;172m██[38;2;0;4;0m██[38;2;0;0;0m  [38;2;0;8;0m██[38;2;156;148;220m██[38;2;159;145;223m████[38;2;0;4;0m██[38;2;0;0;0m        
[38;2;0;0;0m                  [38;2;0;4;0m██[38;2;123;113;166m██[38;2;181;165;245m██[38;2;173;165;221m██[38;2;107;107;139m██[38;2;156;148;220m████[38;2;159;145;223m████████[38;2;159;147;226m████[38;2;156;148;220m██[38;2;0;4;0m██[38;2;104;101;147m██[38;2;156;148;220m██[38;2;159;145;223m████[38;2;0;4;0m██[38;2;0;0;0m  [38;2;0;4;0m████[38;2;0;0;0m  
[38;2;0;0;0m                [38;2;0;8;8m██[38;2;247;255;255m██[38;2;107;107;139m██[38;2;173;165;221m██[38;2;165;156;221m██[38;2;115;109;150m██[38;2;156;148;220m████[38;2;107;107;139m████[38;2;112;107;149m██[38;2;156;148;220m██[38;2;159;145;223m████[38;2;156;148;220m██[38;2;107;107;139m██[38;2;159;145;223m████[38;2;156;148;220m██[38;2;66;66;66m██[38;2;0;4;0m████[38;2;156;148;220m██[38;2;0;4;0m██[38;2;0;0;0m  
[38;2;0;0;0m                [38;2;0;8;8m██[38;2;165;173;173m██[38;2;107;107;139m██[38;2;173;165;221m██[38;2;90;86;114m██[38;2;165;156;221m██[38;2;156;148;220m██[38;2;107;107;139m██[38;2;255;255;255m████[38;2;112;107;149m██[38;2;90;86;114m██[38;2;159;145;223m████[38;2;107;107;139m██[38;2;156;148;220m██[38;2;159;145;223m████[38;2;156;148;220m██[38;2;66;66;66m██[38;2;156;148;220m████[38;2;0;4;0m██[38;2;0;0;0m    
[38;2;0;0;0m                [38;2;0;8;0m██[38;2;140;222;236m██[38;2;94;86;122m██[38;2;165;156;221m██[38;2;96;87;123m██[38;2;156;148;220m██[38;2;107;129;171m██[38;2;255;255;255m██[38;2;68;162;172m████[38;2;164;197;208m██[38;2;82;140;162m██[38;2;96;87;123m██[38;2;156;148;220m██[38;2;159;145;223m████████████[38;2;156;148;220m██[38;2;0;4;0m██[38;2;0;0;0m      
[38;2;0;0;0m                [38;2;0;8;0m██[38;2;93;151;157m██[38;2;94;86;122m██[38;2;165;156;221m██[38;2;156;148;220m████[38;2;107;129;171m████[38;2;156;206;228m████[38;2;82;140;162m██[38;2;247;255;255m██[38;2;96;87;123m██[38;2;156;148;220m██[38;2;159;145;223m████████████[38;2;0;4;0m██[38;2;0;0;0m        
[38;2;0;0;0m            [38;2;0;4;0m████[38;2;66;66;66m████[38;2;132;109;176m██[38;2;99;86;123m██[38;2;159;147;226m████[38;2;99;82;123m██[38;2;165;198;245m██[38;2;156;209;225m████[38;2;132;214;228m██[38;2;99;154;174m██[38;2;99;82;123m██[38;2;156;140;228m██████[38;2;159;145;223m████[38;2;156;148;220m██[38;2;0;4;0m██[38;2;0;0;0m          
[38;2;0;0;0m      [38;2;0;4;0m██████[38;2;132;111;172m████[38;2;126;110;174m██[38;2;66;66;66m██[38;2;132;109;176m██[38;2;99;86;123m██[38;2;132;111;172m████[38;2;143;159;204m██[38;2;99;82;123m██[38;2;156;209;225m████[38;2;99;154;174m██[38;2;66;93;119m██[38;2;127;111;175m████[38;2;126;115;174m██[38;2;66;66;66m██[38;2;159;145;223m████[38;2;0;4;0m██[38;2;0;0;0m    [38;2;0;4;0m████[38;2;0;0;0m    
[38;2;0;0;0m    [38;2;0;4;0m██[38;2;132;111;172m██[38;2;126;110;174m████[38;2;129;112;174m████[38;2;132;111;172m████[38;2;49;50;60m██[38;2;91;85;120m██[38;2;132;109;176m████[38;2;129;112;174m████[38;2;99;86;123m██████[38;2;132;109;176m██[38;2;126;112;174m████[38;2;71;70;69m████[38;2;66;66;66m████[38;2;118;107;161m██[38;2;8;8;8m██[38;2;8;12;0m██[38;2;132;115;172m██[38;2;132;111;172m██[38;2;0;4;0m██[38;2;0;0;0m  
[38;2;0;0;0m  [38;2;0;4;0m██[38;2;132;111;172m████[38;2;66;66;66m████[38;2;129;112;174m████[38;2;132;111;172m██[38;2;0;4;0m██[38;2;8;16;0m██[38;2;132;119;180m██[38;2;99;86;123m██[38;2;132;109;176m██[38;2;129;112;174m████[38;2;132;109;176m████████[38;2;126;112;174m██[38;2;82;82;66m██[38;2;71;70;69m██[38;2;132;111;172m██[38;2;126;110;174m████[38;2;118;107;161m██[38;2;173;156;237m██[38;2;132;115;172m██[38;2;70;63;86m██[38;2;0;4;0m██[38;2;0;0;0m    
[38;2;0;0;0m    [38;2;0;4;0m██[38;2;66;65;66m██[38;2;66;66;66m██[38;2;126;110;174m██[38;2;132;111;172m██[38;2;0;4;0m████[38;2;0;0;0m    [38;2;0;4;0m████[38;2;132;111;172m████████[38;2;0;4;0m████[38;2;66;65;66m██[38;2;104;67;59m████[38;2;206;82;54m██[38;2;129;112;174m██[38;2;66;66;66m████[38;2;156;148;220m████[38;2;156;140;228m██[38;2;126;115;174m██[38;2;132;111;172m██[38;2;0;4;0m██[38;2;0;0;0m  
[38;2;0;0;0m      [38;2;0;4;0m██[38;2;126;110;174m████[38;2;0;4;0m██[38;2;0;0;0m            [38;2;0;4;0m████████[38;2;0;0;0m    [38;2;0;4;0m██[38;2;132;111;172m██[38;2;104;67;59m██[38;2;206;82;54m████[38;2;126;110;174m██[38;2;66;66;66m████[38;2;156;148;220m██[38;2;156;140;228m██[38;2;66;66;66m██[38;2;0;4;0m██[38;2;0;0;0m    
[38;2;0;0;0m        [38;2;0;4;0m████[38;2;0;0;0m                            [38;2;16;4;0m██[38;2;107;72;99m██[38;2;206;123;142m██[38;2;66;66;66m██████[38;2;159;145;223m████[38;2;156;148;220m██[38;2;0;4;0m██[38;2;0;0;0m      
[38;2;0;0;0m                                        [38;2;16;4;0m██[38;2;198;140;198m██[38;2;66;66;66m██[38;2;206;123;142m██[38;2;111;107;143m██[38;2;156;148;220m██[38;2;159;145;223m████[38;2;156;148;220m██[38;2;0;4;0m██[38;2;0;0;0m      
[38;2;0;0;0m                                    [38;2;0;4;0m████[38;2;159;147;226m████[38;2;66;66;66m██[38;2;104;107;141m██[38;2;156;148;220m████████[38;2;0;4;0m██[38;2;0;0;0m        
[38;2;0;0;0m                                [38;2;0;4;0m████[38;2;132;111;172m██████[38;2;159;147;226m██[38;2;66;66;66m██[38;2;104;107;141m██[38;2;156;148;220m██[38;2;107;107;139m██[38;2;156;148;220m██[38;2;66;66;66m██[38;2;0;4;0m██[38;2;0;0;0m        
[38;2;0;0;0m                              [38;2;0;4;0m██[38;2;129;112;174m████[38;2;132;111;172m████[38;2;0;4;0m████[38;2;165;148;221m██[38;2;55;55;74m██[38;2;66;66;66m████[38;2;165;148;221m██[38;2;0;8;0m██[38;2;0;0;0m          
[38;2;0;0;0m                              [38;2;0;4;0m██[38;2;129;112;174m████[38;2;132;111;172m██[38;2;0;4;0m██[38;2;0;0;0m    [38;2;0;8;0m████[38;2;156;148;220m████[38;2;55;55;74m██[38;2;0;8;0m██[38;2;0;0;0m          
[38;2;0;0;0m                                [38;2;0;8;0m██[38;2;126;113;169m██[38;2;132;111;172m████[38;2;0;4;0m██[38;2;0;0;0m    [38;2;0;4;0m██[38;2;60;57;74m██[38;2;165;148;221m██[38;2;156;148;220m██[38;2;0;4;0m██[38;2;0;0;0m          
[38;2;0;0;0m                              [38;2;0;4;0m██[38;2;126;113;169m██[38;2;63;60;84m██[38;2;132;111;172m██[38;2;0;4;0m██[38;2;0;0;0m        [38;2;8;12;0m██[38;2;165;148;221m██[38;2;156;148;220m████[38;2;0;4;0m██[38;2;0;0;0m        
[38;2;0;0;0m                                [38;2;0;4;0m██████[38;2;0;0;0m        [38;2;0;4;0m██[38;2;165;148;221m██[38;2;55;55;74m██[38;2;165;148;221m██[38;2;55;55;74m██[38;2;156;148;220m██[38;2;0;4;0m██[38;2;0;0;0m      
[38;2;0;0;0m                                                [38;2;0;8;0m████████[38;2;0;4;0m██[38;2;0;0;0m        
[38;2;0;0;0m                                                                  [0m
