
              [38;2;49;49;49m▄                  [0m
 [38;2;49;49;49m▄▄▄         [48;2;49;49;49m▀[38;2;255;238;213m[48;2;255;238;213m▀[38;2;49;49;49m[48;2;49;49;49m▀[49m ▄[48;2;255;238;213m▀[49m▄             [0m
 [38;2;49;49;49m▀[38;2;255;238;213m[48;2;49;49;49m▀[48;2;255;238;213m▀[38;2;49;49;49m▀[48;2;238;222;139m▀[49m▄[48;2;238;222;139m▀[48;2;49;49;49m▀[49m ▄▄[48;2;148;131;74m▀[38;2;238;222;139m▀[48;2;197;180;106m▀[38;2;197;180;106m[48;2;238;222;139m▀[38;2;49;49;49m▀[48;2;148;131;74m▀[38;2;255;238;213m[48;2;238;222;139m▀[38;2;49;49;49m[48;2;197;180;106m▀[49m▄    ▄▄      [0m
   [38;2;49;49;49m[48;2;49;49;49m▀[38;2;197;180;106m[48;2;238;222;139m▀[38;2;255;238;213m[48;2;49;49;49m▀[48;2;238;222;139m▀[38;2;148;131;74m[48;2;255;238;213m▀[38;2;49;49;49m[48;2;82;82;82m▀[48;2;238;222;139m▀[38;2;238;222;139m▀[48;2;255;238;213m▀▀[48;2;238;222;139m▀[38;2;197;180;106m▀[38;2;238;222;139m[48;2;148;131;74m▀[48;2;238;222;139m▀▀[38;2;148;131;74m[48;2;197;180;106m▀[38;2;238;222;139m[48;2;148;131;74m▀[48;2;238;222;139m▀[38;2;49;49;49m▀[49m▄ [48;2;49;49;49m▀[38;2;74;139;205m[48;2;74;139;205m▀[38;2;49;49;49m[48;2;139;189;205m▀[48;2;238;222;139m▀▀[48;2;49;49;49m▀[49m   [0m
 [38;2;49;49;49m▄▄▄▀ ▀[38;2;238;222;139m[48;2;49;49;49m▀[48;2;238;222;139m▀[38;2;148;131;74m▀[38;2;238;222;139m▀[38;2;255;238;213m▀▀[38;2;238;222;139m▀▀▀[38;2;148;131;74m[48;2;148;131;74m▀[38;2;238;222;139m[48;2;197;180;106m▀[48;2;238;222;139m▀[38;2;148;131;74m[48;2;197;180;106m▀[38;2;238;222;139m[48;2;148;131;74m▀[48;2;238;222;139m▀[38;2;148;131;74m▀[38;2;49;49;49m[48;2;82;82;82m▀[38;2;57;98;156m[48;2;74;139;205m▀[38;2;139;189;205m[48;2;238;222;139m▀[38;2;238;222;139m▀[48;2;139;189;205m▀[38;2;139;189;205m[48;2;74;139;205m▀[38;2;49;49;49m▀▀[48;2;49;49;49m▀[49m [0m
 [38;2;49;49;49m▀[38;2;255;255;255m[48;2;49;49;49m▀[48;2;255;255;255m▀[38;2;49;49;49m▀[49m▄[48;2;49;49;49m▀[38;2;238;222;139m[48;2;238;222;139m▀[38;2;197;180;106m▀[38;2;238;222;139m▀▀[48;2;49;49;49m▀[38;2;82;82;82m[48;2;255;255;255m▀[48;2;74;139;205m▀[38;2;197;180;106m[48;2;82;82;82m▀[38;2;238;222;139m▀[38;2;197;180;106m▀[38;2;82;82;82m[48;2;255;255;255m▀▀[48;2;82;82;82m▀[38;2;148;131;74m[48;2;148;131;74m▀[38;2;238;222;139m[48;2;238;222;139m▀[48;2;197;180;106m▀[38;2;82;82;82m[48;2;74;139;205m▀[38;2;74;139;205m[48;2;57;98;156m▀▀[48;2;49;49;49m▀▀[38;2;57;98;156m▀[38;2;49;49;49m[49m▀▀  [0m
  [38;2;49;49;49m▄[48;2;255;255;255m▀[38;2;189;189;180m▀[38;2;255;255;255m▀[48;2;82;82;82m▀[38;2;82;82;82m[48;2;74;139;205m▀[38;2;197;180;106m▀▀[38;2;246;98;82m▀[38;2;82;82;82m▀[38;2;74;139;205m[48;2;82;82;82m▀[38;2;82;82;82m[48;2;255;255;255m▀▀[38;2;255;255;255m▀[48;2;123;123;123m▀[48;2;82;82;82m▀[38;2;82;82;82m[48;2;197;180;106m▀[38;2;197;180;106m[48;2;148;131;74m▀[38;2;148;131;74m[48;2;82;82;82m▀[38;2;197;180;106m▀[38;2;82;82;82m▀[48;2;255;255;255m▀▀[38;2;49;49;49m[48;2;49;49;49m▀[49m       [0m
   [38;2;49;49;49m▀▀▀▀[38;2;246;98;82m[48;2;49;49;49m▀[38;2;156;65;57m[48;2;82;82;82m▀[38;2;74;139;205m▀[38;2;57;98;156m▀[38;2;82;82;82m[48;2;189;189;180m▀[38;2;255;255;255m[48;2;82;82;82m▀▀[48;2;255;255;255m▀[38;2;189;189;180m▀[38;2;255;255;255m[48;2;82;82;82m▀▀[38;2;82;82;82m[48;2;255;255;255m▀▀[38;2;255;255;255m▀[48;2;189;189;180m▀[48;2;82;82;82m▀▀[38;2;82;82;82m[48;2;197;180;106m▀[38;2;238;222;139m▀[38;2;82;82;82m▀[38;2;49;49;49m[49m▄     [0m
      [38;2;49;49;49m[48;2;49;49;49m▀[38;2;197;180;106m[48;2;74;139;205m▀[38;2;74;139;205m[48;2;82;82;82m▀[38;2;123;123;123m[48;2;255;255;255m▀[38;2;255;255;255m[48;2;189;189;180m▀[38;2;189;189;180m[48;2;82;82;82m▀[38;2;123;123;123m[48;2;139;189;205m▀[38;2;139;189;205m▀[38;2;82;82;82m▀[48;2;82;82;82m▀[38;2;255;255;255m▀[48;2;255;255;255m▀▀[38;2;189;189;180m▀[38;2;255;255;255m[48;2;49;49;49m▀▀▀[38;2;82;82;82m[48;2;57;98;156m▀[38;2;148;131;74m[48;2;74;139;205m▀[38;2;238;222;139m[48;2;148;131;74m▀[48;2;197;180;106m▀[38;2;49;49;49m▀[49m▄    [0m
    [38;2;49;49;49m▄[48;2;123;123;123m▀[38;2;74;139;205m[48;2;82;82;82m▀[48;2;123;123;123m▀[48;2;49;49;49m▀[38;2;57;98;156m▀[38;2;49;49;49m[49m▀▀▀[38;2;139;189;205m[48;2;49;49;49m▀[38;2;57;98;156m▀[48;2;74;139;205m▀[38;2;74;139;205m▀[38;2;82;82;82m▀[48;2;148;131;74m▀[48;2;197;180;106m▀[38;2;49;49;49m▀[49m▄ ▀[38;2;57;98;156m[48;2;49;49;49m▀▀[38;2;238;222;139m[48;2;123;123;123m▀[48;2;82;82;82m▀[38;2;49;49;49m[48;2;123;123;123m▀[49m▄   [0m
    [38;2;49;49;49m▀▀▀▀       ▀[38;2;57;98;156m[48;2;49;49;49m▀[38;2;74;139;205m[48;2;57;98;156m▀[38;2;148;131;74m[48;2;74;139;205m▀[38;2;238;222;139m[48;2;148;131;74m▀[48;2;197;180;106m▀▀[38;2;49;49;49m[48;2;49;49;49m▀[49m   ▀▀▀▀   [0m
                 [38;2;49;49;49m▀▀[38;2;123;123;123m[48;2;49;49;49m▀▀[38;2;82;82;82m▀[38;2;123;123;123m▀[38;2;49;49;49m▀[49m         [0m
                                 [0m
