
[38;2;0;0;0m                                                                          
[38;2;0;0;0m                    ████████[38;2;0;4;0m████[38;2;0;0;0m██                                        
[38;2;0;0;0m                ████[38;2;148;132;84m████████[38;2;156;140;92m██[38;2;104;95;61m██[38;2;115;107;67m██[38;2;0;0;0m████                                    
[38;2;0;0;0m            ████[38;2;148;132;84m████[38;2;148;134;84m██████[38;2;115;111;67m██[38;2;115;110;67m████[38;2;115;111;67m██[38;2;69;63;57m██[38;2;74;60;50m██[38;2;0;4;8m██[38;2;0;0;0m██                                
[38;2;0;0;0m          ██[38;2;94;86;82m████████[38;2;148;134;84m██[38;2;115;111;67m██████[38;2;115;110;67m████[38;2;115;111;67m██[38;2;69;63;57m██[38;2;74;60;50m██[38;2;148;117;92m██[38;2;148;115;84m██[38;2;0;0;0m██                              
[38;2;0;0;0m        [38;2;0;4;8m██[38;2;148;117;92m██[38;2;94;88;82m████[38;2;71;64;58m████[38;2;69;63;57m██[38;2;115;111;67m██[38;2;115;110;67m████[38;2;115;111;67m██████[38;2;69;63;57m██[38;2;71;63;61m██[38;2;148;115;84m██[38;2;148;118;84m████[38;2;0;0;0m██                            
[38;2;0;0;0m      ██[38;2;74;60;50m████[38;2;115;111;67m████[38;2;71;64;58m████[38;2;69;63;57m████[38;2;115;110;67m████[38;2;115;111;67m██[38;2;69;63;57m██████[38;2;71;63;61m██[38;2;148;115;84m██[38;2;148;118;84m████[38;2;148;115;84m██[38;2;0;0;0m██████                      
[38;2;0;0;0m      ██[38;2;66;66;58m██[38;2;115;111;67m████[38;2;79;82;55m██[38;2;80;81;56m████[38;2;57;49;41m████[38;2;69;65;61m██[38;2;115;111;67m██[38;2;115;110;67m████[38;2;69;63;57m████[38;2;71;64;58m████[38;2;148;118;84m████[38;2;148;115;84m██[38;2;71;66;61m██[38;2;70;63;58m████[38;2;0;0;0m██                    
[38;2;0;0;0m    ██[38;2;57;49;41m██[38;2;82;81;61m████[38;2;79;82;55m████[38;2;66;66;66m████[38;2;65;67;65m████[38;2;69;65;61m████[38;2;115;110;67m████[38;2;115;111;67m██[38;2;69;63;57m██[38;2;71;64;58m████[38;2;148;118;84m████[38;2;71;66;61m████[38;2;66;66;66m██[38;2;70;63;58m████[38;2;0;0;0m██                  
[38;2;0;0;0m    ██[38;2;74;74;58m██[38;2;80;81;56m████[38;2;71;71;61m████[38;2;148;115;84m████[38;2;231;222;207m██[38;2;148;115;84m██[38;2;90;78;66m████[38;2;115;107;67m████[38;2;115;110;67m████[38;2;71;64;58m████████[38;2;69;63;57m████[38;2;66;66;66m██[38;2;231;222;207m██[38;2;71;63;61m██[38;2;148;115;84m██[38;2;0;0;0m██                
[38;2;0;0;0m  ██[38;2;49;49;39m██[38;2;74;74;58m██[38;2;80;81;56m██[38;2;66;66;66m██[38;2;71;71;61m██[38;2;148;115;84m██[38;2;231;222;207m████[38;2;148;115;84m████[38;2;231;222;199m██[38;2;184;174;155m██[38;2;66;65;66m██[38;2;115;107;67m██[38;2;115;110;67m████[38;2;71;64;58m████████[38;2;115;111;67m████[38;2;66;66;66m██[38;2;231;222;207m██[38;2;71;63;61m██[38;2;148;115;84m██[38;2;0;0;0m██                
[38;2;0;0;0m  ██[38;2;77;74;69m██[38;2;231;222;207m██[38;2;77;74;69m██[38;2;231;222;207m████[38;2;77;74;69m██[38;2;134;118;100m████[38;2;231;222;207m████████[38;2;115;90;67m██[38;2;66;66;66m██[38;2;115;111;67m████[38;2;71;64;58m████[38;2;69;63;57m██[38;2;115;111;67m██[38;2;115;110;67m████[38;2;115;107;67m██[38;2;66;65;66m██[38;2;74;66;58m████[38;2;148;117;87m██[38;2;0;4;8m██[38;2;0;0;0m              
[38;2;0;0;0m  ██[38;2;231;222;207m██[38;2;0;0;0m██[38;2;231;222;207m██[38;2;0;0;0m████[38;2;231;222;207m██[38;2;82;66;50m██[38;2;239;222;199m██[38;2;231;222;207m████[38;2;148;115;84m████[38;2;115;90;67m██[38;2;66;66;66m██[38;2;115;111;67m██[38;2;69;63;57m██[38;2;71;64;58m████[38;2;115;111;67m████[38;2;115;110;67m████[38;2;115;107;67m██[38;2;66;65;66m██[38;2;231;222;207m██[38;2;74;66;58m██[38;2;148;117;87m██[38;2;74;60;47m██[38;2;0;0;0m██            
[38;2;0;0;0m  ██[38;2;231;222;207m██[38;2;66;66;66m██[38;2;231;222;207m██[38;2;66;66;66m████[38;2;231;222;207m██[38;2;66;66;66m██[38;2;231;222;207m██[38;2;162;118;79m████[38;2;123;125;71m████[38;2;96;107;67m██[38;2;74;61;66m██[38;2;71;64;58m████[38;2;69;63;57m██[38;2;115;111;67m██[38;2;115;110;67m████████[38;2;115;107;67m██[38;2;66;65;66m██[38;2;231;222;207m██[38;2;74;66;58m██[38;2;66;66;66m████[38;2;148;115;84m██[38;2;0;0;0m██          
[38;2;0;0;0m  ██[38;2;66;66;66m██[38;2;231;222;207m██████████████[38;2;181;74;85m██[38;2;123;206;67m██[38;2;90;53;66m██[38;2;156;198;76m██[38;2;140;198;68m██[38;2;74;61;66m██[38;2;71;64;58m████[38;2;69;63;57m██[38;2;115;111;67m██[38;2;115;110;67m████████[38;2;115;107;67m██[38;2;66;65;66m██[38;2;231;222;207m██[38;2;74;66;58m██[38;2;231;222;207m██[38;2;66;66;66m██[38;2;148;115;84m██[38;2;0;0;0m██          
[38;2;0;0;0m  ██[38;2;74;70;66m██[38;2;231;222;207m██[38;2;66;66;66m████[38;2;231;222;199m██[38;2;66;66;66m████[38;2;231;222;199m██[38;2;206;222;198m██[38;2;189;74;69m██[38;2;132;206;68m████[38;2;198;86;78m██[38;2;66;78;66m██[38;2;115;111;67m██[38;2;69;63;57m██[38;2;71;64;58m████[38;2;115;111;67m████████[38;2;66;66;66m██[38;2;231;222;199m██[38;2;231;222;207m██████[38;2;66;66;66m██[38;2;70;63;58m██[38;2;66;66;66m██[38;2;0;0;0m██        
[38;2;0;0;0m  ██[38;2;74;70;66m████[38;2;181;173;149m████[38;2;66;66;66m██[38;2;176;170;155m████[38;2;66;66;66m██[38;2;200;173;155m████[38;2;198;74;78m████[38;2;66;78;66m██[38;2;110;81;70m██[38;2;115;111;67m████[38;2;71;64;58m████[38;2;69;63;57m██[38;2;115;111;67m████[38;2;69;63;57m██[38;2;66;66;66m██[38;2;176;170;155m██[38;2;231;222;207m████[38;2;66;66;66m██[38;2;231;222;207m██[38;2;70;63;58m██[38;2;66;66;66m██[38;2;181;173;149m██[38;2;0;0;0m██      
[38;2;0;0;0m  ██[38;2;80;80;56m████[38;2;66;66;66m████[38;2;181;173;149m████████[38;2;66;66;66m██[38;2;181;173;149m██[38;2;66;65;66m████[38;2;115;110;67m████████[38;2;115;111;67m██[38;2;69;63;57m██[38;2;71;64;58m████[38;2;70;63;58m████[38;2;71;63;60m████[38;2;181;173;149m████[38;2;66;66;58m██[38;2;231;222;207m██[38;2;181;173;149m██[38;2;66;66;66m██[38;2;181;173;149m██[38;2;66;66;60m██[38;2;0;0;0m██    
[38;2;0;0;0m    ██[38;2;80;80;56m██[38;2;80;81;56m████[38;2;66;66;66m████████████[38;2;115;107;67m████[38;2;115;110;67m████████[38;2;115;111;67m████[38;2;71;64;58m████[38;2;70;63;58m██[38;2;66;66;66m██[38;2;181;173;149m██[38;2;71;63;60m██[38;2;66;66;60m████[38;2;176;170;157m██[38;2;66;66;58m██[38;2;66;66;66m██[38;2;181;173;149m██[38;2;66;66;60m██[38;2;181;173;149m████[38;2;0;0;0m██  
[38;2;0;0;0m    ██[38;2;78;82;58m██[38;2;79;79;55m██[38;2;57;49;41m██████[38;2;79;82;55m██[38;2;115;111;67m██████[38;2;115;110;67m████████████████████[38;2;115;111;67m██[38;2;65;65;61m██[38;2;181;173;141m██[38;2;74;61;50m██[38;2;115;90;67m██[38;2;65;65;61m██[38;2;77;60;45m██[38;2;115;90;67m██[38;2;60;60;55m██[38;2;181;173;149m██[38;2;0;0;0m██████    
[38;2;0;0;0m      ██[38;2;79;79;55m██[38;2;57;49;41m████[38;2;79;79;55m██[38;2;79;82;55m██████[38;2;115;111;67m██[38;2;115;110;67m████████████████████[38;2;65;65;61m████[38;2;74;61;50m██[38;2;110;98;80m██[38;2;65;65;61m████[38;2;115;90;67m██[38;2;0;0;0m██[38;2;0;4;8m████[38;2;0;0;0m          
[38;2;0;0;0m        ██[38;2;78;82;58m██[38;2;57;50;41m████████[38;2;79;79;55m██[38;2;57;49;41m██[38;2;76;72;55m██[38;2;115;111;67m██████████████[38;2;71;71;60m████[38;2;181;173;149m██[38;2;66;60;55m██[38;2;107;94;75m██[38;2;71;63;50m██[38;2;0;0;0m██████                
[38;2;0;0;0m          ██[38;2;57;50;41m████████[38;2;57;49;41m████[38;2;57;53;49m██[38;2;76;72;55m██[38;2;79;82;55m████████████[38;2;71;71;60m██[38;2;181;173;149m██[38;2;66;60;55m██[38;2;8;4;8m██[38;2;0;0;0m████                      
[38;2;0;0;0m            ████[38;2;115;88;67m████[38;2;57;49;41m██████████[38;2;79;79;55m██[38;2;82;78;58m██[38;2;55;52;39m██[38;2;57;49;41m██[38;2;0;0;0m████████                            
[38;2;0;0;0m                ████[38;2;115;90;67m██████[38;2;57;49;41m██████[38;2;0;0;0m██████                                    
[38;2;0;0;0m                    ████████████                                          
[38;2;0;0;0m                                                                          [0m
