
           [38;2;0;0;0m▄               [0m
    [38;2;0;0;0m▄[48;2;192;160;48m▀[49m▄  ▄[48;2;64;64;64m▀[38;2;120;88;48m[48;2;120;88;48m▀[38;2;0;0;0m[48;2;0;0;0m▀[49m ▄▄[48;2;144;104;56m▀▀[48;2;0;0;0m▀[49m        [0m
    [38;2;0;0;0m[48;2;0;0;0m▀[38;2;192;160;48m[48;2;192;160;48m▀[38;2;0;0;0m[48;2;0;0;0m▀[49m▄[48;2;240;208;80m▀[48;2;64;64;64m▀[38;2;120;88;48m[48;2;120;88;48m▀[48;2;64;64;64m▀[38;2;64;64;64m▀[38;2;0;0;0m[48;2;240;208;80m▀[38;2;144;104;56m[48;2;64;64;64m▀[48;2;144;104;56m▀[48;2;64;64;64m▀[38;2;0;0;0m[48;2;0;0;0m▀[49m▄▄▄      [0m
   [38;2;0;0;0m▄[48;2;192;160;48m▀[38;2;192;160;48m[48;2;64;64;64m▀[38;2;64;64;64m[48;2;240;208;80m▀[38;2;240;208;80m▀▀[38;2;64;64;64m[48;2;64;64;64m▀[48;2;240;208;80m▀[38;2;240;208;80m▀▀[38;2;64;64;64m[48;2;64;64;64m▀[48;2;176;128;72m▀▀[38;2;176;128;72m▀[48;2;144;104;56m▀▀[48;2;0;0;0m▀[38;2;0;0;0m[49m▀      [0m
  [38;2;0;0;0m▄[48;2;0;0;0m▀[38;2;192;160;48m[48;2;240;208;80m▀[38;2;160;128;48m▀[38;2;240;208;80m▀▀[38;2;160;128;48m▀[38;2;240;208;80m▀[48;2;192;160;48m▀[48;2;64;64;64m▀[38;2;64;64;64m[48;2;144;104;56m▀[38;2;176;128;72m▀▀[38;2;144;104;56m▀[48;2;64;64;64m▀▀[38;2;64;64;64m[48;2;120;88;48m▀[38;2;120;88;48m▀[38;2;0;0;0m▀▀[49m▄    [0m
 [38;2;0;0;0m▄[48;2;240;208;80m▀[38;2;240;208;80m▀▀▀[48;2;64;64;64m▀[38;2;192;160;48m[48;2;248;248;248m▀[38;2;0;0;0m[48;2;0;0;0m▀[48;2;64;64;64m▀[38;2;240;208;80m[48;2;248;248;248m▀[38;2;192;160;48m[48;2;64;64;64m▀[38;2;64;64;64m[48;2;192;160;48m▀[48;2;64;64;64m▀[48;2;144;104;56m▀▀▀[38;2;120;88;48m[48;2;64;64;64m▀▀[38;2;64;64;64m[48;2;120;88;48m▀▀[38;2;0;0;0m[48;2;0;0;0m▀[49m     [0m
 [38;2;0;0;0m▀[38;2;240;208;80m[48;2;0;0;0m▀[48;2;64;64;64m▀[48;2;248;248;248m▀[38;2;192;160;48m▀[38;2;0;0;0m▀▀[38;2;48;96;88m▀[38;2;248;248;248m▀[48;2;64;64;64m▀[38;2;64;64;64m[48;2;192;160;48m▀[38;2;192;160;48m▀[38;2;64;64;64m▀[48;2;64;64;64m▀[38;2;144;104;56m▀▀▀▀[38;2;64;64;64m[48;2;192;160;48m▀[38;2;0;0;0m[48;2;0;0;0m▀[49m▄     [0m
  [38;2;0;0;0m▄[48;2;184;184;176m▀[38;2;64;64;64m[48;2;120;120;120m▀[48;2;184;184;176m▀[38;2;0;0;0m[48;2;0;0;0m▀[49m▀▀[38;2;184;184;176m[48;2;0;0;0m▀[48;2;184;184;176m▀▀[38;2;192;160;48m▀[38;2;64;64;64m[48;2;64;64;64m▀[38;2;240;208;80m[48;2;192;160;48m▀[48;2;240;208;80m▀[38;2;192;160;48m▀[38;2;64;64;64m[48;2;64;64;64m▀[38;2;192;160;48m[48;2;192;160;48m▀▀[38;2;64;64;64m[48;2;64;64;64m▀[38;2;192;160;48m[48;2;192;160;48m▀[38;2;0;0;0m▀▀▀[49m▄ [0m
  [38;2;0;0;0m[48;2;0;0;0m▀[38;2;184;184;176m▀[38;2;0;0;0m[49m▀▀  ▄[48;2;192;160;48m▀[38;2;120;120;120m[48;2;64;64;64m▀[38;2;184;184;176m[48;2;120;120;120m▀[38;2;64;64;64m[48;2;64;64;64m▀[38;2;248;248;248m[48;2;248;248;248m▀[38;2;184;184;176m[48;2;184;184;176m▀[38;2;192;160;48m[48;2;248;248;248m▀[38;2;64;64;64m[48;2;64;64;64m▀[38;2;192;160;48m[48;2;192;160;48m▀▀[38;2;64;64;64m[48;2;64;64;64m▀[38;2;192;160;48m[48;2;0;0;0m▀▀▀[38;2;0;0;0m[49m▀▀  [0m
       [38;2;0;0;0m▀[38;2;184;184;176m[48;2;0;0;0m▀▀[38;2;192;160;48m▀[38;2;64;64;64m[48;2;64;64;64m▀[38;2;248;248;248m[48;2;184;184;176m▀[38;2;184;184;176m[48;2;0;0;0m▀[38;2;248;248;248m▀[38;2;64;64;64m[48;2;64;64;64m▀[38;2;192;160;48m▀▀[38;2;64;64;64m[48;2;192;160;48m▀[38;2;0;0;0m[48;2;0;0;0m▀[49m       [0m
           [38;2;0;0;0m▀▀ [48;2;0;0;0m▀[38;2;192;160;48m[48;2;248;248;248m▀[48;2;64;64;64m▀[48;2;248;248;248m▀[38;2;0;0;0m[48;2;0;0;0m▀[49m        [0m
               [38;2;0;0;0m▀▀▀         [0m
