
                     [38;2;49;49;49m▄▄ [0m
     [38;2;49;49;49m▄▄▄▄        ▄▄▄[48;2;230;189;123m▀[38;2;106;106;106m[48;2;106;106;106m▀[38;2;49;49;49m[48;2;49;49;49m▀[49m [0m
    [38;2;49;49;49m[48;2;49;49;49m▀[48;2;255;255;255m▀[38;2;197;148;90m[48;2;82;82;82m▀[48;2;197;148;90m▀[48;2;148;106;74m▀[38;2;49;49;49m[48;2;230;189;123m▀▀▀▀[49m▄▄[48;2;230;189;123m▀▀[38;2;106;106;106m[48;2;106;106;106m▀▀[38;2;230;189;123m▀[48;2;230;189;123m▀[48;2;49;49;49m▀[38;2;49;49;49m[49m▀ [0m
   [38;2;49;49;49m▄[48;2;197;148;90m▀[38;2;106;106;106m[48;2;49;49;49m▀[38;2;49;49;49m[48;2;82;82;82m▀[38;2;197;148;90m▀[38;2;230;189;123m[48;2;49;49;49m▀[38;2;82;82;82m[48;2;255;255;255m▀[38;2;49;49;49m[48;2;82;82;82m▀[38;2;230;189;123m[48;2;49;49;49m▀[48;2;230;189;123m▀[48;2;197;148;90m▀[38;2;82;82;82m[48;2;82;82;82m▀[38;2;106;106;106m[48;2;106;106;106m▀[38;2;230;189;123m▀[48;2;230;189;123m▀[38;2;106;106;106m▀[48;2;82;82;82m▀[38;2;82;82;82m[48;2;230;189;123m▀[38;2;49;49;49m[48;2;49;49;49m▀[49m  [0m
 [38;2;49;49;49m▄[48;2;106;106;106m▀[48;2;230;189;123m▀[38;2;106;106;106m[48;2;197;148;90m▀[48;2;106;106;106m▀[38;2;230;189;123m▀[48;2;230;189;123m▀[38;2;49;49;49m▀[38;2;106;106;106m[48;2;49;49;49m▀[38;2;82;82;82m▀[38;2;49;49;49m[48;2;148;106;74m▀[38;2;230;189;123m▀[38;2;148;106;74m[48;2;230;189;123m▀[38;2;230;189;123m▀[38;2;106;106;106m[48;2;106;106;106m▀[48;2;82;82;82m▀[48;2;106;106;106m▀[38;2;230;189;123m[48;2;197;115;139m▀[38;2;82;82;82m▀[38;2;230;189;123m[48;2;82;82;82m▀[48;2;197;148;90m▀[38;2;49;49;49m[48;2;49;49;49m▀[49m [0m
 [38;2;49;49;49m▀[38;2;230;189;123m[48;2;49;49;49m▀[48;2;230;189;123m▀[38;2;82;82;82m▀[38;2;230;189;123m[48;2;197;148;90m▀[48;2;49;49;49m▀[48;2;82;82;82m▀▀▀▀[38;2;82;82;82m[48;2;197;148;90m▀[38;2;230;189;123m▀[48;2;82;82;82m▀[38;2;106;106;106m▀[38;2;82;82;82m[48;2;230;189;123m▀[38;2;230;189;123m▀[38;2;82;82;82m[48;2;82;82;82m▀[38;2;197;115;139m[48;2;49;49;49m▀[38;2;49;49;49m[49m▀[38;2;106;106;106m[48;2;49;49;49m▀[38;2;49;49;49m▀[49m▀ [0m
   [38;2;49;49;49m▀▀▀ ▀▀[38;2;197;115;139m[48;2;49;49;49m▀▀[38;2;82;82;82m▀[38;2;49;49;49m[49m▀▀▀[38;2;230;189;123m[48;2;49;49;49m▀[48;2;197;148;90m▀[38;2;197;148;90m▀[38;2;49;49;49m[48;2;49;49;49m▀[49m     [0m
              [38;2;49;49;49m[48;2;49;49;49m▀[38;2;106;106;106m▀[38;2;197;148;90m[48;2;106;106;106m▀[38;2;49;49;49m[48;2;49;49;49m▀[49m      [0m
               [38;2;49;49;49m▀▀       [0m
