
                [38;2;0;4;0m▄▄▄▄              [0m
              [38;2;0;4;0m▄[48;2;78;88;142m▀[38;2;66;148;242m[48;2;66;148;242m▀▀[48;2;78;88;142m▀[38;2;74;86;146m[48;2;66;148;245m▀[38;2;0;4;0m▀[49m▄            [0m
             [38;2;0;4;0m[48;2;0;4;0m▀[38;2;66;148;242m[48;2;66;148;242m▀▀[38;2;78;88;142m[48;2;78;88;142m▀[48;2;66;148;242m▀[38;2;66;148;242m▀[38;2;66;148;245m[48;2;66;148;245m▀▀[38;2;66;148;242m[48;2;74;156;250m▀[38;2;0;4;0m[48;2;16;12;0m▀[49m           [0m
            [38;2;0;4;0m[48;2;0;4;0m▀[38;2;66;148;242m[48;2;66;148;242m▀[48;2;78;88;142m▀[38;2;78;88;142m[48;2;66;148;242m▀[38;2;66;148;242m▀[38;2;78;88;142m[48;2;66;148;250m▀[38;2;66;148;242m[48;2;66;93;133m▀[38;2;66;148;245m[48;2;66;148;242m▀[48;2;66;66;66m▀[38;2;35;60;83m▀[38;2;55;108;167m[48;2;57;115;185m▀[38;2;0;4;0m[48;2;0;4;0m▀[49m          [0m
    [38;2;0;4;0m▄       [48;2;0;4;0m▀[38;2;66;148;242m[48;2;82;85;96m▀[38;2;78;88;142m▀[38;2;66;66;66m[48;2;82;81;69m▀▀[38;2;66;66;74m[48;2;82;80;69m▀▀[38;2;66;66;66m[48;2;85;85;82m▀▀[48;2;66;66;66m▀[38;2;57;115;185m[48;2;57;115;185m▀[38;2;0;4;0m[48;2;71;70;66m▀[49m▄         [0m
   [38;2;0;4;0m[48;2;16;12;0m▀[38;2;66;148;242m[48;2;74;156;250m▀[38;2;0;4;0m[48;2;0;4;0m▀[49m ▄   [48;2;8;0;0m▀[38;2;66;65;66m[48;2;68;80;82m▀[38;2;247;255;255m[48;2;66;66;66m▀[38;2;0;0;16m[48;2;66;148;242m▀[38;2;82;81;69m[48;2;66;66;66m▀[48;2;82;80;69m▀[38;2;82;80;69m[48;2;49;61;81m▀[38;2;66;66;66m[48;2;239;255;255m▀[38;2;0;0;0m[48;2;0;0;24m▀[38;2;255;255;247m[48;2;239;255;255m▀[38;2;57;115;185m[48;2;57;115;185m▀[38;2;66;66;66m[48;2;66;66;66m▀[38;2;71;70;66m[48;2;82;80;69m▀▀[38;2;0;4;0m[48;2;0;4;0m▀[49m        [0m
  [38;2;0;4;0m[48;2;0;4;0m▀[38;2;35;60;83m[48;2;66;148;242m▀[38;2;55;108;167m[48;2;82;82;66m▀[38;2;57;115;185m[48;2;69;94;146m▀[38;2;0;4;0m[48;2;74;61;66m▀[38;2;66;148;242m[48;2;57;115;185m▀[38;2;0;4;0m[48;2;0;4;0m▀[49m [48;2;0;4;0m▀[38;2;189;239;245m[48;2;181;247;253m▀[38;2;68;80;82m[48;2;57;66;65m▀[38;2;66;66;66m[48;2;82;80;69m▀[38;2;66;148;242m[48;2;66;66;66m▀[38;2;66;66;66m[48;2;74;70;66m▀[38;2;82;80;69m▀[38;2;49;61;81m[48;2;66;66;66m▀[38;2;112;126;139m[48;2;66;148;242m▀[38;2;239;255;255m▀[38;2;119;127;139m[48;2;66;121;183m▀[38;2;66;66;66m[48;2;66;66;66m▀[38;2;57;115;185m[48;2;57;115;185m▀[38;2;82;80;69m[48;2;82;80;69m▀[38;2;66;66;66m[48;2;66;66;66m▀[38;2;99;156;163m[48;2;90;148;170m▀[38;2;0;4;0m[48;2;0;0;8m▀[49m       [0m
 [38;2;0;4;0m[48;2;0;4;0m▀[38;2;66;148;242m[48;2;66;148;242m▀[48;2;82;78;66m▀[38;2;82;82;66m[48;2;71;125;183m▀[38;2;66;111;186m[48;2;57;115;185m▀[38;2;69;94;146m▀[38;2;0;4;0m[48;2;0;4;0m▀[49m [48;2;0;4;0m▀[38;2;181;247;253m[48;2;181;247;253m▀[38;2;119;156;159m▀[38;2;181;247;253m[48;2;93;159;165m▀[38;2;66;66;66m[48;2;74;70;66m▀▀[38;2;66;148;242m▀[38;2;74;70;66m[48;2;66;148;242m▀[38;2;66;148;242m▀[38;2;66;66;66m▀[38;2;66;148;242m[48;2;66;61;74m▀[38;2;66;66;66m[48;2;66;119;191m▀[38;2;57;115;185m[48;2;57;115;185m▀[38;2;66;66;66m[48;2;74;74;66m▀[38;2;82;80;69m[48;2;82;80;70m▀[38;2;66;66;66m[48;2;0;4;0m▀[38;2;60;99;116m[48;2;90;156;170m▀▀[38;2;0;4;0m[48;2;60;105;113m▀[49m▄▄    [0m
 [38;2;0;4;0m▀[38;2;66;148;242m[48;2;0;4;0m▀[48;2;74;148;242m▀▀[38;2;57;115;185m[48;2;121;171;193m▀[38;2;0;4;0m[48;2;66;70;74m▀[49m▄ [48;2;0;4;0m▀[38;2;181;247;253m[48;2;121;161;169m▀[38;2;93;159;165m[48;2;165;239;253m▀[48;2;110;161;169m▀[38;2;181;247;253m[48;2;181;247;253m▀[38;2;74;70;66m[48;2;66;66;66m▀[48;2;82;80;69m▀▀[38;2;66;66;66m[48;2;74;70;66m▀[48;2;66;148;242m▀[38;2;66;90;133m[48;2;71;90;133m▀[38;2;66;148;250m[48;2;66;148;250m▀[38;2;57;115;185m[48;2;71;70;66m▀[38;2;74;74;66m▀[38;2;0;4;0m[48;2;0;4;0m▀[49m ▀[38;2;60;105;113m[48;2;0;4;0m▀[38;2;90;156;170m[48;2;115;162;174m▀[48;2;58;85;95m▀[38;2;99;156;163m[48;2;57;103;121m▀[38;2;0;4;0m[48;2;181;247;253m▀[49m▄  [0m
   [38;2;16;12;0m[48;2;0;4;0m▀[38;2;35;57;81m[48;2;181;247;253m▀[38;2;66;70;74m[48;2;93;159;165m▀[38;2;148;222;252m[48;2;181;247;253m▀[38;2;181;247;253m[48;2;111;156;159m▀[38;2;0;4;0m[48;2;49;66;65m▀[38;2;181;239;253m[48;2;181;247;253m▀▀[38;2;110;161;169m[48;2;0;4;0m▀[38;2;0;4;0m[49m▀[38;2;181;247;253m[48;2;0;4;0m▀[48;2;181;247;253m▀[38;2;66;66;66m▀[38;2;82;80;69m[48;2;66;66;66m▀[38;2;74;70;66m▀▀[38;2;71;90;133m[48;2;78;88;142m▀[38;2;74;61;74m[48;2;66;66;66m▀[38;2;71;70;66m[48;2;66;65;66m▀[38;2;0;4;0m[48;2;0;4;0m▀[49m    [38;2;0;8;16m[48;2;33;16;1m▀[38;2;173;239;253m[48;2;49;63;81m▀[38;2;181;247;253m[48;2;66;66;66m▀[38;2;98;151;165m▀[38;2;0;4;0m[48;2;173;239;253m▀[38;2;0;4;8m[49m▄ [0m
    [38;2;0;4;0m[48;2;0;4;0m▀[38;2;181;247;253m[48;2;181;239;253m▀[38;2;93;159;165m[48;2;121;161;169m▀[38;2;111;156;159m[48;2;181;247;253m▀[38;2;173;247;253m[48;2;93;159;165m▀[38;2;181;247;253m[48;2;181;247;253m▀[38;2;0;4;0m[48;2;0;4;0m▀[49m  ▀[38;2;181;247;253m[48;2;0;4;0m▀[48;2;96;158;165m▀▀[38;2;66;66;66m[48;2;93;159;163m▀[48;2;66;66;66m▀▀▀[38;2;0;4;0m[48;2;0;4;0m▀[49m   ▄[48;2;66;148;242m▀[38;2;82;156;242m[48;2;82;78;66m▀[38;2;49;63;81m[48;2;57;140;241m▀[38;2;66;148;242m[48;2;85;79;69m▀▀[38;2;86;121;130m[48;2;57;115;185m▀[38;2;0;4;8m[48;2;0;4;0m▀[49m [0m
     [38;2;0;4;0m▀[38;2;181;239;253m[48;2;0;4;0m▀[38;2;181;247;253m▀▀[38;2;0;4;0m[49m▀   [38;2;8;0;0m▄[38;2;0;4;0m[48;2;68;80;82m▀[38;2;96;158;165m[48;2;71;68;66m▀[48;2;99;156;163m▀[38;2;93;159;163m[48;2;93;159;163m▀▀[38;2;66;66;66m[48;2;66;66;66m▀[38;2;93;159;163m[48;2;82;80;69m▀[38;2;0;4;0m[48;2;68;80;82m▀[38;2;8;0;0m[49m▄   [38;2;0;4;0m▀[38;2;65;119;183m[48;2;0;4;0m▀[38;2;82;78;66m▀[38;2;57;115;185m▀▀[38;2;0;4;0m[49m▀  [0m
           [38;2;0;0;0m▄[38;2;0;4;0m[48;2;189;239;245m▀[38;2;189;239;245m[48;2;181;247;253m▀[38;2;68;80;82m▀[38;2;71;68;66m▀[48;2;66;66;66m▀[38;2;66;66;66m[48;2;82;80;69m▀▀[38;2;82;80;69m[48;2;74;70;66m▀[38;2;66;66;66m▀[38;2;68;80;82m▀[38;2;189;239;245m[48;2;181;247;253m▀[38;2;0;4;0m[48;2;173;247;253m▀[48;2;49;66;65m▀[49m▄        [0m
         [38;2;8;4;0m▄▄[38;2;0;0;0m[48;2;181;247;253m▀[38;2;63;80;82m▀[38;2;66;66;66m▀[48;2;93;159;165m▀[38;2;181;247;253m[48;2;66;66;66m▀[38;2;66;66;66m▀[38;2;82;80;69m[48;2;82;80;69m▀[38;2;66;66;66m[48;2;66;66;66m▀[38;2;181;247;253m[48;2;189;239;245m▀[38;2;74;70;66m[48;2;63;80;82m▀[48;2;82;80;69m▀[48;2;66;66;66m▀[38;2;111;156;159m▀[48;2;93;159;163m▀[38;2;99;156;163m[48;2;96;159;165m▀[38;2;0;4;0m▀[48;2;99;148;179m▀[49m▄     [0m
       [38;2;0;0;8m▄[38;2;0;4;0m[48;2;181;222;253m▀[38;2;189;239;253m[48;2;181;247;253m▀[38;2;68;82;84m▀[38;2;82;82;66m[48;2;186;247;253m▀▀[38;2;181;247;253m[48;2;181;239;253m▀[48;2;121;161;169m▀[38;2;93;159;163m[48;2;71;70;66m▀[38;2;66;66;66m▀[38;2;82;80;69m[48;2;82;80;69m▀[38;2;66;66;66m[48;2;0;4;0m▀[38;2;0;0;0m[49m▀▀[38;2;82;80;69m[48;2;0;4;0m▀[48;2;82;80;70m▀[38;2;66;66;66m[48;2;49;80;79m▀[38;2;93;159;163m[48;2;99;155;157m▀[38;2;96;159;165m[48;2;55;82;129m▀[38;2;76;88;143m[48;2;82;119;194m▀[38;2;66;100;119m[48;2;55;82;129m▀[38;2;0;4;0m[48;2;82;119;194m▀[49m▄    [0m
     [38;2;0;4;0m▄[48;2;66;148;242m▀[38;2;90;111;130m[48;2;55;95;156m▀[48;2;82;140;234m▀[38;2;76;88;143m[48;2;55;95;156m▀[48;2;82;140;234m▀[38;2;186;247;253m[48;2;90;115;126m▀[48;2;181;231;253m▀[38;2;181;239;253m[48;2;0;4;0m▀[38;2;0;4;0m[49m▀▀[38;2;71;70;66m[48;2;0;4;0m▀[38;2;82;80;69m▀[38;2;0;4;0m[49m▀   ▀▀▀[38;2;0;8;0m▀▀▀▀     [0m
      [38;2;0;4;0m▀▀▀▀▀[38;2;0;0;0m▀▀[38;2;0;4;0m▀                    [0m
