
[38;2;0;0;0m                                
[38;2;0;0;0m              [38;2;49;49;49m████[38;2;0;0;0m              
[38;2;0;0;0m            [38;2;49;49;49m██[38;2;255;255;255m██[38;2;82;82;82m██[38;2;49;49;49m██[38;2;0;0;0m            
[38;2;0;0;0m            [38;2;49;49;49m██[38;2;255;255;255m██[38;2;106;106;106m██[38;2;255;255;255m██[38;2;49;49;49m██[38;2;0;0;0m          
[38;2;0;0;0m          [38;2;49;49;49m██[38;2;255;255;255m██[38;2;106;106;106m██[38;2;255;255;255m██[38;2;106;106;106m██[38;2;255;255;255m██[38;2;49;49;49m██[38;2;0;0;0m        
[38;2;0;0;0m          [38;2;49;49;49m██[38;2;255;255;255m██[38;2;106;106;106m██[38;2;189;189;189m██[38;2;255;255;255m██[38;2;49;49;49m██[38;2;0;0;0m          
[38;2;0;0;0m            [38;2;49;49;49m██[38;2;255;255;255m██[38;2;49;49;49m████[38;2;0;0;0m            
[38;2;0;0;0m          [38;2;49;49;49m████████[38;2;0;0;0m              
[38;2;0;0;0m      [38;2;49;49;49m████[38;2;106;106;106m██[38;2;82;82;82m████[38;2;106;106;106m██[38;2;49;49;49m██[38;2;0;0;0m            
[38;2;0;0;0m    [38;2;49;49;49m██[38;2;106;106;106m████[38;2;82;82;82m██[38;2;106;106;106m████████[38;2;49;49;49m██[38;2;0;0;0m          
[38;2;0;0;0m  [38;2;49;49;49m██[38;2;180;164;131m██[38;2;106;106;106m██[38;2;82;82;82m██[38;2;106;106;106m██████████[38;2;82;82;82m██[38;2;49;49;49m██[38;2;0;0;0m        
[38;2;0;0;0m  [38;2;49;49;49m██[38;2;180;164;131m██[38;2;106;106;106m██[38;2;82;82;82m██[38;2;106;106;106m████[38;2;255;255;255m██[38;2;106;106;106m██████[38;2;49;49;49m██[38;2;0;0;0m        
[38;2;0;0;0m  [38;2;49;49;49m██[38;2;106;106;106m████[38;2;82;82;82m██[38;2;106;106;106m██[38;2;180;164;131m██[38;2;49;49;49m██[38;2;180;164;131m██[38;2;106;106;106m████[38;2;49;49;49m██[38;2;0;0;0m        
[38;2;0;0;0m  [38;2;49;49;49m██[38;2;106;106;106m██[38;2;82;82;82m████[38;2;106;106;106m██[38;2;180;164;131m██[38;2;49;49;49m██[38;2;180;164;131m██[38;2;106;106;106m██[38;2;82;82;82m██[38;2;49;49;49m██[38;2;0;0;0m        
[38;2;0;0;0m    [38;2;49;49;49m██[38;2;82;82;82m██[38;2;255;255;255m██[38;2;82;82;82m██[38;2;106;106;106m██[38;2;180;164;131m██[38;2;106;106;106m████[38;2;49;49;49m██[38;2;0;0;0m          
[38;2;0;0;0m      [38;2;49;49;49m██[38;2;82;82;82m██[38;2;106;106;106m██[38;2;82;82;82m██[38;2;106;106;106m████[38;2;49;49;49m██[38;2;0;0;0m            
[38;2;0;0;0m    [38;2;49;49;49m██[38;2;255;255;255m██[38;2;189;189;189m██[38;2;82;82;82m████████[38;2;49;49;49m██[38;2;0;0;0m    [38;2;49;49;49m████[38;2;0;0;0m    
[38;2;0;0;0m      [38;2;49;49;49m██[38;2;255;255;255m██████[38;2;189;189;189m██[38;2;255;255;255m██[38;2;82;82;82m██[38;2;49;49;49m████[38;2;106;106;106m██[38;2;82;82;82m██[38;2;49;49;49m██[38;2;0;0;0m  
[38;2;0;0;0m    [38;2;49;49;49m██[38;2;255;255;255m██[38;2;189;189;189m██[38;2;82;82;82m██[38;2;255;255;255m██[38;2;82;82;82m██[38;2;189;189;189m██[38;2;255;255;255m██[38;2;82;82;82m██[38;2;106;106;106m██[38;2;82;82;82m██[38;2;106;106;106m██[38;2;49;49;49m██[38;2;0;0;0m  
[38;2;0;0;0m      [38;2;49;49;49m██████[38;2;255;255;255m██[38;2;82;82;82m████████[38;2;106;106;106m██[38;2;180;164;131m██[38;2;49;49;49m██[38;2;0;0;0m    
[38;2;0;0;0m          [38;2;49;49;49m████[38;2;106;106;106m██[38;2;180;164;131m██[38;2;82;82;82m██[38;2;180;164;131m██[38;2;49;49;49m████[38;2;0;0;0m      
[38;2;0;0;0m              [38;2;49;49;49m████████[38;2;0;0;0m          
[38;2;0;0;0m                                [0m
