
          [38;2;49;49;49m▄                 [0m
         [38;2;49;49;49m[48;2;49;49;49m▀[38;2;255;255;255m[48;2;255;255;255m▀[38;2;49;49;49m[48;2;49;49;49m▀[49m                [0m
         [38;2;49;49;49m[48;2;49;49;49m▀[38;2;255;255;255m[48;2;255;255;255m▀[38;2;189;189;189m[48;2;189;189;189m▀[38;2;49;49;49m[48;2;49;49;49m▀[49m ▄[48;2;255;180;164m▀[49m▄           [0m
         [38;2;49;49;49m[48;2;49;49;49m▀[38;2;189;189;189m[48;2;189;189;189m▀[38;2;82;82;82m[48;2;82;82;82m▀[38;2;255;180;164m[48;2;255;180;164m▀[38;2;49;49;49m[48;2;82;82;82m▀[38;2;255;180;164m[48;2;238;139;115m▀[38;2;238;139;115m▀[38;2;49;49;49m[48;2;82;82;82m▀[49m▄▄▄   ▄▄▄  [0m
  [38;2;49;49;49m▄[48;2;255;180;164m▀▀[48;2;238;139;115m▀[48;2;189;65;49m▀[49m▄  [48;2;49;49;49m▀[38;2;255;180;164m[48;2;238;139;115m▀[38;2;238;139;115m▀▀[48;2;213;98;65m▀[38;2;189;65;49m[48;2;238;139;115m▀▀[38;2;238;139;115m[48;2;213;98;65m▀[48;2;49;49;49m▀[38;2;49;49;49m[49m▀▄[48;2;255;255;255m▀▀[38;2;255;255;255m[48;2;156;156;180m▀▀▀[38;2;49;49;49m[48;2;49;49;49m▀[49m [0m
 [38;2;49;49;49m[48;2;49;49;49m▀[38;2;255;180;164m[48;2;238;139;115m▀[38;2;238;139;115m▀[48;2;213;98;65m▀▀[38;2;213;98;65m[48;2;255;197;41m▀[48;2;82;82;82m▀[38;2;49;49;49m[48;2;189;65;49m▀[48;2;82;82;82m▀[38;2;238;139;115m[48;2;238;139;115m▀▀[48;2;213;98;65m▀[48;2;238;139;115m▀[48;2;255;197;41m▀[48;2;213;98;65m▀[38;2;213;98;65m▀[38;2;82;82;82m[48;2;82;82;82m▀[38;2;49;49;49m[48;2;213;98;65m▀▀[38;2;255;255;255m[48;2;123;123;123m▀[38;2;156;156;180m[48;2;189;189;189m▀▀[38;2;189;189;189m▀▀[48;2;49;49;49m▀[38;2;49;49;49m[49m▀ [0m
 [38;2;49;49;49m▀[38;2;238;139;115m[48;2;49;49;49m▀[38;2;49;49;49m[49m▀▀[38;2;189;65;49m[48;2;49;49;49m▀[38;2;82;82;82m[48;2;189;65;49m▀▀[38;2;189;65;49m[48;2;82;82;82m▀[38;2;82;82;82m[48;2;49;49;49m▀[38;2;213;98;65m▀[38;2;238;139;115m[48;2;213;98;65m▀[38;2;255;197;41m▀[38;2;49;49;49m[48;2;255;197;41m▀[38;2;255;197;41m[48;2;213;98;65m▀[38;2;213;98;65m[48;2;82;82;82m▀[38;2;82;82;82m[48;2;213;98;65m▀[38;2;189;65;49m[48;2;82;82;82m▀[38;2;82;82;82m[48;2;213;98;65m▀[38;2;123;123;123m▀[38;2;189;189;189m[48;2;82;82;82m▀▀▀[38;2;156;156;180m▀[38;2;49;49;49m[48;2;49;49;49m▀[49m   [0m
    [38;2;49;49;49m▀[38;2;213;98;65m[48;2;49;49;49m▀[38;2;189;65;49m▀[38;2;49;49;49m[49m▀▀  ▀[48;2;49;49;49m▀[38;2;82;82;82m[48;2;189;65;49m▀[48;2;82;82;82m▀[38;2;213;98;65m[48;2;189;65;49m▀[38;2;189;65;49m[48;2;49;49;49m▀[38;2;49;49;49m[49m▀[38;2;189;65;49m[48;2;49;49;49m▀[38;2;82;82;82m[48;2;82;82;82m▀[48;2;213;98;65m▀[38;2;213;98;65m[48;2;255;197;41m▀[38;2;238;139;115m[48;2;82;82;82m▀[48;2;238;139;115m▀[48;2;255;180;164m▀[38;2;49;49;49m[48;2;238;139;115m▀[49m▄ [0m
          [38;2;49;49;49m[48;2;49;49;49m▀[48;2;213;98;65m▀[49m▄[48;2;82;82;82m▀[38;2;189;65;49m[48;2;189;65;49m▀[38;2;49;49;49m[48;2;49;49;49m▀[49m▄  [48;2;49;49;49m▀[38;2;213;98;65m[48;2;213;98;65m▀[38;2;82;82;82m▀▀[38;2;238;139;115m[48;2;238;139;115m▀[38;2;255;180;164m▀[48;2;255;180;164m▀[38;2;49;49;49m[48;2;49;49;49m▀[49m [0m
         [38;2;49;49;49m▄[48;2;189;65;49m▀[38;2;82;82;82m[48;2;82;82;82m▀[48;2;123;123;123m▀[38;2;213;98;65m▀[38;2;123;123;123m[48;2;82;82;82m▀[38;2;82;82;82m[48;2;213;98;65m▀[48;2;82;82;82m▀[38;2;49;49;49m[48;2;213;98;65m▀[48;2;49;49;49m▀[49m▀[38;2;213;98;65m[48;2;49;49;49m▀[38;2;82;82;82m[48;2;213;98;65m▀[48;2;189;65;49m▀[38;2;213;98;65m[48;2;82;82;82m▀[38;2;238;139;115m[48;2;238;139;115m▀[48;2;49;49;49m▀[38;2;49;49;49m[49m▀ [0m
       [38;2;49;49;49m▄[48;2;238;139;115m▀[38;2;213;98;65m[48;2;213;98;65m▀[38;2;189;65;49m[48;2;189;65;49m▀[38;2;82;82;82m[48;2;49;49;49m▀[38;2;123;123;123m[48;2;189;65;49m▀[48;2;238;139;115m▀[38;2;213;98;65m[48;2;213;98;65m▀▀[38;2;189;65;49m[48;2;49;49;49m▀[38;2;82;82;82m[48;2;189;65;49m▀[38;2;49;49;49m▀[49m▄ ▀▀▀▀   [0m
       [38;2;49;49;49m[48;2;49;49;49m▀[38;2;189;65;49m[48;2;189;189;189m▀[38;2;213;98;65m[48;2;49;49;49m▀[38;2;49;49;49m[49m▀ ▀[38;2;213;98;65m[48;2;49;49;49m▀▀[38;2;49;49;49m[49m▀ [48;2;49;49;49m▀[38;2;189;65;49m[48;2;189;65;49m▀[38;2;213;98;65m[48;2;213;98;65m▀[38;2;49;49;49m▀[49m▄      [0m
       [38;2;49;49;49m▀▀         [48;2;49;49;49m▀[38;2;213;98;65m[48;2;213;98;65m▀[38;2;238;139;115m[48;2;189;65;49m▀[38;2;49;49;49m[48;2;49;49;49m▀[49m      [0m
                   [38;2;49;49;49m▀[38;2;189;189;189m[48;2;49;49;49m▀[38;2;49;49;49m▀[49m      [0m
                            [0m
