
[38;2;0;0;0m                                                              
[38;2;0;0;0m    [38;2;49;49;49m██[38;2;0;0;0m  [38;2;49;49;49m██[38;2;0;0;0m          [38;2;49;49;49m████████[38;2;0;0;0m                                  
[38;2;0;0;0m  [38;2;49;49;49m██[38;2;205;115;131m██[38;2;49;49;49m██[38;2;205;115;131m██[38;2;49;49;49m██[38;2;0;0;0m    [38;2;49;49;49m████[38;2;189;90;106m██[38;2;205;115;131m████[38;2;189;90;106m██[38;2;49;49;49m████[38;2;0;0;0m                              
[38;2;0;0;0m  [38;2;49;49;49m██[38;2;189;90;106m██[38;2;82;82;82m██[38;2;189;90;106m████[38;2;49;49;49m████[38;2;189;90;106m██[38;2;205;115;131m██[38;2;139;65;82m██[38;2;189;90;106m██████[38;2;164;106;238m██[38;2;189;90;106m██[38;2;49;49;49m██[38;2;0;0;0m                            
[38;2;0;0;0m    [38;2;49;49;49m██[38;2;189;90;106m██[38;2;82;82;82m██[38;2;189;90;106m██[38;2;164;106;238m██[38;2;82;82;82m██[38;2;139;65;82m██[38;2;189;90;106m████[38;2;139;65;82m██[38;2;189;90;106m██[38;2;164;106;238m██[38;2;189;90;106m██[38;2;164;106;238m██[38;2;49;49;49m██[38;2;0;0;0m                [38;2;49;49;49m██[38;2;0;0;0m          
[38;2;0;0;0m    [38;2;49;49;49m██[38;2;139;90;205m██[38;2;82;82;82m██[38;2;164;106;238m██[38;2;189;90;106m██[38;2;82;82;82m██[38;2;189;90;106m██[38;2;139;65;82m██[38;2;189;90;106m██[38;2;139;65;82m██[38;2;189;90;106m██[38;2;164;106;238m████[38;2;189;90;106m██[38;2;139;65;82m██[38;2;49;49;49m██[38;2;0;0;0m            [38;2;49;49;49m██[38;2;205;115;131m██[38;2;49;49;49m██[38;2;0;0;0m  [38;2;49;49;49m██[38;2;0;0;0m    
[38;2;0;0;0m      [38;2;49;49;49m██[38;2;189;90;106m██[38;2;82;82;82m██[38;2;164;106;238m██[38;2;189;90;106m██[38;2;82;82;82m██[38;2;189;90;106m██[38;2;139;65;82m████[38;2;189;90;106m██████[38;2;139;65;82m██[38;2;189;90;106m██[38;2;49;49;49m██[38;2;0;0;0m            [38;2;49;49;49m██[38;2;189;90;106m██[38;2;82;82;82m██[38;2;49;49;49m██[38;2;205;115;131m██[38;2;49;49;49m██[38;2;0;0;0m  
[38;2;0;0;0m        [38;2;49;49;49m██[38;2;139;65;82m██[38;2;82;82;82m████[38;2;189;90;106m██[38;2;106;106;106m██[38;2;189;148;106m██[38;2;82;82;82m██[38;2;164;106;238m██[38;2;139;65;82m████[38;2;189;90;106m██[38;2;164;106;238m██[38;2;49;49;49m██[38;2;0;0;0m            [38;2;49;49;49m██[38;2;164;106;238m██[38;2;82;82;82m██[38;2;49;49;49m██[38;2;189;90;106m██[38;2;49;49;49m██[38;2;0;0;0m  
[38;2;0;0;0m          [38;2;49;49;49m██[38;2;189;90;106m████[38;2;82;82;82m██[38;2;49;49;49m██[38;2;246;246;41m██[38;2;82;82;82m████[38;2;189;90;106m████[38;2;164;106;238m██[38;2;49;49;49m██[38;2;0;0;0m            [38;2;49;49;49m██[38;2;189;90;106m████[38;2;82;82;82m██[38;2;139;65;82m██[38;2;164;106;238m██[38;2;49;49;49m██[38;2;0;0;0m  
[38;2;0;0;0m          [38;2;49;49;49m██[38;2;189;90;106m██[38;2;82;82;82m██[38;2;106;106;106m████████[38;2;82;82;82m██[38;2;164;106;238m██[38;2;189;90;106m██[38;2;164;106;238m██[38;2;49;49;49m██[38;2;0;0;0m        [38;2;49;49;49m██████[38;2;164;106;238m████[38;2;82;82;82m██[38;2;189;90;106m████[38;2;49;49;49m██[38;2;0;0;0m  
[38;2;0;0;0m            [38;2;49;49;49m██[38;2;106;106;106m██[38;2;49;49;49m████[38;2;82;82;82m██[38;2;106;106;106m██[38;2;82;82;82m████[38;2;139;65;82m████[38;2;189;90;106m██[38;2;49;49;49m██[38;2;0;0;0m  [38;2;49;49;49m████[38;2;205;115;131m████[38;2;82;82;82m██[38;2;189;90;106m██[38;2;139;65;82m██[38;2;164;106;238m████[38;2;189;90;106m██[38;2;49;49;49m██[38;2;0;0;0m  
[38;2;0;0;0m              [38;2;49;49;49m██[38;2;0;0;0m    [38;2;49;49;49m██[38;2;106;106;106m████[38;2;139;65;82m██[38;2;189;90;106m████[38;2;164;106;238m██[38;2;49;49;49m████[38;2;205;115;131m██[38;2;139;65;82m██[38;2;189;90;106m██████[38;2;82;82;82m██[38;2;139;65;82m██[38;2;189;90;106m██[38;2;49;49;49m████[38;2;0;0;0m    
[38;2;0;0;0m                  [38;2;49;49;49m██[38;2;164;106;238m██[38;2;106;106;106m██[38;2;82;82;82m██[38;2;189;90;106m████[38;2;164;106;238m██[38;2;139;65;82m██[38;2;189;90;106m██[38;2;139;65;82m████[38;2;189;90;106m██[38;2;139;65;82m██[38;2;189;90;106m██[38;2;164;106;238m██[38;2;189;90;106m██[38;2;49;49;49m████[38;2;0;0;0m        
[38;2;0;0;0m                  [38;2;49;49;49m██[38;2;82;82;82m████[38;2;164;106;238m██[38;2;189;90;106m████[38;2;139;65;82m██[38;2;189;90;106m██[38;2;139;65;82m██[38;2;189;90;106m██[38;2;139;65;82m██[38;2;189;90;106m██[38;2;164;106;238m██[38;2;139;65;82m██[38;2;164;106;238m████[38;2;49;49;49m██[38;2;0;0;0m          
[38;2;0;0;0m                [38;2;49;49;49m██[38;2;164;106;238m██[38;2;106;106;106m██[38;2;82;82;82m████[38;2;139;65;82m████[38;2;189;90;106m██[38;2;164;106;238m██[38;2;139;65;82m██[38;2;189;90;106m██[38;2;164;106;238m██[38;2;139;65;82m██[38;2;164;106;238m██[38;2;139;65;82m██[38;2;189;90;106m████[38;2;139;65;82m██[38;2;49;49;49m██[38;2;0;0;0m        
[38;2;0;0;0m                [38;2;49;49;49m██[38;2;82;82;82m██[38;2;106;106;106m████[38;2;82;82;82m██[38;2;189;90;106m████[38;2;164;106;238m██[38;2;189;90;106m██[38;2;139;65;82m██[38;2;189;90;106m██[38;2;164;106;238m██[38;2;139;65;82m██[38;2;189;90;106m██[38;2;139;65;82m██████[38;2;189;90;106m██[38;2;49;49;49m██[38;2;0;0;0m        
[38;2;0;0;0m                [38;2;49;49;49m██[38;2;106;106;106m████[38;2;82;82;82m██[38;2;164;106;238m██[38;2;189;90;106m████[38;2;164;106;238m██[38;2;189;90;106m██[38;2;139;65;82m██[38;2;189;90;106m████[38;2;139;65;82m████[38;2;82;82;82m██[38;2;49;49;49m██[38;2;139;65;82m██[38;2;189;90;106m██[38;2;49;49;49m██[38;2;0;0;0m        
[38;2;0;0;0m                [38;2;49;49;49m██[38;2;106;106;106m████[38;2;82;82;82m██████[38;2;189;90;106m██[38;2;139;90;205m██[38;2;139;65;82m██[38;2;189;90;106m████[38;2;82;82;82m██[38;2;139;90;205m██[38;2;49;49;49m████[38;2;0;0;0m  [38;2;49;49;49m██[38;2;82;82;82m██[38;2;49;49;49m██[38;2;0;0;0m        
[38;2;0;0;0m              [38;2;49;49;49m██[38;2;82;82;82m██████[38;2;106;106;106m████[38;2;82;82;82m██[38;2;139;65;82m██[38;2;189;90;106m████[38;2;106;106;106m██[38;2;49;49;49m██████[38;2;0;0;0m      [38;2;49;49;49m████[38;2;0;0;0m          
[38;2;0;0;0m              [38;2;49;49;49m██[38;2;106;106;106m██[38;2;49;49;49m████[38;2;82;82;82m████████[38;2;189;90;106m████[38;2;49;49;49m██[38;2;0;0;0m                          
[38;2;0;0;0m              [38;2;49;49;49m████[38;2;0;0;0m    [38;2;49;49;49m██████[38;2;82;82;82m██[38;2;189;90;106m██[38;2;139;65;82m██[38;2;49;49;49m██[38;2;0;0;0m                          
[38;2;0;0;0m                            [38;2;49;49;49m██[38;2;106;106;106m██[38;2;49;49;49m██[38;2;0;0;0m                            
[38;2;0;0;0m                            [38;2;49;49;49m████[38;2;0;0;0m                              
[38;2;0;0;0m                                                              [0m
