
        [38;2;0;0;0m▄           [0m
      [38;2;0;4;0m▄[48;2;206;107;70m▀[38;2;206;107;70m▀[38;2;0;0;0m[48;2;0;0;0m▀[49m     ▄▄▄▄ [0m
     [38;2;0;4;0m▄[48;2;210;105;66m▀[38;2;206;107;70m▀[48;2;206;107;70m▀▀[38;2;0;0;0m[48;2;0;0;0m▀[49m [38;2;16;0;0m▄[38;2;0;0;0m[48;2;175;115;74m▀[48;2;209;107;68m▀[38;2;206;107;70m▀[48;2;206;107;70m▀[48;2;0;4;0m▀[38;2;0;0;0m[49m▀ [0m
     [38;2;0;4;0m[48;2;0;4;0m▀[38;2;210;105;66m[48;2;239;173;116m▀[38;2;239;173;111m[48;2;255;255;255m▀[38;2;239;178;113m[48;2;222;189;86m▀[48;2;255;255;255m▀[38;2;239;173;111m[48;2;96;96;96m▀[38;2;0;0;0m[48;2;255;255;255m▀[38;2;255;173;111m▀[48;2;233;184;100m▀[38;2;209;107;68m[48;2;197;185;152m▀▀[38;2;206;107;70m[48;2;0;4;0m▀[38;2;0;4;0m[49m▀  [0m
     [38;2;0;4;0m▀[38;2;255;255;255m[48;2;0;4;0m▀[48;2;255;255;255m▀[38;2;222;189;86m[48;2;222;189;86m▀[38;2;255;255;255m[48;2;96;96;99m▀[38;2;96;96;96m[48;2;255;255;255m▀[38;2;255;255;255m[48;2;222;189;86m▀[38;2;233;184;100m▀[38;2;255;255;255m[48;2;255;255;255m▀[38;2;255;247;207m[48;2;66;66;66m▀[38;2;82;61;42m[48;2;255;255;255m▀[38;2;66;65;66m▀[38;2;0;4;0m[48;2;0;4;0m▀[49m  [0m
      [38;2;0;4;0m▀[38;2;255;255;255m[48;2;0;4;0m▀[38;2;222;189;86m[48;2;255;255;255m▀[38;2;96;96;99m▀[38;2;222;189;86m[48;2;222;189;86m▀[48;2;255;255;255m▀[38;2;255;255;255m▀[48;2;0;4;0m▀▀▀[38;2;0;4;0m[49m▀   [0m
      [38;2;0;4;0m▄[48;2;255;255;255m▀[38;2;96;96;96m▀[38;2;255;255;255m▀▀[48;2;96;96;96m▀[38;2;0;4;0m[48;2;0;4;0m▀[49m       [0m
    [38;2;0;12;8m▄[38;2;0;4;0m[48;2;69;46;31m▀[38;2;255;255;255m[48;2;225;189;84m▀▀[48;2;255;255;255m▀▀[48;2;160;162;164m▀[48;2;255;255;255m▀▀[38;2;0;4;0m[48;2;170;175;173m▀[48;2;247;255;255m▀[49m▄    [0m
    [38;2;0;12;8m[48;2;0;4;0m▀[38;2;206;115;78m[48;2;173;173;173m▀[38;2;225;189;84m[48;2;74;74;74m▀[48;2;255;255;255m▀[38;2;222;189;86m[48;2;222;189;86m▀▀[38;2;255;255;255m[48;2;24;0;0m▀[38;2;66;70;74m[48;2;140;115;105m▀[38;2;170;175;173m[48;2;170;176;170m▀[38;2;255;255;255m▀[38;2;123;129;127m[48;2;255;255;255m▀[38;2;0;4;0m▀[49m▄   [0m
     [38;2;0;4;0m▀[38;2;164;164;164m[48;2;0;4;0m▀▀[38;2;255;255;255m[48;2;173;173;173m▀▀[38;2;198;173;158m[48;2;198;173;158m▀[48;2;107;66;51m▀[38;2;170;176;170m[48;2;85;85;85m▀[38;2;66;66;66m[48;2;0;0;0m▀[38;2;0;4;0m[49m▀▀    [0m
  [38;2;0;4;0m▄▄▄  ▄[48;2;255;255;255m▀[38;2;173;173;173m▀[38;2;107;66;51m▀[38;2;152;119;104m▀[38;2;255;255;255m[48;2;82;85;82m▀[48;2;247;255;247m▀[38;2;0;4;0m[48;2;255;255;255m▀▀[48;2;82;85;82m▀[38;2;0;0;0m[49m▄  [0m
 [38;2;0;4;0m[48;2;0;4;0m▀[38;2;206;107;70m[48;2;126;73;51m▀[38;2;137;73;47m▀[38;2;206;107;70m[48;2;132;82;36m▀[38;2;0;4;0m[48;2;239;255;247m▀[38;2;0;0;0m[49m▄[38;2;0;4;0m[48;2;255;255;255m▀[38;2;170;175;173m▀[38;2;255;255;255m[48;2;170;171;170m▀[48;2;173;173;173m▀[38;2;170;175;173m[48;2;8;8;0m▀[38;2;0;0;0m[49m▀▀[38;2;255;255;255m[48;2;0;4;0m▀[38;2;170;175;173m▀[38;2;247;255;247m▀[38;2;0;0;0m[49m▀  [0m
  [38;2;0;4;0m▀▀[38;2;203;197;177m[48;2;0;4;0m▀[38;2;168;140;106m[48;2;222;189;86m▀[38;2;255;255;255m[48;2;173;173;173m▀[38;2;85;85;85m[48;2;0;4;0m▀[38;2;0;4;0m[49m▀▀[38;2;173;173;173m[48;2;16;0;0m▀[38;2;63;63;58m[48;2;189;165;157m▀[38;2;0;4;0m[48;2;82;55;42m▀[38;2;0;8;8m[49m▄      [0m
     [38;2;0;4;0m▀▀  [48;2;0;4;0m▀[38;2;102;82;78m[48;2;206;107;70m▀[48;2;137;73;47m▀[38;2;123;78;59m[48;2;206;107;70m▀[48;2;137;73;47m▀[38;2;0;4;0m[48;2;0;4;0m▀[49m     [0m
          [38;2;0;4;0m▀▀▀▀      [0m
