
        [38;2;0;0;0m▄▄           [0m
    [38;2;0;0;0m▄[48;2;255;132;111m▀[38;2;247;127;111m[48;2;165;87;79m▀[38;2;255;127;103m[48;2;165;61;77m▀[38;2;222;86;89m[48;2;222;86;89m▀▀[38;2;222;86;86m[48;2;222;86;86m▀[38;2;74;37;37m[48;2;222;94;94m▀[38;2;0;8;8m[48;2;0;8;8m▀[49m        [0m
   [38;2;0;0;0m[48;2;0;0;0m▀[38;2;255;132;111m[48;2;156;66;76m▀[38;2;160;66;76m[48;2;222;88;89m▀[38;2;66;66;66m[48;2;222;86;89m▀[38;2;222;86;89m[48;2;66;66;66m▀[38;2;222;86;86m[48;2;222;86;86m▀[38;2;66;66;66m[48;2;66;66;66m▀[38;2;222;86;86m[48;2;222;86;89m▀[48;2;66;66;66m▀[38;2;66;66;66m[48;2;222;86;86m▀[38;2;0;0;0m[48;2;0;0;0m▀[49m       [0m
    [38;2;222;88;89m[48;2;156;66;76m▀[48;2;222;88;89m▀[38;2;222;86;89m[48;2;222;86;89m▀[38;2;206;93;88m[48;2;181;57;85m▀[38;2;156;66;76m[48;2;255;165;87m▀▀[38;2;208;107;86m[48;2;162;57;76m▀[38;2;222;86;86m[48;2;66;66;66m▀[48;2;222;86;86m▀[49m        [0m
  [38;2;0;0;0m▄[48;2;255;255;231m▀[38;2;255;156;95m[48;2;255;165;87m▀[38;2;162;57;76m▀[38;2;156;66;76m▀[38;2;255;168;90m▀[38;2;255;165;87m[48;2;90;90;85m▀[38;2;66;66;66m▀[38;2;255;165;87m[48;2;66;66;66m▀[48;2;255;168;90m▀▀[49m        [0m
   [38;2;8;0;0m[48;2;8;0;0m▀[38;2;255;255;255m[48;2;255;255;255m▀[38;2;200;195;190m[48;2;200;195;190m▀[38;2;74;61;50m[48;2;195;185;165m▀[38;2;255;165;87m[48;2;255;165;87m▀[38;2;255;255;255m[48;2;255;255;255m▀[38;2;66;66;66m▀[38;2;255;255;255m▀[38;2;255;165;87m[48;2;192;146;67m▀▀[38;2;0;0;0m[48;2;0;0;0m▀[49m       [0m
    [38;2;8;8;0m[48;2;255;206;71m▀[38;2;173;118;63m[48;2;66;66;66m▀[38;2;189;140;69m[48;2;192;154;69m▀[38;2;206;140;54m[48;2;192;148;69m▀[38;2;151;137;92m▀▀[48;2;66;66;66m▀[38;2;189;148;69m[48;2;90;70;42m▀[38;2;0;0;0m[49m▀        [0m
   [38;2;0;0;0m[48;2;0;0;0m▀[38;2;255;206;71m[48;2;66;61;66m▀[48;2;192;158;69m▀[38;2;66;66;66m[48;2;255;206;68m▀[48;2;255;206;71m▀[48;2;192;148;67m▀▀[38;2;192;148;69m[48;2;66;66;66m▀[38;2;181;140;77m[48;2;189;148;69m▀[38;2;0;0;8m[48;2;0;0;0m▀[49m        [0m
  [38;2;0;0;0m[48;2;127;82;47m▀[38;2;173;130;63m[48;2;255;165;95m▀[38;2;0;0;0m[49m▀[48;2;0;0;0m▀[38;2;198;148;78m[48;2;134;124;100m▀[38;2;192;148;69m[48;2;132;132;108m▀[38;2;66;57;42m[48;2;170;122;63m▀[48;2;0;4;0m▀[38;2;189;148;69m[49m▀[38;2;90;70;42m[48;2;0;0;0m▀[38;2;0;0;8m[48;2;255;165;87m▀[49m   [38;2;0;0;0m▄[38;2;222;86;89m▄[38;2;0;0;0m▄  [0m
 [38;2;0;0;0m▀[38;2;255;165;95m[48;2;255;189;87m▀[38;2;127;82;47m[48;2;255;206;71m▀[38;2;255;189;87m[49m▄[38;2;0;0;0m[48;2;85;68;40m▀[38;2;74;99;106m[48;2;78;90;106m▀[38;2;78;90;106m▀[38;2;255;181;95m[48;2;255;165;87m▀[38;2;0;4;0m[48;2;82;82;66m▀[38;2;0;0;0m[48;2;255;173;103m▀[38;2;255;165;87m[48;2;123;71;51m▀[48;2;255;165;87m▀[38;2;0;0;0m[49m▄ ▄[48;2;0;0;0m▀[38;2;222;86;89m[48;2;173;110;66m▀[38;2;0;0;0m[48;2;255;206;71m▀[49m  [0m
  [38;2;0;0;0m▀[38;2;255;206;71m[48;2;0;0;0m▀[38;2;255;206;68m[48;2;192;148;67m▀▀[38;2;131;131;107m[48;2;255;206;71m▀▀[38;2;82;82;66m▀[38;2;255;206;71m▀[38;2;82;82;66m[48;2;193;146;69m▀[38;2;255;206;71m[48;2;192;148;69m▀[38;2;66;61;66m▀[38;2;192;148;69m▀[38;2;0;0;0m[48;2;192;148;67m▀[38;2;66;61;66m[48;2;189;148;69m▀[38;2;255;198;71m▀[38;2;255;206;71m[48;2;0;0;0m▀[38;2;189;148;69m▀[38;2;0;0;0m[49m▀ [0m
    [38;2;192;148;67m▀▀[38;2;0;0;16m▀[38;2;0;0;0m▀[38;2;255;206;71m▀[38;2;193;146;69m[48;2;0;0;0m▀▀[38;2;192;148;69m▀[38;2;66;66;66m[49m▀[38;2;192;148;69m▀[38;2;192;148;67m▀[38;2;189;148;69m▀[38;2;0;0;0m▀    [0m
                     [0m
