
                   [38;2;0;0;0m▄                   [0m
                  [38;2;0;0;0m[48;2;0;0;0m▀[38;2;128;208;112m[48;2;128;208;112m▀[38;2;0;0;0m[48;2;0;0;0m▀[49m                  [0m
                  [38;2;0;0;0m[48;2;0;0;0m▀[38;2;128;208;112m[48;2;80;144;104m▀[38;2;200;192;120m[48;2;200;192;120m▀[38;2;0;0;0m[48;2;0;0;0m▀[49m          ▄▄[48;2;128;208;112m▀▀[49m▄  [0m
                  [38;2;0;0;0m[48;2;0;0;0m▀[38;2;80;144;104m[48;2;80;144;104m▀[38;2;200;192;120m[48;2;200;192;120m▀[38;2;0;0;0m[48;2;0;0;0m▀[49m        ▄[48;2;128;208;112m▀[38;2;128;208;112m[48;2;80;144;104m▀▀[38;2;80;144;104m[48;2;248;240;176m▀[38;2;0;0;0m[48;2;0;0;0m▀[49m   [0m
           [38;2;0;0;0m▄[48;2;80;144;104m▀[49m▄▄  [48;2;0;0;0m▀[38;2;128;208;112m[48;2;144;208;88m▀[38;2;64;64;64m[48;2;64;64;64m▀[38;2;200;192;120m[48;2;200;192;120m▀▀[38;2;0;0;0m[48;2;0;0;0m▀[49m     ▄[48;2;128;208;112m▀[38;2;128;208;112m[48;2;80;144;104m▀[38;2;80;144;104m▀[48;2;248;240;176m▀[38;2;248;240;176m▀[48;2;0;0;0m▀[38;2;0;0;0m[49m▀   [0m
           [38;2;0;0;0m▀[38;2;80;144;104m[48;2;0;0;0m▀[48;2;80;144;104m▀▀[38;2;0;0;0m[48;2;128;208;112m▀[48;2;56;104;80m▀[38;2;144;208;88m[48;2;144;208;88m▀▀[38;2;128;208;112m[48;2;128;208;112m▀[38;2;64;64;64m[48;2;64;64;64m▀[38;2;200;192;120m[48;2;200;192;120m▀[38;2;0;0;0m[48;2;0;0;0m▀[49m ▄▄▄[48;2;64;64;64m▀[38;2;64;64;64m[48;2;128;208;112m▀[38;2;128;208;112m[48;2;80;144;104m▀[38;2;80;144;104m[48;2;248;240;176m▀[38;2;248;240;176m▀▀[48;2;0;0;0m▀[38;2;0;0;0m[49m▀    [0m
            [38;2;0;0;0m[48;2;0;0;0m▀[38;2;80;144;104m[48;2;128;208;112m▀[38;2;128;208;112m▀[38;2;56;104;80m[48;2;144;208;88m▀[38;2;144;208;88m▀▀▀▀[38;2;128;208;112m[48;2;128;208;112m▀[38;2;64;64;64m▀▀[38;2;0;0;0m▀[38;2;128;208;112m▀▀[48;2;64;64;64m▀[38;2;64;64;64m[48;2;80;144;104m▀[38;2;128;208;112m[48;2;56;104;80m▀[38;2;80;144;104m[48;2;248;240;176m▀[38;2;248;240;176m▀▀[48;2;0;0;0m▀[38;2;0;0;0m[49m▀     [0m
          [38;2;0;0;0m▄[48;2;128;208;112m▀[38;2;80;144;104m▀[38;2;128;208;112m▀[38;2;144;208;88m▀[48;2;144;208;88m▀▀▀[48;2;128;208;112m▀[38;2;128;208;112m▀▀▀▀▀[48;2;64;64;64m▀[38;2;64;64;64m▀[48;2;80;144;104m▀[38;2;80;144;104m[48;2;56;104;80m▀[38;2;56;104;80m[48;2;200;192;120m▀[38;2;200;192;120m▀[38;2;248;240;176m▀[38;2;0;0;0m[48;2;0;0;0m▀[38;2;208;208;208m▀[38;2;0;0;0m[48;2;248;240;176m▀▀▀▀[49m▄ [0m
         [38;2;0;0;0m▄[48;2;64;64;64m▀[38;2;128;208;112m[48;2;80;144;104m▀[48;2;128;208;112m▀▀▀▀[48;2;144;208;88m▀▀[48;2;128;208;112m▀▀[48;2;56;104;80m▀[48;2;80;144;104m▀[38;2;56;104;80m▀[48;2;0;0;0m▀[38;2;0;0;0m[49m▀[38;2;64;64;64m[48;2;0;0;0m▀[38;2;80;144;104m[48;2;80;144;104m▀[38;2;56;104;80m[48;2;56;104;80m▀[38;2;200;192;120m[48;2;200;192;120m▀[48;2;80;88;104m▀[38;2;80;88;104m[48;2;200;192;120m▀[38;2;248;240;176m[48;2;248;240;176m▀▀▀▀[48;2;0;0;0m▀[38;2;0;0;0m[49m▀  [0m
         [38;2;0;0;0m[48;2;0;0;0m▀[38;2;80;144;104m[48;2;80;144;104m▀[38;2;64;64;64m[48;2;64;64;64m▀[38;2;128;208;112m[48;2;128;208;112m▀▀[38;2;80;144;104m[48;2;80;144;104m▀[38;2;144;208;88m[48;2;128;208;112m▀▀[38;2;128;208;112m[48;2;0;0;0m▀[48;2;56;104;80m▀[38;2;56;104;80m[48;2;248;248;248m▀[38;2;248;248;248m▀[38;2;80;144;104m[48;2;56;104;80m▀[48;2;80;144;104m▀[38;2;0;0;0m[48;2;64;64;64m▀[49m▄[48;2;64;64;64m▀[38;2;64;64;64m[48;2;128;208;112m▀▀▀[38;2;200;192;120m[48;2;64;64;64m▀▀[48;2;0;0;0m▀[38;2;248;240;176m▀[38;2;0;0;0m[49m▀▀    [0m
          [38;2;0;0;0m▀[38;2;80;144;104m[48;2;0;0;0m▀[38;2;64;64;64m[48;2;64;64;64m▀[38;2;128;208;112m[48;2;128;208;112m▀▀[38;2;80;144;104m▀[38;2;64;64;64m▀[38;2;0;0;0m▀[38;2;248;248;248m▀[48;2;80;144;104m▀[38;2;80;144;104m▀▀[48;2;64;64;64m▀▀[38;2;64;64;64m▀[38;2;128;208;112m[48;2;128;208;112m▀[38;2;144;208;88m[48;2;144;208;88m▀▀[38;2;128;208;112m[48;2;128;208;112m▀▀[38;2;0;0;0m[48;2;0;0;0m▀[49m        [0m
        [38;2;0;0;0m▄[48;2;128;208;112m▀▀[38;2;64;64;64m[48;2;64;64;64m▀[38;2;128;208;112m[48;2;128;208;112m▀[48;2;56;104;80m▀[48;2;128;208;112m▀▀▀[48;2;64;64;64m▀[38;2;80;144;104m▀▀[38;2;64;64;64m[48;2;200;192;120m▀▀[38;2;200;192;120m▀[38;2;64;64;64m[48;2;80;88;104m▀[48;2;128;208;112m▀[38;2;128;208;112m[48;2;64;64;64m▀[48;2;128;208;112m▀▀[48;2;80;144;104m▀[38;2;80;144;104m[48;2;200;192;120m▀[38;2;0;0;0m[48;2;0;0;0m▀[49m        [0m
      [38;2;0;0;0m▄▄[48;2;128;208;112m▀[38;2;128;208;112m[48;2;80;144;104m▀[38;2;80;144;104m[48;2;184;200;200m▀[38;2;128;208;112m[48;2;80;144;104m▀[38;2;64;64;64m[48;2;0;0;0m▀[38;2;128;208;112m▀[48;2;64;64;64m▀[38;2;64;64;64m[48;2;80;144;104m▀[48;2;64;64;64m▀[38;2;128;208;112m[48;2;128;208;112m▀[38;2;80;88;104m▀[38;2;248;240;176m[48;2;80;88;104m▀▀▀[38;2;80;88;104m▀[48;2;128;208;112m▀[38;2;128;208;112m▀[48;2;80;144;104m▀[38;2;64;64;64m[48;2;64;64;64m▀[48;2;80;144;104m▀[48;2;64;64;64m▀[38;2;200;192;120m[48;2;80;144;104m▀[38;2;80;144;104m▀[38;2;0;0;0m[48;2;0;0;0m▀[49m       [0m
   [38;2;0;0;0m▄[48;2;128;208;112m▀[48;2;80;144;104m▀[38;2;128;208;112m▀[38;2;80;144;104m[48;2;184;200;200m▀▀[38;2;184;200;200m▀▀[38;2;0;0;0m[48;2;0;0;0m▀[49m  [48;2;0;0;0m▀[38;2;80;144;104m[48;2;80;144;104m▀▀[38;2;64;64;64m▀[38;2;80;144;104m[48;2;64;64;64m▀[38;2;80;88;104m▀[38;2;80;144;104m▀[38;2;80;88;104m▀[38;2;80;144;104m[48;2;80;144;104m▀▀[48;2;64;64;64m▀[38;2;64;64;64m[48;2;80;144;104m▀[38;2;80;144;104m▀▀[48;2;64;64;64m▀[38;2;64;64;64m▀[38;2;128;208;112m▀[48;2;128;208;112m▀[38;2;0;0;0m[48;2;0;0;0m▀[49m      [0m
 [38;2;0;0;0m▄[48;2;128;208;112m▀[38;2;128;208;112m[48;2;80;144;104m▀[38;2;80;144;104m[48;2;184;200;200m▀[38;2;184;200;200m▀[48;2;0;0;0m▀▀[38;2;0;0;0m[49m▀▀▀    ▀[38;2;80;144;104m[48;2;0;0;0m▀[48;2;80;88;104m▀[38;2;64;64;64m[48;2;64;64;64m▀[38;2;80;144;104m▀[38;2;200;192;120m[48;2;80;144;104m▀▀[38;2;64;64;64m▀[48;2;64;64;64m▀[38;2;80;144;104m[48;2;80;144;104m▀[48;2;64;64;64m▀[38;2;64;64;64m[48;2;128;208;112m▀▀[38;2;128;208;112m▀[48;2;80;144;104m▀[38;2;64;64;64m[48;2;128;208;112m▀[38;2;0;0;0m[48;2;0;0;0m▀[49m       [0m
 [38;2;0;0;0m[48;2;0;0;0m▀[38;2;128;208;112m[48;2;128;208;112m▀[38;2;80;144;104m[48;2;0;0;0m▀[38;2;0;0;0m[49m▀▀         [48;2;0;0;0m▀[38;2;80;144;104m[48;2;80;144;104m▀[38;2;200;192;120m[48;2;80;88;104m▀▀[38;2;64;64;64m[48;2;80;144;104m▀[38;2;56;104;80m[48;2;64;64;64m▀[48;2;0;0;0m▀[48;2;80;144;104m▀▀[38;2;64;64;64m[48;2;64;64;64m▀[38;2;128;208;112m[48;2;128;208;112m▀[48;2;80;144;104m▀[38;2;80;144;104m[48;2;248;248;248m▀[48;2;184;200;200m▀[38;2;248;248;248m[48;2;248;248;248m▀[38;2;64;64;64m[48;2;64;64;64m▀[38;2;0;0;0m[48;2;128;208;112m▀[49m▄      [0m
  [38;2;0;0;0m▀          ▄[48;2;184;200;200m▀[38;2;80;144;104m[48;2;80;88;104m▀▀▀[48;2;80;144;104m▀[48;2;0;0;0m▀[38;2;0;0;0m[49m▀ ▀[38;2;64;64;64m[48;2;0;0;0m▀[38;2;128;208;112m[48;2;128;208;112m▀[48;2;80;144;104m▀[38;2;80;144;104m[48;2;248;248;248m▀[38;2;184;200;200m[48;2;184;200;200m▀[38;2;248;248;248m[48;2;64;64;64m▀[38;2;64;64;64m[48;2;128;208;112m▀[38;2;128;208;112m▀▀[38;2;0;0;0m▀[49m▄     [0m
              [38;2;0;0;0m▀[38;2;248;248;248m[48;2;0;0;0m▀[38;2;0;0;0m[49m▀[38;2;248;248;248m[48;2;0;0;0m▀[38;2;0;0;0m[49m▀    [48;2;0;0;0m▀[38;2;128;208;112m[48;2;128;208;112m▀[38;2;80;144;104m[48;2;80;144;104m▀[38;2;184;200;200m[48;2;248;248;248m▀[38;2;248;248;248m[48;2;64;64;64m▀[38;2;64;64;64m[48;2;128;208;112m▀[38;2;128;208;112m[48;2;80;88;104m▀[48;2;128;208;112m▀[48;2;80;88;104m▀[48;2;128;208;112m▀[38;2;0;0;0m[48;2;0;0;0m▀[49m     [0m
                        [38;2;0;0;0m[48;2;0;0;0m▀[38;2;128;208;112m[48;2;128;208;112m▀[38;2;248;248;248m[48;2;248;248;248m▀[38;2;64;64;64m[48;2;0;0;0m▀[38;2;0;0;0m[49m▀[38;2;248;248;248m[48;2;0;0;0m▀[38;2;0;0;0m[49m▀[38;2;248;248;248m[48;2;0;0;0m▀[38;2;0;0;0m[49m▀      [0m
                         [38;2;0;0;0m▀[38;2;248;248;248m[48;2;0;0;0m▀[38;2;0;0;0m[49m▀           [0m
                                       [0m
