
         [38;2;49;49;49m▄▄▄▄               [0m
      [38;2;49;49;49m▄[48;2;255;255;255m▀[48;2;106;197;246m▀[38;2;106;197;246m▀▀▀▀[38;2;49;49;49m▀▀[49m▄            [0m
 [38;2;49;49;49m[48;2;49;49;49m▀[48;2;205;205;205m▀▀[49m▄[48;2;82;82;82m▀[38;2;82;82;82m[48;2;123;123;123m▀[38;2;49;49;49m[48;2;106;197;246m▀[38;2;106;197;246m▀[48;2;123;123;123m▀[48;2;106;197;246m▀[38;2;65;156;205m[48;2;255;255;255m▀[38;2;106;197;246m[48;2;82;82;82m▀[48;2;106;197;246m▀▀[38;2;49;49;49m[48;2;65;156;205m▀[49m▄     ▄▄    [0m
 [38;2;49;49;49m▄[48;2;205;205;205m▀[38;2;123;123;123m▀[38;2;205;205;205m[48;2;123;123;123m▀▀[48;2;82;82;82m▀[38;2;123;123;123m[48;2;246;222;164m▀[38;2;106;197;246m[48;2;123;123;123m▀▀[48;2;82;82;82m▀[38;2;49;49;49m▀▀[38;2;106;197;246m[48;2;65;156;205m▀[38;2;65;156;205m▀▀[38;2;49;49;49m▀[49m▄▄ ▄[48;2;65;156;205m▀[38;2;65;156;205m[48;2;82;82;82m▀[38;2;82;82;82m[48;2;65;156;205m▀[38;2;49;49;49m[48;2;49;49;49m▀[49m   [0m
  [38;2;49;49;49m[48;2;49;49;49m▀[38;2;123;123;123m[48;2;205;205;205m▀[38;2;205;205;205m▀[48;2;82;82;82m▀[38;2;82;82;82m[48;2;246;222;164m▀[38;2;246;222;164m▀▀[38;2;82;82;82m[48;2;82;82;82m▀[38;2;255;255;255m[48;2;255;255;255m▀▀[48;2;123;123;123m▀[38;2;82;82;82m[48;2;255;255;255m▀▀▀[38;2;65;156;205m[48;2;82;82;82m▀[38;2;106;197;246m[48;2;106;197;246m▀[38;2;82;82;82m▀[38;2;49;49;49m[48;2;65;156;205m▀[38;2;65;156;205m[48;2;82;82;82m▀[48;2;65;156;205m▀▀[38;2;82;82;82m▀▀[38;2;49;49;49m▀[49m▄ [0m
   [38;2;49;49;49m▀▀[38;2;82;82;82m[48;2;49;49;49m▀[38;2;246;222;164m[48;2;246;222;164m▀▀▀▀[38;2;82;82;82m[48;2;82;82;82m▀[38;2;255;255;255m[48;2;255;255;255m▀[48;2;123;123;123m▀[38;2;123;123;123m[48;2;255;255;255m▀▀[38;2;82;82;82m[48;2;82;82;82m▀[48;2;65;156;205m▀[38;2;65;156;205m▀[38;2;106;197;246m▀▀[38;2;65;156;205m▀[38;2;82;82;82m[48;2;82;82;82m▀[38;2;65;156;205m[48;2;49;49;49m▀▀[38;2;49;49;49m[49m▀▀▀ [0m
     [38;2;49;49;49m▄[48;2;82;82;82m▀[38;2;246;222;164m[48;2;65;156;205m▀[48;2;246;222;164m▀▀[48;2;213;180;131m▀[38;2;82;82;82m[48;2;82;82;82m▀[38;2;255;255;255m▀[38;2;82;82;82m[48;2;213;180;131m▀[48;2;65;156;205m▀[38;2;213;180;131m[48;2;213;180;131m▀▀[38;2;65;156;205m[48;2;65;156;205m▀[38;2;213;180;131m▀[38;2;65;156;205m▀[48;2;49;49;49m▀[38;2;49;49;49m[49m▀      [0m
    [38;2;49;49;49m▀[38;2;65;156;205m[48;2;49;49;49m▀▀[38;2;82;82;82m▀[38;2;65;156;205m▀[48;2;65;156;205m▀[38;2;213;180;131m▀▀▀[38;2;65;156;205m▀▀▀[48;2;82;82;82m▀[48;2;65;156;205m▀▀[48;2;49;49;49m▀[38;2;49;49;49m[49m▀       [0m
         [38;2;49;49;49m▀▀[38;2;65;156;205m[48;2;49;49;49m▀[38;2;82;82;82m▀[38;2;65;156;205m▀[38;2;106;197;246m[48;2;65;156;205m▀[48;2;106;197;246m▀[48;2;65;156;205m▀[38;2;82;82;82m[48;2;106;197;246m▀[38;2;49;49;49m[48;2;49;49;49m▀[49m         [0m
              [38;2;49;49;49m▀▀▀▀          [0m
