
[38;2;0;0;0m                                  
[38;2;0;0;0m              ██████              
[38;2;0;0;0m            ████[38;2;198;181;174m██[38;2;0;0;0m████            
[38;2;0;0;0m        ████[38;2;154;148;133m██[38;2;66;66;66m██[38;2;156;148;132m██[38;2;66;66;66m██[38;2;132;123;108m██[38;2;0;0;0m████        
[38;2;0;0;0m      ██[38;2;66;66;66m██[38;2;77;74;66m██[38;2;154;148;133m██[38;2;66;66;66m██[38;2;126;121;110m██[38;2;66;66;66m██[38;2;132;123;108m██[38;2;66;66;66m████[38;2;0;0;0m██      
[38;2;0;0;0m    ██[38;2;66;66;66m██[38;2;154;143;138m██[38;2;66;66;66m████[38;2;156;148;132m██[38;2;126;121;110m██[38;2;132;123;108m██[38;2;66;66;66m████[38;2;132;123;108m██[38;2;66;66;66m██[38;2;0;0;0m██    
[38;2;0;0;0m    ██[38;2;66;66;66m██[38;2;198;181;174m██[38;2;156;148;132m██[38;2;66;66;66m██████████[38;2;132;123;108m████[38;2;66;66;66m██[38;2;0;0;0m██    
[38;2;0;0;0m  [38;2;0;4;0m██[38;2;137;133;121m██[38;2;66;66;66m████[38;2;156;148;132m████████[38;2;132;123;108m██████[38;2;66;66;66m████[38;2;132;123;108m██[38;2;0;0;0m██  
[38;2;0;0;0m  [38;2;0;4;0m██[38;2;206;198;182m██[38;2;156;148;132m██[38;2;66;66;66m██████[38;2;132;124;108m████[38;2;132;123;108m██[38;2;66;66;66m██████[38;2;132;123;108m████[38;2;0;0;0m██  
[38;2;0;0;0m  ██[38;2;66;66;66m██[38;2;198;181;174m████[38;2;154;143;138m██[38;2;66;66;66m██████████[38;2;132;123;108m████[38;2;132;126;113m██[38;2;66;63;61m██[38;2;0;0;0m██  
[38;2;0;0;0m    ██[38;2;66;66;66m████[38;2;198;181;174m████[38;2;156;148;132m██████[38;2;126;121;110m██[38;2;132;123;108m██[38;2;66;66;66m██[38;2;66;63;61m██[38;2;0;0;8m██[38;2;0;0;0m    
[38;2;0;0;0m    ██[38;2;247;239;143m██[38;2;0;0;8m██[38;2;82;80;58m████[38;2;66;66;66m████████[38;2;68;65;66m██[38;2;129;103;83m██[38;2;132;107;84m██[38;2;0;0;0m██    
[38;2;0;0;0m      [38;2;0;0;8m██[38;2;82;80;53m██[38;2;247;239;143m██[38;2;0;0;16m██[38;2;255;239;135m████[38;2;66;66;66m██[38;2;255;239;135m██[38;2;129;103;83m██[38;2;189;140;101m██[38;2;0;0;0m██      
[38;2;0;0;0m      [38;2;0;0;8m██[38;2;255;231;135m██[38;2;178;148;101m██[38;2;255;239;135m██[38;2;0;0;0m████[38;2;255;239;135m██[38;2;140;103;84m██[38;2;189;140;101m████[38;2;0;0;0m██      
[38;2;0;0;0m    ██[38;2;170;154;93m██[38;2;85;77;50m██[38;2;140;103;84m██[38;2;178;148;101m██[38;2;255;239;135m████[38;2;178;148;101m████[38;2;189;140;101m██[38;2;0;0;0m██        
[38;2;0;0;0m    ██[38;2;255;206;111m██[38;2;170;137;74m██[38;2;66;66;66m██[38;2;0;0;0m██[38;2;189;140;101m████[38;2;181;140;93m██[38;2;90;70;50m██[38;2;66;66;66m██[38;2;239;198;111m██[38;2;0;0;0m██      
[38;2;0;0;0m      ██████  ████[38;2;0;0;8m██[38;2;181;140;93m██[38;2;239;198;111m████[38;2;0;0;0m██      
[38;2;0;0;0m                    ██████        
[38;2;0;0;0m                                  [0m
