
                   [38;2;49;49;49m▄▄         [0m
                 [38;2;49;49;49m▄[48;2;246;230;41m▀[38;2;246;230;41m[48;2;139;222;139m▀[48;2;82;82;82m▀[38;2;49;49;49m[49m▀▄▄      [0m
  [38;2;49;49;49m▄▄[48;2;82;172;65m▀[49m▄▄[48;2;82;172;65m▀[48;2;49;49;49m▀[49m      ▄[48;2;49;49;49m▀[38;2;246;230;41m[48;2;82;82;82m▀[38;2;139;222;139m[48;2;49;49;49m▀[38;2;49;49;49m[49m▀▄[48;2;246;230;41m▀[38;2;246;230;41m[48;2;139;222;139m▀[48;2;49;49;49m▀[38;2;49;49;49m[49m▀     [0m
  [38;2;49;49;49m▀[38;2;82;172;65m[48;2;49;49;49m▀[48;2;74;115;74m▀[38;2;74;115;74m[48;2;82;172;65m▀[38;2;82;172;65m▀[48;2;49;49;49m▀▀[38;2;49;49;49m[49m▀  ▄[48;2;106;164;139m▀[48;2;139;222;139m▀[38;2;139;222;139m▀▀▀[38;2;106;164;139m▀[38;2;49;49;49m▀[38;2;246;230;41m[48;2;106;164;139m▀[38;2;139;222;139m[48;2;139;222;139m▀[38;2;49;49;49m[48;2;49;49;49m▀[49m       [0m
   [38;2;49;49;49m▄[48;2;49;49;49m▀[38;2;82;172;65m[48;2;82;172;65m▀[38;2;49;49;49m[48;2;49;49;49m▀[49m  ▄[48;2;255;255;255m▀[48;2;139;222;139m▀[38;2;139;222;139m▀[48;2;255;255;255m▀[48;2;139;222;139m▀[48;2;148;74;65m▀▀[48;2;255;255;255m▀[48;2;139;222;139m▀▀[38;2;106;164;139m▀[38;2;49;49;49m[48;2;49;49;49m▀[49m        [0m
 [38;2;49;49;49m[48;2;49;49;49m▀[48;2;82;172;65m▀[38;2;82;172;65m▀[38;2;74;115;74m▀[38;2;82;172;65m▀[38;2;49;49;49m▀[49m▄  ▀[38;2;255;255;255m[48;2;49;49;49m▀▀[38;2;139;222;139m[48;2;255;255;255m▀[38;2;197;82;82m▀[38;2;49;49;49m▀[38;2;197;82;82m▀[38;2;238;205;189m[48;2;139;222;139m▀[38;2;255;255;255m▀[38;2;106;164;139m[48;2;82;82;82m▀[38;2;74;115;74m▀[38;2;49;49;49m[48;2;139;222;139m▀▀[49m▄      [0m
  [38;2;49;49;49m[48;2;49;49;49m▀[38;2;82;172;65m▀[38;2;49;49;49m[49m▀[38;2;74;115;74m[48;2;49;49;49m▀[38;2;82;172;65m[48;2;139;222;139m▀[48;2;82;172;65m▀[38;2;49;49;49m▀▀▀[38;2;82;172;65m▀▀[38;2;82;82;82m▀▀[38;2;115;115;115m[48;2;82;82;82m▀[38;2;189;189;189m[48;2;189;189;189m▀[38;2;106;164;139m[48;2;82;82;82m▀[38;2;82;82;82m[48;2;139;222;139m▀[38;2;139;222;139m[48;2;82;172;65m▀[48;2;82;82;82m▀[38;2;82;82;82m[48;2;82;172;65m▀▀[38;2;139;222;139m[48;2;82;82;82m▀[38;2;49;49;49m▀[48;2;82;172;65m▀[48;2;74;115;74m▀[49m▄  [0m
      [38;2;49;49;49m▀[38;2;139;222;139m[48;2;49;49;49m▀▀[38;2;82;172;65m[48;2;139;222;139m▀▀▀[38;2;139;222;139m[48;2;49;49;49m▀▀[38;2;82;82;82m[48;2;189;189;189m▀[38;2;189;189;189m[48;2;82;82;82m▀[38;2;82;82;82m[48;2;82;172;65m▀[38;2;139;222;139m▀[38;2;82;172;65m[48;2;74;115;74m▀[38;2;82;82;82m[48;2;49;49;49m▀[38;2;106;164;139m▀▀▀[38;2;82;172;65m[48;2;106;164;139m▀[48;2;82;172;65m▀▀▀[38;2;49;49;49m[48;2;139;222;139m▀[49m▄ [0m
         [38;2;49;49;49m▀▀▀▄[48;2;82;82;82m▀[38;2;82;82;82m[48;2;82;172;65m▀[38;2;82;172;65m[48;2;139;222;139m▀[48;2;82;172;65m▀[38;2;74;115;74m[48;2;74;115;74m▀[38;2;82;172;65m[48;2;82;172;65m▀[38;2;49;49;49m▀[49m▄▄▄[48;2;246;230;41m▀[38;2;82;172;65m[48;2;82;172;65m▀▀[48;2;139;222;139m▀[38;2;139;222;139m▀[38;2;49;49;49m[48;2;49;49;49m▀[49m [0m
            [38;2;49;49;49m[48;2;49;49;49m▀[38;2;74;115;74m[48;2;82;172;65m▀[38;2;82;172;65m[48;2;139;222;139m▀[38;2;139;222;139m[48;2;82;172;65m▀[48;2;139;222;139m▀▀[38;2;74;115;74m[48;2;205;197;65m▀[48;2;246;230;41m▀[38;2;205;197;65m[48;2;139;222;139m▀[38;2;82;172;65m▀▀▀[38;2;246;230;41m[48;2;246;230;41m▀[38;2;139;222;139m▀[48;2;139;222;139m▀[38;2;106;164;139m[48;2;49;49;49m▀[38;2;49;49;49m[49m▀ [0m
             [38;2;49;49;49m▀[38;2;82;172;65m[48;2;49;49;49m▀[38;2;139;222;139m▀[48;2;106;164;139m▀[38;2;246;230;41m[48;2;139;222;139m▀▀[38;2;139;222;139m▀[38;2;246;230;41m▀[38;2;139;222;139m▀▀[38;2;246;230;41m[48;2;106;164;139m▀[38;2;139;222;139m[48;2;49;49;49m▀▀[38;2;49;49;49m[49m▀   [0m
                [38;2;49;49;49m▀▀▀▀▀▀▀▀      [0m
