
           [38;2;49;49;49m▄▄▄          [0m
       [38;2;49;49;49m▄▄▄[48;2;246;230;41m▀[38;2;246;230;41m[48;2;115;205;74m▀[38;2;115;205;74m[48;2;49;49;49m▀[38;2;49;49;49m[49m▀          [0m
    [38;2;49;49;49m▄[48;2;115;205;74m▀▀[38;2;115;205;74m▀▀[38;2;65;148;65m▀[38;2;82;82;82m▀[38;2;115;205;74m[48;2;49;49;49m▀[38;2;49;49;49m[49m▀           [0m
   [38;2;49;49;49m[48;2;49;49;49m▀[38;2;65;148;65m[48;2;115;205;74m▀[38;2;148;246;74m▀[38;2;115;205;74m▀▀▀▀▀[38;2;65;148;65m▀[38;2;49;49;49m[48;2;49;49;49m▀[49m     ▄[48;2;148;246;74m▀[49m▄   [0m
  [38;2;49;49;49m[48;2;49;49;49m▀[38;2;65;148;65m[48;2;115;205;74m▀[38;2;115;205;74m[48;2;238;246;205m▀[48;2;115;205;74m▀▀[48;2;148;74;65m▀[38;2;164;180;98m▀[48;2;238;246;205m▀[38;2;115;205;74m[48;2;164;180;98m▀[48;2;65;148;65m▀[38;2;49;49;49m[48;2;49;49;49m▀[49m  [48;2;49;49;49m▀[48;2;148;246;74m▀[48;2;82;82;82m▀[38;2;65;148;65m[48;2;115;205;74m▀[38;2;148;246;74m▀[38;2;49;49;49m[48;2;49;49;49m▀[49m▄▄ [0m
 [38;2;49;49;49m▄[48;2;238;246;205m▀[38;2;238;246;205m[48;2;205;230;139m▀[48;2;238;246;205m▀[38;2;115;205;74m▀[38;2;197;82;82m▀[38;2;49;49;49m[48;2;164;180;98m▀[38;2;197;82;82m[48;2;205;230;139m▀[38;2;238;246;205m▀[38;2;205;230;139m[48;2;164;180;98m▀[38;2;49;49;49m[48;2;49;49;49m▀[49m   [48;2;49;49;49m▀[38;2;115;205;74m[48;2;65;148;65m▀[48;2;115;205;74m▀▀▀[38;2;82;82;82m▀[38;2;115;205;74m▀[38;2;49;49;49m[48;2;49;49;49m▀[49m [0m
  [38;2;49;49;49m▀▀▀[38;2;82;82;82m[48;2;49;49;49m▀[48;2;246;230;41m▀[38;2;205;230;139m[48;2;164;180;98m▀[38;2;164;180;98m[48;2;65;148;65m▀[38;2;65;148;65m[48;2;246;230;41m▀[38;2;246;230;41m▀[48;2;82;82;82m▀[38;2;49;49;49m[48;2;115;205;74m▀[49m▄[48;2;115;205;74m▀[49m▄[48;2;115;205;74m▀[38;2;115;205;74m▀[48;2;49;49;49m▀▀[38;2;65;148;65m▀[38;2;49;49;49m[49m▀  [0m
    [38;2;49;49;49m[48;2;49;49;49m▀[38;2;65;148;65m▀[38;2;246;230;41m▀[38;2;164;180;98m[48;2;246;230;41m▀[38;2;246;230;41m▀[48;2;82;82;82m▀[38;2;82;82;82m[48;2;115;205;74m▀[38;2;65;148;65m[48;2;82;82;82m▀[38;2;82;82;82m[48;2;115;205;74m▀[38;2;65;148;65m▀[38;2;82;82;82m▀[38;2;115;205;74m[48;2;205;230;139m▀[38;2;205;230;139m[48;2;164;180;98m▀[38;2;49;49;49m[48;2;49;49;49m▀[49m      [0m
       [38;2;49;49;49m▀[38;2;246;230;41m[48;2;49;49;49m▀[38;2;82;82;82m[48;2;164;180;98m▀[48;2;205;230;139m▀[38;2;115;205;74m▀▀[38;2;205;230;139m[48;2;164;180;98m▀▀[38;2;164;180;98m[48;2;49;49;49m▀[38;2;49;49;49m[49m▀       [0m
        [38;2;49;49;49m[48;2;49;49;49m▀[38;2;205;230;139m▀[38;2;82;82;82m▀[38;2;164;180;98m[48;2;238;246;205m▀[38;2;205;230;139m[48;2;49;49;49m▀[38;2;49;49;49m[49m▀▀         [0m
          [38;2;49;49;49m▀▀            [0m
