
                  [38;2;49;49;49m▄▄     [0m
        [38;2;49;49;49m▄▄▄▄      [48;2;49;49;49m▀[38;2;246;115;98m[48;2;246;115;98m▀[38;2;49;49;49m▀[49m▄   [0m
    [38;2;49;49;49m▄[48;2;180;164;74m▀[48;2;238;205;82m▀[48;2;106;123;139m▀[38;2;106;123;139m▀[48;2;164;139;246m▀[48;2;106;123;139m▀▀[38;2;49;49;49m[48;2;49;49;49m▀[49m     ▀[38;2;106;123;139m[48;2;49;49;49m▀[38;2;246;115;98m[48;2;106;123;139m▀[48;2;246;115;98m▀[38;2;49;49;49m[48;2;49;49;49m▀[49m  [0m
   [38;2;49;49;49m[48;2;49;49;49m▀[38;2;238;205;82m[48;2;180;164;74m▀[38;2;180;164;74m[48;2;238;205;82m▀[38;2;238;205;82m[48;2;180;164;74m▀[38;2;180;164;74m[48;2;238;205;82m▀[38;2;238;205;82m[48;2;164;139;246m▀[38;2;164;139;246m▀[38;2;106;123;139m[48;2;106;123;139m▀[38;2;90;98;115m[48;2;49;49;49m▀[38;2;49;49;49m[49m▀      [48;2;49;49;49m▀[38;2;106;123;139m[48;2;106;123;139m▀[38;2;246;115;98m▀[48;2;246;115;98m▀[38;2;49;49;49m[48;2;49;49;49m▀[49m [0m
  [38;2;49;49;49m[48;2;49;49;49m▀[38;2;238;205;82m[48;2;106;123;139m▀[48;2;164;139;246m▀[38;2;164;139;246m▀[38;2;255;255;255m[48;2;246;115;98m▀[38;2;49;49;49m▀[38;2;246;115;98m[48;2;164;139;246m▀[38;2;164;139;246m[48;2;82;82;82m▀[38;2;238;205;82m[48;2;238;205;82m▀[38;2;49;49;49m[48;2;82;82;82m▀[49m▄[48;2;238;205;82m▀▀[48;2;106;123;139m▀[49m▄ ▄▄▀[38;2;106;123;139m[48;2;49;49;49m▀[38;2;49;49;49m[48;2;106;123;139m▀[49m▄ [0m
 [38;2;49;49;49m[48;2;49;49;49m▀[38;2;82;82;82m[48;2;180;90;74m▀[38;2;106;123;139m[48;2;82;82;82m▀[38;2;164;139;246m▀▀[38;2;82;82;82m▀[48;2;238;205;82m▀▀[38;2;238;205;82m▀[48;2;90;98;115m▀[38;2;82;82;82m[48;2;106;123;139m▀[38;2;238;205;82m[48;2;82;82;82m▀[38;2;180;164;74m[48;2;238;205;82m▀[38;2;238;205;82m[48;2;106;123;139m▀[38;2;106;123;139m▀▀[38;2;49;49;49m[48;2;82;82;82m▀[38;2;180;164;74m[48;2;238;205;82m▀[38;2;238;205;82m[48;2;106;123;139m▀[38;2;49;49;49m[48;2;82;82;82m▀[38;2;82;82;82m[48;2;90;98;115m▀[38;2;164;139;246m▀[38;2;49;49;49m[48;2;49;49;49m▀[49m [0m
 [38;2;49;49;49m▀[38;2;180;90;74m[48;2;49;49;49m▀[38;2;49;49;49m[49m▀[38;2;180;90;74m[48;2;49;49;49m▀[38;2;246;115;98m[48;2;246;115;98m▀[38;2;82;82;82m[48;2;49;49;49m▀[38;2;238;205;82m▀[48;2;90;98;115m▀[38;2;90;98;115m▀[48;2;106;123;139m▀[38;2;106;123;139m▀[38;2;82;82;82m▀[38;2;106;123;139m▀▀▀▀▀[38;2;82;82;82m[48;2;82;82;82m▀[38;2;106;123;139m[48;2;90;98;115m▀[38;2;90;98;115m▀[38;2;82;82;82m[48;2;82;82;82m▀[38;2;49;49;49m[48;2;49;49;49m▀[49m  [0m
    [38;2;49;49;49m▀[38;2;246;115;98m[48;2;49;49;49m▀[38;2;49;49;49m[49m▀ [48;2;49;49;49m▀[38;2;106;123;139m[48;2;90;98;115m▀[38;2;90;98;115m[48;2;164;139;246m▀[48;2;90;98;115m▀[38;2;106;123;139m[48;2;106;123;139m▀▀▀[38;2;82;82;82m[48;2;82;82;82m▀[38;2;106;123;139m[48;2;106;123;139m▀▀[48;2;90;98;115m▀[38;2;90;98;115m[48;2;82;82;82m▀[48;2;90;98;115m▀[48;2;49;49;49m▀[38;2;49;49;49m[49m▀  [0m
       [38;2;49;49;49m[48;2;49;49;49m▀[38;2;90;98;115m[48;2;164;139;246m▀[38;2;164;139;246m▀[38;2;90;98;115m[48;2;90;98;115m▀[38;2;106;123;139m▀▀▀[38;2;90;98;115m[48;2;82;82;82m▀[38;2;82;82;82m[48;2;90;98;115m▀[38;2;90;98;115m▀[48;2;238;205;82m▀[48;2;49;49;49m▀[38;2;49;49;49m[49m▀▀    [0m
       [38;2;49;49;49m▀[38;2;164;139;246m[48;2;49;49;49m▀[38;2;90;98;115m[48;2;90;98;115m▀▀[48;2;180;164;74m▀[38;2;238;205;82m[48;2;82;82;82m▀[38;2;90;98;115m[48;2;49;49;49m▀[38;2;49;49;49m[49m▀[38;2;90;98;115m[48;2;49;49;49m▀[38;2;180;164;74m▀[38;2;49;49;49m[49m▀       [0m
         [38;2;49;49;49m▀▀▀▀            [0m
