
[38;2;0;0;0m                                  
[38;2;0;0;0m                [38;2;49;49;49m██████[38;2;0;0;0m            
[38;2;0;0;0m            [38;2;49;49;49m████[38;2;148;230;74m████[38;2;49;49;49m██[38;2;0;0;0m            
[38;2;0;0;0m          [38;2;49;49;49m██[38;2;148;230;74m████[38;2;106;180;49m██[38;2;148;230;74m████[38;2;49;49;49m██[38;2;0;0;0m          
[38;2;0;0;0m        [38;2;49;49;49m██[38;2;148;230;74m██[38;2;82;82;82m████[38;2;106;180;49m██[38;2;148;230;74m██[38;2;106;180;49m████[38;2;49;49;49m██[38;2;0;0;0m        
[38;2;0;0;0m      [38;2;49;49;49m██[38;2;106;180;49m██[38;2;82;82;82m██[38;2;255;246;156m██[38;2;255;222;41m██[38;2;82;82;82m████[38;2;148;230;74m████[38;2;106;180;49m██[38;2;49;49;49m██[38;2;0;0;0m      
[38;2;0;0;0m      [38;2;49;49;49m██[38;2;148;230;74m██[38;2;82;82;82m██[38;2;255;222;41m██[38;2;82;82;82m██[38;2;255;246;156m██[38;2;255;222;41m██[38;2;82;82;82m██[38;2;148;230;74m██[38;2;49;49;49m██[38;2;0;0;0m        
[38;2;0;0;0m    [38;2;49;49;49m██[38;2;106;180;49m██[38;2;65;139;41m██[38;2;255;222;41m████[38;2;205;156;32m██[38;2;255;222;41m████[38;2;82;82;82m██[38;2;148;230;74m████[38;2;49;49;49m████[38;2;0;0;0m    
[38;2;0;0;0m    [38;2;49;49;49m██[38;2;65;139;41m██[38;2;255;222;41m██████████████[38;2;82;82;82m██[38;2;106;180;49m██[38;2;148;230;74m████[38;2;49;49;49m██[38;2;0;0;0m  
[38;2;0;0;0m  [38;2;49;49;49m██[38;2;148;230;74m██[38;2;205;156;32m██[38;2;255;255;255m██[38;2;255;222;41m██████████████[38;2;65;139;41m██[38;2;148;230;74m██[38;2;106;180;49m██[38;2;49;49;49m██[38;2;0;0;0m  
[38;2;0;0;0m  [38;2;49;49;49m██[38;2;148;230;74m██[38;2;205;156;32m██[38;2;49;49;49m██[38;2;255;222;41m████████[38;2;255;255;255m██[38;2;255;222;41m████[38;2;65;139;41m████[38;2;106;180;49m██[38;2;49;49;49m██[38;2;0;0;0m  
[38;2;0;0;0m  [38;2;49;49;49m██[38;2;106;180;49m██[38;2;82;82;82m██[38;2;255;222;41m██[38;2;255;123;65m████[38;2;255;222;41m████[38;2;49;49;49m██[38;2;255;222;41m██[38;2;205;156;32m██[38;2;148;230;74m████[38;2;49;49;49m██[38;2;0;0;0m    
[38;2;0;0;0m    [38;2;49;49;49m██[38;2;106;180;49m██[38;2;82;82;82m██[38;2;255;255;255m██[38;2;255;123;65m████[38;2;255;222;41m████[38;2;205;156;32m██[38;2;148;230;74m██████[38;2;49;49;49m██[38;2;0;0;0m    
[38;2;0;0;0m      [38;2;49;49;49m████[38;2;82;82;82m██[38;2;65;139;41m██[38;2;255;255;255m██[38;2;205;156;32m██[38;2;106;180;49m██[38;2;65;139;41m██[38;2;148;230;74m████[38;2;49;49;49m██[38;2;0;0;0m      
[38;2;0;0;0m          [38;2;49;49;49m██[38;2;255;123;65m██[38;2;106;180;49m████[38;2;255;123;65m██[38;2;106;180;49m██[38;2;65;139;41m██[38;2;49;49;49m██[38;2;0;0;0m        
[38;2;0;0;0m            [38;2;49;49;49m██[38;2;255;123;65m██[38;2;148;230;74m████[38;2;255;123;65m██[38;2;106;180;49m██[38;2;49;49;49m██[38;2;0;0;0m        
[38;2;0;0;0m              [38;2;49;49;49m██[38;2;255;123;65m██[38;2;106;180;49m████[38;2;255;123;65m██[38;2;49;49;49m██[38;2;0;0;0m        
[38;2;0;0;0m                [38;2;49;49;49m████████[38;2;0;0;0m          
[38;2;0;0;0m                                  [0m
