
[38;2;0;0;0m                                              
[38;2;0;0;0m                        [38;2;49;49;49m████[38;2;0;0;0m                  
[38;2;0;0;0m                      [38;2;49;49;49m██[38;2;90;123;255m██[38;2;49;49;49m██[38;2;0;0;0m                  
[38;2;0;0;0m                    [38;2;49;49;49m██[38;2;90;123;255m██[38;2;57;90;156m██[38;2;49;49;49m██[38;2;0;0;0m                  
[38;2;0;0;0m                    [38;2;49;49;49m██[38;2;90;123;255m██[38;2;57;90;156m██[38;2;49;49;49m██[38;2;0;0;0m                  
[38;2;0;0;0m                  [38;2;49;49;49m██[38;2;90;123;255m██[38;2;57;90;156m██[38;2;49;49;49m██[38;2;0;0;0m                    
[38;2;0;0;0m                  [38;2;49;49;49m██[38;2;57;90;156m██████[38;2;49;49;49m██[38;2;0;0;0m                  
[38;2;0;0;0m                [38;2;49;49;49m██[38;2;90;123;255m██[38;2;57;90;156m████[38;2;49;49;49m██[38;2;0;0;0m                    
[38;2;0;0;0m                [38;2;49;49;49m██[38;2;57;90;156m████████[38;2;49;49;49m██[38;2;0;0;0m                  
[38;2;0;0;0m    [38;2;49;49;49m██████[38;2;0;0;0m    [38;2;49;49;49m████[38;2;57;90;156m████████[38;2;90;123;255m██[38;2;49;49;49m████[38;2;0;0;0m              
[38;2;0;0;0m    [38;2;49;49;49m██[38;2;57;90;156m████[38;2;49;49;49m████[38;2;90;123;255m██[38;2;82;82;82m██[38;2;57;90;156m██████[38;2;90;123;255m████████[38;2;49;49;49m██[38;2;0;0;0m            
[38;2;0;0;0m    [38;2;49;49;49m██[38;2;57;90;156m████[38;2;82;82;82m██[38;2;90;123;255m██████████████████████[38;2;49;49;49m██[38;2;0;0;0m          
[38;2;0;0;0m      [38;2;49;49;49m██[38;2;82;82;82m██[38;2;246;230;65m██[38;2;90;123;255m██[38;2;172;180;164m████[38;2;246;230;65m██[38;2;172;180;164m██[38;2;90;123;255m██████[38;2;82;82;82m██████[38;2;49;49;49m██[38;2;0;0;0m          
[38;2;0;0;0m      [38;2;49;49;49m██[38;2;246;230;65m████████[38;2;172;180;164m██[38;2;90;123;255m██████[38;2;82;82;82m████[38;2;90;123;255m██████[38;2;57;90;156m██[38;2;49;49;49m██[38;2;0;0;0m        
[38;2;0;0;0m    [38;2;49;49;49m██[38;2;246;230;65m██[38;2;172;180;164m██[38;2;246;230;65m████[38;2;90;123;255m████████[38;2;82;82;82m██[38;2;90;123;255m████████████[38;2;49;49;49m██[38;2;0;0;0m        
[38;2;0;0;0m    [38;2;49;49;49m██[38;2;90;123;255m██████[38;2;246;230;65m██[38;2;172;180;164m██[38;2;90;123;255m████[38;2;82;82;82m██[38;2;90;123;255m████[38;2;49;49;49m██[38;2;90;123;255m████[38;2;57;90;156m████[38;2;49;49;49m██[38;2;0;0;0m        
[38;2;0;0;0m  [38;2;49;49;49m██[38;2;90;123;255m██████████[38;2;246;230;65m██[38;2;90;123;255m██[38;2;82;82;82m██[38;2;90;123;255m██[38;2;49;49;49m██[38;2;57;90;156m██[38;2;90;123;255m██[38;2;49;49;49m██[38;2;57;90;156m██[38;2;90;123;255m██████[38;2;49;49;49m████[38;2;0;0;0m    
[38;2;0;0;0m  [38;2;49;49;49m██[38;2;255;255;255m██[38;2;156;197;255m██[38;2;90;123;255m██████████[38;2;82;82;82m██[38;2;49;49;49m██[38;2;213;90;65m██[38;2;49;49;49m██[38;2;90;123;255m██[38;2;49;49;49m██[38;2;90;123;255m████████████[38;2;49;49;49m██[38;2;0;0;0m  
[38;2;0;0;0m    [38;2;49;49;49m██[38;2;255;255;255m████████████[38;2;82;82;82m██[38;2;57;90;156m██[38;2;49;49;49m██[38;2;57;90;156m██[38;2;49;49;49m██[38;2;57;90;156m██[38;2;82;82;82m██[38;2;90;123;255m████[38;2;49;49;49m██████[38;2;0;0;0m    
[38;2;0;0;0m      [38;2;49;49;49m████[38;2;255;255;255m████[38;2;189;189;189m██████[38;2;82;82;82m██[38;2;57;90;156m██████████[38;2;49;49;49m████[38;2;0;0;0m          
[38;2;0;0;0m          [38;2;49;49;49m██[38;2;82;82;82m██[38;2;164;57;65m████[38;2;213;90;65m██████[38;2;189;189;189m████[38;2;82;82;82m██[38;2;49;49;49m██[38;2;0;0;0m              
[38;2;0;0;0m          [38;2;49;49;49m██[38;2;255;255;255m██[38;2;164;57;65m██[38;2;213;90;65m████[38;2;255;255;255m████[38;2;82;82;82m████[38;2;189;189;189m██[38;2;49;49;49m██[38;2;0;0;0m              
[38;2;0;0;0m            [38;2;49;49;49m██[38;2;255;255;255m██████[38;2;49;49;49m████[38;2;189;189;189m████[38;2;49;49;49m██[38;2;0;0;0m                
[38;2;0;0;0m              [38;2;49;49;49m██████[38;2;0;0;0m    [38;2;49;49;49m██[38;2;189;189;189m██[38;2;49;49;49m██[38;2;0;0;0m                
[38;2;0;0;0m                          [38;2;49;49;49m████[38;2;0;0;0m                
[38;2;0;0;0m                                              [0m
