
       [38;2;49;49;49m▄▄ ▄▄        [0m
    [38;2;49;49;49m▄▄[48;2;156;205;65m▀[38;2;156;205;65m▀[38;2;123;156;74m[48;2;82;82;82m▀[38;2;82;82;82m[48;2;156;205;65m▀[38;2;156;205;65m▀[48;2;82;82;82m▀[38;2;49;49;49m[48;2;123;156;74m▀[48;2;156;205;65m▀▀[49m▄    [0m
   [38;2;49;49;49m[48;2;49;49;49m▀[38;2;156;205;65m[48;2;82;82;82m▀[48;2;156;205;65m▀[38;2;82;82;82m▀[38;2;156;205;65m▀▀▀[48;2;246;230;41m▀[48;2;213;213;106m▀[48;2;156;205;65m▀▀[48;2;65;115;57m▀▀[38;2;49;49;49m▀[49m▄  [0m
 [38;2;49;49;49m▄[48;2;156;205;65m▀[38;2;156;205;65m▀▀▀▀[38;2;246;230;41m▀[38;2;213;213;106m▀[38;2;156;205;65m[48;2;82;82;82m▀[48;2;156;205;65m▀[48;2;65;115;57m▀[38;2;65;115;57m[48;2;65;164;57m▀▀[38;2;65;164;57m▀▀▀[48;2;49;49;49m▀[38;2;49;49;49m[49m▀ [0m
 [38;2;49;49;49m▄[48;2;156;205;65m▀[38;2;123;156;74m▀[38;2;156;205;65m▀[38;2;246;230;41m▀[38;2;156;205;65m▀[48;2;82;82;82m▀[38;2;82;82;82m▀[38;2;255;189;205m[48;2;255;156;172m▀[38;2;82;82;82m▀[48;2;255;189;205m▀[48;2;82;82;82m▀[38;2;65;164;57m[48;2;65;115;57m▀▀▀[38;2;65;115;57m[48;2;123;156;74m▀[38;2;49;49;49m[48;2;49;49;49m▀[49m  [0m
 [38;2;49;49;49m▄[48;2;82;82;82m▀[38;2;82;82;82m[48;2;189;189;189m▀[38;2;156;205;65m[48;2;123;156;74m▀[48;2;49;49;49m▀[38;2;82;82;82m[48;2;123;156;74m▀[38;2;255;189;205m[48;2;82;82;82m▀[38;2;255;156;172m[48;2;238;115;139m▀[38;2;238;115;139m▀[48;2;255;156;172m▀[38;2;82;82;82m[48;2;238;115;139m▀[38;2;65;164;57m[48;2;82;82;82m▀[48;2;65;164;57m▀[48;2;65;115;57m▀[48;2;82;82;82m▀[38;2;49;49;49m[48;2;49;49;49m▀[49m   [0m
 [38;2;49;49;49m▀[38;2;255;255;255m[48;2;49;49;49m▀[48;2;255;255;255m▀▀[38;2;49;49;49m▀[38;2;255;255;255m[48;2;189;189;189m▀[38;2;82;82;82m▀[48;2;82;82;82m▀[38;2;255;156;172m[48;2;255;189;205m▀[38;2;82;82;82m[48;2;82;82;82m▀[38;2;255;189;205m[48;2;49;49;49m▀[38;2;82;82;82m▀[48;2;189;189;189m▀▀[38;2;189;189;189m[48;2;49;49;49m▀[38;2;49;49;49m[49m▀   [0m
   [38;2;49;49;49m▀▀[38;2;156;156;156m[48;2;49;49;49m▀[38;2;189;189;189m▀[38;2;156;156;156m▀[38;2;82;82;82m[48;2;189;189;189m▀▀[38;2;189;189;189m[48;2;49;49;49m▀[38;2;49;49;49m[49m▀ ▀▀     [0m
        [38;2;49;49;49m▀▀          [0m
