
          [38;2;0;0;0m▄▄▄▄                [0m
       [38;2;0;0;0m▄[48;2;255;255;255m▀[48;2;189;189;189m▀[38;2;189;189;189m[48;2;0;0;0m▀▀[38;2;0;0;0m[49m▀    [48;2;0;0;0m▀[48;2;255;255;255m▀[49m▄          [0m
      [38;2;0;0;0m[48;2;0;0;0m▀[38;2;255;255;255m[48;2;189;189;189m▀[48;2;255;255;255m▀[38;2;127;127;127m▀[38;2;0;0;0m▀[49m▄▄▄▄[48;2;255;255;255m▀▀[38;2;189;189;189m▀[38;2;255;255;255m[48;2;189;189;189m▀[38;2;189;189;189m[48;2;0;0;0m▀[38;2;0;0;0m[49m▀         [0m
       [38;2;0;0;0m▀▀[38;2;170;170;170m[48;2;0;0;0m▀[38;2;255;255;255m[48;2;85;85;85m▀[48;2;66;66;66m▀▀[48;2;0;0;0m▀▀[48;2;0;4;0m▀[38;2;170;171;170m▀[38;2;0;0;0m[49m▀▀           [0m
    [38;2;0;0;0m▄[48;2;222;198;110m▀[49m▄ ▄[48;2;173;148;77m▀[38;2;173;148;77m▀▀[38;2;0;0;0m[48;2;0;0;0m▀[49m          ▄▄     [0m
    [38;2;0;0;0m[48;2;0;0;0m▀[38;2;217;197;126m[48;2;173;148;77m▀[38;2;173;148;77m[48;2;239;222;151m▀[38;2;8;4;8m[48;2;239;222;167m▀[38;2;85;77;61m[48;2;85;77;61m▀[38;2;66;66;66m[48;2;222;198;110m▀▀[38;2;74;66;47m▀[38;2;0;0;16m▀[38;2;0;0;0m[49m▄[48;2;222;198;110m▀[49m▄   ▄▄▄[48;2;222;198;110m▀[38;2;222;198;110m▀[48;2;0;0;0m▀[38;2;0;0;0m[49m▀    [0m
  [38;2;0;0;0m▄[48;2;231;214;143m▀[38;2;231;214;143m▀[38;2;239;222;159m[48;2;239;222;159m▀▀[38;2;115;99;59m[48;2;156;140;92m▀[38;2;239;222;159m[48;2;239;222;159m▀[38;2;239;225;159m[48;2;239;225;159m▀[38;2;222;198;110m▀[48;2;222;198;110m▀[38;2;172;148;76m▀[38;2;222;200;110m[48;2;222;200;110m▀▀[38;2;0;0;0m[48;2;107;90;67m▀[49m▄▄[48;2;222;198;110m▀[38;2;222;198;110m[48;2;172;148;76m▀▀[38;2;239;206;111m[48;2;162;139;74m▀[38;2;162;139;74m[48;2;8;4;0m▀[38;2;0;0;0m[49m▀ ▄▄▄  [0m
 [38;2;0;0;0m[48;2;0;0;0m▀[38;2;222;198;110m[48;2;222;198;110m▀[38;2;85;77;69m[48;2;85;77;69m▀[38;2;239;222;159m[48;2;239;222;159m▀▀[38;2;173;148;77m[48;2;173;148;77m▀[38;2;239;222;159m[48;2;239;222;159m▀▀▀▀[38;2;222;200;110m[48;2;222;200;110m▀▀[38;2;222;198;110m[48;2;222;198;110m▀[38;2;172;148;76m▀[38;2;173;148;77m[48;2;173;148;77m▀[38;2;66;66;66m[48;2;66;66;66m▀[38;2;222;198;110m[48;2;222;198;110m▀[38;2;66;66;66m▀[38;2;173;148;77m[48;2;107;91;67m▀[48;2;173;148;77m▀▀[38;2;66;66;66m▀[38;2;0;0;0m[48;2;231;206;111m▀[48;2;154;137;74m▀[38;2;222;198;110m[48;2;172;148;76m▀▀[38;2;231;206;111m[48;2;154;137;74m▀[38;2;0;0;0m[48;2;0;0;0m▀[49m [0m
 [38;2;0;0;8m[48;2;0;0;8m▀[38;2;74;66;45m[48;2;222;198;118m▀[38;2;57;57;57m[48;2;112;104;75m▀[38;2;222;198;110m[48;2;222;198;110m▀[38;2;239;222;151m[48;2;173;148;77m▀[38;2;173;148;77m[48;2;217;197;126m▀[38;2;239;222;159m[48;2;222;198;110m▀[38;2;222;198;110m▀[38;2;222;200;110m[48;2;222;200;110m▀▀[38;2;217;197;126m[48;2;173;148;77m▀[38;2;173;148;77m[48;2;239;222;151m▀[38;2;162;143;90m[48;2;255;231;151m▀[38;2;115;99;59m[48;2;208;187;120m▀[38;2;173;148;77m[48;2;107;91;67m▀[48;2;173;148;77m▀[38;2;66;66;66m[48;2;66;66;66m▀[38;2;222;198;102m[48;2;170;154;90m▀[38;2;115;91;62m[48;2;231;198;103m▀[38;2;173;144;82m[48;2;173;144;82m▀[38;2;173;148;77m[48;2;173;148;77m▀▀▀[48;2;0;0;0m▀▀[38;2;0;0;0m[49m▀▀  [0m
  [38;2;0;0;0m▀[38;2;157;139;74m[48;2;8;4;0m▀[38;2;231;206;111m[48;2;231;206;111m▀[38;2;164;144;87m[48;2;107;91;64m▀[38;2;222;198;110m[48;2;222;198;110m▀[38;2;222;200;110m[48;2;222;200;110m▀▀[38;2;222;198;110m[48;2;164;144;87m▀[48;2;107;91;64m▀[38;2;66;67;66m[48;2;66;67;66m▀▀[38;2;222;198;110m[48;2;66;66;66m▀▀[38;2;173;148;77m▀[38;2;102;93;70m▀[38;2;66;66;66m[48;2;173;148;77m▀[38;2;173;148;77m▀▀▀▀▀[38;2;0;0;0m▀[49m▄▄    [0m
  [38;2;0;0;0m[48;2;0;0;0m▀[38;2;173;148;77m[48;2;173;148;77m▀[38;2;66;66;66m[48;2;66;66;66m▀[38;2;107;90;67m[48;2;107;90;67m▀[38;2;222;198;102m[48;2;164;144;84m▀[38;2;173;148;77m[48;2;173;148;77m▀[48;2;66;66;66m▀▀▀[38;2;102;93;70m▀[38;2;173;148;77m▀[48;2;102;93;70m▀[48;2;66;66;66m▀[38;2;66;66;66m[48;2;132;123;116m▀[38;2;132;123;116m▀[38;2;66;66;66m[48;2;66;66;66m▀[38;2;173;148;77m▀[48;2;173;148;77m▀[38;2;107;91;67m[48;2;107;91;67m▀[38;2;173;148;77m[48;2;173;148;77m▀▀▀[48;2;0;0;0m▀▀[38;2;0;0;0m[49m▀   [0m
  [38;2;0;0;0m▀[38;2;173;148;77m[48;2;0;0;0m▀[48;2;173;148;77m▀[38;2;85;74;45m[48;2;170;148;82m▀[38;2;170;148;82m[48;2;0;0;8m▀[38;2;66;65;66m[48;2;66;65;66m▀[38;2;132;123;116m▀[48;2;66;66;66m▀▀▀▀[38;2;66;66;66m[48;2;231;206;127m▀[38;2;231;206;127m▀[38;2;66;66;66m[48;2;222;198;110m▀[48;2;66;66;66m▀[38;2;132;123;116m[48;2;132;123;116m▀[48;2;66;66;66m▀[38;2;71;63;58m[48;2;71;63;58m▀[38;2;107;94;83m[48;2;0;0;8m▀[38;2;173;148;77m[48;2;0;0;0m▀▀[38;2;0;0;0m[49m▀      [0m
    [38;2;0;0;0m▀▀ ▀[38;2;132;123;116m[48;2;0;0;0m▀[38;2;132;126;116m▀[48;2;66;63;58m▀[38;2;132;123;116m[48;2;66;65;66m▀[38;2;66;65;66m▀[38;2;222;198;110m[48;2;172;148;76m▀[48;2;222;198;110m▀[38;2;222;198;102m[48;2;170;154;90m▀[38;2;66;66;66m[48;2;66;66;66m▀[38;2;66;63;58m[48;2;132;126;116m▀[38;2;132;126;116m[48;2;0;0;0m▀[38;2;0;0;0m[49m▀          [0m
          [38;2;0;0;0m▀▀[38;2;132;123;116m[48;2;0;0;0m▀[38;2;66;66;74m[48;2;137;121;87m▀[38;2;173;148;93m[48;2;66;66;74m▀[38;2;66;63;58m[48;2;0;0;0m▀[38;2;132;126;116m▀[38;2;0;0;0m[49m▀            [0m
             [38;2;0;0;0m▀▀               [0m
