
[38;2;0;0;0m                                            
[38;2;0;0;0m                    [38;2;49;49;49m████████[38;2;0;0;0m                
[38;2;0;0;0m              [38;2;49;49;49m██████[38;2;255;255;255m████████[38;2;49;49;49m██[38;2;0;0;0m              
[38;2;0;0;0m          [38;2;49;49;49m████[38;2;255;255;255m██[38;2;189;189;180m██[38;2;255;255;255m██████[38;2;123;123;123m██████[38;2;49;49;49m████[38;2;0;0;0m          
[38;2;0;0;0m        [38;2;49;49;49m██[38;2;123;123;123m██[38;2;255;255;255m██[38;2;189;189;180m██[38;2;255;255;255m████[38;2;123;123;123m████[38;2;255;255;255m██████████[38;2;49;49;49m██[38;2;0;0;0m        
[38;2;0;0;0m      [38;2;82;82;82m██[38;2;255;255;255m██[38;2;123;123;123m██[38;2;255;255;255m██[38;2;189;189;180m██[38;2;255;255;255m██[38;2;123;123;123m██[38;2;255;255;255m██████████[38;2;123;123;123m████[38;2;49;49;49m██[38;2;0;0;0m        
[38;2;0;0;0m    [38;2;49;49;49m██[38;2;255;255;255m██[38;2;123;123;123m██[38;2;255;255;255m██████[38;2;123;123;123m██[38;2;255;255;255m████████[38;2;123;123;123m████[38;2;255;255;255m██████[38;2;49;49;49m██[38;2;0;0;0m      
[38;2;0;0;0m    [38;2;49;49;49m██[38;2;255;255;255m██[38;2;123;123;123m██[38;2;255;255;255m██████████████[38;2;123;123;123m██[38;2;255;255;255m████████████[38;2;49;49;49m██[38;2;0;0;0m    
[38;2;0;0;0m  [38;2;49;49;49m██[38;2;255;255;255m████[38;2;123;123;123m██[38;2;255;255;255m████████████[38;2;123;123;123m██[38;2;255;255;255m████████████[38;2;123;123;123m██[38;2;49;49;49m██[38;2;0;0;0m    
[38;2;0;0;0m  [38;2;49;49;49m██[38;2;255;255;255m██████[38;2;123;123;123m██[38;2;255;255;255m████████[38;2;123;123;123m██[38;2;255;255;255m██████████[38;2;123;123;123m████[38;2;255;255;255m████[38;2;49;49;49m██[38;2;0;0;0m  
[38;2;0;0;0m    [38;2;49;49;49m██[38;2;255;255;255m██[38;2;189;189;180m██[38;2;123;123;123m██[38;2;82;82;82m██[38;2;123;123;123m██[38;2;189;189;180m██[38;2;123;123;123m██[38;2;189;189;180m██[38;2;255;255;255m██████[38;2;123;123;123m████[38;2;255;255;255m██████[38;2;123;123;123m██[38;2;49;49;49m██[38;2;0;0;0m  
[38;2;0;0;0m  [38;2;49;49;49m██[38;2;123;123;123m██[38;2;255;255;255m██[38;2;123;123;123m██[38;2;82;82;82m████████[38;2;123;123;123m██[38;2;255;255;255m██████[38;2;123;123;123m██[38;2;255;255;255m██████[38;2;123;123;123m████[38;2;189;189;180m██[38;2;49;49;49m██[38;2;0;0;0m  
[38;2;0;0;0m  [38;2;49;49;49m██[38;2;255;255;255m██[38;2;123;123;123m██[38;2;246;246;41m██[38;2;49;49;49m██[38;2;82;82;82m████████[38;2;123;123;123m██[38;2;255;255;255m████[38;2;189;189;180m██[38;2;123;123;123m██████[38;2;189;189;180m████[38;2;49;49;49m██[38;2;0;0;0m    
[38;2;0;0;0m  [38;2;49;49;49m██[38;2;255;255;255m████[38;2;82;82;82m██[38;2;246;246;41m██[38;2;131;115;74m██[38;2;82;82;82m████[38;2;197;172;49m██[38;2;49;49;49m██[38;2;123;123;123m██[38;2;189;189;180m██████████[38;2;123;123;123m████[38;2;49;49;49m██[38;2;0;0;0m    
[38;2;0;0;0m    [38;2;49;49;49m██[38;2;255;255;255m██[38;2;82;82;82m██████████[38;2;131;115;74m████[38;2;255;255;255m██[38;2;123;123;123m██████████[38;2;189;189;180m████[38;2;49;49;49m██[38;2;0;0;0m    
[38;2;0;0;0m    [38;2;49;49;49m██[38;2;189;189;180m████[38;2;82;82;82m██████████[38;2;255;255;255m██[38;2;189;189;180m██████████████[38;2;49;49;49m██[38;2;0;0;0m      
[38;2;0;0;0m      [38;2;49;49;49m██[38;2;82;82;82m██[38;2;189;189;180m██[38;2;123;123;123m██████[38;2;189;189;180m████████████████[38;2;82;82;82m██[38;2;49;49;49m██[38;2;0;0;0m      
[38;2;0;0;0m      [38;2;49;49;49m██[38;2;123;123;123m██[38;2;82;82;82m██[38;2;189;189;180m██████[38;2;123;123;123m████[38;2;189;189;180m██████████[38;2;82;82;82m██[38;2;123;123;123m████[38;2;49;49;49m██[38;2;0;0;0m    
[38;2;0;0;0m    [38;2;49;49;49m██[38;2;123;123;123m████[38;2;205;82;74m██[38;2;49;49;49m████[38;2;189;189;180m██████[38;2;82;82;82m████[38;2;123;123;123m██[38;2;189;189;180m██[38;2;49;49;49m██[38;2;205;82;74m██[38;2;123;123;123m██[38;2;82;82;82m██[38;2;49;49;49m██[38;2;0;0;0m    
[38;2;0;0;0m      [38;2;49;49;49m██████[38;2;0;0;0m    [38;2;49;49;49m████[38;2;205;82;74m██[38;2;123;123;123m████[38;2;82;82;82m██[38;2;49;49;49m██[38;2;0;0;0m  [38;2;49;49;49m██████[38;2;0;0;0m      
[38;2;0;0;0m                    [38;2;49;49;49m██[38;2;123;123;123m██████[38;2;49;49;49m██[38;2;0;0;0m              
[38;2;0;0;0m                      [38;2;49;49;49m██████[38;2;0;0;0m                
[38;2;0;0;0m                                            [0m
