
[38;2;0;0;0m                                          
[38;2;0;0;0m    ████              ████████            
[38;2;0;0;0m  ██[38;2;123;123;203m████[38;2;0;0;0m████        [38;2;8;4;0m██[38;2;132;132;204m██[38;2;123;123;203m████[38;2;115;115;195m██[38;2;0;0;0m████        
[38;2;0;0;0m    ██[38;2;123;123;203m██████[38;2;0;0;0m██  ████[38;2;8;4;0m██[38;2;49;47;68m██[38;2;66;66;66m██[38;2;123;123;203m██[38;2;115;115;195m████[38;2;123;123;203m██[38;2;0;0;0m██      
[38;2;0;0;0m      ██[38;2;123;123;211m██[38;2;66;66;66m██[38;2;57;55;81m██[38;2;8;4;0m██[38;2;106;98;170m██[38;2;156;156;244m████[38;2;123;121;195m██[38;2;126;126;193m██[38;2;66;66;74m██[38;2;66;66;66m██[38;2;126;126;190m██[38;2;113;113;169m██[38;2;8;8;0m██[38;2;0;0;0m██    
[38;2;0;0;0m      ██[38;2;66;66;66m██[38;2;104;104;163m██[38;2;156;156;244m██████[38;2;106;98;170m██[38;2;107;103;171m██[38;2;156;156;244m██[38;2;156;156;252m██████[38;2;66;66;66m██[38;2;60;60;84m██[38;2;165;165;253m██[38;2;156;156;244m██[38;2;0;0;0m██  
[38;2;0;0;0m    ██[38;2;132;132;220m██[38;2;121;119;185m██[38;2;148;148;244m██[38;2;156;156;252m████[38;2;107;103;179m██[38;2;156;156;244m████████[38;2;106;98;170m██[38;2;107;103;171m██[38;2;156;156;244m██████[38;2;49;47;68m██[38;2;8;4;0m██[38;2;0;0;0m  
[38;2;0;0;0m  ██[38;2;132;132;220m████[38;2;66;61;66m██[38;2;121;119;185m██[38;2;126;126;193m██[38;2;66;66;74m██[38;2;123;121;201m████[38;2;156;156;244m████[38;2;106;98;170m██[38;2;156;156;244m██[38;2;123;121;195m██[38;2;156;156;244m████[38;2;66;66;66m██[38;2;132;132;204m██[38;2;8;4;0m██[38;2;0;0;0m  
[38;2;0;0;0m  ██[38;2;132;132;204m██[38;2;49;47;68m██[38;2;66;66;66m████████[38;2;104;104;163m██[38;2;123;123;211m██[38;2;123;125;203m██[38;2;107;101;171m██[38;2;156;156;244m██████[38;2;123;123;203m██[38;2;55;55;68m████[38;2;123;123;203m██[38;2;0;0;0m██  
[38;2;0;0;0m    [38;2;8;4;0m████[38;2;198;198;206m██[38;2;66;66;66m██████████[38;2;107;101;171m██[38;2;123;125;203m██[38;2;156;156;244m████████[38;2;132;132;204m██[38;2;16;16;0m██[38;2;0;0;0m██    
[38;2;0;0;0m      ██[38;2;198;198;206m██[38;2;66;66;66m██████[38;2;85;85;85m██[38;2;255;255;255m██[38;2;57;57;73m██[38;2;148;152;164m██[38;2;123;123;203m██[38;2;156;156;244m██[38;2;156;156;252m██[38;2;126;126;193m██[38;2;49;47;68m██[38;2;8;4;0m██[38;2;0;0;0m      
[38;2;0;0;0m      ██[38;2;66;66;66m████████[38;2;255;255;255m██[38;2;0;0;0m██[38;2;239;247;255m██[38;2;57;57;73m██[38;2;123;123;203m████[38;2;126;126;193m██[38;2;66;66;74m██[38;2;132;132;204m██[38;2;8;4;0m██[38;2;0;0;0m      
[38;2;0;0;0m    ██[38;2;99;99;99m██[38;2;120;102;112m██[38;2;57;66;65m██[38;2;66;66;66m████[38;2;255;255;255m████████[38;2;66;66;66m██[38;2;123;123;203m██[38;2;66;66;66m██[38;2;123;123;203m██[38;2;66;66;66m██[38;2;107;99;171m██[38;2;0;0;0m██    
[38;2;0;0;0m    ██[38;2;99;99;99m██[38;2;57;66;65m██[38;2;247;173;207m██[38;2;99;99;99m██[38;2;66;66;66m████[38;2;255;255;255m████[38;2;66;66;66m██████[38;2;123;123;203m████[38;2;66;66;66m██[38;2;107;99;171m██[38;2;66;66;66m██[38;2;0;0;0m██  
[38;2;0;0;0m      ██[38;2;255;173;207m██[38;2;197;123;173m██[38;2;255;173;207m████[38;2;66;66;66m██████[38;2;99;99;99m████[38;2;66;66;66m██[38;2;123;123;203m██[38;2;0;0;0m████[38;2;66;66;66m██[38;2;107;99;171m██[38;2;0;0;0m██  
[38;2;0;0;0m    ██[38;2;255;173;207m██[38;2;197;123;173m██[38;2;255;173;207m████[38;2;66;66;66m██[38;2;99;99;99m██████████[38;2;0;0;0m████    ██████  
[38;2;0;0;0m    ██[38;2;255;173;207m██[38;2;197;123;173m██[38;2;255;173;207m██[38;2;198;123;174m██[38;2;0;0;0m██████[38;2;99;99;99m████[38;2;0;0;0m██                
[38;2;0;0;0m      ██[38;2;255;173;207m████[38;2;0;0;0m██      ██████                
[38;2;0;0;0m        ████                              
[38;2;0;0;0m                                          [0m
