
         [38;2;49;49;49m▄▄          [0m
     [38;2;49;49;49m▄[48;2;82;156;213m▀[48;2;205;205;197m▀▀[38;2;205;205;197m▀[38;2;49;49;49m[48;2;49;49;49m▀[49m          [0m
    [38;2;49;49;49m[48;2;49;49;49m▀[38;2;82;156;213m[48;2;82;156;213m▀▀▀[38;2;205;205;197m[48;2;82;82;82m▀[38;2;82;82;82m▀[38;2;49;49;49m[48;2;98;197;255m▀[48;2;156;222;255m▀[48;2;255;255;255m▀[49m▄▄[48;2;255;255;255m▀[48;2;49;49;49m▀[49m    [0m
  [38;2;49;49;49m▄[48;2;82;156;213m▀[48;2;98;197;255m▀[38;2;82;156;213m▀▀[48;2;82;156;213m▀[38;2;82;82;82m[48;2;82;82;82m▀[38;2;98;197;255m[48;2;98;197;255m▀▀▀[38;2;156;222;255m▀[38;2;255;255;255m[48;2;255;255;255m▀▀[38;2;205;205;197m[48;2;49;49;49m▀[38;2;49;49;49m[49m▀    [0m
 [38;2;49;49;49m▄[48;2;246;246;41m▀[38;2;98;197;255m[48;2;98;197;255m▀▀▀▀[48;2;255;255;255m▀[48;2;98;197;255m▀▀[48;2;82;156;213m▀[48;2;82;82;82m▀[48;2;49;49;49m▀[38;2;49;49;49m[49m▀▀      [0m
 [38;2;49;49;49m[48;2;49;49;49m▀[38;2;82;82;82m[48;2;246;246;41m▀[38;2;98;197;255m[48;2;82;82;82m▀[48;2;189;164;65m▀▀[38;2;246;246;41m▀[38;2;49;49;49m[48;2;49;49;49m▀[38;2;246;246;41m[48;2;246;246;41m▀[38;2;98;197;255m[48;2;98;197;255m▀[48;2;82;156;213m▀[38;2;82;156;213m▀[38;2;49;49;49m[48;2;49;49;49m▀[49m ▄▄[48;2;246;246;41m▀▀[49m▄  [0m
  [38;2;49;49;49m▀[38;2;246;246;41m[48;2;49;49;49m▀▀[48;2;189;164;65m▀▀[38;2;189;164;65m[48;2;246;246;41m▀[38;2;82;82;82m[48;2;189;164;65m▀[38;2;82;156;213m[48;2;82;156;213m▀▀[38;2;82;82;82m[48;2;82;82;82m▀[48;2;98;197;255m▀[38;2;49;49;49m[48;2;82;82;82m▀[38;2;246;246;41m[48;2;246;246;41m▀[38;2;189;164;65m[48;2;98;197;255m▀[38;2;98;197;255m▀[38;2;189;164;65m▀[38;2;49;49;49m[48;2;246;246;41m▀[49m▄ [0m
     [38;2;49;49;49m▀[48;2;49;49;49m▀[38;2;82;82;82m[48;2;98;148;90m▀[38;2;98;148;90m▀[38;2;189;164;65m[48;2;189;164;65m▀[38;2;98;197;255m[48;2;82;156;213m▀[48;2;98;197;255m▀▀[38;2;189;164;65m▀[38;2;98;197;255m▀▀▀[38;2;246;246;41m[48;2;49;49;49m▀[38;2;189;164;65m▀[38;2;49;49;49m[49m▀ [0m
    [38;2;49;49;49m▄[48;2;82;82;82m▀[38;2;123;180;115m[48;2;123;180;115m▀▀▀▀[38;2;246;246;41m▀[38;2;82;156;213m[48;2;246;246;41m▀▀[38;2;98;197;255m[48;2;189;164;65m▀▀[38;2;82;82;82m[48;2;98;148;90m▀[38;2;49;49;49m[48;2;49;49;49m▀[49m    [0m
    [38;2;49;49;49m▀[38;2;98;148;90m[48;2;49;49;49m▀[38;2;82;82;82m▀[38;2;123;180;115m▀[38;2;98;148;90m▀[38;2;123;180;115m[48;2;98;148;90m▀[48;2;123;180;115m▀[48;2;98;148;90m▀[48;2;82;82;82m▀[48;2;49;49;49m▀[38;2;98;148;90m▀[38;2;49;49;49m[49m▀     [0m
         [38;2;49;49;49m▀▀▀▀        [0m
