
[38;2;0;0;0m                                                                  
[38;2;0;0;0m                                                                  
[38;2;0;0;0m                  ██[38;2;137;93;89m██[38;2;0;0;0m██      ████  ██  ████                      
[38;2;0;0;0m                  ██[38;2;140;97;92m██[38;2;0;0;0m██  ████[38;2;255;255;255m██[38;2;82;80;82m██[38;2;0;0;0m██[38;2;255;255;255m██[38;2;0;0;0m██[38;2;170;121;106m██[38;2;0;0;0m██                      
[38;2;0;0;0m                  ██[38;2;137;93;89m██[38;2;129;120;121m██[38;2;255;255;255m████████████[38;2;255;255;247m██[38;2;170;121;106m██[38;2;66;66;66m████[38;2;0;0;0m██                    
[38;2;0;0;0m                    [38;2;137;93;89m██[38;2;66;57;58m██[38;2;255;255;255m████████████[38;2;74;61;58m██[38;2;170;121;106m██[38;2;66;66;66m████[38;2;189;198;213m██[38;2;0;0;0m██                  
[38;2;0;0;0m                    ██[38;2;255;255;255m██████████████[38;2;66;66;66m████[38;2;140;96;92m██[38;2;198;189;206m██[38;2;189;198;213m██[38;2;0;0;0m████                
[38;2;0;0;0m                    ██[38;2;255;255;255m██████████████[38;2;90;61;50m██[38;2;66;66;66m██[38;2;140;96;92m██[38;2;189;198;213m██[38;2;192;195;211m██[38;2;135;133;143m██[38;2;198;198;214m██[38;2;0;0;0m                
[38;2;0;0;0m                    [38;2;255;255;255m████████████████[38;2;192;195;211m██████[38;2;192;193;211m████[38;2;255;255;255m██[38;2;192;193;211m██[38;2;0;0;0m                
[38;2;0;0;0m                    [38;2;170;171;173m██[38;2;255;255;255m████[38;2;152;137;156m██[38;2;255;255;255m████[38;2;160;156;160m██[38;2;66;57;66m██[38;2;192;195;211m██████[38;2;255;255;255m██[38;2;192;193;211m████[38;2;255;255;255m██[38;2;0;0;0m██              
[38;2;0;0;0m        [38;2;82;148;106m████[38;2;0;0;0m██████[38;2;140;94;92m██[38;2;66;66;66m██[38;2;189;189;213m██[38;2;198;196;206m████[38;2;152;137;156m██[38;2;0;0;16m██[38;2;66;66;66m████[38;2;192;195;211m██[38;2;189;198;213m██[38;2;66;66;66m████[38;2;192;193;211m██[38;2;198;196;206m████[38;2;0;0;0m██              
[38;2;0;0;0m    ████[38;2;60;107;79m████[38;2;79;148;106m██[38;2;82;148;106m██[38;2;69;64;61m██[38;2;104;79;72m██[38;2;140;96;92m██[38;2;66;66;66m██[38;2;115;94;83m██[38;2;206;189;206m██[38;2;247;231;71m████[38;2;66;66;66m██[38;2;189;198;213m████[38;2;66;66;66m██[38;2;173;119;101m██[38;2;170;118;106m██[38;2;74;61;58m██[38;2;192;195;211m████[38;2;0;0;0m                
[38;2;0;0;0m  ██[38;2;82;148;106m██[38;2;85;148;111m██[38;2;80;152;109m██[38;2;60;107;79m██[38;2;80;152;109m██[38;2;82;148;106m██[38;2;0;0;0m██[38;2;111;82;71m██[38;2;173;119;101m████[38;2;66;66;66m████[38;2;189;198;213m████[38;2;192;195;211m████[38;2;189;198;213m██[38;2;140;94;92m██[38;2;170;118;106m██[38;2;140;94;92m██[38;2;170;121;106m██[38;2;189;198;213m██████[38;2;0;0;0m██            
[38;2;0;0;0m    ██[38;2;8;0;8m██[38;2;60;107;79m██[38;2;80;152;109m████[38;2;82;148;106m██[38;2;0;0;0m  ██[38;2;137;101;89m██[38;2;66;66;66m██[38;2;189;198;213m████████[38;2;192;195;211m████[38;2;189;198;213m██[38;2;140;94;92m██[38;2;170;118;106m████[38;2;170;121;106m██[38;2;66;66;66m██[38;2;189;198;213m██[38;2;66;66;66m████[38;2;0;0;0m████        
[38;2;0;0;0m      ██[38;2;79;148;106m████[38;2;0;0;0m██      [38;2;123;99;91m██[38;2;140;96;92m██[38;2;74;45;42m██[38;2;134;112;108m████[38;2;74;66;58m██[38;2;140;127;128m██[38;2;74;66;58m██[38;2;189;198;213m██[38;2;137;101;89m██[38;2;66;66;66m██████[38;2;140;94;92m██[38;2;63;86;73m██[38;2;93;187;115m██[38;2;96;184;117m██[38;2;60;104;79m████[38;2;99;181;115m██[38;2;0;0;0m██    
[38;2;0;0;0m        ████      ██[38;2;140;97;92m██[38;2;140;96;92m██[38;2;66;66;66m██[38;2;170;121;106m██[38;2;170;122;106m████[38;2;170;118;106m████[38;2;66;66;66m██[38;2;170;122;106m████[38;2;110;79;70m██[38;2;189;198;213m██[38;2;66;66;66m██[38;2;93;187;115m██[38;2;96;184;117m██[38;2;96;184;114m██[38;2;96;184;117m████[38;2;0;0;0m██      
[38;2;0;0;0m                    [38;2;140;94;92m██[38;2;140;99;92m██[38;2;170;121;106m████[38;2;170;122;106m██[38;2;170;118;106m██[38;2;140;96;92m██[38;2;66;66;66m██[38;2;170;122;106m██████[38;2;140;94;92m██[38;2;118;88;78m██[38;2;63;79;71m████[38;2;96;184;117m██[38;2;96;179;117m██[38;2;90;181;114m████[38;2;96;184;117m██[38;2;99;181;115m██[38;2;0;0;0m    
[38;2;0;0;0m                    ██[38;2;0;8;8m██[38;2;66;66;66m██[38;2;170;121;106m██[38;2;170;122;106m██[38;2;170;118;106m██[38;2;140;96;92m██[38;2;66;66;66m██[38;2;170;122;106m██████[38;2;140;94;92m██[38;2;118;88;78m██[38;2;189;198;213m██[38;2;63;79;71m██[38;2;96;184;117m██[38;2;96;179;117m██[38;2;60;121;76m██[38;2;0;0;0m██[38;2;96;184;117m██[38;2;99;181;115m██[38;2;0;0;0m██  
[38;2;0;0;0m                    ████[38;2;110;81;70m████[38;2;0;0;0m████████  [38;2;140;94;92m████[38;2;140;97;92m██[38;2;137;93;89m██[38;2;0;0;0m    ██████          
[38;2;0;0;0m                    [38;2;111;82;71m██[38;2;107;82;75m██[38;2;111;82;71m████[38;2;0;0;0m          [38;2;8;4;0m██[38;2;101;73;67m██[38;2;66;66;66m██[38;2;0;0;0m██        ██          
[38;2;0;0;0m                        ████        ██[38;2;140;97;92m████[38;2;137;96;89m██[38;2;111;82;71m██[38;2;0;0;0m                    
[38;2;0;0;0m                                    ██[38;2;140;97;92m████[38;2;110;81;70m██[38;2;0;0;0m██                    
[38;2;0;0;0m                                      ██████                      
[38;2;0;0;0m                                                                  [0m
