
            [38;2;0;0;0m▄▄▄▄▄▄             [0m
        [38;2;0;0;0m▄[48;2;198;132;206m▀▀▀[38;2;187;142;174m[48;2;165;90;181m▀[38;2;165;90;181m[48;2;231;247;159m▀[38;2;222;247;150m[48;2;222;247;150m▀▀[38;2;165;90;181m[48;2;231;247;159m▀[38;2;187;142;174m[48;2;165;90;181m▀[38;2;0;0;0m[48;2;198;132;206m▀▀▀[49m▄▄        [0m
     [38;2;0;0;0m▄[38;2;0;0;8m[48;2;222;214;182m▀[48;2;148;143;124m▀[38;2;198;132;206m[48;2;198;132;206m▀▀▀▀▀[38;2;156;90;172m▀[38;2;222;247;150m[48;2;156;90;172m▀▀[38;2;156;90;172m[48;2;198;132;206m▀[38;2;198;132;206m▀▀▀▀[48;2;156;90;172m▀[38;2;206;132;214m[48;2;140;88;145m▀[38;2;8;0;8m[48;2;206;132;214m▀[38;2;0;0;0m[49m▄▄     [0m
   [38;2;0;0;0m▄[38;2;0;0;8m[48;2;247;173;231m▀[38;2;165;115;157m[48;2;165;115;157m▀[38;2;156;90;172m[48;2;198;132;206m▀[38;2;198;132;206m▀[38;2;187;142;174m[48;2;165;90;181m▀[38;2;165;90;181m[48;2;231;247;159m▀[38;2;198;132;206m[48;2;156;90;172m▀[48;2;198;132;206m▀▀▀▀▀▀[48;2;156;90;172m▀▀[48;2;198;132;206m▀[38;2;165;90;181m[48;2;187;142;174m▀[38;2;231;247;159m[48;2;165;90;181m▀[38;2;222;247;150m[48;2;222;247;150m▀[38;2;156;90;172m▀[38;2;198;132;206m[48;2;156;90;172m▀[38;2;156;90;172m[48;2;198;132;206m▀[38;2;0;0;0m[48;2;255;198;207m▀[49m▄   [0m
 [38;2;0;0;0m▄[38;2;8;0;16m[48;2;255;198;223m▀[38;2;173;132;154m▀[38;2;156;90;172m[48;2;156;90;172m▀[38;2;198;132;206m[48;2;198;132;206m▀▀[38;2;156;90;172m[48;2;156;90;172m▀[38;2;222;247;150m[48;2;222;247;150m▀[48;2;156;90;172m▀[38;2;156;90;172m[48;2;198;132;206m▀[38;2;198;132;206m[48;2;156;90;172m▀[38;2;165;90;181m[48;2;231;247;159m▀[38;2;187;142;174m[48;2;165;90;181m▀[38;2;198;132;206m[48;2;198;132;206m▀▀[38;2;165;90;181m[48;2;187;142;174m▀[38;2;231;247;159m[48;2;165;90;181m▀[38;2;222;247;150m[48;2;222;247;150m▀[38;2;156;90;172m[48;2;156;90;172m▀[38;2;198;132;206m[48;2;198;132;206m▀▀[38;2;156;90;172m▀▀[38;2;198;132;206m▀▀[38;2;156;90;172m▀[38;2;198;132;206m[48;2;156;90;172m▀[38;2;0;0;0m[48;2;255;198;207m▀[49m▄ [0m
 [38;2;0;0;0m▀[38;2;255;198;207m[48;2;0;0;0m▀[48;2;255;198;207m▀[38;2;156;90;172m[48;2;156;90;172m▀[38;2;198;132;206m[48;2;198;132;206m▀▀▀[38;2;156;90;172m▀[38;2;198;132;206m▀▀▀[38;2;156;90;172m▀[38;2;198;132;206m▀▀▀▀▀[38;2;156;90;172m▀[38;2;198;132;206m▀▀▀▀▀[48;2;156;90;172m▀▀[38;2;206;144;195m[48;2;156;91;175m▀[38;2;156;91;175m[48;2;255;198;215m▀[38;2;255;198;207m[48;2;0;0;0m▀[38;2;0;0;0m[49m▀ [0m
  [38;2;0;0;0m[48;2;0;0;0m▀[38;2;255;198;207m[48;2;255;198;207m▀▀[38;2;156;91;172m▀▀▀[38;2;198;132;206m[48;2;156;90;172m▀[48;2;198;132;206m▀[48;2;156;90;172m▀▀[48;2;198;132;206m▀▀▀▀▀▀▀[48;2;156;90;172m▀▀[48;2;198;132;206m▀▀[38;2;156;90;172m[48;2;156;90;172m▀[38;2;255;200;207m[48;2;255;200;207m▀▀[38;2;239;181;207m[48;2;239;181;207m▀[48;2;0;0;0m▀[38;2;0;0;0m[49m▀  [0m
   [38;2;0;0;0m▀[38;2;231;173;215m[48;2;0;0;0m▀▀[38;2;255;198;207m▀[48;2;255;198;207m▀▀[38;2;156;91;172m▀[38;2;255;200;207m[48;2;255;200;207m▀▀[38;2;156;91;175m[48;2;255;198;215m▀[38;2;206;144;195m[48;2;156;91;175m▀[38;2;198;132;206m[48;2;156;90;172m▀▀[38;2;206;144;195m[48;2;156;91;175m▀[38;2;156;91;175m[48;2;255;198;215m▀[38;2;156;91;172m[48;2;255;198;207m▀[38;2;255;198;207m▀▀[38;2;156;91;172m▀▀[38;2;255;198;207m▀[48;2;0;0;0m▀[48;2;255;198;207m▀[48;2;0;0;0m▀[38;2;0;0;0m[49m▀   [0m
       [38;2;0;0;0m▀▀▀[38;2;255;198;207m[48;2;0;0;0m▀▀[48;2;82;82;82m▀▀[38;2;255;200;207m[48;2;255;200;207m▀▀[38;2;255;198;207m[48;2;255;198;207m▀[48;2;82;82;82m▀[38;2;231;173;215m[48;2;77;66;77m▀[48;2;0;12;8m▀[38;2;255;198;207m[48;2;0;0;0m▀[38;2;0;0;0m[49m▀▀▀ ▀     [0m
           [38;2;0;0;0m▄[38;2;8;4;8m[48;2;198;206;214m▀[38;2;198;206;214m[48;2;71;71;77m▀[38;2;82;82;82m[48;2;198;206;214m▀▀[48;2;82;82;82m▀[38;2;198;206;214m[48;2;198;206;214m▀[38;2;0;0;0m[48;2;0;0;0m▀[49m            [0m
       [38;2;0;0;0m▄[48;2;154;170;106m▀[48;2;231;255;159m▀[38;2;16;12;0m[48;2;153;158;137m▀[38;2;222;231;206m▀[38;2;197;197;192m[48;2;82;82;82m▀[38;2;82;82;82m[48;2;255;255;247m▀[38;2;255;255;231m[48;2;255;255;231m▀[38;2;198;206;214m▀[48;2;198;206;214m▀[38;2;82;82;82m▀[38;2;255;255;255m[48;2;85;85;85m▀[38;2;0;0;0m[48;2;255;255;255m▀[49m▄          [0m
       [38;2;0;0;0m[48;2;0;0;0m▀[38;2;239;255;167m[48;2;162;171;114m▀[38;2;162;171;114m[48;2;8;4;8m▀[38;2;82;82;82m[48;2;82;82;82m▀[48;2;255;198;207m▀[38;2;255;198;207m▀[38;2;205;148;213m▀[38;2;214;148;214m[48;2;234;201;218m▀[38;2;255;255;223m[48;2;214;148;214m▀[38;2;225;192;209m[48;2;198;148;214m▀[38;2;198;148;214m[48;2;239;214;207m▀[38;2;197;159;184m[48;2;255;198;231m▀[38;2;82;82;90m[48;2;82;82;90m▀[38;2;239;255;199m[48;2;159;170;133m▀[38;2;0;0;0m[48;2;239;255;199m▀[48;2;173;173;125m▀[49m▄       [0m
        [38;2;0;0;0m▀ [48;2;0;0;0m▀[38;2;231;173;215m[48;2;231;173;215m▀[38;2;255;200;207m[48;2;255;200;207m▀▀▀▀▀▀[38;2;231;173;215m[48;2;231;173;215m▀[38;2;77;66;77m[48;2;0;12;8m▀[38;2;0;0;0m[49m▀[38;2;173;173;125m[48;2;0;0;0m▀[38;2;231;255;159m[48;2;231;255;159m▀[38;2;157;171;109m[48;2;8;4;8m▀[38;2;0;0;0m[49m▀      [0m
           [38;2;0;0;0m▀[38;2;206;148;214m[48;2;0;0;0m▀▀[38;2;255;198;207m▀▀[48;2;205;148;213m▀[38;2;205;148;213m[48;2;255;198;207m▀[38;2;0;0;0m[48;2;0;0;0m▀[49m  ▀[38;2;222;247;150m[48;2;0;0;0m▀[38;2;0;0;0m[49m▀       [0m
                [38;2;0;0;0m▀▀             [0m
