
        [38;2;0;0;0m▄▄▄▄                    [0m
     [38;2;0;0;0m▄[48;2;255;222;63m▀[48;2;255;239;148m▀[38;2;255;239;151m▀▀▀[38;2;255;222;63m▀[38;2;0;0;0m[48;2;255;222;63m▀▀[49m▄                 [0m
    [38;2;0;0;0m[48;2;0;0;0m▀[38;2;255;222;63m[48;2;255;222;71m▀[48;2;85;74;40m▀[48;2;255;222;63m▀[38;2;255;239;148m▀▀▀[38;2;255;222;63m▀▀▀[38;2;0;0;0m▀[49m▄                [0m
   [38;2;0;0;0m[48;2;0;0;0m▀[38;2;255;222;63m[48;2;255;222;63m▀[38;2;255;222;71m▀[38;2;0;0;24m▀[38;2;255;222;63m▀▀[38;2;66;66;66m[48;2;0;0;0m▀[38;2;255;222;63m[48;2;255;222;63m▀▀▀[48;2;214;165;86m▀[38;2;214;166;86m▀[38;2;0;0;0m[48;2;0;0;0m▀[49m                [0m
   [38;2;0;0;0m▀[38;2;255;222;63m[48;2;0;0;0m▀[48;2;255;222;63m▀▀[48;2;255;222;71m▀▀[48;2;214;165;86m▀[48;2;66;66;66m▀[38;2;214;166;86m[48;2;214;165;86m▀▀[38;2;214;165;86m▀[38;2;0;0;0m[48;2;0;0;0m▀[49m                 [0m
     [38;2;0;0;0m▀▀[38;2;0;0;24m▀[38;2;85;74;40m[48;2;0;0;0m▀[38;2;66;66;66m[48;2;214;165;86m▀[38;2;214;165;86m▀▀▀[38;2;0;0;0m[48;2;0;0;0m▀[49m ▄▄▄▄             [0m
         [38;2;0;0;0m[48;2;0;0;8m▀[38;2;214;165;86m[48;2;198;156;94m▀[48;2;214;165;86m▀▀[38;2;66;66;66m[48;2;66;66;66m▀[38;2;0;0;0m[48;2;214;181;110m▀[38;2;239;57;79m[48;2;82;49;58m▀[48;2;168;123;112m▀[48;2;239;57;79m▀[48;2;66;66;66m▀[38;2;0;0;0m[48;2;255;239;183m▀[48;2;74;70;66m▀[48;2;66;66;66m▀[49m▄         [0m
         [38;2;0;0;8m▄[38;2;99;78;51m[48;2;71;66;55m▀[38;2;214;165;86m[48;2;214;165;86m▀▀[38;2;214;181;110m▀[38;2;66;66;66m[48;2;66;66;66m▀[38;2;255;198;167m[48;2;247;231;183m▀[38;2;82;49;58m▀[38;2;239;57;79m[48;2;66;66;66m▀[38;2;66;66;66m[48;2;239;57;79m▀[38;2;255;239;183m[48;2;82;49;58m▀[38;2;195;183;144m[48;2;255;198;167m▀[38;2;66;66;66m[48;2;247;231;183m▀▀[38;2;0;0;0m[48;2;0;0;0m▀[49m        [0m
        [38;2;0;0;0m[48;2;0;0;0m▀[38;2;71;66;55m[48;2;82;45;58m▀[38;2;214;198;150m[48;2;231;181;135m▀[38;2;66;66;66m[48;2;214;198;142m▀[38;2;214;165;86m[48;2;66;66;66m▀▀[38;2;66;66;66m[48;2;247;231;183m▀[38;2;247;231;183m[48;2;247;231;175m▀[48;2;66;66;58m▀[38;2;66;66;66m[48;2;239;57;79m▀[38;2;239;57;79m▀[38;2;168;123;112m▀[38;2;82;49;58m▀[38;2;66;66;66m[48;2;192;35;48m▀▀[38;2;189;33;45m[48;2;66;66;66m▀[38;2;0;0;0m[48;2;214;198;142m▀[49m▄      [0m
     [38;2;0;4;8m▄▄[38;2;0;0;0m[48;2;148;148;100m▀[38;2;189;33;45m[48;2;66;66;66m▀[38;2;132;90;84m[48;2;192;36;48m▀[38;2;82;45;58m▀[38;2;214;198;142m[48;2;66;66;66m▀▀[38;2;247;231;183m▀▀[38;2;156;148;116m[48;2;247;231;183m▀[38;2;247;231;175m▀[38;2;66;66;66m[48;2;66;66;66m▀[38;2;239;57;79m[48;2;239;57;79m▀[38;2;247;231;183m[48;2;239;247;183m▀[48;2;222;177;137m▀[38;2;192;35;48m[48;2;192;35;48m▀[38;2;66;66;66m[48;2;66;66;66m▀[38;2;214;198;142m[48;2;206;198;142m▀[48;2;103;99;75m▀[38;2;0;0;0m[48;2;214;165;86m▀▀▀[49m▄▄  [0m
  [38;2;0;0;0m▄[48;2;214;165;86m▀▀[38;2;214;165;94m▀[38;2;71;58;37m▀[38;2;148;148;100m[48;2;74;74;54m▀[38;2;66;66;66m[48;2;148;148;108m▀[38;2;192;36;48m[48;2;90;30;34m▀[48;2;181;53;61m▀[38;2;192;35;48m[48;2;107;57;59m▀▀[38;2;66;66;66m[48;2;247;231;183m▀▀[48;2;255;247;183m▀[48;2;195;189;144m▀[38;2;239;57;79m[48;2;82;45;58m▀[48;2;132;90;84m▀[38;2;189;37;45m[48;2;192;36;48m▀▀[38;2;192;35;48m[48;2;189;33;45m▀[38;2;66;66;66m▀[38;2;206;198;142m[48;2;0;0;0m▀[38;2;0;0;8m[49m▀[38;2;214;165;86m[48;2;0;0;0m▀▀▀[48;2;214;165;86m▀▀[38;2;0;0;0m[48;2;0;0;0m▀[49m [0m
 [38;2;0;0;0m[48;2;0;0;0m▀[38;2;214;165;86m[48;2;214;165;86m▀▀[48;2;0;0;0m▀▀[38;2;0;0;0m[49m▀▀▀[38;2;0;8;8m▀▀[38;2;107;57;59m[48;2;0;0;0m▀[38;2;247;231;183m[48;2;214;198;142m▀[48;2;74;66;74m▀[38;2;66;66;66m[48;2;255;222;71m▀[38;2;74;74;66m[48;2;255;222;63m▀[38;2;195;189;144m[48;2;66;66;66m▀[38;2;231;181;135m[48;2;214;198;150m▀[38;2;82;45;58m[48;2;71;66;55m▀[38;2;192;36;48m[48;2;189;33;45m▀[48;2;0;0;0m▀[38;2;189;33;45m▀[38;2;0;0;0m[49m▀     ▀▀  [0m
  [38;2;0;0;0m▀▀        [48;2;0;0;0m▀[38;2;195;170;72m[48;2;255;222;63m▀[38;2;255;222;71m▀[38;2;255;222;63m▀[38;2;66;66;66m[48;2;0;0;0m▀[38;2;0;0;8m[49m▀▀[38;2;0;0;0m▀            [0m
            [38;2;0;0;0m[48;2;0;0;0m▀[38;2;255;222;63m[48;2;239;198;71m▀▀[48;2;214;165;86m▀[38;2;0;0;0m[48;2;0;0;0m▀[49m               [0m
             [38;2;0;0;0m▀▀▀                [0m
