
[38;2;0;0;0m                                  
[38;2;0;0;0m            [38;2;49;49;49m██[38;2;0;0;0m                    
[38;2;0;0;0m          [38;2;49;49;49m██[38;2;123;131;180m██[38;2;49;49;49m██[38;2;0;0;0m                  
[38;2;0;0;0m          [38;2;49;49;49m██[38;2;123;131;180m██[38;2;49;49;49m██[38;2;0;0;0m                  
[38;2;0;0;0m        [38;2;49;49;49m██[38;2;82;82;82m██[38;2;123;131;180m████[38;2;49;49;49m████[38;2;0;0;0m              
[38;2;0;0;0m      [38;2;49;49;49m██[38;2;123;131;180m██[38;2;82;82;82m██[38;2;123;131;180m████[38;2;90;98;139m██[38;2;123;131;180m██[38;2;49;49;49m████[38;2;0;0;0m          
[38;2;0;0;0m    [38;2;49;49;49m██[38;2;123;131;180m██[38;2;90;98;139m██[38;2;123;131;180m████████████[38;2;90;98;139m██[38;2;49;49;49m██[38;2;0;0;0m        
[38;2;0;0;0m  [38;2;49;49;49m██[38;2;90;98;139m██[38;2;123;131;180m██████████████████[38;2;90;98;139m██[38;2;49;49;49m██[38;2;0;0;0m      
[38;2;0;0;0m  [38;2;49;49;49m████[38;2;123;131;180m██████████[38;2;49;49;49m██████[38;2;123;131;180m████[38;2;49;49;49m██[38;2;0;0;0m      
[38;2;0;0;0m  [38;2;49;49;49m██[38;2;189;164;65m██[38;2;123;131;180m████████[38;2;49;49;49m██[38;2;82;82;82m██[38;2;164;197;255m██[38;2;82;82;82m██[38;2;49;49;49m██[38;2;123;131;180m██[38;2;49;49;49m██[38;2;0;0;0m      
[38;2;0;0;0m    [38;2;49;49;49m██[38;2;90;98;139m██[38;2;123;131;180m████[38;2;49;49;49m██[38;2;189;164;65m██[38;2;123;131;180m██[38;2;164;197;255m████[38;2;49;49;49m██[38;2;123;131;180m██[38;2;82;82;82m██[38;2;49;49;49m██[38;2;0;0;0m    
[38;2;0;0;0m    [38;2;49;49;49m██[38;2;90;98;139m████[38;2;49;49;49m████[38;2;246;246;41m██[38;2;123;131;180m██[38;2;164;197;255m██[38;2;49;49;49m██[38;2;123;131;180m██[38;2;82;82;82m██[38;2;123;131;180m████[38;2;49;49;49m██[38;2;0;0;0m  
[38;2;0;0;0m      [38;2;49;49;49m██[38;2;90;98;139m██████[38;2;49;49;49m██████[38;2;90;98;139m██[38;2;82;82;82m██[38;2;90;98;139m████[38;2;123;131;180m██[38;2;49;49;49m██[38;2;0;0;0m  
[38;2;0;0;0m    [38;2;49;49;49m██[38;2;123;131;180m██[38;2;82;82;82m████[38;2;90;98;139m████████████████[38;2;49;49;49m██[38;2;0;0;0m    
[38;2;0;0;0m  [38;2;49;49;49m██[38;2;123;131;180m████████[38;2;82;82;82m██████[38;2;90;98;139m████████████[38;2;49;49;49m██[38;2;0;0;0m  
[38;2;0;0;0m  [38;2;49;49;49m██[38;2;90;98;139m██[38;2;123;131;180m████████[38;2;90;98;139m████████████████[38;2;49;49;49m██[38;2;0;0;0m  
[38;2;0;0;0m    [38;2;49;49;49m██[38;2;90;98;139m██[38;2;123;131;180m████████[38;2;90;98;139m██████[38;2;123;131;180m████[38;2;49;49;49m████[38;2;0;0;0m    
[38;2;0;0;0m      [38;2;49;49;49m██████[38;2;90;98;139m██[38;2;123;131;180m██████████[38;2;49;49;49m██[38;2;0;0;0m        
[38;2;0;0;0m            [38;2;49;49;49m██[38;2;90;98;139m██[38;2;123;131;180m██████[38;2;49;49;49m██[38;2;0;0;0m          
[38;2;0;0;0m              [38;2;49;49;49m████████[38;2;0;0;0m            
[38;2;0;0;0m                                  [0m
