
[38;2;0;0;0m                                              
[38;2;0;0;0m                    [38;2;49;49;49m██[38;2;0;0;0m                        
[38;2;0;0;0m                  [38;2;49;49;49m██[38;2;205;222;222m██[38;2;49;49;49m██[38;2;0;0;0m                      
[38;2;0;0;0m      [38;2;49;49;49m████[38;2;0;0;0m        [38;2;49;49;49m██[38;2;205;222;222m██[38;2;49;49;49m██████████[38;2;0;0;0m              
[38;2;0;0;0m      [38;2;49;49;49m██[38;2;255;255;255m██[38;2;49;49;49m████[38;2;0;0;0m  [38;2;49;49;49m██[38;2;139;148;148m████[38;2;180;197;205m██[38;2;255;255;255m██████[38;2;180;197;205m██[38;2;49;49;49m████[38;2;0;0;0m    [38;2;49;49;49m████[38;2;0;0;0m  
[38;2;0;0;0m        [38;2;49;49;49m██[38;2;205;222;222m██[38;2;180;197;205m██[38;2;49;49;49m██[38;2;255;255;255m██████████[38;2;180;197;205m████[38;2;255;255;255m████[38;2;180;197;205m██[38;2;49;49;49m████[38;2;255;255;255m██[38;2;49;49;49m██[38;2;0;0;0m  
[38;2;0;0;0m        [38;2;49;49;49m██[38;2;139;148;148m██[38;2;255;255;255m████[38;2;180;197;205m██[38;2;255;255;255m████████████[38;2;180;197;205m██[38;2;139;148;148m████[38;2;255;255;255m████[38;2;49;49;49m██[38;2;0;0;0m    
[38;2;0;0;0m      [38;2;49;49;49m██[38;2;139;148;148m██[38;2;255;255;255m████████████[38;2;180;197;205m██[38;2;255;255;255m████████[38;2;180;197;205m██[38;2;255;255;255m██[38;2;180;197;205m██[38;2;139;148;148m██[38;2;49;49;49m██[38;2;0;0;0m    
[38;2;0;0;0m      [38;2;49;49;49m██[38;2;255;255;255m████[38;2;180;197;205m██[38;2;255;255;255m██████████[38;2;180;197;205m████[38;2;255;255;255m██████[38;2;180;197;205m██[38;2;205;222;222m██[38;2;180;197;205m██[38;2;49;49;49m██[38;2;0;0;0m    
[38;2;0;0;0m      [38;2;49;49;49m██[38;2;255;255;255m██[38;2;180;197;205m██[38;2;255;255;255m████████████[38;2;180;197;205m██[38;2;255;255;255m██[38;2;180;197;205m██[38;2;255;255;255m████[38;2;139;148;148m██[38;2;180;197;205m████[38;2;49;49;49m██[38;2;0;0;0m    
[38;2;0;0;0m    [38;2;49;49;49m██[38;2;205;222;222m██[38;2;255;255;255m██[38;2;180;197;205m██[38;2;255;255;255m██████[38;2;180;197;205m██[38;2;255;255;255m████[38;2;139;148;148m██[38;2;255;255;255m████[38;2;180;197;205m██[38;2;205;222;222m██[38;2;180;197;205m██[38;2;139;148;148m██[38;2;180;197;205m██[38;2;49;49;49m██[38;2;0;0;0m    
[38;2;0;0;0m    [38;2;49;49;49m██[38;2;205;222;222m██[38;2;180;197;205m██[38;2;255;255;255m████[38;2;139;148;148m██[38;2;255;255;255m██[38;2;139;148;148m██[38;2;189;74;90m██[38;2;255;255;255m██[38;2;139;148;148m██[38;2;180;197;205m██[38;2;205;222;222m██[38;2;139;148;148m██[38;2;180;197;205m████[38;2;139;148;148m██[38;2;49;49;49m██[38;2;0;0;0m      
[38;2;0;0;0m    [38;2;49;49;49m██[38;2;205;222;222m██[38;2;139;148;148m██[38;2;205;222;222m██[38;2;255;255;255m████[38;2;139;148;148m██[38;2;49;49;49m██[38;2;238;98;106m██[38;2;82;82;82m██[38;2;180;197;205m██████[38;2;139;148;148m██[38;2;180;197;205m████[38;2;139;148;148m██[38;2;49;49;49m██[38;2;0;0;0m      
[38;2;0;0;0m    [38;2;49;49;49m██[38;2;139;148;148m████[38;2;180;197;205m██[38;2;205;222;222m████[38;2;82;82;82m██[38;2;189;74;90m██[38;2;238;98;106m██[38;2;82;82;82m██[38;2;180;197;205m██████[38;2;139;148;148m██[38;2;180;197;205m██[38;2;139;148;148m██[38;2;180;197;205m████[38;2;49;49;49m██[38;2;0;0;0m    
[38;2;0;0;0m  [38;2;49;49;49m██[38;2;180;197;205m████[38;2;82;82;82m██[38;2;180;197;205m████████[38;2;82;82;82m████[38;2;180;197;205m██████[38;2;139;148;148m██[38;2;180;197;205m██[38;2;49;49;49m██████[38;2;180;197;205m████[38;2;49;49;49m██[38;2;0;0;0m  
[38;2;0;0;0m  [38;2;49;49;49m██████████[38;2;139;148;148m██[38;2;180;197;205m████████████[38;2;139;148;148m██[38;2;49;49;49m████[38;2;0;0;0m      [38;2;49;49;49m██████[38;2;0;0;0m  
[38;2;0;0;0m            [38;2;49;49;49m██████[38;2;82;82;82m██[38;2;180;197;205m██[38;2;49;49;49m██████[38;2;0;0;0m                  
[38;2;0;0;0m                [38;2;49;49;49m██[38;2;180;197;205m██[38;2;49;49;49m██[38;2;0;0;0m                        
[38;2;0;0;0m                [38;2;49;49;49m████[38;2;0;0;0m                          
[38;2;0;0;0m                                              [0m
