
               [38;2;0;0;0m▄                 [0m
            [38;2;0;0;0m▄[48;2;255;255;255m▀▀[38;2;255;255;255m▀[38;2;0;0;0m[48;2;0;0;0m▀[49m                [0m
         [38;2;8;0;0m▄[38;2;0;0;0m[48;2;239;239;239m▀[48;2;255;255;255m▀[38;2;255;255;255m▀▀[48;2;0;0;0m▀[38;2;0;0;0m[49m▀                 [0m
     [38;2;0;0;0m▄▄[48;2;214;214;222m▀▀[38;2;239;239;239m▀[38;2;85;80;80m[48;2;90;82;82m▀[38;2;255;255;255m[48;2;255;255;255m▀▀[48;2;0;0;0m▀[38;2;0;0;0m[49m▀                  [0m
   [38;2;0;4;8m▄[38;2;0;0;0m[48;2;214;222;230m▀[38;2;148;156;172m[48;2;148;156;172m▀[48;2;90;82;82m▀[38;2;90;82;82m[48;2;214;217;222m▀[38;2;214;214;222m▀▀▀[38;2;85;85;85m[48;2;0;0;0m▀[38;2;0;0;0m[49m▀  ▄▄▄               [0m
  [38;2;0;0;0m[48;2;0;0;0m▀[38;2;214;222;230m[48;2;148;156;172m▀[38;2;143;149;156m▀[38;2;148;156;172m[48;2;151;153;159m▀[38;2;90;82;82m[48;2;87;85;87m▀[38;2;214;217;222m[48;2;214;217;222m▀▀[48;2;214;214;222m▀▀[38;2;214;214;222m[48;2;90;82;82m▀[38;2;0;0;0m[48;2;255;255;255m▀▀▀[38;2;255;255;255m▀▀[48;2;0;0;0m▀[38;2;0;0;0m[49m▀              [0m
 [38;2;0;0;0m[48;2;0;0;0m▀[38;2;148;156;172m[48;2;148;156;172m▀[48;2;0;0;0m▀[48;2;148;156;172m▀[38;2;87;85;87m[48;2;87;85;87m▀[38;2;214;222;230m[48;2;214;222;230m▀[38;2;214;217;222m[48;2;214;217;222m▀▀[38;2;214;214;222m[48;2;214;214;222m▀[38;2;90;82;82m▀[38;2;255;255;255m[48;2;151;148;151m▀[48;2;87;82;79m▀[48;2;90;82;82m▀[48;2;0;0;0m▀[38;2;0;0;0m[49m▀▀                [0m
  [38;2;0;0;0m▀▄[48;2;255;115;111m▀[38;2;151;153;159m[48;2;148;156;172m▀[38;2;87;85;87m[48;2;90;82;82m▀[38;2;214;217;222m[48;2;247;189;191m▀[48;2;99;78;75m▀[38;2;90;82;82m[48;2;255;115;111m▀[48;2;222;231;222m▀[38;2;214;214;222m[48;2;90;82;82m▀[48;2;214;214;222m▀[38;2;0;0;0m▀[38;2;90;82;82m[49m▄[38;2;0;0;0m[48;2;255;255;255m▀▀▀[49m▄              [0m
   [38;2;0;0;0m[48;2;0;0;0m▀[38;2;255;115;111m[48;2;198;132;142m▀[38;2;90;82;82m[48;2;90;82;82m▀[38;2;148;156;172m▀[38;2;99;78;75m[48;2;255;198;199m▀[38;2;198;152;152m[48;2;197;132;129m▀[38;2;255;115;111m[48;2;90;82;82m▀[48;2;255;115;111m▀[38;2;214;214;222m[48;2;214;214;222m▀[38;2;90;82;82m[48;2;90;82;82m▀[38;2;214;214;222m▀[38;2;90;82;82m[48;2;0;0;0m▀[38;2;255;255;255m▀[38;2;0;0;0m[49m▀▀               [0m
   [38;2;0;0;0m[48;2;0;4;8m▀[38;2;198;132;142m[48;2;214;222;230m▀[38;2;214;214;222m[48;2;214;217;222m▀▀[38;2;197;132;129m[48;2;197;132;129m▀[38;2;140;66;60m▀[38;2;90;82;82m[48;2;231;140;143m▀[38;2;255;115;111m[48;2;74;82;82m▀[38;2;214;214;222m[48;2;66;66;66m▀▀[38;2;0;0;0m[48;2;222;231;222m▀[49m▄            [38;2;0;0;8m▄▄[38;2;0;0;0m[48;2;57;99;153m▀▀[49m▄ [0m
  [38;2;0;0;0m[48;2;0;0;0m▀[38;2;214;222;230m[48;2;214;214;222m▀[38;2;143;149;156m[48;2;148;156;172m▀[38;2;214;217;222m[48;2;214;214;222m▀▀[38;2;255;198;199m[48;2;57;66;73m▀[38;2;140;66;60m[48;2;255;255;255m▀[38;2;74;82;82m[48;2;66;66;66m▀[38;2;179;121;123m[48;2;247;255;255m▀[38;2;247;255;255m[48;2;148;156;172m▀[38;2;156;160;160m[48;2;255;255;255m▀[38;2;74;77;74m[48;2;66;66;66m▀[38;2;0;0;0m[48;2;214;214;222m▀[49m▄         [38;2;0;0;24m▄[38;2;0;0;0m[48;2;94;107;134m▀[38;2;198;214;238m[48;2;112;120;134m▀[38;2;99;107;123m[48;2;49;57;73m▀[38;2;57;99;153m[48;2;0;0;0m▀[38;2;0;0;0m[49m▀  [0m
 [38;2;0;0;0m[48;2;0;8;8m▀[38;2;214;214;222m[48;2;247;123;119m▀[38;2;148;156;172m[48;2;159;165;170m▀[38;2;214;214;222m[48;2;206;214;222m▀[48;2;66;66;66m▀[38;2;0;0;0m▀[38;2;156;160;164m[48;2;90;82;82m▀[38;2;255;255;255m▀[38;2;66;66;66m[48;2;214;214;222m▀[38;2;156;160;160m[48;2;66;70;66m▀[38;2;255;255;255m[48;2;66;66;66m▀[38;2;148;156;172m▀[38;2;66;66;66m[48;2;214;214;222m▀[38;2;214;214;222m▀[38;2;0;0;0m▀[49m▄      [38;2;0;0;8m▄[38;2;0;0;0m[48;2;99;107;123m▀[38;2;189;214;245m[48;2;57;99;153m▀[38;2;94;107;134m[48;2;66;66;66m▀[38;2;49;57;73m[48;2;255;255;255m▀[38;2;239;247;255m▀[38;2;255;255;255m[48;2;131;131;131m▀[38;2;0;0;0m[48;2;8;8;8m▀[49m  [0m
 [38;2;0;8;8m▀[38;2;82;46;45m[48;2;0;0;0m▀[38;2;66;66;66m[48;2;148;148;140m▀▀[38;2;148;148;140m[48;2;79;77;74m▀[48;2;222;222;222m▀[38;2;214;214;222m[48;2;214;222;230m▀[48;2;87;85;87m▀[48;2;87;87;93m▀[38;2;140;142;144m[48;2;214;222;230m▀[38;2;214;214;222m[48;2;214;217;222m▀▀[38;2;148;156;172m[48;2;214;214;222m▀[38;2;214;214;222m[48;2;148;156;172m▀[48;2;214;214;222m▀▀[38;2;0;0;0m▀▀[49m▄  ▄[38;2;0;0;8m[48;2;57;99;153m▀[38;2;198;214;238m▀[38;2;57;99;153m[48;2;66;66;66m▀[38;2;66;66;66m[48;2;255;255;255m▀[38;2;255;255;255m▀[38;2;214;214;222m▀[38;2;255;255;255m▀▀[38;2;0;0;0m[48;2;0;0;0m▀[49m [0m
   [38;2;0;0;0m▀[38;2;148;148;140m[48;2;0;0;0m▀[38;2;8;4;0m[49m▀▀[38;2;87;85;87m[48;2;0;0;0m▀[38;2;151;153;159m[48;2;148;156;172m▀[38;2;151;155;161m[48;2;151;155;161m▀[48;2;87;87;93m▀[38;2;214;217;222m[48;2;214;214;222m▀▀[38;2;214;214;222m[48;2;214;217;222m▀[38;2;148;156;172m▀[48;2;151;153;159m▀[38;2;214;214;222m[48;2;87;85;87m▀[38;2;77;74;74m[48;2;214;214;222m▀[38;2;8;4;0m[48;2;66;66;66m▀[38;2;0;0;0m[49m▄▄[48;2;90;83;82m▀[38;2;66;66;66m▀[48;2;90;82;82m▀[38;2;57;99;153m[48;2;66;66;66m▀[38;2;66;66;66m[48;2;57;99;153m▀[38;2;255;255;255m[48;2;66;66;66m▀[48;2;255;255;255m▀[38;2;214;214;222m▀[38;2;255;255;255m[48;2;127;129;127m▀[38;2;0;0;0m[48;2;0;4;0m▀[49m  [0m
      [38;2;0;0;0m▄[48;2;148;156;172m▀[38;2;148;156;172m[48;2;214;214;222m▀[38;2;151;155;161m[48;2;214;217;222m▀[38;2;214;222;230m▀[38;2;90;82;82m[48;2;90;82;82m▀[38;2;214;214;222m[48;2;214;214;222m▀[38;2;214;217;222m[48;2;90;82;82m▀▀[38;2;87;85;87m[48;2;214;214;222m▀[38;2;214;222;230m[48;2;148;156;172m▀[38;2;214;214;222m[48;2;214;214;222m▀▀[38;2;60;60;60m▀[38;2;90;90;90m[48;2;74;74;74m▀[38;2;90;83;82m[48;2;90;83;82m▀▀[38;2;90;82;82m[48;2;82;74;82m▀[48;2;93;87;173m▀[38;2;66;66;66m[48;2;77;78;93m▀[38;2;57;99;153m[48;2;66;70;58m▀[38;2;66;66;66m[48;2;57;99;153m▀[38;2;255;255;255m▀[48;2;82;85;82m▀[38;2;0;4;0m[48;2;247;255;247m▀[38;2;0;0;0m[49m▄ [0m
     [38;2;0;0;0m[48;2;0;0;0m▀[38;2;214;214;222m[48;2;148;156;172m▀[38;2;148;156;172m[48;2;214;214;222m▀[38;2;214;214;222m▀[38;2;214;217;222m[48;2;214;217;222m▀▀[38;2;214;214;222m[48;2;214;214;222m▀[38;2;90;82;82m▀[38;2;214;214;222m▀[48;2;148;156;172m▀[48;2;214;214;222m▀▀[38;2;148;156;172m[48;2;66;66;66m▀[38;2;214;214;222m▀[38;2;74;74;74m[48;2;90;83;82m▀▀[38;2;90;83;82m[48;2;66;66;66m▀[48;2;90;82;82m▀[38;2;93;87;173m[48;2;85;78;127m▀[38;2;88;81;128m[48;2;90;82;170m▀[38;2;99;94;163m[48;2;82;74;106m▀[38;2;66;70;58m[48;2;0;0;0m▀[38;2;0;0;0m[49m▀▀▀▀  [0m
     [38;2;0;0;0m▄[48;2;214;214;222m▀[38;2;214;214;222m▀[38;2;148;156;172m[48;2;148;156;172m▀[38;2;214;217;222m[48;2;214;217;222m▀▀[38;2;148;156;172m[48;2;148;156;172m▀[38;2;214;214;222m[48;2;214;214;222m▀▀▀[38;2;165;165;170m[48;2;66;66;66m▀[38;2;66;66;66m[48;2;90;82;82m▀[38;2;90;82;82m[48;2;66;66;66m▀[48;2;0;0;0m▀[38;2;90;83;82m▀▀[38;2;66;66;66m▀[38;2;90;82;82m[48;2;90;82;82m▀[38;2;79;74;85m[48;2;90;83;82m▀[38;2;85;78;127m▀[38;2;82;74;106m[48;2;90;90;90m▀[38;2;0;0;0m[48;2;0;4;0m▀[49m      [0m
     [38;2;0;0;0m▀[38;2;214;214;222m[48;2;0;0;0m▀[38;2;148;156;172m[48;2;77;85;74m▀[38;2;214;214;222m[48;2;214;222;222m▀[38;2;214;217;222m[48;2;214;214;222m▀▀[38;2;148;156;172m[48;2;0;0;0m▀[38;2;214;214;222m[48;2;66;66;66m▀[38;2;66;66;66m[48;2;90;83;82m▀▀[38;2;90;82;82m[48;2;90;82;82m▀▀[38;2;0;0;0m[48;2;0;0;0m▀[38;2;66;66;66m▀[48;2;66;66;66m▀[38;2;0;0;0m▀[49m▄▀[38;2;90;83;82m[48;2;0;0;0m▀▀[38;2;60;61;60m[48;2;57;57;76m▀▀[38;2;0;0;0m[48;2;0;0;0m▀[49m     [0m
    [38;2;0;0;0m▄▄[48;2;90;115;90m▀[38;2;77;85;74m[48;2;90;123;90m▀[38;2;8;16;0m[48;2;0;0;0m▀[38;2;0;0;0m[49m▀▀ ▀[38;2;90;83;82m[48;2;0;0;0m▀[48;2;90;123;90m▀[38;2;90;82;82m[48;2;0;0;0m▀[38;2;0;0;0m[49m▀ ▄[48;2;66;66;66m▀[38;2;66;66;66m▀[38;2;0;0;0m[48;2;0;0;0m▀[49m   [38;2;8;8;0m[48;2;16;16;0m▀[38;2;82;82;114m[48;2;115;107;163m▀[38;2;66;66;66m[48;2;60;60;60m▀[38;2;0;0;0m[48;2;0;0;0m▀[49m    [0m
  [38;2;0;0;0m▄[48;2;90;123;90m▀[38;2;90;123;90m[48;2;0;0;0m▀[38;2;60;77;60m[48;2;90;123;90m▀▀[38;2;0;0;0m[48;2;0;0;0m▀[49m    ▄[48;2;91;124;91m▀[38;2;90;123;90m▀[48;2;0;0;0m▀[38;2;0;0;0m[49m▀  ▀▀   ▀[38;2;65;61;81m[48;2;0;0;0m▀▀[38;2;90;90;90m▀[38;2;0;0;0m[49m▀    [0m
  [38;2;0;0;0m▀▀ ▀▀    [48;2;0;0;0m▀[38;2;90;123;90m[48;2;90;123;90m▀[38;2;66;66;66m[48;2;0;0;0m▀[38;2;91;124;91m[48;2;90;123;90m▀[38;2;0;0;0m[48;2;0;0;0m▀[49m                 [0m
            [38;2;0;0;0m▀ ▀                  [0m
