
      [38;2;49;49;49m▄▄                   [0m
     [38;2;49;49;49m[48;2;49;49;49m▀[38;2;82;222;106m[48;2;82;222;106m▀▀[38;2;49;49;49m▀[49m▄                 [0m
    [38;2;49;49;49m[48;2;49;49;49m▀[38;2;57;197;90m[48;2;82;222;106m▀[38;2;82;222;106m▀▀▀[38;2;57;197;90m[48;2;57;197;90m▀[38;2;49;49;49m[48;2;49;49;49m▀[49m                [0m
    [38;2;49;49;49m[48;2;49;49;49m▀[38;2;82;222;106m[48;2;57;197;90m▀[48;2;82;222;106m▀▀[48;2;57;197;90m▀[38;2;57;197;90m▀▀[38;2;49;49;49m[48;2;49;49;49m▀[49m               [0m
 [38;2;49;49;49m▄[48;2;57;197;90m▀▀[48;2;82;82;82m▀[38;2;57;197;90m[48;2;57;156;82m▀[48;2;255;222;139m▀[48;2;57;197;90m▀▀▀▀[38;2;65;115;65m▀[38;2;49;49;49m[48;2;65;115;65m▀[49m▄             [0m
 [38;2;49;49;49m[48;2;49;49;49m▀[38;2;123;230;139m[48;2;123;230;139m▀[38;2;57;197;90m▀[48;2;57;197;90m▀[38;2;82;82;82m[48;2;82;82;82m▀[38;2;255;222;139m[48;2;57;156;82m▀[38;2;57;197;90m[48;2;57;197;90m▀[38;2;255;222;139m▀[38;2;57;197;90m▀▀▀[38;2;65;115;65m[48;2;57;156;82m▀[38;2;57;197;90m[48;2;57;197;90m▀[38;2;49;49;49m[48;2;57;156;82m▀[49m▄           [0m
  [38;2;49;49;49m▀[38;2;123;230;139m[48;2;49;49;49m▀[48;2;57;156;82m▀[38;2;255;255;255m[48;2;255;255;255m▀[38;2;65;115;65m[48;2;197;164;90m▀[38;2;57;197;90m[48;2;57;156;82m▀[48;2;57;197;90m▀[48;2;57;156;82m▀[48;2;255;255;255m▀[38;2;255;255;255m▀[38;2;57;197;90m▀[48;2;57;197;90m▀[48;2;82;82;82m▀[38;2;49;49;49m[48;2;57;197;90m▀▀▀[49m▄  ▄▄    [0m
    [38;2;49;49;49m[48;2;49;49;49m▀[38;2;255;222;139m[48;2;255;222;139m▀[48;2;139;115;49m▀[48;2;255;222;139m▀[38;2;197;164;90m▀[38;2;255;255;255m[48;2;49;49;49m▀[48;2;255;255;255m▀[38;2;189;189;189m[48;2;255;222;139m▀[38;2;57;197;90m[48;2;197;164;90m▀[38;2;57;156;82m[48;2;57;197;90m▀[38;2;57;197;90m[48;2;123;230;139m▀[38;2;123;230;139m▀▀[38;2;57;197;90m[48;2;57;197;90m▀[38;2;49;49;49m[48;2;49;49;49m▀[49m▄[48;2;82;82;82m▀[38;2;57;197;90m[48;2;57;197;90m▀[48;2;82;82;82m▀[38;2;49;49;49m[48;2;57;197;90m▀▀[49m▄ [0m
  [38;2;49;49;49m▄[48;2;230;197;106m▀[38;2;65;115;65m▀[38;2;49;49;49m[48;2;57;197;90m▀[38;2;255;222;139m[48;2;65;115;65m▀[48;2;139;115;49m▀[48;2;197;164;90m▀[48;2;255;222;139m▀▀[48;2;139;115;49m▀[48;2;82;82;82m▀[38;2;82;82;82m[48;2;255;255;255m▀[38;2;123;230;139m[48;2;82;82;82m▀[48;2;49;49;49m▀[38;2;57;197;90m▀[38;2;49;49;49m[49m▀ ▀[38;2;57;197;90m[48;2;49;49;49m▀[38;2;65;115;65m[48;2;65;115;65m▀[48;2;57;197;90m▀[38;2;57;197;90m[48;2;49;49;49m▀▀[38;2;49;49;49m[49m▀ [0m
   [38;2;49;49;49m▀[38;2;230;197;106m[48;2;49;49;49m▀[38;2;49;49;49m[49m▀[48;2;49;49;49m▀[38;2;255;255;255m[48;2;197;164;90m▀[38;2;82;82;82m[48;2;255;255;255m▀[48;2;197;164;90m▀[48;2;255;255;255m▀[38;2;255;255;255m▀[48;2;82;82;82m▀[48;2;57;156;82m▀[38;2;57;197;90m[48;2;57;197;90m▀[38;2;49;49;49m▀[49m▄ ▄▄[48;2;57;156;82m▀[38;2;57;156;82m[48;2;49;49;49m▀[38;2;49;49;49m[49m▀    [0m
      [38;2;49;49;49m▄[48;2;57;156;82m▀[38;2;197;164;90m▀[48;2;197;164;90m▀[48;2;57;197;90m▀[48;2;197;164;90m▀[48;2;57;197;90m▀[38;2;82;82;82m[48;2;57;156;82m▀[38;2;57;156;82m[48;2;82;82;82m▀[38;2;57;197;90m[48;2;255;222;139m▀[38;2;255;222;139m[48;2;230;197;106m▀[38;2;49;49;49m▀[38;2;57;156;82m[48;2;49;49;49m▀▀[38;2;49;49;49m[49m▀      [0m
     [38;2;49;49;49m▀[38;2;255;222;139m[48;2;49;49;49m▀[38;2;197;164;90m▀[38;2;49;49;49m[49m▀▀▀[38;2;57;156;82m[48;2;49;49;49m▀▀[48;2;57;156;82m▀[38;2;82;82;82m▀[38;2;255;222;139m[48;2;49;49;49m▀[38;2;49;49;49m[49m▀▀         [0m
            [38;2;49;49;49m▀[38;2;255;222;139m[48;2;49;49;49m▀[38;2;197;164;90m▀[38;2;49;49;49m[49m▀           [0m
                           [0m
