
      [38;2;0;4;0m▄[38;2;181;231;117m▄[38;2;177;218;121m▄[38;2;132;181;76m▄[38;2;0;0;0m▄                            [0m
      [38;2;0;4;0m[48;2;0;0;0m▀[38;2;121;155;78m[48;2;173;214;125m▀[38;2;132;181;76m[48;2;176;217;123m▀[38;2;177;218;121m▀[38;2;0;0;0m[48;2;0;0;0m▀[49m                            [0m
      [38;2;0;0;0m[48;2;0;0;0m▀[38;2;173;214;125m[48;2;173;214;125m▀[38;2;176;217;123m[48;2;176;217;123m▀▀[38;2;0;0;0m[48;2;0;0;0m▀[49m                            [0m
      [38;2;0;0;0m[48;2;0;0;0m▀[38;2;173;214;125m[48;2;173;214;125m▀[38;2;176;217;123m[48;2;176;217;123m▀▀[38;2;0;0;0m[48;2;0;0;0m▀[49m                            [0m
      [38;2;0;0;0m[48;2;0;0;0m▀[38;2;173;214;125m[48;2;173;214;125m▀[38;2;176;217;123m[48;2;176;217;123m▀▀[38;2;0;0;0m[48;2;0;0;0m▀[49m                            [0m
      [38;2;0;0;0m[48;2;0;0;0m▀[38;2;173;214;125m[48;2;173;214;125m▀[38;2;176;217;123m[48;2;176;217;123m▀▀[38;2;0;0;0m[48;2;0;0;0m▀[49m         ▄▄                 [0m
      [38;2;0;0;0m[48;2;0;0;0m▀[38;2;173;214;125m[48;2;173;214;125m▀[38;2;176;217;123m[48;2;176;217;123m▀▀[38;2;0;0;0m[48;2;0;0;0m▀[49m     ▄ ▄[48;2;255;255;255m▀[38;2;255;255;255m▀[38;2;0;0;0m[48;2;178;196;175m▀[49m▄                [0m
      [38;2;0;0;0m[48;2;0;0;0m▀[38;2;173;214;125m[48;2;173;214;125m▀[38;2;176;217;123m[48;2;176;217;123m▀▀[38;2;0;0;0m[48;2;0;0;0m▀[49m    [48;2;0;0;0m▀[38;2;255;255;255m[48;2;255;255;255m▀[38;2;0;0;0m[48;2;66;66;66m▀[38;2;127;127;127m[48;2;178;196;175m▀[38;2;255;255;255m[48;2;255;255;255m▀▀[48;2;189;192;189m▀[38;2;0;0;0m[48;2;0;0;0m▀[49m     ▄          [0m
      [38;2;0;0;0m[48;2;0;0;0m▀[38;2;173;214;125m[48;2;173;214;125m▀[38;2;176;217;123m[48;2;132;181;76m▀[48;2;177;218;121m▀[38;2;0;0;0m[48;2;0;0;0m▀[49m   [48;2;0;0;0m▀[38;2;255;255;255m[48;2;255;255;255m▀▀[38;2;66;66;66m▀[38;2;178;196;175m[48;2;127;127;127m▀[38;2;255;255;255m[48;2;255;255;255m▀[48;2;123;127;123m▀[38;2;123;129;123m[48;2;178;196;173m▀[38;2;0;0;0m[48;2;255;255;255m▀[38;2;0;4;0m[49m▄   [38;2;0;0;0m[48;2;0;0;0m▀[38;2;173;214;125m[48;2;173;214;125m▀[38;2;0;0;0m[48;2;0;0;0m▀[49m         [0m
      [38;2;0;0;0m[48;2;0;0;0m▀[38;2;173;214;125m[48;2;173;214;125m▀[38;2;177;218;121m[48;2;132;181;76m▀[48;2;177;218;121m▀[38;2;0;0;0m[48;2;0;0;0m▀[49m    [48;2;0;0;0m▀[38;2;255;255;255m[48;2;189;192;189m▀[48;2;255;255;255m▀[38;2;127;127;127m▀[38;2;255;255;255m▀[38;2;123;127;123m▀[38;2;178;196;173m[48;2;178;196;175m▀[38;2;170;171;170m[48;2;127;127;127m▀[38;2;0;4;0m[48;2;0;0;0m▀[49m  [38;2;0;0;0m▄[48;2;173;214;125m▀[38;2;173;214;125m[48;2;176;217;123m▀[38;2;0;0;0m▀[49m▄        [0m
      [38;2;0;0;0m[48;2;0;0;0m▀[38;2;173;214;125m[48;2;247;255;247m▀[38;2;132;181;76m[48;2;126;170;84m▀[38;2;177;218;121m[48;2;247;247;247m▀[38;2;0;0;0m[48;2;0;0;0m▀[49m  ▄[48;2;255;255;255m▀[38;2;255;255;255m▀[38;2;123;129;123m▀[38;2;255;255;255m▀▀▀▀▀▀[38;2;0;0;0m▀[49m▄ [48;2;0;0;0m▀[38;2;173;214;125m[48;2;173;214;125m▀[38;2;176;217;123m[48;2;176;217;123m▀▀[38;2;0;0;0m[48;2;0;0;0m▀[49m        [0m
      [38;2;0;0;0m[48;2;0;0;0m▀[38;2;247;255;247m[48;2;247;255;247m▀[38;2;187;209;165m[48;2;247;255;244m▀[38;2;247;247;247m▀[38;2;0;0;0m[48;2;0;0;0m▀[49m ▄[48;2;66;66;66m▀[38;2;178;196;175m[48;2;82;82;82m▀[38;2;255;255;255m[48;2;247;247;247m▀[48;2;255;255;255m▀▀▀[48;2;66;66;66m▀[38;2;192;192;192m▀[38;2;66;66;66m▀[38;2;255;255;255m[48;2;176;192;176m▀[48;2;66;66;66m▀[38;2;0;0;0m[48;2;30;82;59m▀[38;2;8;0;0m[49m▄ [38;2;0;0;0m[48;2;0;0;0m▀[38;2;176;217;123m[48;2;175;217;119m▀▀[38;2;173;214;125m[48;2;165;222;125m▀[38;2;0;0;0m[48;2;0;8;8m▀[49m ▄[48;2;16;132;85m▀[49m▄   [0m
      [38;2;0;0;0m[48;2;0;0;0m▀[38;2;247;255;247m[48;2;247;255;247m▀[38;2;247;255;244m▀▀[38;2;0;0;0m[48;2;0;0;0m▀[49m [48;2;0;0;0m▀[38;2;66;66;66m[48;2;181;173;157m▀[38;2;0;0;0m[48;2;247;247;247m▀[38;2;82;82;82m[48;2;0;0;0m▀[38;2;255;255;255m[48;2;66;66;66m▀[38;2;178;196;175m▀[38;2;66;66;66m[48;2;0;0;0m▀▀[38;2;129;129;129m▀[38;2;255;255;255m[48;2;80;80;80m▀[38;2;176;192;176m[48;2;176;192;176m▀[38;2;66;66;66m[48;2;66;66;66m▀[38;2;41;123;89m[48;2;22;132;86m▀[38;2;8;0;0m▀[38;2;0;0;0m[49m▄[48;2;0;0;0m▀[38;2;82;173;106m[48;2;66;66;66m▀[38;2;175;217;119m[48;2;82;173;106m▀[38;2;165;222;125m▀[38;2;110;151;86m▀[38;2;0;0;0m▀[38;2;66;66;66m[48;2;16;132;88m▀[38;2;16;132;85m[48;2;16;132;85m▀[38;2;0;0;0m[48;2;0;0;0m▀[49m   [0m
      [38;2;0;0;0m[48;2;0;0;0m▀[38;2;247;255;247m[48;2;255;255;247m▀[48;2;178;198;176m▀[38;2;177;197;177m▀[38;2;0;0;0m[48;2;66;66;66m▀[49m▄[48;2;66;66;66m▀[38;2;181;173;157m▀[38;2;82;82;82m[48;2;255;211;71m▀▀[38;2;255;214;63m▀[38;2;160;140;64m▀[38;2;255;247;239m[48;2;66;66;66m▀[38;2;170;165;159m▀[38;2;239;239;239m[48;2;184;192;184m▀[38;2;159;159;159m▀[38;2;176;192;176m[48;2;176;192;176m▀[48;2;66;66;66m▀[38;2;66;66;66m▀[38;2;22;132;86m▀[38;2;16;132;85m[48;2;22;132;86m▀▀[38;2;82;173;106m[48;2;16;132;88m▀[48;2;82;173;106m▀[48;2;49;90;73m▀[38;2;66;66;66m▀[38;2;16;132;88m[48;2;66;66;66m▀▀[38;2;16;132;85m[48;2;0;0;0m▀[38;2;0;0;0m[49m▀   [0m
   [38;2;0;0;0m▄[48;2;247;255;247m▀[48;2;177;197;177m▀[38;2;85;85;82m[48;2;66;66;66m▀[38;2;170;170;165m[48;2;187;192;181m▀[38;2;178;198;176m[48;2;66;66;66m▀▀[38;2;66;66;66m[48;2;181;193;181m▀[48;2;66;70;66m▀[38;2;255;214;71m[48;2;255;214;63m▀[48;2;160;140;64m▀[38;2;255;211;71m[48;2;66;66;66m▀▀[48;2;176;137;48m▀▀[38;2;255;214;71m[48;2;134;129;110m▀[48;2;74;66;50m▀[38;2;57;66;57m[48;2;255;255;255m▀[38;2;247;255;247m▀[38;2;176;192;176m[48;2;178;196;175m▀[38;2;66;66;66m▀[38;2;0;103;64m[48;2;49;78;65m▀[38;2;66;66;66m▀[48;2;0;103;64m▀[38;2;22;132;86m[48;2;66;66;66m▀[38;2;16;132;88m[48;2;57;74;65m▀▀[38;2;49;90;73m[48;2;173;214;125m▀[38;2;173;214;125m▀[38;2;66;66;66m[48;2;66;66;66m▀[38;2;82;173;106m[48;2;173;214;125m▀[38;2;16;132;88m[48;2;82;173;106m▀[38;2;0;0;0m[48;2;16;132;88m▀[48;2;16;132;85m▀[48;2;0;0;0m▀[49m [0m
  [38;2;0;0;0m[48;2;0;8;0m▀[38;2;247;255;247m[48;2;255;255;247m▀[48;2;247;255;247m▀[48;2;132;137;132m▀[38;2;247;255;239m[48;2;66;66;66m▀[38;2;66;66;66m[48;2;176;192;176m▀[38;2;247;255;247m▀[48;2;66;66;66m▀[38;2;239;255;239m[48;2;247;255;247m▀[38;2;181;193;181m▀[38;2;66;66;66m[48;2;66;66;66m▀▀[38;2;136;152;136m[48;2;192;192;192m▀[48;2;66;66;66m▀[38;2;66;66;66m[48;2;255;255;255m▀[48;2;192;192;192m▀[38;2;74;66;50m[48;2;255;255;255m▀[38;2;255;255;231m▀[38;2;255;255;255m▀▀▀[38;2;178;196;175m[48;2;66;66;66m▀[38;2;181;196;176m[48;2;57;66;65m▀[38;2;49;78;65m[48;2;24;110;75m▀[38;2;66;66;66m[48;2;16;132;88m▀[38;2;0;103;64m[48;2;82;173;106m▀[38;2;111;152;95m▀[38;2;165;231;125m▀[38;2;173;214;125m[48;2;165;231;125m▀[38;2;66;66;66m[48;2;57;74;65m▀[38;2;173;214;125m[48;2;165;231;125m▀[38;2;66;66;66m[48;2;57;74;65m▀[38;2;82;173;106m[48;2;22;132;86m▀[38;2;16;132;88m▀[38;2;16;132;85m[48;2;0;0;0m▀[38;2;0;0;0m[49m▀ [0m
 [38;2;0;0;0m▀[38;2;255;255;247m[48;2;0;0;0m▀[38;2;170;173;165m▀[38;2;247;255;247m[48;2;68;71;66m▀[38;2;74;78;74m[48;2;189;206;181m▀[38;2;176;192;176m[48;2;126;134;126m▀[38;2;66;66;66m[48;2;66;74;66m▀[38;2;176;192;176m[48;2;177;197;177m▀▀[38;2;66;66;66m[48;2;66;66;66m▀[48;2;136;152;136m▀[48;2;137;154;137m▀[38;2;176;192;176m[48;2;69;77;69m▀[38;2;255;255;255m[48;2;255;255;255m▀▀[38;2;66;66;66m▀[38;2;255;255;255m[48;2;178;196;175m▀[38;2;178;196;175m[48;2;255;255;255m▀[38;2;255;255;255m▀▀▀[48;2;176;192;176m▀[38;2;66;66;66m▀[38;2;8;132;80m[48;2;49;78;65m▀▀[38;2;16;132;88m[48;2;8;132;80m▀▀[38;2;82;173;106m[48;2;22;132;86m▀[48;2;66;66;66m▀[38;2;57;74;65m[48;2;82;173;106m▀[38;2;111;152;95m▀[48;2;57;66;65m▀[38;2;57;74;65m[48;2;57;173;105m▀[38;2;66;66;66m[48;2;74;181;106m▀[38;2;22;132;86m[48;2;47;71;68m▀[38;2;16;132;88m[48;2;16;132;88m▀[38;2;0;0;0m[48;2;0;0;0m▀[49m [0m
    [38;2;8;4;8m[48;2;0;0;0m▀[38;2;129;139;123m[48;2;247;255;247m▀[38;2;247;255;247m[48;2;85;85;82m▀[38;2;66;74;66m[48;2;170;170;165m▀[38;2;247;255;247m[48;2;247;255;247m▀[48;2;176;189;176m▀[38;2;66;66;66m[48;2;255;255;247m▀[38;2;136;152;136m[48;2;85;85;82m▀[38;2;137;154;137m[48;2;0;0;0m▀[38;2;0;0;0m[49m▀[38;2;178;196;175m[48;2;0;0;0m▀[48;2;181;198;173m▀[38;2;255;255;255m▀▀[48;2;178;198;176m▀▀▀[38;2;178;196;175m▀[38;2;176;192;176m[48;2;176;192;176m▀[38;2;66;66;66m[48;2;66;66;66m▀[38;2;181;196;176m[48;2;181;198;173m▀[38;2;49;78;65m▀[38;2;24;110;75m[48;2;66;66;66m▀[38;2;57;66;65m[48;2;8;115;72m▀[38;2;66;66;66m[48;2;19;132;88m▀[38;2;22;132;86m▀[38;2;16;132;88m[48;2;22;132;86m▀[48;2;66;66;66m▀[38;2;57;66;65m[48;2;58;184;108m▀[38;2;57;137;92m[48;2;41;74;65m▀[38;2;74;181;106m[48;2;8;115;72m▀[38;2;60;126;87m▀[38;2;0;0;0m[48;2;0;0;0m▀[49m  [0m
     [38;2;0;0;0m▀▀[38;2;255;255;247m[48;2;0;0;0m▀[38;2;247;255;247m[48;2;173;189;173m▀[38;2;140;156;140m[48;2;164;160;128m▀[38;2;170;170;165m[48;2;0;0;0m▀[38;2;0;0;0m[49m▀   ▀▀[38;2;181;198;173m[48;2;0;0;0m▀[38;2;178;198;176m[48;2;181;198;173m▀▀▀▀[38;2;176;192;176m▀[48;2;0;0;0m▀[38;2;0;0;0m[49m▀[38;2;181;198;173m[48;2;0;0;0m▀[38;2;8;115;72m▀▀[38;2;19;132;88m[48;2;25;88;59m▀[48;2;33;132;89m▀[38;2;22;132;86m[48;2;16;69;51m▀[38;2;66;66;66m[48;2;16;103;72m▀[38;2;49;129;87m[48;2;16;132;88m▀▀[38;2;65;65;65m[48;2;4;103;64m▀[38;2;8;115;72m[48;2;0;0;0m▀[38;2;0;0;0m[49m▀  [0m
      [38;2;0;0;0m▀[38;2;189;165;117m[48;2;0;0;0m▀[38;2;164;160;128m[48;2;198;173;126m▀[38;2;156;132;84m[48;2;135;117;87m▀[38;2;189;165;117m[48;2;0;0;0m▀[38;2;0;0;0m[49m▀   ▄[48;2;173;132;53m▀[38;2;66;66;66m▀[38;2;60;66;58m[48;2;115;103;99m▀[38;2;0;0;0m[48;2;0;0;0m▀[38;2;74;66;66m[48;2;74;66;58m▀[38;2;110;110;102m[48;2;164;136;60m▀[38;2;0;0;0m[48;2;85;69;37m▀[38;2;0;0;16m[49m▄    [38;2;8;0;0m▀[38;2;25;88;59m[48;2;0;0;0m▀[38;2;16;0;8m[49m▀[38;2;16;103;72m[48;2;0;0;0m▀[38;2;5;104;61m[48;2;4;103;64m▀[38;2;16;132;88m▀[38;2;0;0;0m[48;2;0;0;0m▀[49m    [0m
      [38;2;0;0;0m▀[38;2;189;165;117m[48;2;0;0;0m▀[38;2;135;117;87m▀[38;2;8;4;8m[49m▀      [38;2;0;0;0m▀▀▀[38;2;77;69;66m[48;2;0;0;0m▀[38;2;164;136;60m▀[38;2;255;206;63m▀[38;2;255;206;79m[48;2;255;214;71m▀[38;2;170;137;58m[48;2;0;0;0m▀[38;2;0;0;0m▀[49m       ▀[38;2;4;103;64m[48;2;0;0;0m▀[38;2;0;0;0m[49m▀    [0m
                      [38;2;0;0;0m▀                [0m
