
[38;2;0;0;0m                                              
[38;2;0;0;0m                                  ██████      
[38;2;0;0;0m    ██████████                ████[38;2;115;66;59m██[38;2;255;90;71m████[38;2;0;0;0m██    
[38;2;0;0;0m  ██[38;2;255;247;7m██[38;2;255;90;71m████████[38;2;0;0;0m██████      ████[38;2;82;41;42m████[38;2;115;66;59m████[38;2;255;90;71m████[38;2;0;0;0m██  
[38;2;0;0;0m  [38;2;8;0;8m██[38;2;255;222;23m██[38;2;156;49;68m██[38;2;189;115;48m██[38;2;255;90;71m████[38;2;200;110;56m████[38;2;255;140;47m██[38;2;0;0;0m██████[38;2;82;41;42m██[38;2;115;67;59m██████[38;2;68;31;31m██[38;2;129;51;46m██[38;2;115;66;59m██[38;2;0;0;0m██    
[38;2;0;0;0m  [38;2;8;0;8m██[38;2;131;111;15m██[38;2;255;247;7m████[38;2;255;90;71m██[38;2;255;247;7m██[38;2;173;45;77m██[38;2;255;239;15m██[38;2;255;140;47m████[38;2;115;66;59m████[38;2;115;67;59m██[38;2;82;41;42m██[38;2;115;67;59m████[38;2;8;12;16m██[38;2;189;70;61m██[38;2;0;0;0m██      
[38;2;0;0;0m    ██[38;2;247;156;47m██████[38;2;189;57;45m██[38;2;255;247;7m████[38;2;189;58;45m████[38;2;189;57;45m██[38;2;115;67;59m██[38;2;115;66;59m██[38;2;77;44;39m██[38;2;121;48;41m██[38;2;0;4;0m██[38;2;0;0;0m  ██        
[38;2;0;0;0m  ██[38;2;247;156;47m████[38;2;66;66;66m██[38;2;247;156;47m██[38;2;189;57;45m██████[38;2;189;58;45m████[38;2;189;57;45m██[38;2;115;67;59m██[38;2;0;0;0m████[38;2;181;70;61m██[38;2;0;4;0m██[38;2;0;0;0m            
[38;2;0;0;0m    ██████[38;2;247;156;47m████[38;2;0;0;0m████[38;2;189;57;45m████[38;2;121;48;41m██[38;2;0;4;0m██[38;2;0;0;0m    ██              
[38;2;0;0;0m          ████    ████[38;2;181;70;61m██[38;2;0;4;0m██[38;2;0;0;0m                    
[38;2;0;0;0m                      ██                      
[38;2;0;0;0m                                              [0m
