
   [38;2;49;49;49m▄▄              [0m
  [38;2;49;49;49m▀[38;2;115;115;115m[48;2;49;49;49m▀[48;2;115;115;115m▀[38;2;49;49;49m▀[49m▄▄[48;2;115;115;115m▀▀▀[49m▄       [0m
 [38;2;49;49;49m▄[48;2;164;139;123m▀▀[38;2;82;82;82m[48;2;82;82;82m▀[38;2;115;115;115m▀[38;2;82;82;82m▀[38;2;115;115;115m[48;2;115;115;115m▀[48;2;82;82;82m▀[38;2;49;49;49m[48;2;49;49;49m▀[49m▀ ▄[48;2;65;164;41m▀[48;2;49;49;49m▀[49m▄▄  [0m
 [38;2;49;49;49m▀[38;2;164;139;123m[48;2;49;49;49m▀[38;2;82;82;82m[48;2;164;139;123m▀[38;2;164;139;123m▀▀▀[38;2;82;82;82m▀[38;2;164;139;123m▀▀[38;2;49;49;49m[48;2;82;82;82m▀[48;2;49;123;24m▀[38;2;49;123;24m▀[48;2;164;139;123m▀[38;2;65;164;41m[48;2;49;123;24m▀[48;2;49;49;49m▀[38;2;49;49;49m[49m▀  [0m
 [38;2;49;49;49m▄[48;2;164;139;123m▀[38;2;164;139;123m▀▀▀[48;2;255;255;255m▀[48;2;164;139;123m▀[48;2;255;255;255m▀[38;2;131;106;90m▀[38;2;255;255;255m[48;2;189;189;189m▀[38;2;49;123;24m[48;2;65;164;41m▀[38;2;164;139;123m[48;2;49;123;24m▀[48;2;164;139;123m▀▀▀[38;2;49;49;49m▀[49m▄ [0m
 [38;2;49;49;49m[48;2;49;49;49m▀[38;2;131;106;90m[48;2;82;82;82m▀[38;2;164;139;123m▀[48;2;255;255;255m▀[38;2;255;255;255m▀[38;2;49;49;49m[48;2;82;82;82m▀[38;2;255;255;255m[48;2;255;255;255m▀▀[38;2;189;189;189m[48;2;49;123;24m▀[38;2;49;123;24m[48;2;65;164;41m▀[38;2;65;164;41m[48;2;49;123;24m▀[38;2;49;123;24m[48;2;164;139;123m▀[38;2;164;139;123m▀▀[48;2;131;106;90m▀[38;2;49;49;49m[48;2;49;49;49m▀[49m▀ [0m
  [38;2;49;49;49m▀[38;2;255;255;255m[48;2;49;49;49m▀[48;2;82;82;82m▀▀[48;2;189;189;189m▀[48;2;49;123;24m▀[38;2;49;123;24m[48;2;65;164;41m▀[38;2;65;164;41m[48;2;49;123;24m▀▀[38;2;49;123;24m[48;2;131;106;90m▀[38;2;131;106;90m▀[38;2;164;139;123m[48;2;49;49;49m▀[38;2;131;106;90m▀[48;2;131;106;90m▀[38;2;189;189;189m[48;2;189;189;189m▀[38;2;49;49;49m[48;2;49;49;49m▀[49m [0m
   [38;2;49;49;49m▀[38;2;49;123;24m[48;2;49;49;49m▀[38;2;65;164;41m[48;2;82;82;82m▀[48;2;65;164;41m▀[48;2;49;49;49m▀[38;2;49;123;24m[48;2;131;106;90m▀[48;2;164;139;123m▀[38;2;131;106;90m[48;2;49;49;49m▀[38;2;49;49;49m▀[49m▀▀ [48;2;49;49;49m▀[38;2;197;57;16m▀[38;2;49;49;49m[49m▀ [0m
    [38;2;49;49;49m[48;2;49;49;49m▀[38;2;197;57;16m▀[38;2;49;49;49m[49m▀ [48;2;49;49;49m▀[38;2;189;189;189m[48;2;197;57;16m▀[38;2;49;49;49m[48;2;49;49;49m▀[49m        [0m
        [38;2;49;49;49m▀▀         [0m
