
        [38;2;49;49;49m▄▄▄▄▄▄       [0m
     [38;2;49;49;49m▄[48;2;180;156;65m▀[48;2;246;230;41m▀[38;2;180;156;65m[48;2;238;180;8m▀[38;2;246;230;41m[48;2;180;156;65m▀[48;2;115;115;164m▀▀[48;2;180;156;65m▀[38;2;180;156;65m[48;2;246;230;41m▀[38;2;49;49;49m▀[48;2;180;156;65m▀[49m▄    [0m
  [38;2;49;49;49m▄▄[48;2;82;82;82m▀[38;2;246;230;41m[48;2;246;230;41m▀[48;2;180;156;65m▀[38;2;180;156;65m[48;2;246;230;41m▀[48;2;238;180;8m▀[38;2;115;115;164m[48;2;115;115;164m▀[38;2;255;255;255m▀▀[38;2;115;115;164m▀[38;2;180;156;65m[48;2;238;180;8m▀[48;2;246;230;41m▀[38;2;246;230;41m[48;2;180;156;65m▀[38;2;238;180;8m[48;2;246;230;41m▀[38;2;49;49;49m[48;2;49;49;49m▀[49m   [0m
 [38;2;49;49;49m[48;2;49;49;49m▀[38;2;148;246;74m[48;2;148;246;74m▀▀▀[38;2;82;82;82m[48;2;65;148;49m▀[38;2;246;230;41m[48;2;82;82;82m▀▀[38;2;180;156;65m▀[38;2;238;180;8m[48;2;246;230;41m▀[38;2;246;230;41m▀▀[48;2;238;180;8m▀[38;2;180;156;65m[48;2;82;82;82m▀[38;2;246;230;41m▀▀[38;2;49;49;49m[48;2;49;49;49m▀[49m    [0m
  [38;2;49;49;49m▀[38;2;148;246;74m[48;2;49;49;49m▀[38;2;65;148;49m[48;2;255;90;131m▀[38;2;148;246;74m[48;2;148;246;74m▀▀▀[38;2;65;148;49m▀[38;2;82;82;82m[48;2;106;197;57m▀▀▀▀[38;2;65;148;49m▀[38;2;106;197;57m[48;2;148;246;74m▀▀[38;2;49;49;49m▀[49m▄   [0m
  [38;2;49;49;49m[48;2;49;49;49m▀[38;2;148;246;74m[48;2;65;148;49m▀[48;2;148;246;74m▀▀▀[48;2;255;90;131m▀[48;2;148;246;74m▀▀▀[38;2;65;148;49m[48;2;65;148;49m▀[38;2;148;246;74m[48;2;106;197;57m▀[48;2;148;246;74m▀▀▀▀▀[38;2;49;49;49m[48;2;49;49;49m▀[49m  [0m
 [38;2;49;49;49m▀[38;2;106;197;57m[48;2;49;49;49m▀[38;2;49;49;49m▀[38;2;65;148;49m▀[48;2;106;197;57m▀[38;2;148;246;74m[48;2;65;148;49m▀▀[48;2;148;246;74m▀▀▀[48;2;106;197;57m▀[38;2;82;82;82m▀[38;2;148;246;74m[48;2;82;82;82m▀[48;2;106;197;57m▀[48;2;148;246;74m▀▀[48;2;82;82;82m▀[38;2;82;82;82m[48;2;65;148;49m▀[38;2;49;49;49m[48;2;49;49;49m▀[49m [0m
     [38;2;49;49;49m▀▀[38;2;106;197;57m[48;2;49;49;49m▀▀[48;2;82;82;82m▀[48;2;65;148;49m▀▀[48;2;82;82;82m▀[48;2;49;49;49m▀[38;2;82;82;82m▀▀[48;2;106;197;57m▀[38;2;106;197;57m▀[38;2;49;49;49m[48;2;49;49;49m▀[49m  [0m
        [38;2;49;49;49m▀[38;2;106;197;57m[48;2;49;49;49m▀▀[38;2;49;49;49m[49m▀▀   ▀▀   [0m
                     [0m
