
                  [38;2;0;0;0m▄       [0m
                [38;2;0;0;0m▄[48;2;255;255;255m▀[38;2;255;255;255m▀[38;2;0;0;0m[48;2;0;0;0m▀[49m  ▄[48;2;255;255;255m▀[49m▄ [0m
                [38;2;0;0;0m▀[38;2;255;255;255m[48;2;0;0;0m▀[48;2;192;192;192m▀[38;2;192;192;192m[48;2;66;66;66m▀[38;2;8;8;0m[48;2;115;115;211m▀[48;2;44;44;70m▀[38;2;66;66;66m[48;2;255;255;255m▀[38;2;255;255;255m▀[38;2;0;0;0m[48;2;0;0;0m▀[49m [0m
                  [38;2;0;0;0m[48;2;0;0;0m▀[38;2;115;115;227m[48;2;77;77;151m▀[38;2;126;128;182m[48;2;126;128;182m▀[38;2;165;165;229m[48;2;49;53;89m▀[38;2;255;255;255m[48;2;0;0;0m▀[38;2;0;0;0m[49m▀  [0m
    [38;2;0;0;0m▄▄▄           ▄[48;2;66;66;66m▀[38;2;66;61;74m[48;2;148;148;252m▀[38;2;121;119;193m▀[38;2;148;156;252m[48;2;148;156;252m▀[38;2;0;0;0m▀[49m▄ [0m
 [38;2;0;0;0m▄[48;2;255;255;255m▀▀[38;2;148;156;252m[48;2;107;106;211m▀[48;2;148;156;252m▀[38;2;123;173;219m[48;2;46;60;73m▀[38;2;8;4;0m[48;2;123;173;219m▀[38;2;0;0;0m[49m▄ ▄▄▄ ▄▄ ▄[38;2;0;0;8m[48;2;0;0;8m▀[38;2;148;156;252m[48;2;99;104;171m▀[48;2;148;156;252m▀[48;2;66;66;66m▀[48;2;0;0;0m▀[38;2;0;0;0m[49m▀  [0m
  [38;2;0;0;0m▀[38;2;107;107;211m[48;2;0;0;0m▀[38;2;107;106;211m[48;2;148;156;252m▀[38;2;148;156;252m▀[38;2;66;66;66m[48;2;66;66;66m▀[38;2;90;181;186m[48;2;90;181;186m▀[38;2;99;148;195m[48;2;0;0;0m▀[38;2;0;0;0m[48;2;99;148;195m▀[38;2;148;156;252m[48;2;148;156;252m▀[38;2;107;106;211m▀[38;2;123;123;225m[48;2;123;123;225m▀[48;2;90;181;186m▀[38;2;90;181;186m▀[38;2;66;66;66m[48;2;66;66;66m▀[38;2;0;0;0m[48;2;165;165;170m▀[38;2;247;247;255m[48;2;82;82;85m▀[48;2;247;247;255m▀[38;2;57;57;81m[48;2;184;184;197m▀[38;2;107;107;211m[48;2;66;66;66m▀[48;2;107;107;211m▀▀[38;2;0;0;0m▀[49m▄ [0m
    [38;2;0;0;0m▀▀[38;2;44;55;65m[48;2;16;8;0m▀[38;2;99;148;195m[48;2;99;148;195m▀[38;2;90;173;186m[48;2;90;173;186m▀[38;2;123;146;225m[48;2;140;132;244m▀[38;2;148;156;252m[48;2;148;156;252m▀[48;2;107;106;211m▀[38;2;90;181;186m[48;2;90;181;186m▀[38;2;0;0;0m▀[38;2;110;145;190m[48;2;66;74;66m▀[38;2;66;74;66m[48;2;132;181;252m▀[38;2;148;156;252m[48;2;66;66;66m▀[48;2;148;156;252m▀▀[48;2;66;66;66m▀[38;2;66;66;66m▀[38;2;107;107;211m▀[48;2;0;0;0m▀[38;2;0;0;0m[49m▀  [0m
     [38;2;0;0;0m[48;2;0;0;0m▀[38;2;132;132;116m[48;2;255;255;255m▀[38;2;255;255;255m[48;2;132;132;116m▀[38;2;107;106;211m[48;2;148;156;252m▀▀[38;2;140;148;252m[48;2;112;119;192m▀[38;2;112;119;192m[48;2;57;61;73m▀[38;2;115;142;144m[48;2;181;199;200m▀[38;2;49;86;89m[48;2;247;255;255m▀[38;2;165;165;229m[48;2;165;165;229m▀[38;2;129;129;177m[48;2;57;57;73m▀[38;2;140;148;252m[48;2;66;66;66m▀[38;2;66;66;66m[48;2;115;121;190m▀[48;2;107;107;211m▀[48;2;66;66;66m▀[38;2;123;132;235m[48;2;123;132;235m▀▀[38;2;0;0;0m▀[49m▄  [0m
      [38;2;0;0;0m▀[38;2;255;255;255m[48;2;0;0;0m▀[38;2;8;8;0m[48;2;8;8;0m▀[38;2;44;44;70m[48;2;115;115;211m▀[38;2;148;156;252m[48;2;66;66;66m▀▀[38;2;66;66;66m[48;2;255;255;255m▀[38;2;255;255;255m▀[38;2;247;255;255m[48;2;57;61;89m▀[38;2;57;61;89m[48;2;120;126;144m▀[38;2;112;119;192m[48;2;140;148;252m▀[48;2;57;61;73m▀[38;2;148;148;252m[48;2;121;119;193m▀[38;2;66;61;74m[48;2;148;148;252m▀[38;2;55;55;79m[48;2;55;55;79m▀[38;2;132;140;236m[48;2;16;12;0m▀[38;2;123;132;235m[48;2;0;0;0m▀[38;2;0;0;0m[49m▀  [0m
         [38;2;0;0;0m▀▀[38;2;107;107;211m[48;2;0;0;0m▀[38;2;66;66;66m▀▀[38;2;107;107;211m▀[38;2;0;0;0m[49m▀[38;2;99;104;171m[48;2;0;0;8m▀[38;2;148;156;252m[48;2;148;156;252m▀[38;2;55;55;81m[48;2;8;4;0m▀[38;2;148;156;244m▀[38;2;0;0;0m[49m▀     [0m
                 [38;2;0;0;0m▀▀       [0m
