
              [38;2;49;49;49m▄▄▄   [0m
        [38;2;49;49;49m▄[48;2;172;98;65m▀▀[49m▄▄[48;2;148;222;255m▀[38;2;123;180;213m▀[38;2;148;222;255m▀[38;2;123;180;213m[48;2;123;180;213m▀[38;2;49;49;49m[48;2;49;49;49m▀[49m  [0m
 [38;2;49;49;49m▄[48;2;131;74;57m▀▀▀[49m▄▄[48;2;172;98;65m▀[38;2;172;98;65m▀▀▀[38;2;82;82;82m▀[38;2;131;74;57m[48;2;82;82;82m▀[38;2;123;180;213m[48;2;49;49;49m▀[38;2;148;222;255m▀[38;2;123;180;213m▀[38;2;49;49;49m[49m▀   [0m
  [38;2;49;49;49m▀[38;2;131;74;57m[48;2;49;49;49m▀[48;2;131;74;57m▀[38;2;82;82;82m[48;2;82;82;82m▀[38;2;172;98;65m[48;2;172;98;65m▀▀[38;2;131;74;57m[48;2;131;74;57m▀[38;2;172;98;65m[48;2;172;98;65m▀[48;2;82;82;82m▀▀[38;2;49;49;49m[48;2;172;98;65m▀▀[49m▄▄    [0m
    [38;2;49;49;49m[48;2;49;49;49m▀[38;2;172;98;65m[48;2;172;98;65m▀▀[38;2;131;74;57m▀[38;2;172;98;65m[48;2;49;49;49m▀[48;2;246;65;49m▀[48;2;82;82;82m▀[48;2;172;98;65m▀[48;2;82;82;82m▀[48;2;49;49;49m▀▀[38;2;49;49;49m[49m▀    [0m
  [38;2;49;49;49m▄[48;2;180;131;205m▀▀[38;2;172;98;65m▀[38;2;139;98;164m[48;2;139;98;164m▀[38;2;246;65;49m[48;2;82;82;82m▀[48;2;246;65;49m▀[48;2;82;82;82m▀[38;2;82;82;82m[48;2;180;131;205m▀[38;2;180;131;205m▀[38;2;172;98;65m[48;2;49;49;49m▀[38;2;49;49;49m[49m▀      [0m
  [38;2;49;49;49m▀[38;2;82;82;82m[48;2;49;49;49m▀[38;2;180;131;205m▀[38;2;139;98;164m▀[38;2;49;49;49m[49m▀[38;2;180;131;205m[48;2;49;49;49m▀▀▀[48;2;82;82;82m▀[38;2;139;98;164m[48;2;139;98;164m▀[38;2;49;49;49m▀[49m▄[48;2;172;98;65m▀[48;2;49;49;49m▀[49m    [0m
    [38;2;49;49;49m▄▄▄ ▄▄[48;2;123;180;213m▀[38;2;139;98;164m[48;2;131;74;57m▀▀[38;2;172;98;65m[48;2;172;98;65m▀[38;2;49;49;49m[48;2;82;82;82m▀[49m▄    [0m
    [38;2;49;49;49m▀[38;2;131;74;57m[48;2;49;49;49m▀[38;2;49;49;49m[48;2;131;74;57m▀▀[38;2;123;180;213m[48;2;82;82;82m▀▀[38;2;49;49;49m[48;2;131;74;57m▀[38;2;180;131;205m▀[48;2;172;98;65m▀[38;2;82;82;82m[48;2;49;49;49m▀[38;2;123;180;213m[48;2;123;180;213m▀▀[38;2;49;49;49m[48;2;148;222;255m▀▀[49m▄ [0m
      [38;2;49;49;49m[48;2;49;49;49m▀[38;2;82;82;82m[48;2;172;98;65m▀▀[38;2;172;98;65m[48;2;82;82;82m▀[38;2;82;82;82m[48;2;49;49;49m▀[38;2;172;98;65m[48;2;172;98;65m▀[38;2;49;49;49m▀[49m▄▀[38;2;148;222;255m[48;2;49;49;49m▀▀[38;2;82;82;82m▀[38;2;49;49;49m[49m▀ [0m
       [38;2;49;49;49m▀▀▀ ▀[38;2;172;98;65m[48;2;49;49;49m▀▀[38;2;49;49;49m▀[49m     [0m
                    [0m
