
[38;2;0;0;0m                                                            
[38;2;0;0;0m                            ████████        ██              
[38;2;0;0;0m                          ██[38;2;123;107;171m██[38;2;123;110;171m████[38;2;123;107;171m██[38;2;0;0;0m████  [38;2;8;8;0m██[38;2;107;86;147m██[38;2;0;0;0m██            
[38;2;0;0;0m                            ██[38;2;123;110;171m████[38;2;123;107;171m██████[38;2;0;0;0m██[38;2;57;47;73m██[38;2;107;86;147m██[38;2;107;82;147m██[38;2;0;0;0m██          
[38;2;0;0;0m                        ██[38;2;0;4;0m██[38;2;60;58;84m██[38;2;66;61;66m██[38;2;104;92;136m██[38;2;123;110;171m████████[38;2;66;66;66m████[38;2;107;82;147m██[38;2;0;0;0m██  ██      
[38;2;0;0;0m                    ████[38;2;123;107;171m██[38;2;121;111;169m████[38;2;123;107;171m████[38;2;123;110;171m████████[38;2;123;107;171m██[38;2;66;66;66m██[38;2;107;82;147m████[38;2;0;0;0m██[38;2;107;82;147m██[38;2;0;0;0m██    
[38;2;0;0;0m                  ██[38;2;123;107;171m██[38;2;123;110;171m████[38;2;123;107;171m████[38;2;123;110;171m████████████[38;2;123;107;171m██[38;2;107;82;147m██[38;2;107;83;147m████[38;2;66;66;66m██[38;2;107;82;147m██[38;2;0;0;0m██    
[38;2;0;0;0m                ██[38;2;123;107;171m████[38;2;123;110;171m████[38;2;66;66;66m████[38;2;123;110;171m████████████[38;2;123;107;171m████[38;2;107;83;147m████[38;2;66;66;66m██[38;2;107;82;147m██[38;2;0;0;0m██    
[38;2;0;0;0m                  [38;2;0;4;0m██[38;2;60;58;84m██[38;2;66;66;66m████[38;2;123;110;171m████████████[38;2;123;107;171m████[38;2;123;106;171m████[38;2;107;83;147m████████[38;2;107;82;147m██[38;2;0;0;0m██  
[38;2;0;0;0m                ██[38;2;121;111;169m████[38;2;123;107;171m████[38;2;123;110;171m████████████[38;2;255;247;207m████[38;2;189;189;165m████[38;2;107;83;147m████████[38;2;107;82;147m██[38;2;0;0;0m██  
[38;2;0;0;0m              [38;2;0;0;16m██[38;2;126;121;142m██[38;2;123;110;171m████[38;2;123;107;171m████[38;2;123;106;171m████[38;2;123;110;171m████[38;2;123;107;171m████[38;2;123;115;163m██[38;2;255;255;207m██[38;2;255;247;207m██[38;2;189;189;165m██[38;2;189;192;165m████[38;2;107;82;147m██████[38;2;0;0;0m██  
[38;2;0;0;0m            ██[38;2;189;181;205m██[38;2;126;121;142m██[38;2;123;110;171m████[38;2;123;107;171m██[38;2;255;247;207m██[38;2;189;189;165m██[38;2;123;106;171m██[38;2;123;110;171m████[38;2;123;107;171m██[38;2;255;247;207m██[38;2;255;255;207m██[38;2;189;185;185m██[38;2;255;247;207m████[38;2;189;192;165m████[38;2;189;189;165m██[38;2;107;82;147m████[38;2;0;0;0m██  
[38;2;0;0;0m            ██[38;2;255;255;207m██[38;2;123;115;163m████[38;2;189;185;185m██[38;2;255;247;207m████████[38;2;189;185;185m██[38;2;123;115;163m██[38;2;255;247;207m████[38;2;57;53;73m██[38;2;247;239;215m██[38;2;66;66;66m████[38;2;66;61;82m██[38;2;189;181;181m██[38;2;190;192;166m██[38;2;107;82;147m████[38;2;0;0;0m██  
[38;2;0;0;0m          ██[38;2;255;247;207m██[38;2;255;255;207m██[38;2;189;185;185m██[38;2;255;255;207m████[38;2;255;247;207m████[38;2;66;66;66m████[38;2;255;255;207m████[38;2;255;247;207m██[38;2;66;66;66m██[38;2;120;115;120m██[38;2;57;53;73m██[38;2;123;103;179m██[38;2;104;91;141m██[38;2;107;101;115m██[38;2;66;61;82m██[38;2;190;192;166m████[38;2;0;0;0m██    
[38;2;0;0;0m        ██[38;2;255;247;207m████[38;2;189;189;165m██[38;2;255;247;207m████████[38;2;192;187;160m██[38;2;102;93;139m████[38;2;66;61;74m██[38;2;181;173;181m██[38;2;66;66;66m██[38;2;123;107;171m██[38;2;123;110;171m████████[38;2;107;82;147m████[38;2;60;58;66m██[38;2;181;173;181m██[38;2;0;0;0m██    
[38;2;0;0;0m  ██████[38;2;255;247;207m██████████████[38;2;192;187;160m██[38;2;66;66;66m██[38;2;102;93;139m██[38;2;239;140;63m██[38;2;143;136;145m██[38;2;66;61;74m██[38;2;123;107;171m████[38;2;123;110;171m████████[38;2;123;107;171m██[38;2;107;82;147m██[38;2;121;115;123m██[38;2;0;0;8m██[38;2;0;0;0m      
[38;2;0;0;0m  ██[38;2;255;247;207m████████████[38;2;189;187;165m██[38;2;255;247;207m██[38;2;189;189;165m████[38;2;66;66;66m██[38;2;118;99;166m██[38;2;239;140;63m██[38;2;123;107;171m██[38;2;66;66;66m██[38;2;123;107;171m████[38;2;123;110;171m████████[38;2;123;103;179m██[38;2;104;89;141m██[38;2;107;86;147m██[38;2;8;8;0m██[38;2;0;0;0m      
[38;2;0;0;0m    ██[38;2;255;247;207m██████[38;2;123;123;123m██[38;2;123;127;123m██[38;2;255;247;207m██[38;2;189;189;165m██████[38;2;66;66;66m██[38;2;118;99;166m████[38;2;123;107;171m████[38;2;66;66;66m████[38;2;123;110;171m████████[38;2;66;61;66m██[38;2;104;89;141m██[38;2;107;86;147m██[38;2;57;47;73m██[38;2;0;0;0m██    
[38;2;0;0;0m      ████[38;2;126;126;110m██[38;2;189;189;165m██[38;2;189;192;165m████[38;2;189;189;165m████[38;2;85;85;85m██[38;2;255;255;255m██[38;2;239;140;63m██[38;2;107;82;147m██[38;2;123;107;171m██[38;2;107;82;147m██[38;2;123;107;171m████[38;2;66;66;66m██[38;2;123;107;171m██[38;2;123;106;171m██[38;2;189;189;165m██[38;2;60;52;74m██[38;2;113;92;147m██[38;2;107;82;147m██[38;2;190;192;166m██[38;2;0;0;0m██    
[38;2;0;0;0m          ██[38;2;189;189;165m██[38;2;189;192;165m████[38;2;189;189;165m██[38;2;66;66;66m██[38;2;0;0;0m██[38;2;255;255;255m██[38;2;239;140;63m██[38;2;107;82;147m██[38;2;123;107;171m████[38;2;66;66;66m████[38;2;123;107;171m████[38;2;123;106;171m██[38;2;189;189;165m██[38;2;8;12;0m██[38;2;60;52;74m██[38;2;190;192;166m████[38;2;0;0;0m██    
[38;2;0;0;0m        ██[38;2;255;247;207m██[38;2;66;66;66m██[38;2;66;74;82m████[38;2;66;66;74m██[38;2;255;247;207m██[38;2;255;255;223m██[38;2;239;140;63m██[38;2;104;92;136m██[38;2;123;107;171m████[38;2;107;82;147m██[38;2;123;107;171m██[38;2;66;66;66m██[38;2;123;107;171m██[38;2;66;66;66m██[38;2;189;189;165m██[38;2;0;0;0m██  ██[38;2;189;189;165m████[38;2;0;0;0m██    
[38;2;0;0;0m        ██[38;2;255;247;207m████[38;2;124;99;81m██[38;2;239;148;79m██[38;2;129;126;118m██[38;2;255;247;207m██[38;2;255;255;223m████[38;2;66;61;66m██[38;2;123;107;171m██████[38;2;66;66;66m██[38;2;123;107;171m████[38;2;66;66;66m██[38;2;0;0;0m██      ████      
[38;2;0;0;0m          ██[38;2;189;189;165m██[38;2;189;189;173m██[38;2;126;126;115m██[38;2;255;247;207m██████[38;2;189;189;165m██[38;2;247;255;247m██[38;2;82;85;82m██[38;2;123;107;171m██[38;2;0;0;0m██[38;2;85;85;72m██[38;2;170;170;143m██[38;2;165;159;151m████[38;2;0;0;0m██                
[38;2;0;0;0m            ██████[38;2;189;189;165m██[38;2;255;247;207m██[38;2;189;189;165m████[38;2;0;0;0m██████  ██[38;2;255;255;215m██[38;2;247;239;223m██[38;2;0;0;8m██[38;2;0;0;0m                  
[38;2;0;0;0m                  ████████      ██[38;2;255;255;255m██[38;2;170;171;170m██[38;2;255;255;255m██[38;2;0;0;0m██                  
[38;2;0;0;0m                                  [38;2;0;4;0m████[38;2;0;0;0m██                    
[38;2;0;0;0m                                                            [0m
