
              [38;2;0;0;0m▄▄ ▄      [0m
             [38;2;0;0;0m▀[38;2;115;107;91m[48;2;0;0;0m▀[48;2;115;107;91m▀[38;2;0;0;0m▀[38;2;90;82;74m[48;2;66;66;66m▀[38;2;0;0;0m[48;2;115;107;91m▀[49m▄▄   [0m
     [38;2;0;0;0m▄[38;2;0;4;0m▄[38;2;0;0;0m[48;2;115;111;91m▀[48;2;0;0;0m▀[49m  ▄▄ ▄[48;2;115;107;91m▀[38;2;115;107;91m[48;2;115;110;91m▀▀▀▀[48;2;115;107;91m▀[38;2;0;0;0m▀[49m▄ [0m
     [38;2;0;0;0m[48;2;0;0;0m▀[38;2;77;75;61m[48;2;91;82;75m▀[38;2;115;111;91m[48;2;148;132;100m▀[38;2;0;0;0m[48;2;0;0;0m▀[49m [48;2;0;4;8m▀[38;2;115;107;91m[48;2;121;111;97m▀[38;2;0;0;0m[48;2;77;71;61m▀[49m▄[48;2;93;88;77m▀[38;2;115;107;91m[48;2;115;107;91m▀[38;2;115;110;91m▀[48;2;181;164;141m▀[48;2;115;107;91m▀▀[38;2;115;107;91m[48;2;123;115;99m▀[38;2;90;82;74m[48;2;85;78;69m▀[38;2;0;0;0m[48;2;0;0;0m▀[49m [0m
     [38;2;0;0;0m[48;2;0;0;0m▀[38;2;148;132;100m[48;2;148;132;100m▀[48;2;181;165;141m▀[38;2;66;66;66m▀[38;2;0;0;0m[48;2;148;132;100m▀[38;2;181;165;141m[48;2;181;165;141m▀[38;2;60;58;52m▀[38;2;115;107;91m[48;2;121;110;94m▀[48;2;60;55;47m▀[38;2;49;49;49m[48;2;0;0;0m▀[38;2;115;107;91m[48;2;181;165;141m▀[38;2;181;164;141m▀▀[38;2;115;107;91m▀[38;2;181;164;141m[48;2;148;132;100m▀[38;2;85;78;69m[48;2;55;55;49m▀[38;2;8;4;8m[48;2;82;82;74m▀[38;2;0;0;0m[49m▄ [0m
  [38;2;0;4;0m▄▄[38;2;0;0;0m[48;2;206;206;198m▀[38;2;181;165;141m[48;2;222;187;145m▀[48;2;181;166;141m▀▀[48;2;222;214;198m▀[48;2;170;165;154m▀[48;2;181;168;141m▀[48;2;247;173;95m▀[48;2;0;0;0m▀[38;2;0;0;0m[49m▀ [48;2;0;0;0m▀[38;2;181;165;141m[48;2;148;132;100m▀▀[38;2;148;132;100m▀[48;2;0;0;0m▀[38;2;0;0;0m[49m▀▀  [0m
 [38;2;0;0;0m[48;2;0;0;0m▀[38;2;126;117;94m[48;2;179;171;155m▀[38;2;189;173;141m[48;2;231;222;199m▀[38;2;239;167;92m[48;2;134;132;129m▀[48;2;195;193;192m▀[38;2;181;166;141m[48;2;222;214;198m▀[38;2;222;214;198m[48;2;170;165;154m▀[38;2;66;66;66m[48;2;247;173;95m▀[38;2;222;214;198m[48;2;181;168;141m▀[38;2;181;168;141m[48;2;247;173;95m▀[48;2;181;168;141m▀[38;2;148;132;100m[48;2;148;132;100m▀[38;2;0;0;0m[48;2;181;165;141m▀▀[38;2;49;49;49m▀[38;2;148;132;100m[48;2;49;49;49m▀[48;2;148;132;100m▀[48;2;0;0;0m▀[38;2;0;0;0m[49m▀    [0m
 [38;2;0;0;0m▀[38;2;179;171;155m[48;2;0;0;0m▀[38;2;74;70;66m[48;2;189;181;173m▀[38;2;255;255;255m[48;2;74;70;74m▀[38;2;74;70;66m[48;2;231;222;207m▀[38;2;66;66;66m[48;2;222;217;198m▀[38;2;222;214;198m▀[38;2;181;168;141m[48;2;222;214;198m▀[48;2;181;165;141m▀▀▀[38;2;181;165;141m[48;2;148;132;100m▀[38;2;148;132;100m[48;2;66;66;66m▀[38;2;181;165;141m[48;2;148;132;100m▀▀[38;2;148;132;100m▀[38;2;49;49;49m[48;2;0;0;0m▀[38;2;0;0;0m[49m▀     [0m
   [38;2;0;0;0m▀[38;2;179;171;163m[48;2;0;0;0m▀[38;2;231;222;207m[48;2;189;181;173m▀[38;2;222;217;198m[48;2;189;181;181m▀▀[38;2;222;214;198m[48;2;148;132;100m▀[38;2;181;165;141m[48;2;66;66;66m▀[38;2;148;132;100m[48;2;148;132;100m▀▀[48;2;74;66;55m▀[38;2;66;66;66m[48;2;148;132;103m▀[38;2;148;132;100m▀[48;2;74;66;55m▀[48;2;148;132;100m▀[38;2;0;0;0m[48;2;0;0;0m▀[49m      [0m
     [38;2;0;0;0m▀[38;2;0;4;8m▀[38;2;126;122;123m[48;2;0;0;0m▀[38;2;148;132;100m[48;2;74;66;55m▀[48;2;148;132;103m▀[38;2;66;66;66m▀[48;2;74;66;55m▀[38;2;148;132;103m[48;2;0;0;0m▀[38;2;0;0;8m[49m▀▀[38;2;148;132;103m[48;2;0;0;0m▀[38;2;0;0;0m▀[49m       [0m
        [38;2;0;0;8m▀[38;2;148;132;103m[48;2;0;0;0m▀▀[38;2;0;0;8m[49m▀            [0m
                        [0m
