
     [38;2;49;49;49m▄▄▄                   [0m
  [38;2;49;49;49m▄[48;2;189;156;123m▀[48;2;230;205;172m▀[38;2;230;205;172m▀▀▀[38;2;49;49;49m▀[48;2;189;156;123m▀[49m▄    ▄▄ ▄▄       [0m
 [38;2;49;49;49m▄[48;2;230;205;172m▀[38;2;230;205;172m▀▀[48;2;189;156;123m▀[48;2;49;49;49m▀[48;2;82;82;82m▀[48;2;189;156;123m▀[38;2;189;156;123m[48;2;255;255;255m▀[38;2;255;255;255m[48;2;197;205;230m▀[38;2;49;49;49m[48;2;82;82;82m▀[48;2;230;205;172m▀[49m▄[48;2;230;205;172m▀[38;2;230;205;172m▀[38;2;49;49;49m▀[48;2;148;115;90m▀[38;2;230;205;172m▀[38;2;49;49;49m[48;2;230;205;172m▀▀[49m▄▄    [0m
 [38;2;49;49;49m[48;2;49;49;49m▀[38;2;189;156;123m[48;2;189;156;123m▀[38;2;230;205;172m▀[38;2;189;156;123m▀[38;2;49;49;49m[48;2;49;49;49m▀[49m▄[48;2;230;205;172m▀[38;2;82;82;82m[48;2;189;156;123m▀[38;2;255;255;255m[48;2;82;82;82m▀[38;2;82;82;82m[48;2;230;205;172m▀▀[38;2;189;156;123m[48;2;148;115;90m▀[38;2;82;82;82m[48;2;230;205;172m▀[48;2;82;82;82m▀[38;2;148;115;90m[48;2;230;205;172m▀[48;2;148;115;90m▀[38;2;230;205;172m▀[48;2;230;205;172m▀[38;2;148;115;90m▀[38;2;230;205;172m▀▀[38;2;189;156;123m[48;2;189;156;123m▀[38;2;49;49;49m[48;2;197;205;230m▀[49m▄  [0m
  [38;2;49;49;49m[48;2;49;49;49m▀[38;2;189;156;123m[48;2;189;156;123m▀[48;2;123;82;57m▀[38;2;82;82;82m[48;2;246;98;106m▀[38;2;230;205;172m[48;2;189;156;123m▀[48;2;230;205;172m▀▀▀▀▀▀▀▀[38;2;82;82;82m[48;2;189;156;123m▀[38;2;230;205;172m[48;2;148;115;90m▀[48;2;230;205;172m▀▀[48;2;189;156;123m▀[48;2;82;82;82m▀[38;2;189;156;123m[48;2;49;49;49m▀[38;2;49;49;49m[49m▀▀▀  [0m
   [38;2;49;49;49m▀[38;2;123;82;57m[48;2;49;49;49m▀[38;2;255;255;255m▀[38;2;148;115;90m[48;2;123;82;57m▀[38;2;230;205;172m[48;2;189;156;123m▀[48;2;230;205;172m▀[48;2;148;115;90m▀[38;2;123;82;57m[48;2;246;98;106m▀▀[38;2;148;115;90m[48;2;123;82;57m▀[38;2;230;205;172m[48;2;148;115;90m▀[48;2;230;205;172m▀▀[38;2;82;82;82m[48;2;82;82;82m▀[38;2;230;205;172m[48;2;148;115;90m▀[48;2;230;205;172m▀▀▀[38;2;189;156;123m▀[38;2;49;49;49m▀[48;2;189;156;123m▀[49m▄  [0m
    [38;2;49;49;49m▀[38;2;189;65;82m[48;2;49;49;49m▀[38;2;246;98;106m[48;2;246;98;106m▀[48;2;189;65;82m▀[48;2;246;98;106m▀[38;2;123;82;57m[48;2;189;156;123m▀[38;2;49;49;49m[48;2;123;82;57m▀[38;2;255;255;255m▀[38;2;189;65;82m[48;2;148;115;90m▀[38;2;148;115;90m[48;2;230;205;172m▀[38;2;230;205;172m[48;2;189;156;123m▀[38;2;189;156;123m[48;2;49;49;49m▀[38;2;49;49;49m[49m▀▀▀▀[38;2;189;156;123m[48;2;49;49;49m▀[38;2;230;205;172m▀[48;2;189;156;123m▀[38;2;189;156;123m[48;2;255;255;255m▀[38;2;255;255;255m[48;2;197;205;230m▀[38;2;49;49;49m[48;2;49;49;49m▀[49m [0m
      [38;2;49;49;49m▀▀[38;2;189;156;123m[48;2;49;49;49m▀▀▀▀▀[38;2;49;49;49m[49m▀▀       ▀[38;2;255;255;255m[48;2;49;49;49m▀[38;2;49;49;49m[49m▀  [0m
                           [0m
