
                        [38;2;49;49;49m▄     [0m
          [38;2;49;49;49m▄▄▄         ▄[48;2;255;255;255m▀[38;2;255;255;255m▀[38;2;49;49;49m[48;2;49;49;49m▀[49m▄▄  [0m
        [38;2;49;49;49m▄[48;2;213;172;156m▀[38;2;213;172;156m▀▀[38;2;172;131;115m▀[38;2;49;49;49m[48;2;172;131;115m▀[49m▄ ▄▄[48;2;255;213;172m▀▀[48;2;197;172;139m▀▀[38;2;115;115;115m[48;2;255;255;255m▀[38;2;255;255;255m[48;2;115;115;115m▀[38;2;115;115;115m[48;2;189;197;205m▀[38;2;189;197;205m[48;2;255;255;255m▀[38;2;255;255;255m▀[48;2;49;49;49m▀[38;2;49;49;49m[49m▀ [0m
     [38;2;49;49;49m▄▄[48;2;82;82;82m▀[38;2;172;131;115m[48;2;213;172;156m▀[38;2;213;172;156m▀▀▀▀[38;2;172;131;115m[48;2;172;131;115m▀[48;2;82;82;82m▀[38;2;49;49;49m[48;2;156;131;106m▀[38;2;197;172;139m[48;2;255;213;172m▀▀[38;2;255;213;172m[48;2;197;172;139m▀[38;2;197;172;139m[48;2;255;213;172m▀[38;2;255;213;172m▀▀[38;2;197;172;139m▀[38;2;255;255;255m[48;2;156;131;106m▀[38;2;189;197;205m[48;2;255;255;255m▀[38;2;49;49;49m[48;2;49;49;49m▀[49m▀   [0m
   [38;2;49;49;49m▄[48;2;139;106;98m▀[38;2;139;106;98m▀[38;2;82;82;82m[48;2;82;82;82m▀[38;2;213;172;156m[48;2;213;172;156m▀[48;2;172;131;115m▀[48;2;213;172;156m▀[48;2;172;131;115m▀[48;2;115;115;115m▀[38;2;172;131;115m[48;2;172;131;115m▀[48;2;82;82;82m▀[38;2;82;82;82m[48;2;139;106;98m▀[38;2;255;255;255m[48;2;49;49;49m▀[38;2;156;131;106m[48;2;255;255;255m▀[38;2;255;213;172m[48;2;156;131;106m▀[38;2;197;172;139m[48;2;139;106;98m▀[38;2;255;213;172m▀[38;2;197;172;139m[48;2;255;213;172m▀▀[38;2;255;213;172m[48;2;197;172;139m▀[38;2;197;172;139m[48;2;255;213;172m▀[38;2;255;255;255m[48;2;156;131;106m▀[38;2;189;197;205m[48;2;255;255;255m▀[38;2;49;49;49m[48;2;49;49;49m▀[49m   [0m
   [38;2;49;49;49m[48;2;49;49;49m▀[38;2;139;106;98m[48;2;139;106;98m▀[38;2;82;82;82m[48;2;82;82;82m▀[38;2;213;172;156m▀[38;2;172;131;115m[48;2;197;172;139m▀[38;2;197;172;139m[48;2;255;213;172m▀[38;2;172;131;115m▀[38;2;255;213;172m[48;2;156;131;106m▀[48;2;82;82;82m▀[38;2;82;82;82m▀[38;2;255;255;255m[48;2;156;131;106m▀[38;2;172;82;131m[48;2;172;82;131m▀[38;2;238;115;156m[48;2;82;82;82m▀[48;2;238;115;156m▀[38;2;172;82;131m▀▀[38;2;255;255;255m[48;2;49;49;49m▀[38;2;156;131;106m[48;2;255;255;255m▀[38;2;255;213;172m[48;2;139;106;98m▀[48;2;255;213;172m▀[38;2;197;172;139m[48;2;197;172;139m▀[38;2;156;131;106m[48;2;156;131;106m▀[38;2;255;255;255m[48;2;189;197;205m▀[38;2;49;49;49m[48;2;49;49;49m▀[49m   [0m
 [38;2;49;49;49m▄[48;2;255;213;172m▀[38;2;156;131;106m[48;2;82;82;82m▀[38;2;82;82;82m[48;2;172;131;115m▀▀[38;2;197;172;139m[48;2;82;82;82m▀[38;2;255;213;172m[48;2;255;213;172m▀[38;2;115;115;115m[48;2;115;115;115m▀[38;2;255;213;172m[48;2;82;82;82m▀[38;2;82;82;82m▀[38;2;255;255;255m[48;2;255;255;255m▀[38;2;115;115;115m[48;2;115;115;115m▀[38;2;255;213;172m[48;2;255;213;172m▀▀[38;2;172;82;131m▀[38;2;238;115;156m[48;2;172;82;131m▀[38;2;82;82;82m▀[38;2;238;115;156m▀[38;2;172;82;131m[48;2;197;172;139m▀[38;2;139;106;98m▀[48;2;156;131;106m▀[38;2;156;131;106m[48;2;189;197;205m▀▀[38;2;189;197;205m▀[48;2;82;82;82m▀[38;2;49;49;49m[48;2;255;213;172m▀[49m▄  [0m
 [38;2;49;49;49m[48;2;49;49;49m▀[38;2;255;213;172m[48;2;197;172;139m▀[38;2;197;172;139m[48;2;82;82;82m▀[38;2;82;82;82m[48;2;172;131;115m▀[38;2;172;131;115m▀▀[38;2;82;82;82m[48;2;82;82;82m▀[48;2;197;172;139m▀[38;2;115;115;115m[48;2;255;213;172m▀[38;2;255;255;255m[48;2;115;115;115m▀[38;2;189;197;205m[48;2;255;255;255m▀▀[38;2;115;115;115m[48;2;115;115;115m▀[38;2;255;213;172m[48;2;197;172;139m▀[48;2;255;213;172m▀▀▀[38;2;156;131;106m▀[38;2;255;255;255m[48;2;156;131;106m▀[38;2;197;172;139m[48;2;197;172;139m▀[48;2;82;82;82m▀[38;2;82;82;82m[48;2;255;213;172m▀▀▀[38;2;255;213;172m▀[48;2;49;49;49m▀[38;2;49;49;49m[49m▀  [0m
  [38;2;49;49;49m▀[48;2;49;49;49m▀[38;2;82;82;82m[48;2;172;131;115m▀[38;2;172;131;115m[48;2;139;106;98m▀[38;2;139;106;98m▀[38;2;82;82;82m[48;2;82;82;82m▀[38;2;255;213;172m[48;2;197;172;139m▀[38;2;115;115;115m[48;2;255;213;172m▀[38;2;255;255;255m[48;2;115;115;115m▀▀[38;2;189;197;205m[48;2;255;255;255m▀[38;2;255;255;255m▀[38;2;115;115;115m▀[48;2;189;197;205m▀[38;2;197;172;139m[48;2;115;115;115m▀[38;2;255;213;172m▀▀[38;2;197;172;139m▀[38;2;115;115;115m▀[38;2;255;213;172m[48;2;82;82;82m▀[38;2;115;115;115m[48;2;213;172;156m▀[38;2;255;213;172m[48;2;115;115;115m▀[38;2;115;115;115m[48;2;213;172;156m▀[38;2;197;172;139m[48;2;115;115;115m▀[38;2;49;49;49m[48;2;213;172;156m▀[48;2;49;49;49m▀[49m  [0m
    [38;2;49;49;49m▀▀[38;2;139;106;98m[48;2;49;49;49m▀▀[38;2;82;82;82m▀[38;2;255;213;172m[48;2;197;172;139m▀[38;2;197;172;139m[48;2;255;213;172m▀[38;2;115;115;115m[48;2;115;115;115m▀[38;2;255;255;255m▀[48;2;189;197;205m▀[48;2;255;255;255m▀▀▀[38;2;189;197;205m▀[48;2;189;197;205m▀▀[38;2;82;82;82m[48;2;255;255;255m▀[38;2;213;172;156m[48;2;82;82;82m▀[48;2;172;131;115m▀[48;2;213;172;156m▀▀▀[38;2;49;49;49m▀[49m▄  [0m
         [38;2;49;49;49m▀[38;2;197;172;139m[48;2;49;49;49m▀▀[48;2;197;172;139m▀[38;2;115;115;115m▀[38;2;255;255;255m[48;2;115;115;115m▀[38;2;115;115;115m[48;2;197;172;139m▀[38;2;255;255;255m[48;2;115;115;115m▀[38;2;115;115;115m[48;2;197;172;139m▀▀[38;2;255;255;255m[48;2;82;82;82m▀[38;2;115;115;115m[48;2;139;106;98m▀[38;2;82;82;82m▀[38;2;172;131;115m[48;2;82;82;82m▀[48;2;172;131;115m▀[38;2;213;172;156m▀▀[38;2;172;131;115m▀[38;2;49;49;49m▀[49m▄ [0m
            [38;2;49;49;49m▀▀[38;2;197;172;139m[48;2;49;49;49m▀▀▀▀[38;2;82;82;82m▀[48;2;139;106;98m▀[38;2;139;106;98m▀▀[38;2;82;82;82m▀[38;2;172;131;115m▀[48;2;172;131;115m▀▀▀▀[38;2;49;49;49m[48;2;49;49;49m▀[49m [0m
                   [38;2;49;49;49m▀▀▀▀[38;2;139;106;98m[48;2;49;49;49m▀▀[38;2;172;131;115m▀▀[38;2;49;49;49m[49m▀  [0m
                              [0m
