
     [38;2;0;0;0m▄▄          [0m
    [38;2;0;0;0m[48;2;0;0;0m▀[38;2;181;173;237m[48;2;181;173;237m▀[38;2;214;198;246m[48;2;214;198;246m▀[38;2;0;0;0m[48;2;0;0;0m▀[49m ▄[48;2;181;173;237m▀▀[49m▄    [0m
    [38;2;0;0;0m[48;2;0;0;0m▀[38;2;181;173;237m[48;2;181;173;237m▀[38;2;0;0;0m[48;2;0;0;0m▀[49m ▄[48;2;214;198;246m▀[38;2;214;198;246m[48;2;0;0;0m▀▀[38;2;0;0;0m[49m▀    [0m
   [38;2;0;0;0m[48;2;0;0;0m▀[38;2;71;66;79m[48;2;214;198;238m▀[38;2;0;0;0m[48;2;143;132;159m▀[49m▄▄[48;2;156;140;228m▀[38;2;156;140;228m[48;2;0;0;0m▀[38;2;0;0;0m[49m▀      [0m
 [38;2;0;0;0m▄[38;2;0;37;0m[48;2;69;93;79m▀[38;2;206;206;238m[48;2;206;206;238m▀[38;2;156;140;228m[48;2;214;198;246m▀[38;2;214;198;246m▀[38;2;66;61;74m[48;2;214;198;254m▀[38;2;214;198;254m[48;2;165;152;194m▀[38;2;71;66;82m[48;2;214;198;246m▀[38;2;0;0;0m[48;2;0;0;0m▀[49m       [0m
 [38;2;0;0;0m[48;2;0;0;0m▀[38;2;33;148;41m[48;2;214;198;246m▀[38;2;214;198;246m▀▀[38;2;33;148;41m[48;2;33;148;41m▀[38;2;214;198;246m[48;2;214;198;246m▀[48;2;156;140;228m▀[38;2;214;200;246m[48;2;214;200;246m▀▀[38;2;0;0;0m[48;2;0;0;0m▀[49m      [0m
 [38;2;0;0;0m▀[38;2;173;156;237m[48;2;0;0;0m▀[48;2;173;156;237m▀[38;2;214;198;246m[48;2;148;82;180m▀▀[38;2;156;140;228m[48;2;214;198;246m▀▀[38;2;143;182;127m[48;2;143;182;127m▀[38;2;214;255;190m[48;2;0;37;0m▀[38;2;0;0;0m[49m▀      [0m
   [38;2;0;0;0m▀[38;2;175;121;149m[48;2;16;0;0m▀[48;2;255;181;223m▀[38;2;214;198;246m[48;2;214;198;246m▀[48;2;140;247;76m▀[48;2;0;0;0m▀[38;2;0;0;0m[49m▀▄▄     [0m
  [38;2;0;0;0m▄[48;2;189;132;221m▀[38;2;214;198;246m[48;2;148;79;180m▀[48;2;181;139;213m▀[48;2;148;82;180m▀[48;2;214;198;246m▀[38;2;63;60;79m[48;2;189;173;237m▀[38;2;0;4;0m▀[38;2;214;198;246m[48;2;156;140;228m▀▀[38;2;0;0;0m[48;2;214;198;246m▀[49m▄   [0m
  [38;2;0;0;0m▀[48;2;0;0;0m▀[38;2;189;132;221m[48;2;189;132;221m▀[38;2;148;82;180m[48;2;148;82;180m▀[38;2;189;132;221m[48;2;115;66;139m▀[38;2;115;66;139m[48;2;189;132;221m▀[38;2;156;140;228m[48;2;214;198;246m▀[38;2;214;198;246m[48;2;156;140;228m▀▀[38;2;156;140;228m[48;2;214;198;246m▀[38;2;222;198;254m[48;2;222;198;254m▀[38;2;74;61;74m[48;2;173;152;194m▀[38;2;0;0;0m[48;2;189;132;221m▀[49m▄ [0m
  [38;2;0;0;0m▀[38;2;189;132;221m[48;2;0;0;0m▀[38;2;198;132;230m[48;2;8;0;8m▀[48;2;135;88;156m▀[38;2;189;132;221m[48;2;189;132;221m▀▀▀[38;2;214;198;246m▀[38;2;214;189;254m[48;2;143;126;169m▀[48;2;0;0;0m▀[38;2;198;132;238m▀[38;2;132;88;159m▀[38;2;0;0;0m[49m▀  [0m
     [38;2;0;0;0m▀▀▀▀▀▀      [0m
