
[38;2;0;0;0m                                          
[38;2;0;0;0m                [38;2;49;49;49m██[38;2;0;0;0m  [38;2;49;49;49m██[38;2;0;0;0m  [38;2;49;49;49m██[38;2;0;0;0m                
[38;2;0;0;0m              [38;2;49;49;49m██[38;2;148;172;172m██[38;2;49;49;49m██[38;2;197;213;213m██[38;2;49;49;49m██[38;2;148;172;172m██[38;2;49;49;49m████[38;2;0;0;0m            
[38;2;0;0;0m              [38;2;49;49;49m██[38;2;115;123;123m██[38;2;197;213;213m██████[38;2;115;123;123m██[38;2;197;213;213m██[38;2;49;49;49m██[38;2;0;0;0m            
[38;2;0;0;0m              [38;2;49;49;49m██[38;2;82;82;82m██[38;2;255;156;156m██[38;2;246;74;65m██[38;2;197;213;213m████[38;2;49;49;49m██[38;2;0;0;0m              
[38;2;0;0;0m      [38;2;49;49;49m████[38;2;0;0;0m  [38;2;49;49;49m██[38;2;82;82;82m██[38;2;197;213;213m██[38;2;246;74;65m████[38;2;197;213;213m██[38;2;82;82;82m██[38;2;49;49;49m██[38;2;0;0;0m              
[38;2;0;0;0m    [38;2;49;49;49m██[38;2;148;172;172m██[38;2;49;49;49m██[38;2;0;0;0m  [38;2;49;49;49m██[38;2;197;213;213m████████████[38;2;49;49;49m██[38;2;0;0;0m              
[38;2;0;0;0m  [38;2;49;49;49m██[38;2;148;172;172m████[38;2;82;82;82m██[38;2;49;49;49m██[38;2;115;123;123m██████[38;2;197;213;213m████████[38;2;148;172;172m██[38;2;49;49;49m████[38;2;0;0;0m          
[38;2;0;0;0m  [38;2;49;49;49m██[38;2;148;172;172m██[38;2;82;82;82m██[38;2;115;123;123m██[38;2;197;213;213m████████[38;2;115;123;123m████[38;2;197;213;213m██[38;2;148;172;172m████[38;2;82;82;82m██[38;2;197;213;213m██[38;2;49;49;49m██[38;2;0;0;0m        
[38;2;0;0;0m    [38;2;49;49;49m██[38;2;82;82;82m██[38;2;197;213;213m██████████████[38;2;115;123;123m██████[38;2;197;213;213m████[38;2;49;49;49m██[38;2;0;0;0m        
[38;2;0;0;0m      [38;2;49;49;49m██[38;2;82;82;82m████████[38;2;197;213;213m██████[38;2;148;172;172m██[38;2;115;123;123m██[38;2;197;213;213m██████[38;2;49;49;49m██[38;2;0;0;0m        
[38;2;0;0;0m        [38;2;49;49;49m██[38;2;255;255;255m██[38;2;255;156;156m████[38;2;115;123;123m████[38;2;148;172;172m████[38;2;115;123;123m██[38;2;197;213;213m████[38;2;49;49;49m██[38;2;0;0;0m          
[38;2;0;0;0m        [38;2;49;49;49m██[38;2;205;115;123m████[38;2;255;156;156m██[38;2;255;255;255m████[38;2;82;82;82m██[38;2;148;172;172m████[38;2;115;123;123m██[38;2;49;49;49m██[38;2;0;0;0m            
[38;2;0;0;0m      [38;2;49;49;49m██[38;2;238;222;148m██████[38;2;205;115;123m██[38;2;49;49;49m██[38;2;255;255;255m██[38;2;255;156;156m██[38;2;82;82;82m████[38;2;49;49;49m██[38;2;0;0;0m              
[38;2;0;0;0m      [38;2;49;49;49m██[38;2;238;222;148m████[38;2;180;156;65m██[38;2;238;222;148m████[38;2;205;115;123m██[38;2;255;156;156m██████[38;2;49;49;49m██[38;2;0;0;0m              
[38;2;0;0;0m    [38;2;49;49;49m██[38;2;197;213;213m██[38;2;82;82;82m██[38;2;238;222;148m██████████[38;2;205;115;123m██[38;2;255;156;156m██[38;2;49;49;49m██[38;2;189;82;82m██[38;2;49;49;49m██[38;2;0;0;0m            
[38;2;0;0;0m    [38;2;49;49;49m██[38;2;197;213;213m██[38;2;189;82;82m██[38;2;82;82;82m████[38;2;238;222;148m████[38;2;180;156;65m██[38;2;82;82;82m████[38;2;255;255;255m██[38;2;189;82;82m████[38;2;49;49;49m██[38;2;0;0;0m          
[38;2;0;0;0m      [38;2;49;49;49m██[38;2;189;82;82m██[38;2;246;74;65m██[38;2;189;82;82m██[38;2;82;82;82m██████[38;2;246;74;65m██[38;2;189;82;82m██[38;2;255;255;255m████[38;2;82;82;82m██[38;2;49;49;49m████[38;2;0;0;0m  [38;2;49;49;49m██[38;2;0;0;0m    
[38;2;0;0;0m        [38;2;49;49;49m██[38;2;246;74;65m██[38;2;189;82;82m██[38;2;255;255;255m████[38;2;189;82;82m██[38;2;246;74;65m████[38;2;255;255;255m██[38;2;82;82;82m██[38;2;255;156;156m████[38;2;49;49;49m████[38;2;205;115;123m██[38;2;49;49;49m██[38;2;0;0;0m  
[38;2;0;0;0m      [38;2;49;49;49m██[38;2;189;82;82m██[38;2;82;82;82m████[38;2;255;255;255m██████[38;2;82;82;82m██████[38;2;255;156;156m████[38;2;82;82;82m██[38;2;205;115;123m██████[38;2;49;49;49m██[38;2;0;0;0m  
[38;2;0;0;0m    [38;2;49;49;49m██[38;2;205;115;123m██[38;2;189;82;82m██[38;2;213;197;106m████[38;2;82;82;82m██████[38;2;205;115;123m██████[38;2;82;82;82m████[38;2;205;115;123m██████[38;2;49;49;49m██[38;2;0;0;0m    
[38;2;0;0;0m    [38;2;49;49;49m██[38;2;205;115;123m██[38;2;189;82;82m██[38;2;180;156;65m██[38;2;213;197;106m████████[38;2;189;82;82m██[38;2;255;156;156m████[38;2;82;82;82m██[38;2;205;115;123m████████[38;2;49;49;49m██[38;2;0;0;0m    
[38;2;0;0;0m      [38;2;49;49;49m██[38;2;205;115;123m██[38;2;189;82;82m██[38;2;180;156;65m██████[38;2;189;82;82m██[38;2;255;156;156m████████[38;2;82;82;82m██[38;2;205;115;123m████[38;2;49;49;49m██[38;2;0;0;0m      
[38;2;0;0;0m        [38;2;49;49;49m██████[38;2;213;197;106m████[38;2;189;82;82m██[38;2;255;156;156m████████[38;2;82;82;82m██[38;2;49;49;49m████[38;2;0;0;0m        
[38;2;0;0;0m              [38;2;49;49;49m██████[38;2;189;82;82m██[38;2;205;115;123m████[38;2;189;82;82m██[38;2;49;49;49m██[38;2;0;0;0m            
[38;2;0;0;0m                    [38;2;49;49;49m██[38;2;255;255;255m████[38;2;49;49;49m██[38;2;0;0;0m              
[38;2;0;0;0m                      [38;2;49;49;49m████[38;2;0;0;0m                
[38;2;0;0;0m                                          [0m
