
[38;2;0;0;0m                                              
[38;2;0;0;0m                          ████████            
[38;2;0;0;0m                          ██[38;2;240;168;152m██████[38;2;0;0;0m████        
[38;2;0;0;0m                            ████[38;2;240;168;152m██████[38;2;0;0;0m██      
[38;2;0;0;0m                                ██[38;2;240;168;152m██████[38;2;0;0;0m██    
[38;2;0;0;0m                                  ██[38;2;240;168;152m████[38;2;0;0;0m██    
[38;2;0;0;0m                                  ██[38;2;240;168;152m████[38;2;208;128;128m██[38;2;0;0;0m██  
[38;2;0;0;0m                                ██[38;2;208;128;128m████████[38;2;0;0;0m██  
[38;2;0;0;0m                      ██████████[38;2;208;128;128m██████████[38;2;0;0;0m██  
[38;2;0;0;0m        ████      ████[38;2;240;168;152m██████████[38;2;64;64;64m████[38;2;208;128;128m████[38;2;0;0;0m██    
[38;2;0;0;0m      ██[38;2;208;128;128m████[38;2;0;0;0m██████[38;2;240;168;152m████[38;2;64;64;64m██████[38;2;240;168;152m████████[38;2;64;64;64m██[38;2;208;128;128m██[38;2;0;0;0m██    
[38;2;0;0;0m      ██[38;2;208;128;128m██████[38;2;240;168;152m██[38;2;64;64;64m██████[38;2;168;96;96m██[38;2;240;168;152m██[38;2;168;96;96m██[38;2;64;64;64m██[38;2;240;168;152m██████[38;2;208;128;128m██[38;2;0;0;0m██      
[38;2;0;0;0m        [38;2;64;64;64m██[38;2;240;168;152m██████████[38;2;64;64;64m██[38;2;240;168;152m██[38;2;168;96;96m██[38;2;240;168;152m██[38;2;64;64;64m██[38;2;240;168;152m████[38;2;208;128;128m████[38;2;0;0;0m██      
[38;2;0;0;0m      ██[38;2;240;168;152m████████████████[38;2;64;64;64m██[38;2;208;128;128m██[38;2;64;64;64m██[38;2;240;168;152m██[38;2;208;128;128m██████[38;2;168;96;96m██[38;2;0;0;0m██    
[38;2;0;0;0m    ██[38;2;248;248;248m██[38;2;240;168;152m██████[38;2;208;128;128m██[38;2;248;248;248m████[38;2;240;168;152m████[38;2;208;128;128m██[38;2;64;64;64m██[38;2;208;128;128m████████[38;2;168;96;96m██[38;2;208;128;128m██[38;2;0;0;0m██    
[38;2;0;0;0m    ██[38;2;144;128;80m██████[38;2;208;128;128m██[38;2;248;248;248m██[38;2;0;0;0m██[38;2;248;248;248m████[38;2;208;128;128m████[38;2;64;64;64m██[38;2;208;128;128m████████[38;2;168;96;96m██[38;2;208;128;128m██[38;2;0;0;0m██    
[38;2;0;0;0m  ██[38;2;192;168;104m██[38;2;240;232;136m██████[38;2;144;128;80m████[38;2;248;248;248m██████[38;2;208;128;128m██[38;2;168;96;96m██[38;2;208;128;128m████[38;2;168;96;96m██[38;2;208;128;128m██[38;2;64;64;64m██[38;2;208;128;128m██[38;2;0;0;0m██      
[38;2;0;0;0m  ██[38;2;240;232;136m████████████[38;2;144;128;80m██[38;2;248;248;248m██[38;2;240;168;152m██[38;2;208;128;128m██████████[38;2;168;96;96m██[38;2;0;0;0m████        
[38;2;0;0;0m    ██[38;2;240;232;136m████[38;2;144;128;80m██[38;2;240;232;136m██[38;2;192;168;104m████[38;2;144;128;80m██[38;2;208;128;128m██[38;2;64;64;64m██[38;2;208;128;128m████████[38;2;0;0;0m██            
[38;2;0;0;0m      ████[38;2;192;168;104m██████[38;2;0;0;0m████[38;2;64;64;64m██[38;2;168;96;96m████[38;2;208;128;128m██████[38;2;0;0;0m██            
[38;2;0;0;0m          ██████    ██[38;2;248;248;248m██[38;2;168;96;96m██[38;2;208;128;128m████[38;2;0;0;0m██              
[38;2;0;0;0m                      ████████                
[38;2;0;0;0m                                              [0m
