
[38;2;0;0;0m                                                                                        
[38;2;0;0;0m          ████                                                                          
[38;2;0;0;0m        ██[38;2;200;136;144m████[38;2;0;0;0m██  ██████████    ██████                                                  
[38;2;0;0;0m      ██[38;2;200;136;144m██[38;2;152;64;72m██[38;2;200;136;144m████[38;2;0;0;0m██[38;2;248;176;200m██████████[38;2;0;0;0m████[38;2;200;136;144m██[38;2;248;176;200m████[38;2;0;0;0m██                                                
[38;2;0;0;0m      ██[38;2;152;64;72m██[38;2;200;136;144m██[38;2;64;64;64m██[38;2;248;176;200m████████████████[38;2;200;136;144m██[38;2;248;176;200m████████[38;2;0;0;0m██                          ██                  
[38;2;0;0;0m        ██[38;2;64;64;64m██[38;2;248;176;200m██████████████████████[38;2;200;104;104m████[38;2;248;176;200m██[38;2;0;0;0m██                        ██[38;2;216;224;216m██[38;2;0;0;0m██                
[38;2;0;0;0m          ██[38;2;248;176;200m████████████[38;2;200;136;144m████[38;2;248;176;200m████[38;2;200;104;104m██[38;2;248;176;200m██████[38;2;0;0;0m██                        ██[38;2;216;224;216m██[38;2;0;0;0m██                
[38;2;0;0;0m        ██[38;2;248;248;248m██[38;2;200;136;144m██[38;2;248;176;200m████████[38;2;200;136;144m██[38;2;248;248;248m████[38;2;200;136;144m██[38;2;248;176;200m██[38;2;200;104;104m██[38;2;248;176;200m████[38;2;200;104;104m██[38;2;0;0;0m██                      ██[38;2;168;168;168m██[38;2;216;224;216m██[38;2;0;0;0m██                
[38;2;0;0;0m        ██[38;2;248;248;248m██[38;2;200;136;144m██[38;2;248;176;200m██████[38;2;200;136;144m██[38;2;248;248;248m████[38;2;0;0;0m██[38;2;248;248;248m██[38;2;200;136;144m██[38;2;248;176;200m██[38;2;200;104;104m████[38;2;0;0;0m██              ██      ██[38;2;64;64;64m██[38;2;168;168;168m████[38;2;0;0;0m██                
[38;2;0;0;0m        ██[38;2;152;104;56m████████[38;2;248;176;200m██[38;2;200;136;144m██[38;2;248;248;248m████████[38;2;200;136;144m██[38;2;248;176;200m████[38;2;0;0;0m██              ██[38;2;216;224;216m██[38;2;0;0;0m██  ██[38;2;216;224;216m████[38;2;64;64;64m████[38;2;168;168;168m██[38;2;0;0;0m██              
[38;2;0;0;0m      ██[38;2;248;224;192m██████████[38;2;152;104;56m████[38;2;248;248;248m████████[38;2;200;136;144m██[38;2;248;176;200m████[38;2;0;0;0m██              ██[38;2;216;224;216m████[38;2;0;0;0m██[38;2;216;224;216m██████████[38;2;168;168;168m████[38;2;0;0;0m██            
[38;2;0;0;0m    ██[38;2;248;224;192m████████████████[38;2;152;104;56m████[38;2;248;248;248m██[38;2;200;136;144m██[38;2;248;176;200m████████[38;2;0;0;0m██            ██[38;2;216;224;216m██[38;2;168;168;168m██[38;2;64;64;64m██[38;2;216;224;216m██████████[38;2;168;168;168m████[38;2;0;0;0m██    ████    
[38;2;0;0;0m    ██[38;2;248;224;192m██████[38;2;72;88;104m██[38;2;248;224;192m████████████[38;2;152;104;56m████[38;2;248;176;200m████████[38;2;0;0;0m██              ██[38;2;216;224;216m████[38;2;64;64;64m████[38;2;216;224;216m████[38;2;168;168;168m██[38;2;64;64;64m████[38;2;168;168;168m██[38;2;0;0;0m████[38;2;168;168;168m████[38;2;0;0;0m██  
[38;2;0;0;0m      ██[38;2;64;64;64m██[38;2;248;224;192m████████████████[38;2;224;184;152m████[38;2;152;104;56m██[38;2;248;176;200m████████[38;2;0;0;0m██          ██[38;2;216;224;216m██████████[38;2;64;64;64m██████[38;2;168;168;168m████[38;2;72;88;104m██[38;2;168;168;168m██████[38;2;0;0;0m██    
[38;2;0;0;0m      ██[38;2;232;232;232m██[38;2;64;64;64m██████[38;2;248;224;192m████████[38;2;224;184;152m██[38;2;64;64;64m██[38;2;224;184;152m██[38;2;152;104;56m██[38;2;248;176;200m████████[38;2;0;0;0m██        ████[38;2;216;224;216m██████[38;2;168;168;168m██[38;2;216;224;216m████████[38;2;168;168;168m████[38;2;64;64;64m██[38;2;168;168;168m██[38;2;0;0;0m████      
[38;2;0;0;0m      ██[38;2;152;104;56m██[38;2;224;184;152m██[38;2;152;64;72m████[38;2;64;64;64m████[38;2;248;248;248m██[38;2;64;64;64m████[38;2;224;184;152m██[38;2;152;104;56m██[38;2;248;176;200m██████████[38;2;200;136;144m██[38;2;0;0;0m██    ██[38;2;216;224;216m████[38;2;64;64;64m██[38;2;216;224;216m██████████[38;2;96;112;128m████[38;2;168;168;168m██████[38;2;0;0;0m██          
[38;2;0;0;0m    ██[38;2;248;176;200m████[38;2;152;104;56m██[38;2;224;184;152m██[38;2;200;104;104m██████[38;2;64;64;64m██[38;2;224;184;152m████[38;2;152;104;56m██[38;2;248;176;200m████████████[38;2;200;136;144m██[38;2;0;0;0m██  ██[38;2;216;224;216m████████[38;2;64;64;64m████[38;2;216;224;216m██████[38;2;96;112;128m██[38;2;168;168;168m██████[38;2;0;0;0m██            
[38;2;0;0;0m    ██[38;2;248;176;200m██████[38;2;152;104;56m████[38;2;224;184;152m██████[38;2;152;104;56m████[38;2;248;176;200m████████████[38;2;200;136;144m██████[38;2;0;0;0m██[38;2;248;248;248m██[38;2;0;0;0m██[38;2;216;224;216m██████████[38;2;64;64;64m████[38;2;168;168;168m██████[38;2;64;64;64m████[38;2;168;168;168m██[38;2;0;0;0m██          
[38;2;0;0;0m  ██[38;2;248;176;200m██████[38;2;64;64;64m██[38;2;248;176;200m████[38;2;152;104;56m██████[38;2;248;176;200m████████████████[38;2;64;64;64m██[38;2;200;136;144m████[38;2;64;64;64m██[38;2;248;248;248m██[38;2;0;0;0m██[38;2;216;224;216m████████████[38;2;168;168;168m██[38;2;64;64;64m██████[38;2;168;168;168m████████[38;2;0;0;0m██        
[38;2;0;0;0m  ██[38;2;248;176;200m██████[38;2;64;64;64m██[38;2;248;176;200m████████████████[38;2;64;64;64m██[38;2;248;176;200m████████[38;2;64;64;64m██[38;2;200;136;144m██████[38;2;64;64;64m██[38;2;248;248;248m██[38;2;216;224;216m██████[38;2;128;128;104m██[38;2;0;0;0m██[38;2;128;128;104m██[38;2;248;248;248m██[38;2;216;224;216m████[38;2;168;168;168m██████████[38;2;64;64;64m██[38;2;0;0;0m██      
[38;2;0;0;0m  ██[38;2;248;176;200m██[38;2;200;136;144m██[38;2;64;64;64m██[38;2;248;176;200m████████████████[38;2;64;64;64m██[38;2;248;176;200m██████████[38;2;64;64;64m██[38;2;200;136;144m██████[38;2;64;64;64m██[38;2;216;224;216m██████[38;2;128;128;104m██[38;2;248;248;248m██[38;2;0;0;0m██[38;2;248;248;248m████[38;2;216;224;216m████[38;2;168;168;168m██[38;2;96;112;128m████[38;2;168;168;168m████[38;2;72;88;104m██[38;2;168;168;168m██[38;2;0;0;0m██    
[38;2;0;0;0m    ██[38;2;248;248;248m██[38;2;64;64;64m██[38;2;248;176;200m████████████████[38;2;64;64;64m██[38;2;248;176;200m████████[38;2;64;64;64m██[38;2;200;136;144m██████████[38;2;64;64;64m████████[38;2;216;224;216m██████████[38;2;168;168;168m██[38;2;96;112;128m██████[38;2;168;168;168m████[38;2;0;0;0m████      
[38;2;0;0;0m      ██[38;2;200;136;144m██[38;2;64;64;64m██[38;2;192;144;64m██[38;2;248;176;200m██████████[38;2;64;64;64m██[38;2;200;136;144m██[38;2;248;176;200m████████[38;2;64;64;64m██[38;2;200;136;144m████[38;2;64;64;64m██[38;2;200;136;144m████████[38;2;64;64;64m██[38;2;216;224;216m██[38;2;64;64;64m████[38;2;216;224;216m████[38;2;168;168;168m████████████[38;2;0;0;0m██          
[38;2;0;0;0m    ██[38;2;200;136;144m████[38;2;64;64;64m██[38;2;248;224;192m██[38;2;192;144;64m██████████[38;2;64;64;64m██[38;2;248;248;248m██[38;2;200;136;144m██[38;2;248;176;200m████[38;2;64;64;64m██[38;2;200;136;144m████[38;2;248;176;200m████[38;2;64;64;64m██[38;2;200;136;144m████████[38;2;64;64;64m████[38;2;248;248;248m██[38;2;64;64;64m██████[38;2;168;168;168m████████[38;2;0;0;0m██            
[38;2;0;0;0m    ██[38;2;200;136;144m████[38;2;64;64;64m██[38;2;248;224;192m██████████████[38;2;64;64;64m██[38;2;248;248;248m██[38;2;200;136;144m██[38;2;64;64;64m██[38;2;200;136;144m██[38;2;248;176;200m████████[38;2;64;64;64m██[38;2;200;136;144m████████[38;2;200;104;104m████[38;2;64;64;64m██████████[38;2;168;168;168m██[38;2;0;0;0m████              
[38;2;0;0;0m    ██[38;2;200;136;144m██████[38;2;64;64;64m██[38;2;192;144;64m██[38;2;248;224;192m██████████[38;2;192;144;64m██[38;2;64;64;64m████[38;2;200;136;144m██[38;2;248;176;200m████████████[38;2;64;64;64m██[38;2;200;136;144m██████[38;2;64;64;64m████████[38;2;168;168;168m████[38;2;0;0;0m████                  
[38;2;0;0;0m      ██[38;2;200;136;144m████[38;2;64;64;64m██[38;2;224;184;152m██[38;2;192;144;64m██████████[38;2;224;184;152m████[38;2;200;136;144m██[38;2;248;176;200m██████████████[38;2;64;64;64m██[38;2;200;136;144m████[38;2;0;0;0m████[38;2;168;168;168m████████[38;2;0;0;0m██                      
[38;2;0;0;0m      ██[38;2;72;88;104m██[38;2;200;136;144m████[38;2;64;64;64m██[38;2;224;184;152m████████████[38;2;152;104;56m██[38;2;64;64;64m██[38;2;248;176;200m██████████████[38;2;0;0;0m██████    ████████                        
[38;2;0;0;0m    ██[38;2;216;224;216m██[38;2;64;64;64m████[38;2;200;136;144m████[38;2;0;0;0m██[38;2;152;104;56m██████████[38;2;224;184;152m██[38;2;64;64;64m██[38;2;248;176;200m████████████[38;2;0;0;0m██                                          
[38;2;0;0;0m    ██[38;2;72;88;104m██[38;2;216;224;216m████[38;2;0;0;0m████  ████[38;2;224;184;152m████████[38;2;0;0;0m██[38;2;64;64;64m██[38;2;248;176;200m████████[38;2;64;64;64m██[38;2;0;0;0m██                                          
[38;2;0;0;0m      ██████          ████████  ██[38;2;64;64;64m████████[38;2;200;136;144m██[38;2;0;0;0m██                                          
[38;2;0;0;0m                                ██[38;2;248;248;248m██[38;2;200;136;144m██████[38;2;248;248;248m██[38;2;0;0;0m██                                          
[38;2;0;0;0m                                  ██[38;2;248;248;248m██████[38;2;0;0;0m██                                            
[38;2;0;0;0m                                    ██████                                              
[38;2;0;0;0m                                                                                        [0m
