
                [38;2;49;49;49m▄         [0m
            [38;2;49;49;49m▄▄[48;2;205;189;148m▀[48;2;82;82;82m▀[38;2;246;246;189m[48;2;246;246;189m▀[38;2;49;49;49m[48;2;49;49;49m▀[49m▄       [0m
  [38;2;49;49;49m▄▄▄    ▄[48;2;82;82;82m▀[48;2;246;246;189m▀[38;2;246;246;189m▀▀[38;2;164;139;115m▀[38;2;246;246;189m▀▀▀[38;2;205;189;148m▀[38;2;49;49;49m[48;2;205;189;148m▀[49m▄     [0m
 [38;2;49;49;49m▀[38;2;139;189;65m[48;2;49;49;49m▀[38;2;90;156;49m[48;2;139;189;65m▀[38;2;139;189;65m[48;2;90;156;49m▀[38;2;49;49;49m[48;2;139;189;65m▀[49m▄ ▄[48;2;205;131;82m▀[38;2;246;246;189m[48;2;246;246;189m▀▀▀▀▀▀▀▀▀[48;2;205;189;148m▀[38;2;49;49;49m[48;2;156;82;57m▀[49m▄    [0m
  [38;2;49;49;49m▀[38;2;139;189;65m[48;2;49;49;49m▀[38;2;90;156;49m[48;2;205;189;148m▀[38;2;205;189;148m▀[38;2;49;49;49m▀[49m▄[48;2;49;49;49m▀[38;2;205;131;82m▀[38;2;82;82;82m[48;2;156;82;57m▀[38;2;246;246;189m[48;2;82;82;82m▀▀▀[38;2;82;82;82m[48;2;172;172;172m▀[48;2;255;255;255m▀[48;2;172;172;172m▀[38;2;205;189;148m[48;2;82;82;82m▀▀[38;2;82;82;82m[48;2;205;131;82m▀[38;2;205;131;82m▀[38;2;49;49;49m▀[49m▄   [0m
    [38;2;49;49;49m[48;2;49;49;49m▀[38;2;205;189;148m[48;2;82;82;82m▀▀[38;2;49;49;49m[48;2;49;49;49m▀[49m [48;2;82;82;82m▀[38;2;156;82;57m[48;2;246;246;189m▀[38;2;246;246;189m▀▀[38;2;156;82;57m[48;2;205;131;82m▀[38;2;255;255;255m[48;2;255;255;255m▀[38;2;49;49;49m▀[38;2;255;255;255m▀[38;2;156;82;57m[48;2;205;131;82m▀[38;2;82;82;82m[48;2;49;49;49m▀[38;2;205;131;82m[48;2;156;82;57m▀[48;2;205;131;82m▀▀[38;2;49;49;49m[48;2;49;49;49m▀[49m   [0m
    [38;2;49;49;49m▀[38;2;246;246;189m[48;2;49;49;49m▀[38;2;164;139;115m[48;2;205;189;148m▀[48;2;246;246;189m▀[38;2;49;49;49m[48;2;205;131;82m▀▀[38;2;246;246;189m[48;2;82;82;82m▀[48;2;246;246;189m▀[48;2;205;189;148m▀[48;2;246;246;189m▀[38;2;205;131;82m▀[38;2;255;255;255m[48;2;82;82;82m▀[38;2;205;131;82m▀[38;2;49;49;49m[48;2;205;131;82m▀[49m▄▀▀▀    [0m
    [38;2;49;49;49m▄[48;2;205;189;148m▀[38;2;246;246;189m[48;2;82;82;82m▀[38;2;82;82;82m[48;2;49;49;49m▀[38;2;49;49;49m[49m▀[38;2;205;131;82m[48;2;49;49;49m▀[38;2;246;246;189m▀[38;2;82;82;82m[48;2;82;82;82m▀[38;2;213;98;123m[48;2;164;139;115m▀[48;2;49;49;49m▀[38;2;82;82;82m▀[38;2;205;131;82m[48;2;156;82;57m▀▀[38;2;156;82;57m[48;2;246;246;189m▀[38;2;246;246;189m▀[38;2;49;49;49m▀[48;2;205;131;82m▀[49m▄[48;2;205;189;148m▀[48;2;246;246;189m▀[49m▄ [0m
    [38;2;49;49;49m▀[38;2;164;139;115m[48;2;49;49;49m▀[38;2;205;189;148m[48;2;164;139;115m▀[38;2;82;82;82m[48;2;205;189;148m▀[38;2;49;49;49m▀▀[38;2;164;139;115m[48;2;49;49;49m▀▀[38;2;49;49;49m[49m▀▄[48;2;49;49;49m▀[38;2;246;246;189m[48;2;82;82;82m▀[48;2;246;246;189m▀▀[38;2;82;82;82m▀[48;2;82;82;82m▀[38;2;205;131;82m▀[48;2;49;49;49m▀[38;2;246;246;189m▀[38;2;82;82;82m▀[38;2;49;49;49m[49m▀ [0m
      [38;2;49;49;49m▀▀▀▀  ▀[38;2;164;139;115m[48;2;49;49;49m▀▀[38;2;156;82;57m▀[38;2;49;49;49m[49m▀▀[38;2;205;189;148m[48;2;49;49;49m▀[48;2;156;82;57m▀[38;2;49;49;49m▀[49m▄    [0m
                 [38;2;49;49;49m▀[38;2;246;246;189m[48;2;49;49;49m▀[38;2;164;139;115m▀[38;2;246;246;189m▀[38;2;49;49;49m[49m▀    [0m
                          [0m
