
[38;2;0;0;0m                                      
[38;2;0;0;0m          ██              ██████      
[38;2;0;0;0m        ██[38;2;99;140;171m██[38;2;0;0;0m██        ████[38;2;239;148;175m████[38;2;0;0;0m██      
[38;2;0;0;0m        ██[38;2;87;120;133m██[38;2;57;61;73m██[38;2;0;0;0m████  ██[38;2;214;90;86m████[38;2;255;148;159m██[38;2;8;0;0m██[38;2;0;0;0m        
[38;2;0;0;0m      ██[38;2;99;140;171m██[38;2;118;180;192m████[38;2;107;165;179m████[38;2;0;0;0m██[38;2;214;90;86m██[38;2;173;90;85m██[38;2;214;90;86m██[38;2;173;99;106m██[38;2;8;0;0m██[38;2;0;0;0m        
[38;2;0;0;0m      ██[38;2;165;189;141m██[38;2;247;214;47m██[38;2;123;181;187m██████[38;2;99;140;171m██[38;2;173;90;85m██[38;2;214;94;86m████[38;2;0;0;0m██          
[38;2;0;0;0m    ██[38;2;165;189;141m████[38;2;247;214;47m██[38;2;123;181;187m██[38;2;99;140;171m████████[38;2;71;42;39m██[38;2;0;16;16m██[38;2;0;0;0m            
[38;2;0;0;0m    ██[38;2;98;140;170m██[38;2;247;214;47m██[38;2;142;178;198m██[38;2;90;140;170m██[38;2;33;0;1m██[38;2;255;247;247m██[38;2;49;66;73m██[38;2;120;143;160m██[38;2;99;140;171m██[38;2;0;0;0m██            
[38;2;0;0;0m    ██[38;2;98;140;170m████[38;2;90;140;170m██[38;2;247;255;255m██[38;2;144;123;124m██[38;2;255;247;247m██[38;2;156;181;204m██[38;2;120;143;160m██[38;2;99;140;171m██[38;2;0;0;0m██            
[38;2;0;0;0m      ██[38;2;99;140;171m██████████[38;2;99;140;179m████[38;2;0;0;0m██              
[38;2;0;0;0m        ██[38;2;66;107;146m██[38;2;99;140;171m██████[38;2;66;95;122m██[38;2;0;4;8m██[38;2;0;0;0m    ██████      
[38;2;0;0;0m      ████[38;2;66;82;90m████[38;2;74;108;140m████[38;2;99;140;171m██[38;2;0;0;0m██  ██[38;2;173;90;85m████[38;2;0;0;0m██████  
[38;2;0;0;0m    ██[38;2;66;110;146m████[38;2;66;82;90m██[38;2;247;214;47m██[38;2;82;132;178m██[38;2;57;61;65m██[38;2;99;140;171m████[38;2;0;0;0m██[38;2;173;90;85m██[38;2;66;66;66m████[38;2;214;90;86m████[38;2;0;0;0m██  
[38;2;0;0;0m    ██[38;2;181;181;189m██[38;2;60;63;63m██[38;2;99;140;171m██[38;2;198;165;38m██[38;2;99;140;171m████[38;2;66;66;66m██[38;2;99;140;171m██[38;2;120;132;134m██[38;2;57;70;73m██[38;2;176;83;74m██[38;2;214;94;86m██[38;2;214;103;94m██[38;2;0;20;24m██[38;2;0;0;0m    
[38;2;0;0;0m  ██[38;2;181;181;189m██[38;2;60;63;63m██[38;2;0;4;0m██[38;2;99;140;171m████████[38;2;66;66;66m██[38;2;99;140;171m██[38;2;247;255;255m██[38;2;57;70;73m██[38;2;214;94;86m██[38;2;137;72;63m██[38;2;71;48;47m████[38;2;0;0;0m██  
[38;2;0;0;0m  ██[38;2;181;181;189m██[38;2;0;0;0m██  [38;2;8;4;0m██[38;2;74;111;146m██[38;2;90;140;170m████[38;2;57;70;73m██[38;2;247;255;255m██[38;2;255;255;255m████[38;2;74;57;58m████[38;2;214;90;86m████[38;2;0;0;0m██  
[38;2;0;0;0m  ████  ██[38;2;41;57;73m██[38;2;74;111;146m██[38;2;57;66;65m██[38;2;79;115;135m██[38;2;120;132;134m██[38;2;57;70;73m██[38;2;255;255;255m██[38;2;181;181;189m██[38;2;255;247;247m██[38;2;134;120;121m██[38;2;0;0;0m████    
[38;2;0;0;0m      ██[38;2;181;181;189m██[38;2;66;110;146m████[38;2;0;0;0m██[38;2;66;66;66m██[38;2;99;140;171m██[38;2;66;66;66m██[38;2;255;255;255m██[38;2;192;190;192m██[38;2;255;255;255m██[38;2;0;0;0m██        
[38;2;0;0;0m        ██████  ██[38;2;99;140;171m██[38;2;66;66;66m██[38;2;255;255;255m██[38;2;66;61;66m██[38;2;0;0;0m██          
[38;2;0;0;0m              ██[38;2;255;255;255m██[38;2;119;131;139m████[38;2;0;0;0m████            
[38;2;0;0;0m              ████[38;2;0;8;24m██[38;2;239;255;255m██[38;2;0;0;0m██              
[38;2;0;0;0m                  ████                
[38;2;0;0;0m                                      [0m
