
[38;2;0;0;0m                                            
[38;2;0;0;0m              [38;2;49;49;49m██████████[38;2;0;0;0m                    
[38;2;0;0;0m            [38;2;49;49;49m██[38;2;65;148;65m██[38;2;115;205;74m██████[38;2;65;148;65m██[38;2;49;49;49m██[38;2;0;0;0m                  
[38;2;0;0;0m          [38;2;49;49;49m██[38;2;115;205;74m██████████████[38;2;49;49;49m██[38;2;0;0;0m                
[38;2;0;0;0m  [38;2;49;49;49m████████[38;2;65;148;65m██[38;2;148;246;74m██[38;2;115;205;74m████████████[38;2;65;148;65m██[38;2;49;49;49m██[38;2;0;0;0m              
[38;2;0;0;0m  [38;2;49;49;49m██[38;2;115;205;74m██████████████[38;2;246;230;41m████[38;2;115;205;74m██████[38;2;49;49;49m██[38;2;0;0;0m    [38;2;49;49;49m████[38;2;0;0;0m      
[38;2;0;0;0m  [38;2;49;49;49m██[38;2;246;246;172m██[38;2;65;148;65m██[38;2;115;205;74m████████[38;2;246;230;41m████████[38;2;115;205;74m████[38;2;49;49;49m██████[38;2;115;205;74m██[38;2;49;49;49m██[38;2;0;0;0m      
[38;2;0;0;0m    [38;2;49;49;49m██[38;2;246;246;172m████[38;2;213;213;106m██[38;2;115;205;74m██[38;2;197;82;82m██[38;2;49;49;49m██[38;2;148;74;65m██[38;2;255;255;255m██[38;2;246;230;41m██[38;2;115;205;74m██[38;2;65;148;65m██[38;2;82;82;82m██[38;2;115;205;74m██[38;2;82;82;82m██[38;2;115;205;74m██[38;2;49;49;49m██████[38;2;0;0;0m  
[38;2;0;0;0m      [38;2;49;49;49m██[38;2;189;164;90m██[38;2;246;246;172m██████[38;2;49;49;49m██[38;2;197;82;82m██[38;2;255;255;255m██[38;2;246;230;41m██[38;2;115;205;74m██[38;2;49;49;49m██[38;2;82;82;82m██[38;2;115;205;74m██████[38;2;82;82;82m██[38;2;115;205;74m██[38;2;49;49;49m██[38;2;0;0;0m  
[38;2;0;0;0m        [38;2;49;49;49m████[38;2;213;213;106m████[38;2;246;246;172m████[38;2;246;230;41m██[38;2;65;148;65m██[38;2;49;49;49m██[38;2;0;0;0m  [38;2;49;49;49m██[38;2;115;205;74m██████████[38;2;49;49;49m██[38;2;0;0;0m  
[38;2;0;0;0m            [38;2;49;49;49m████[38;2;189;164;90m████[38;2;65;148;65m██[38;2;246;230;41m████[38;2;49;49;49m██[38;2;0;0;0m  [38;2;49;49;49m██[38;2;246;230;41m██[38;2;115;205;74m████[38;2;65;148;65m██[38;2;49;49;49m██[38;2;0;0;0m  
[38;2;0;0;0m          [38;2;49;49;49m██[38;2;115;205;74m██[38;2;82;82;82m██[38;2;246;246;172m██[38;2;189;164;90m██[38;2;246;230;41m██[38;2;65;148;65m██[38;2;189;164;90m██[38;2;246;230;41m██[38;2;49;49;49m████[38;2;246;230;41m██[38;2;115;205;74m██[38;2;65;148;65m██[38;2;49;49;49m██[38;2;0;0;0m    
[38;2;0;0;0m          [38;2;49;49;49m████[38;2;246;246;172m██████[38;2;65;148;65m██[38;2;115;205;74m██[38;2;82;82;82m██████[38;2;246;230;41m██[38;2;65;148;65m██[38;2;49;49;49m████[38;2;0;0;0m      
[38;2;0;0;0m            [38;2;49;49;49m██[38;2;213;213;106m██[38;2;246;246;172m████[38;2;82;82;82m██[38;2;148;246;74m██[38;2;82;82;82m██[38;2;115;205;74m██████[38;2;49;49;49m██[38;2;0;0;0m          
[38;2;0;0;0m            [38;2;49;49;49m██[38;2;189;164;90m██[38;2;213;213;106m████[38;2;115;205;74m██[38;2;82;82;82m████[38;2;115;205;74m████[38;2;49;49;49m██[38;2;0;0;0m            
[38;2;0;0;0m              [38;2;49;49;49m██[38;2;189;164;90m██[38;2;49;49;49m██[38;2;213;213;106m██[38;2;115;205;74m████[38;2;65;148;65m██[38;2;49;49;49m██[38;2;0;0;0m              
[38;2;0;0;0m              [38;2;49;49;49m████[38;2;0;0;0m  [38;2;49;49;49m██[38;2;213;213;106m██[38;2;49;49;49m████[38;2;0;0;0m                
[38;2;0;0;0m                    [38;2;49;49;49m████[38;2;0;0;0m                    
[38;2;0;0;0m                                            [0m
