
[38;2;0;0;0m                                  
[38;2;0;0;0m                ████              
[38;2;0;0;0m              ██[38;2;255;222;143m████[38;2;0;0;0m██            
[38;2;0;0;0m            ██[38;2;247;132;79m██[38;2;255;222;143m████[38;2;0;0;0m██            
[38;2;0;0;0m          ██[38;2;247;132;79m████[38;2;247;131;79m██[38;2;255;222;143m████[38;2;0;0;0m██          
[38;2;0;0;0m          ██[38;2;247;132;79m██[38;2;66;66;66m██[38;2;197;150;96m██[38;2;255;198;119m██[38;2;255;222;143m██[38;2;0;0;0m██          
[38;2;0;0;0m        ██[38;2;247;132;79m██[38;2;66;66;66m████[38;2;82;53;50m██[38;2;197;150;96m██[38;2;255;222;143m████[38;2;0;0;0m██        
[38;2;0;0;0m        [38;2;0;8;16m██[38;2;247;132;87m██[38;2;66;66;66m██████[38;2;247;132;79m██[38;2;255;222;143m████[38;2;0;0;0m██        
[38;2;0;0;0m      ██[38;2;247;132;87m██[38;2;82;49;40m██[38;2;66;66;66m████████[38;2;247;131;79m██[38;2;255;222;143m████[38;2;0;0;0m██      
[38;2;0;0;0m    ██[38;2;247;132;79m██[38;2;66;66;66m██[38;2;107;189;251m██[38;2;66;66;66m████████[38;2;197;150;96m██[38;2;255;198;119m██[38;2;255;222;143m██[38;2;0;0;0m██      
[38;2;0;0;0m    ██[38;2;247;132;79m██[38;2;66;66;66m██████████[38;2;107;189;251m██[38;2;82;53;50m██[38;2;197;150;96m██[38;2;255;222;143m████[38;2;0;0;0m██    
[38;2;0;0;0m  ██[38;2;231;189;111m██[38;2;247;132;79m██[38;2;66;66;66m██[38;2;255;255;255m██[38;2;192;192;192m██[38;2;255;255;255m██[38;2;66;66;66m██████[38;2;247;132;79m██[38;2;255;222;143m████[38;2;0;0;0m██    
[38;2;0;0;0m  ██[38;2;231;189;111m██[38;2;247;132;79m██[38;2;66;66;66m██████[38;2;255;255;255m██[38;2;192;192;187m██[38;2;255;255;247m██[38;2;66;66;66m██[38;2;247;132;79m██[38;2;255;222;143m██████[38;2;0;0;0m██  
[38;2;0;0;0m  ██[38;2;231;189;111m████[38;2;66;66;66m██[38;2;124;124;124m██[38;2;66;66;66m████████[38;2;247;131;79m██[38;2;255;222;143m████[38;2;198;132;70m██[38;2;255;222;143m██[38;2;0;0;0m██  
[38;2;0;0;0m    ██[38;2;231;189;111m██[38;2;66;66;66m██████[38;2;124;124;124m██[38;2;66;66;66m██[38;2;255;222;143m████████[38;2;198;132;70m██[38;2;255;222;143m██[38;2;0;0;0m██  
[38;2;0;0;0m      ██[38;2;239;165;95m████[38;2;66;66;66m██████[38;2;255;222;143m██[38;2;198;132;70m██[38;2;255;222;143m██[38;2;255;214;135m██[38;2;170;143;90m██[38;2;0;0;0m██    
[38;2;0;0;0m        [38;2;0;4;16m██[38;2;80;58;42m██[38;2;66;66;66m██[38;2;247;132;79m██[38;2;255;222;143m████[38;2;198;132;70m██[38;2;255;222;143m██[38;2;0;0;0m████      
[38;2;0;0;0m        ██[38;2;123;123;123m████[38;2;0;0;0m██████[38;2;66;66;66m████[38;2;0;0;0m██        
[38;2;0;0;0m          ████    ██[38;2;124;124;124m████[38;2;0;0;0m██        
[38;2;0;0;0m                    ████          
[38;2;0;0;0m                                  [0m
