
            [38;2;0;0;0m▄          [0m
        [38;2;0;0;0m▄[48;2;255;255;255m▀[49m▄[48;2;255;255;255m▀[38;2;255;255;255m▀[38;2;0;0;0m▀[49m▄        [0m
       [38;2;0;0;0m[48;2;0;0;0m▀[38;2;186;186;186m[48;2;255;255;255m▀[38;2;255;255;255m[48;2;118;118;118m▀[38;2;115;115;115m[48;2;255;255;255m▀[38;2;255;255;255m▀▀[38;2;115;115;115m[48;2;115;115;115m▀[38;2;255;255;255m[48;2;255;255;255m▀[38;2;0;0;0m[48;2;0;0;0m▀[49m       [0m
     [38;2;0;0;0m▄[38;2;8;4;8m[48;2;255;255;255m▀[38;2;255;255;255m[48;2;173;171;173m▀[48;2;255;255;255m▀[38;2;115;115;115m▀[38;2;255;255;255m▀▀[38;2;115;115;115m[48;2;115;115;115m▀[38;2;255;255;255m[48;2;255;255;255m▀▀▀[38;2;0;0;0m[48;2;0;0;0m▀[49m      [0m
    [38;2;0;0;0m▀[38;2;255;255;255m[48;2;0;0;0m▀[48;2;189;189;189m▀[38;2;189;189;189m[48;2;255;255;255m▀[38;2;255;255;255m▀[48;2;189;189;189m▀[48;2;255;255;255m▀▀▀▀▀[48;2;189;189;189m▀[48;2;255;255;255m▀[38;2;0;0;0m[48;2;0;0;0m▀[49m     [0m
     [38;2;0;0;0m▄[48;2;231;239;231m▀[38;2;231;239;231m[48;2;115;119;115m▀[38;2;255;255;255m[48;2;118;118;118m▀[38;2;186;186;186m[48;2;186;186;186m▀[38;2;255;255;255m[48;2;255;255;255m▀▀▀[38;2;189;189;189m[48;2;189;189;189m▀[38;2;255;255;255m[48;2;255;255;255m▀[38;2;186;186;186m[48;2;118;118;118m▀[38;2;255;255;255m[48;2;0;0;0m▀▀[38;2;0;0;0m[49m▀    [0m
  [38;2;0;0;0m▄▄[38;2;0;8;0m[48;2;103;115;107m▀[38;2;206;222;214m[48;2;206;222;214m▀[38;2;66;66;66m[48;2;66;66;66m▀[38;2;255;255;255m[48;2;255;255;255m▀▀[38;2;115;115;115m▀[38;2;119;133;127m[48;2;239;255;255m▀[48;2;0;12;0m▀[38;2;115;115;115m[48;2;255;255;255m▀▀▀[38;2;255;255;255m▀[38;2;0;0;0m▀[49m▄     [0m
 [38;2;0;0;0m▀[38;2;57;132;113m[48;2;0;0;0m▀[48;2;57;132;113m▀[38;2;66;123;106m[48;2;0;0;0m▀[38;2;44;82;71m▀[38;2;181;156;117m[48;2;181;156;117m▀[38;2;255;255;255m▀[38;2;181;156;117m▀[38;2;255;255;255m▀[48;2;255;255;255m▀[48;2;181;156;117m▀▀[48;2;255;255;255m▀[38;2;66;66;66m▀[38;2;255;255;255m[48;2;66;66;66m▀[48;2;90;184;138m▀[48;2;255;255;255m▀[38;2;0;0;0m[48;2;90;181;138m▀[49m▄   [0m
  [38;2;0;0;0m▀▀ ▄[38;2;8;8;8m[48;2;129;113;86m▀[38;2;189;165;125m[48;2;68;60;47m▀[38;2;181;156;117m[48;2;140;123;84m▀[48;2;181;156;117m▀[38;2;181;159;117m[48;2;181;159;117m▀[48;2;66;66;66m▀▀▀[38;2;181;156;117m[48;2;181;156;117m▀[38;2;60;55;44m[48;2;0;4;8m▀[38;2;90;181;138m[48;2;66;66;66m▀[48;2;90;181;138m▀▀▀[38;2;0;0;0m▀[48;2;0;0;0m▀[49m [0m
      [38;2;0;0;0m▀▀▀▀[38;2;69;63;50m[48;2;0;0;8m▀[38;2;137;126;92m▀[38;2;140;123;84m[48;2;181;156;117m▀[38;2;181;156;117m[48;2;140;123;84m▀[38;2;0;0;0m[48;2;181;156;117m▀[49m▄[48;2;0;0;0m▀[38;2;90;181;138m[48;2;90;181;138m▀[38;2;65;127;100m[48;2;41;66;54m▀[38;2;90;189;146m[48;2;16;4;8m▀[38;2;66;66;66m[48;2;0;0;0m▀[49m  [0m
            [38;2;0;0;0m▀▀▀▀ ▀▀    [0m
