
     [38;2;49;49;49m▄▄▄               [0m
   [38;2;49;49;49m▄[48;2;49;49;49m▀[38;2;82;82;82m▀[48;2;230;131;156m▀[38;2;230;131;156m▀[38;2;49;49;49m[48;2;172;90;115m▀[49m▄▄▄▄          [0m
 [38;2;49;49;49m▄[48;2;82;82;82m▀[38;2;82;82;82m[48;2;255;172;197m▀[38;2;230;131;156m▀[38;2;82;82;82m▀[48;2;82;82;82m▀[38;2;230;131;156m▀[38;2;82;82;82m[48;2;230;131;156m▀[48;2;255;172;197m▀[38;2;230;131;156m▀▀[48;2;230;131;156m▀[38;2;49;49;49m▀▀[49m▄[48;2;230;131;156m▀[48;2;255;172;197m▀▀[48;2;82;82;82m▀[49m▄  [0m
 [38;2;49;49;49m[48;2;49;49;49m▀[38;2;82;82;82m[48;2;82;82;82m▀[38;2;255;172;197m[48;2;230;131;156m▀[38;2;230;131;156m[48;2;82;82;82m▀[38;2;82;82;82m[48;2;255;255;255m▀[38;2;255;172;197m[48;2;49;49;49m▀[38;2;230;131;156m[48;2;230;131;156m▀[38;2;255;172;197m▀▀▀[38;2;230;131;156m[48;2;172;90;115m▀[48;2;255;172;197m▀[48;2;230;131;156m▀▀[48;2;172;90;115m▀[38;2;82;82;82m▀[38;2;230;131;156m[48;2;82;82;82m▀▀[38;2;255;172;197m[48;2;172;90;115m▀[38;2;82;82;82m[48;2;82;82;82m▀[38;2;49;49;49m[48;2;49;49;49m▀[49m [0m
  [38;2;49;49;49m▀[48;2;49;49;49m▀[38;2;230;131;156m[48;2;230;131;156m▀[38;2;255;255;255m▀[38;2;197;197;205m▀[38;2;82;82;82m[48;2;82;82;82m▀[38;2;131;131;115m▀[38;2;230;131;156m[48;2;230;131;156m▀[38;2;172;90;115m[48;2;172;90;115m▀[38;2;255;172;197m[48;2;255;255;255m▀[48;2;49;49;49m▀[48;2;255;255;255m▀[38;2;230;131;156m[48;2;230;131;156m▀[48;2;172;90;115m▀[38;2;255;172;197m[48;2;255;172;197m▀▀[38;2;230;131;156m▀[38;2;82;82;82m[48;2;82;82;82m▀[38;2;49;49;49m▀[49m▄ [0m
   [38;2;49;49;49m▀[38;2;230;131;156m[48;2;49;49;49m▀[48;2;172;90;115m▀[38;2;255;255;255m[48;2;82;82;82m▀[38;2;230;131;156m[48;2;230;131;156m▀[38;2;172;90;115m▀[38;2;82;82;82m[48;2;255;255;255m▀[38;2;230;131;156m[48;2;230;131;156m▀[38;2;197;197;205m▀[38;2;255;255;255m▀▀[38;2;230;131;156m▀[38;2;82;82;82m[48;2;172;90;115m▀[38;2;230;131;156m[48;2;82;82;82m▀[38;2;255;172;197m[48;2;230;131;156m▀[38;2;230;131;156m[48;2;82;82;82m▀[38;2;82;82;82m▀▀[38;2;49;49;49m[48;2;49;49;49m▀[49m [0m
   [38;2;49;49;49m▀[38;2;230;131;156m[48;2;49;49;49m▀[38;2;82;82;82m[48;2;82;82;82m▀[48;2;90;148;255m▀[38;2;230;131;156m[48;2;82;82;82m▀▀[38;2;82;82;82m[48;2;90;148;255m▀[38;2;230;131;156m[48;2;82;82;82m▀[48;2;230;131;156m▀▀▀[48;2;82;82;82m▀[48;2;49;49;49m▀[38;2;49;49;49m[49m▀[38;2;82;82;82m[48;2;49;49;49m▀▀▀[38;2;49;49;49m[49m▀  [0m
    [38;2;49;49;49m▀[38;2;172;90;115m[48;2;49;49;49m▀[48;2;90;148;255m▀[48;2;230;131;156m▀[38;2;156;189;238m[48;2;172;90;115m▀▀[38;2;90;148;255m[48;2;90;148;255m▀[38;2;82;82;82m[48;2;156;189;238m▀▀[48;2;172;90;115m▀[38;2;90;148;255m[48;2;230;131;156m▀[38;2;49;49;49m▀[49m▄      [0m
    [38;2;49;49;49m▀[38;2;230;180;49m[48;2;49;49;49m▀[38;2;172;90;115m▀[38;2;156;189;238m[48;2;230;131;156m▀[38;2;90;148;255m▀[38;2;230;131;156m▀[48;2;156;189;238m▀[38;2;172;90;115m[48;2;90;148;255m▀[48;2;230;131;156m▀[38;2;230;131;156m[48;2;90;148;255m▀[38;2;82;82;82m▀[38;2;49;49;49m[48;2;230;131;156m▀[38;2;230;131;156m[48;2;172;90;115m▀[38;2;49;49;49m[48;2;49;49;49m▀[49m     [0m
       [38;2;49;49;49m▀▀[38;2;230;131;156m[48;2;49;49;49m▀▀[38;2;82;82;82m[48;2;230;180;49m▀▀[38;2;230;131;156m[48;2;139;106;49m▀[48;2;49;49;49m▀[38;2;49;49;49m[49m▀▀      [0m
           [38;2;49;49;49m▀▀▀         [0m
