
               [38;2;0;0;0m▄▄               [0m
              [38;2;0;0;0m[48;2;0;0;0m▀[38;2;255;222;87m[48;2;255;222;79m▀[38;2;0;0;0m[48;2;0;0;0m▀[49m               [0m
             [38;2;0;0;0m[48;2;0;0;0m▀[38;2;170;148;53m[48;2;255;222;87m▀[48;2;178;140;42m▀[38;2;222;189;70m[48;2;231;189;71m▀[38;2;0;0;0m[48;2;8;4;0m▀[49m              [0m
      [38;2;0;0;0m▄▄    ▄[48;2;255;222;87m▀[38;2;255;222;87m▀[38;2;178;140;42m[48;2;181;140;37m▀[38;2;231;189;71m▀[38;2;157;127;47m▀[38;2;0;0;0m[48;2;0;0;0m▀[49m             [0m
     [38;2;0;0;0m▀[38;2;255;222;87m[48;2;0;0;0m▀[48;2;239;206;79m▀[38;2;0;0;0m[48;2;181;140;37m▀[48;2;230;195;70m▀[49m▄ ▀[38;2;255;222;87m[48;2;0;0;0m▀[48;2;181;140;37m▀[38;2;230;195;70m[48;2;255;222;87m▀[38;2;181;140;37m[48;2;170;137;55m▀[38;2;0;0;0m[48;2;0;0;8m▀[49m   ▄▄▄[48;2;255;222;79m▀[48;2;0;0;0m▀[49m      [0m
      [38;2;0;0;0m▀[38;2;239;206;79m[48;2;0;0;0m▀[38;2;255;222;87m[48;2;222;189;78m▀[38;2;181;140;37m▀[48;2;66;66;66m▀[38;2;0;0;0m[48;2;255;189;71m▀[48;2;66;66;66m▀[38;2;66;66;66m[48;2;247;148;47m▀[38;2;230;195;70m[48;2;66;66;66m▀[38;2;181;140;37m▀[38;2;85;69;32m[48;2;247;148;47m▀[38;2;0;0;8m▀[49m▄▄[38;2;0;0;0m[48;2;181;140;37m▀[38;2;255;222;87m[48;2;255;222;87m▀[48;2;167;133;42m▀▀[38;2;170;148;53m[48;2;0;0;0m▀[38;2;0;0;0m[49m▀      [0m
        [38;2;0;0;16m[48;2;0;0;0m▀[38;2;74;63;37m[48;2;247;148;47m▀[38;2;255;189;71m▀[38;2;66;66;66m▀[38;2;247;148;47m▀▀▀▀▀[38;2;66;66;66m▀[38;2;247;222;95m[48;2;66;66;66m▀[38;2;82;74;37m[48;2;239;165;63m▀[38;2;230;195;70m[48;2;222;189;86m▀[38;2;181;140;37m[48;2;74;63;45m▀[38;2;247;198;63m[48;2;0;0;0m▀[38;2;8;4;0m[49m▀[38;2;0;0;0m▀       [0m
 [38;2;0;0;0m▄▄▄[48;2;222;189;70m▀▀[38;2;0;0;16m[49m▄[38;2;0;0;0m[48;2;82;58;34m▀[38;2;247;148;47m[48;2;187;114;53m▀[48;2;247;140;47m▀[48;2;206;99;38m▀[38;2;203;99;40m[48;2;255;222;79m▀[48;2;187;114;53m▀[38;2;247;148;47m[48;2;247;140;47m▀[48;2;247;148;47m▀▀[48;2;187;114;53m▀[48;2;247;140;47m▀[38;2;239;165;63m[48;2;247;148;47m▀[38;2;66;66;66m▀[38;2;74;63;45m▀[38;2;0;0;24m▀[38;2;0;0;0m[49m▄         [0m
 [38;2;0;0;0m▀[38;2;222;189;70m[48;2;0;0;0m▀▀[38;2;177;141;41m[48;2;222;189;70m▀▀[38;2;247;173;71m[48;2;231;181;55m▀[38;2;165;115;53m[48;2;66;66;66m▀[38;2;66;61;66m[48;2;247;222;103m▀[38;2;247;140;47m[48;2;82;74;50m▀[38;2;230;160;58m[48;2;206;99;38m▀[38;2;206;99;38m[48;2;230;160;58m▀[38;2;247;140;47m[48;2;247;148;47m▀[38;2;66;61;66m▀[38;2;247;148;47m[48;2;66;66;66m▀[38;2;66;66;66m[48;2;255;222;87m▀[38;2;66;61;66m▀[38;2;247;140;47m[48;2;66;66;66m▀[38;2;66;66;66m[48;2;247;148;47m▀[38;2;247;148;47m▀[48;2;255;132;39m▀[38;2;203;99;40m[48;2;195;107;45m▀[38;2;0;0;0m[48;2;189;107;53m▀[38;2;0;4;8m[49m▄        [0m
    [38;2;0;0;0m▀▀[38;2;176;143;59m[48;2;0;0;0m▀[38;2;66;66;66m[48;2;66;66;66m▀[38;2;0;0;24m[48;2;255;206;71m▀[38;2;82;74;50m[48;2;74;57;58m▀[38;2;255;222;79m[48;2;239;181;63m▀[38;2;206;99;38m[48;2;206;99;38m▀[38;2;247;148;47m[48;2;247;148;55m▀[38;2;66;66;66m[48;2;0;8;24m▀[38;2;255;222;87m[48;2;16;0;0m▀[48;2;175;137;58m▀[48;2;0;0;0m▀▀[38;2;66;66;66m[48;2;0;8;24m▀[38;2;247;148;47m[48;2;255;148;55m▀[38;2;195;107;45m[48;2;74;57;58m▀[38;2;74;57;58m[48;2;255;206;71m▀[38;2;94;55;30m[48;2;255;222;87m▀[38;2;0;4;8m[48;2;181;140;37m▀[38;2;0;0;0m[48;2;255;222;87m▀▀[49m▄▄    [0m
       [38;2;0;0;0m[48;2;0;0;0m▀[38;2;74;57;58m[48;2;206;99;38m▀[38;2;164;131;64m▀[38;2;206;99;38m[48;2;201;98;37m▀[38;2;228;154;55m▀[38;2;247;148;55m[48;2;247;140;47m▀[38;2;82;55;34m▀[38;2;255;206;87m[48;2;74;57;58m▀[48;2;255;206;71m▀[38;2;255;222;87m▀[48;2;74;57;58m▀[38;2;85;55;34m[48;2;206;99;38m▀[38;2;170;101;45m▀[38;2;164;131;64m▀[38;2;74;57;58m▀[38;2;230;195;70m[48;2;0;0;0m▀[38;2;255;222;87m[48;2;181;140;37m▀[38;2;178;140;42m[48;2;255;222;87m▀▀[38;2;255;222;87m[48;2;181;140;37m▀▀[38;2;0;0;0m[48;2;239;206;79m▀▀[49m▄ [0m
      [38;2;0;0;0m▄[48;2;181;140;37m▀[38;2;66;66;66m[48;2;239;198;71m▀[38;2;206;99;38m[48;2;80;69;34m▀[38;2;201;98;37m[48;2;206;103;46m▀[38;2;222;189;70m▀[38;2;187;114;53m[48;2;66;61;66m▀[38;2;66;61;66m[48;2;181;130;59m▀[38;2;164;131;64m[48;2;203;100;41m▀[38;2;74;57;58m▀[48;2;66;66;66m▀[38;2;164;131;64m[48;2;206;99;38m▀[38;2;66;66;66m[48;2;170;137;63m▀[38;2;206;99;38m[48;2;85;69;40m▀[48;2;80;69;34m▀[38;2;0;0;0m[48;2;0;4;16m▀[49m ▀[38;2;225;185;70m[48;2;0;0;0m▀▀[38;2;0;0;0m[49m▀▀▀▀▀ [0m
     [38;2;0;0;0m[48;2;0;0;0m▀[38;2;181;140;37m[48;2;181;140;37m▀[48;2;0;0;0m▀[38;2;159;133;53m▀[38;2;0;4;16m[49m▀[38;2;0;16;24m▀[38;2;69;45;31m[48;2;0;0;0m▀[38;2;239;165;55m[48;2;231;189;71m▀[38;2;66;61;66m▀[38;2;203;100;41m[48;2;66;66;66m▀▀[38;2;206;99;38m[48;2;0;0;0m▀▀[38;2;0;0;16m[49m▀[38;2;255;206;87m[48;2;0;0;0m▀[38;2;159;133;53m[48;2;255;222;87m▀[38;2;239;198;71m[48;2;181;140;37m▀[38;2;0;0;0m[48;2;231;189;71m▀[38;2;8;4;0m[49m▄        [0m
      [38;2;0;0;0m▀    ▄[38;2;8;4;0m[48;2;178;140;42m▀[38;2;157;127;47m[48;2;255;222;87m▀[38;2;231;181;55m[48;2;247;198;63m▀[38;2;176;143;59m[48;2;167;133;42m▀[38;2;0;0;0m[48;2;0;0;0m▀[49m  ▀[38;2;230;195;70m[48;2;0;0;0m▀[38;2;255;222;87m▀[38;2;157;127;47m▀[38;2;231;189;71m[48;2;222;189;70m▀[38;2;0;0;0m[48;2;0;0;0m▀[49m       [0m
           [38;2;0;0;0m▀[38;2;255;222;87m[48;2;0;0;0m▀[48;2;181;140;37m▀[38;2;167;133;42m[48;2;222;189;70m▀[38;2;8;4;0m[48;2;0;0;0m▀[49m       [38;2;0;0;0m▀▀       [0m
             [38;2;0;0;0m[48;2;0;0;0m▀[38;2;222;189;70m▀[38;2;0;0;0m[49m▀                [0m
                                [0m
