
[38;2;0;0;0m                                          
[38;2;0;0;0m          ████              ██  ████      
[38;2;0;0;0m        ██[38;2;168;96;48m██[38;2;0;0;0m██    ██████  ██[38;2;200;136;48m██[38;2;0;0;0m██[38;2;200;136;48m██[38;2;64;64;64m██[38;2;0;0;0m██    
[38;2;0;0;0m        ██[38;2;168;96;48m██[38;2;0;0;0m██████[38;2;200;136;48m████[38;2;0;0;0m██  ██[38;2;168;96;48m██[38;2;64;64;64m██[38;2;168;96;48m██[38;2;64;64;64m██[38;2;200;136;48m██[38;2;0;0;0m██  
[38;2;0;0;0m      ██[38;2;168;96;48m████[38;2;0;0;0m██[38;2;200;136;48m██████[38;2;64;64;64m██[38;2;0;0;0m██████[38;2;64;64;64m██[38;2;168;96;48m██[38;2;64;64;64m██[38;2;168;96;48m████[38;2;0;0;0m██  
[38;2;0;0;0m      ██[38;2;168;96;48m██[38;2;200;136;48m██████[38;2;64;64;64m████[38;2;200;136;48m████[38;2;64;64;64m██[38;2;128;80;48m██[38;2;64;64;64m██[38;2;128;80;48m██[38;2;64;64;64m██[38;2;168;96;48m██[38;2;0;0;0m██    
[38;2;0;0;0m    ██[38;2;168;96;48m██[38;2;200;136;48m████████████[38;2;168;96;48m██[38;2;64;64;64m██████████[38;2;128;80;48m██[38;2;0;0;0m██      
[38;2;0;0;0m    ██[38;2;200;136;48m██████[38;2;168;96;48m██[38;2;0;0;0m██[38;2;128;80;48m██[38;2;168;96;48m██[38;2;64;64;64m██████████[38;2;248;176;160m██[38;2;0;0;0m██        
[38;2;0;0;0m      ██[38;2;64;64;64m██[38;2;168;96;48m██[38;2;0;0;0m██[38;2;248;248;248m██[38;2;128;80;48m██[38;2;168;96;48m██████[38;2;64;64;64m████[38;2;248;176;160m████[38;2;200;128;120m██[38;2;0;0;0m██      
[38;2;0;0;0m    ██[38;2;248;176;160m████[38;2;64;64;64m██[38;2;0;0;0m██[38;2;248;248;248m██[38;2;168;96;48m██████[38;2;64;64;64m██[38;2;240;104;80m████[38;2;248;176;160m██[38;2;200;128;120m████[38;2;0;0;0m██      
[38;2;0;0;0m  ██[38;2;248;176;160m████[38;2;200;128;120m██[38;2;248;176;160m██[38;2;64;64;64m██[38;2;168;96;48m██████[38;2;64;64;64m██[38;2;240;104;80m██████[38;2;184;72;72m██[38;2;200;128;120m██[38;2;0;0;0m██        
[38;2;0;0;0m  ██[38;2;248;176;160m██[38;2;64;64;64m████[38;2;200;128;120m██[38;2;64;64;64m██[38;2;168;96;48m████[38;2;64;64;64m████[38;2;240;104;80m████[38;2;184;72;72m██████[38;2;0;0;0m██        
[38;2;0;0;0m    ████[38;2;200;128;120m██[38;2;0;0;0m██[38;2;168;96;48m████████[38;2;64;64;64m████[38;2;184;72;72m██████[38;2;0;0;0m██          
[38;2;0;0;0m        ████[38;2;168;96;48m██[38;2;128;80;48m██[38;2;168;96;48m██[38;2;200;184;112m████[38;2;64;64;64m████[38;2;0;0;0m████            
[38;2;0;0;0m            ████[38;2;200;184;112m████[38;2;64;64;64m██[38;2;200;128;120m██[38;2;0;0;0m██                
[38;2;0;0;0m                ████[38;2;184;184;184m██[38;2;0;0;0m██                  
[38;2;0;0;0m                  ████                    
[38;2;0;0;0m                                          [0m
