
     [38;2;0;0;0m▄   ▄                           [0m
    [38;2;0;0;0m[48;2;0;0;0m▀[38;2;94;97;94m[48;2;98;97;98m▀[38;2;0;0;0m[48;2;65;64;65m▀[49m▄[48;2;94;97;94m▀[38;2;94;97;94m[48;2;65;64;65m▀[38;2;0;0;0m[48;2;0;0;0m▀[49m                          [0m
    [38;2;0;0;0m[48;2;0;0;0m▀[38;2;65;64;65m[48;2;98;68;180m▀[48;2;98;78;169m▀[48;2;65;64;65m▀[48;2;123;93;213m▀▀[38;2;0;0;0m[48;2;0;0;0m▀[49m                          [0m
   [38;2;0;0;0m▄▄[48;2;238;218;255m▀[38;2;65;64;65m[48;2;222;198;255m▀[38;2;115;85;222m[48;2;57;56;74m▀[38;2;46;41;71m[48;2;117;90;213m▀[38;2;8;16;0m▀[38;2;0;0;0m[49m▄▄                         [0m
 [38;2;0;0;0m▄[48;2;255;255;255m▀[38;2;255;255;255m[48;2;235;218;254m▀[38;2;238;218;255m[48;2;238;218;255m▀[48;2;65;64;65m▀[38;2;57;56;74m[48;2;117;90;213m▀[38;2;139;127;164m▀[38;2;117;90;213m▀▀[38;2;123;93;230m[48;2;95;68;175m▀[38;2;82;62;153m[48;2;117;89;211m▀[38;2;0;0;0m[48;2;95;68;175m▀[48;2;117;89;211m▀[49m▄                      [0m
 [38;2;0;0;0m▀[38;2;235;218;254m[48;2;0;0;0m▀[48;2;238;218;255m▀[38;2;238;218;255m▀[38;2;65;64;65m▀[38;2;117;90;213m[48;2;65;60;65m▀[48;2;115;85;213m▀[48;2;137;110;205m▀[48;2;90;60;180m▀[38;2;117;89;211m[48;2;123;94;200m▀[38;2;95;68;175m[48;2;90;60;189m▀[38;2;117;89;211m[48;2;115;89;213m▀[38;2;95;68;175m▀[38;2;115;89;213m[48;2;52;47;71m▀[38;2;0;0;0m[48;2;16;20;0m▀[49m                     [0m
  [38;2;0;0;0m▄[48;2;230;214;246m▀[38;2;238;218;255m[48;2;238;218;255m▀[38;2;65;64;65m[48;2;65;64;65m▀[38;2;115;85;213m[48;2;109;98;134m▀[38;2;98;76;164m[48;2;230;206;255m▀[38;2;90;60;180m[48;2;238;214;255m▀[38;2;230;210;255m[48;2;186;169;197m▀[38;2;189;161;222m[48;2;95;68;175m▀[38;2;123;94;200m[48;2;117;89;211m▀[38;2;65;64;65m[48;2;65;64;65m▀[38;2;115;89;213m[48;2;115;89;213m▀[38;2;52;47;71m[48;2;65;64;65m▀[38;2;123;101;213m[48;2;115;89;213m▀[38;2;0;0;0m[48;2;0;0;0m▀[49m                    [0m
 [38;2;0;0;0m▄[48;2;115;89;213m▀[38;2;76;71;82m[48;2;101;83;161m▀[38;2;238;218;255m[48;2;65;64;65m▀[48;2;238;218;255m▀[38;2;49;44;74m[48;2;65;64;65m▀[38;2;109;98;134m▀[38;2;82;80;82m▀[48;2;82;78;68m▀[38;2;117;89;211m[48;2;65;64;65m▀[48;2;115;89;213m▀[38;2;65;64;65m[48;2;65;64;65m▀[38;2;115;89;213m[48;2;115;89;213m▀▀[38;2;65;64;65m[48;2;65;64;65m▀[38;2;115;89;213m[48;2;115;89;213m▀[38;2;0;0;0m[48;2;0;0;0m▀[49m ▄▄▄[38;2;0;4;0m▄[38;2;0;0;0m[48;2;238;222;255m▀[48;2;235;218;254m▀▀[49m▄          [0m
 [38;2;0;0;0m▀[38;2;74;72;57m[48;2;0;0;0m▀[38;2;87;78;109m▀[38;2;65;64;65m[48;2;57;50;82m▀[38;2;238;218;255m▀[38;2;65;64;65m[48;2;238;218;255m▀[38;2;93;70;175m[48;2;65;64;65m▀[38;2;65;64;65m[48;2;93;70;175m▀[38;2;82;78;68m[48;2;65;64;65m▀[38;2;65;64;65m[48;2;82;78;68m▀[38;2;115;89;213m[48;2;65;64;65m▀[48;2;117;90;213m▀[38;2;65;64;65m▀[38;2;115;89;213m[48;2;65;64;65m▀[38;2;65;64;65m[48;2;115;89;213m▀[38;2;115;89;213m[48;2;65;64;65m▀[48;2;115;89;213m▀[38;2;0;0;0m[48;2;65;72;57m▀[38;2;94;97;94m[48;2;84;80;106m▀[48;2;94;97;94m▀▀[38;2;79;76;84m[48;2;95;97;95m▀▀[38;2;235;218;254m[48;2;65;64;65m▀[48;2;246;234;255m▀[38;2;255;255;255m[48;2;235;218;254m▀[38;2;0;0;0m[48;2;255;255;255m▀[48;2;238;218;255m▀[49m▄       [0m
    [38;2;8;16;0m[48;2;0;0;8m▀[38;2;106;85;164m[48;2;93;78;145m▀[38;2;65;64;65m[48;2;65;60;65m▀[48;2;109;90;153m▀[38;2;93;70;175m[48;2;98;76;172m▀[38;2;65;64;65m[48;2;74;72;65m▀[38;2;82;78;68m[48;2;94;97;94m▀[38;2;65;64;65m[48;2;82;80;65m▀[38;2;117;90;213m[48;2;65;64;65m▀[48;2;123;105;197m▀[38;2;65;64;65m[48;2;65;64;65m▀[38;2;115;89;213m[48;2;115;89;213m▀[38;2;65;64;65m[48;2;131;118;175m▀[38;2;115;89;213m[48;2;65;64;65m▀[38;2;123;97;205m[48;2;131;118;175m▀[38;2;65;72;57m[48;2;164;145;230m▀[38;2;65;64;65m[48;2;156;145;222m▀[38;2;94;97;94m[48;2;65;64;57m▀[38;2;95;97;95m[48;2;95;97;95m▀▀[38;2;65;64;65m[48;2;94;97;94m▀[38;2;246;234;255m[48;2;65;64;65m▀[38;2;235;218;254m[48;2;255;255;255m▀[48;2;235;218;254m▀[38;2;238;218;255m[48;2;0;0;0m▀[38;2;0;0;0m[49m▀       [0m
  [38;2;0;0;0m▄[48;2;139;121;189m▀[38;2;139;117;213m[48;2;0;0;0m▀[38;2;0;0;8m[49m▀[38;2;65;60;65m[48;2;0;0;0m▀[38;2;131;105;197m[48;2;139;121;189m▀[38;2;74;72;65m[48;2;65;64;65m▀[38;2;82;74;101m[48;2;98;97;98m▀[38;2;94;97;94m[48;2;79;78;68m▀[48;2;93;95;95m▀[38;2;65;64;65m[48;2;65;64;57m▀[38;2;123;105;197m[48;2;156;145;222m▀[38;2;65;64;65m[48;2;65;64;57m▀[48;2;95;91;112m▀[38;2;164;145;230m[48;2;65;64;57m▀[48;2;156;145;222m▀[38;2;65;64;65m▀[48;2;74;68;65m▀[38;2;65;64;57m[48;2;82;79;68m▀[38;2;95;91;112m▀[38;2;95;97;95m[48;2;93;95;95m▀▀[38;2;94;97;94m[48;2;82;78;69m▀[38;2;65;64;65m[48;2;0;0;0m▀[38;2;255;255;255m[48;2;164;152;172m▀[38;2;235;218;254m[48;2;246;226;255m▀[38;2;0;0;0m[48;2;255;230;255m▀[38;2;8;8;16m[49m▄       [0m
  [38;2;0;0;0m▀▀ [48;2;0;0;0m▀[38;2;139;121;189m▀[38;2;0;0;0m[49m▀▀[38;2;98;97;98m[48;2;0;0;0m▀[38;2;79;78;68m[48;2;82;78;68m▀[38;2;93;95;95m[48;2;65;64;65m▀[38;2;95;91;112m[48;2;94;97;94m▀[38;2;65;64;57m▀[38;2;156;145;222m[48;2;65;64;65m▀[38;2;65;64;57m[48;2;94;97;94m▀[38;2;95;91;112m[48;2;65;64;65m▀[38;2;65;64;57m▀[38;2;74;68;65m[48;2;82;79;68m▀▀[38;2;82;79;68m[48;2;0;0;0m▀[48;2;82;78;69m▀[38;2;79;78;68m[48;2;82;78;68m▀▀[38;2;0;0;0m[48;2;0;0;0m▀[49m [38;2;0;4;8m▀▀[38;2;172;156;175m[48;2;0;0;0m▀[48;2;189;165;213m▀[38;2;0;0;0m[48;2;0;0;0m▀[49m      [0m
         [38;2;0;0;0m[48;2;0;0;0m▀[38;2;82;78;68m[48;2;71;70;65m▀▀[38;2;65;64;65m[48;2;0;0;0m▀[38;2;94;97;94m[48;2;94;97;94m▀[48;2;46;47;65m▀[48;2;84;78;131m▀[38;2;65;64;65m[48;2;0;0;0m▀[38;2;82;78;68m▀[38;2;82;79;68m[48;2;82;79;68m▀[38;2;0;0;0m[48;2;0;0;0m▀[49m [48;2;0;0;0m▀[38;2;65;64;65m[48;2;123;93;213m▀▀[38;2;94;97;94m[48;2;46;37;71m▀[38;2;0;0;0m[48;2;8;8;0m▀[49m ▄[48;2;189;165;213m▀[38;2;189;165;213m[48;2;0;0;0m▀[38;2;0;0;0m[49m▀      [0m
       [38;2;0;0;0m▄[48;2;115;89;213m▀[38;2;115;89;213m▀[38;2;71;70;65m[48;2;0;0;0m▀[38;2;0;0;0m[49m▀[38;2;8;8;0m▄[38;2;0;0;0m[48;2;46;37;71m▀[38;2;123;109;197m[48;2;123;97;213m▀[38;2;8;16;0m[48;2;8;8;0m▀[49m [38;2;0;0;0m▀[38;2;82;79;68m[48;2;0;0;0m▀▀[38;2;0;0;0m[49m▀ [38;2;8;16;0m▀[38;2;46;41;71m[48;2;0;0;0m▀[38;2;123;97;213m[48;2;115;89;213m▀[38;2;8;8;0m[48;2;0;0;0m▀[49m [38;2;0;0;0m▀▀  ▄▄    [0m
        [38;2;0;0;0m▀▀  [38;2;8;8;0m▀[38;2;123;97;213m[48;2;0;0;0m▀[38;2;46;37;71m▀[38;2;8;8;0m[49m▀ [38;2;0;0;0m▄▄    ▀▀▄[48;2;90;82;143m▀[48;2;123;101;205m▀[48;2;180;182;238m▀[38;2;8;0;8m[49m▄[38;2;0;0;0m[48;2;172;161;230m▀[38;2;180;178;230m[48;2;63;56;76m▀[48;2;0;0;0m▀[38;2;0;0;0m[48;2;238;218;255m▀▀[49m▄ [0m
    [38;2;0;4;0m▄[38;2;0;0;0m[48;2;123;101;213m▀[48;2;46;41;71m▀[38;2;8;16;0m[49m▄[38;2;0;0;0m▄  ▄[38;2;8;8;0m▄▄  [38;2;0;0;0m[48;2;0;0;0m▀[38;2;115;89;213m[48;2;90;80;148m▀[38;2;65;64;65m[48;2;115;89;213m▀[38;2;0;0;0m▀[48;2;0;0;0m▀[49m▄[48;2;115;89;213m▀[48;2;65;64;65m▀[48;2;123;93;213m▀[38;2;90;80;148m[48;2;46;41;71m▀[38;2;123;101;205m[48;2;0;0;0m▀[48;2;115;89;213m▀[38;2;123;121;161m[48;2;123;105;197m▀[38;2;180;182;238m▀[38;2;172;161;230m[48;2;0;0;0m▀[38;2;8;4;0m[49m▀ [38;2;0;0;0m▀▀  [0m
    [38;2;0;4;0m▀[38;2;82;68;142m[48;2;0;0;0m▀[38;2;123;93;213m▀▀[38;2;0;0;0m[49m▀ [48;2;0;0;0m▀[38;2;115;89;213m[48;2;115;89;213m▀[38;2;46;37;71m[48;2;82;68;142m▀[38;2;123;97;213m[48;2;123;101;213m▀[38;2;0;0;0m[48;2;0;0;0m▀[49m  ▀▀▀ ▀[38;2;115;89;213m[48;2;0;0;0m▀[38;2;90;76;139m▀[38;2;123;93;213m▀[38;2;8;16;0m[49m▀ [38;2;0;0;0m▀▀▀       [0m
           [38;2;0;0;0m▀[38;2;0;4;0m▀▀                       [0m
