
       [38;2;49;49;49m▄▄▄▄       [0m
    [38;2;49;49;49m▄[48;2;82;82;82m▀[48;2;180;164;131m▀[38;2;180;164;131m▀▀▀▀[38;2;49;49;49m[48;2;189;189;189m▀[48;2;148;148;148m▀[49m▄    [0m
   [38;2;49;49;49m▄[48;2;180;164;131m▀[38;2;106;106;106m[48;2;106;106;106m▀▀[38;2;180;164;131m[48;2;82;82;82m▀[48;2;106;106;106m▀[38;2;106;106;106m▀▀[38;2;82;82;82m▀[38;2;189;189;189m[48;2;82;82;82m▀[38;2;49;49;49m[48;2;148;148;148m▀[49m▄   [0m
   [38;2;49;49;49m[48;2;49;49;49m▀[38;2;180;164;131m[48;2;106;106;106m▀[38;2;106;106;106m▀[38;2;82;82;82m[48;2;82;82;82m▀[38;2;106;106;106m[48;2;106;106;106m▀[48;2;180;164;131m▀[38;2;255;255;255m[48;2;49;49;49m▀[38;2;106;106;106m[48;2;180;164;131m▀[48;2;106;106;106m▀[38;2;82;82;82m[48;2;82;82;82m▀[38;2;148;148;148m[48;2;148;148;148m▀[38;2;49;49;49m[48;2;49;49;49m▀[49m   [0m
 [38;2;49;49;49m[48;2;49;49;49m▀[48;2;255;255;255m▀[38;2;82;82;82m[48;2;230;0;0m▀[38;2;106;106;106m[48;2;82;82;82m▀[38;2;82;82;82m▀[48;2;255;255;255m▀[38;2;106;106;106m[48;2;82;82;82m▀[38;2;180;164;131m[48;2;106;106;106m▀[38;2;49;49;49m[48;2;180;164;131m▀[38;2;180;164;131m[48;2;82;82;82m▀[38;2;106;106;106m▀[38;2;82;82;82m[48;2;189;189;189m▀[38;2;148;148;148m[48;2;82;82;82m▀[38;2;49;49;49m[48;2;49;49;49m▀[49m▄  [0m
  [38;2;49;49;49m[48;2;49;49;49m▀[38;2;230;0;0m[48;2;255;255;255m▀[38;2;255;255;255m▀[38;2;106;106;106m▀[38;2;255;255;255m▀[38;2;189;189;189m▀[38;2;82;82;82m[48;2;106;106;106m▀[48;2;255;255;255m▀[38;2;255;255;255m▀[38;2;106;106;106m▀[38;2;189;189;189m[48;2;189;189;189m▀▀[48;2;49;49;49m▀[38;2;49;49;49m[49m▀  [0m
 [38;2;49;49;49m▄[48;2;255;255;255m▀[38;2;255;255;255m▀[38;2;49;49;49m[48;2;49;49;49m▀▀[38;2;255;255;255m[48;2;255;255;255m▀[48;2;213;164;74m▀▀[48;2;255;255;255m▀▀[38;2;230;0;0m[48;2;230;0;0m▀▀[38;2;189;189;189m[48;2;189;189;189m▀[38;2;49;49;49m▀[49m▄  [0m
 [38;2;49;49;49m▀▀[38;2;82;82;82m[48;2;49;49;49m▀[38;2;255;255;255m[48;2;255;255;255m▀[48;2;49;49;49m▀▀[38;2;213;164;74m[48;2;255;255;255m▀▀[38;2;255;255;255m▀[48;2;189;189;189m▀[48;2;49;49;49m▀[38;2;189;189;189m[48;2;255;255;255m▀[48;2;106;106;106m▀[48;2;49;49;49m▀▀[38;2;49;49;49m[49m▀ [0m
   [38;2;49;49;49m▀▀  ▀[38;2;255;255;255m[48;2;49;49;49m▀[38;2;49;49;49m[49m▀▀ ▀▀    [0m
                  [0m
