
[38;2;0;0;0m                                  
[38;2;0;0;0m    [38;2;49;49;49m██████[38;2;0;0;0m                        
[38;2;0;0;0m  [38;2;49;49;49m██[38;2;82;82;82m██[38;2;189;82;82m████[38;2;49;49;49m██[38;2;0;0;0m            [38;2;49;49;49m████[38;2;0;0;0m      
[38;2;0;0;0m  [38;2;49;49;49m██[38;2;189;82;82m████[38;2;115;115;115m██[38;2;164;156;139m██[38;2;49;49;49m██[38;2;0;0;0m        [38;2;49;49;49m██[38;2;222;115;106m██[38;2;189;82;82m██[38;2;49;49;49m██[38;2;0;0;0m    
[38;2;0;0;0m  [38;2;49;49;49m██[38;2;189;82;82m██[38;2;115;115;115m██[38;2;205;189;164m██[38;2;115;115;115m██[38;2;49;49;49m██[38;2;0;0;0m      [38;2;49;49;49m██[38;2;222;115;106m██[38;2;115;115;115m██[38;2;222;115;106m██[38;2;189;82;82m██[38;2;49;49;49m██[38;2;0;0;0m  
[38;2;0;0;0m    [38;2;49;49;49m██[38;2;115;115;115m██[38;2;205;189;164m██[38;2;164;156;139m██[38;2;49;49;49m██[38;2;0;0;0m      [38;2;49;49;49m██[38;2;115;115;115m██[38;2;222;115;106m██[38;2;115;115;115m██[38;2;189;82;82m██[38;2;49;49;49m██[38;2;0;0;0m  
[38;2;0;0;0m    [38;2;49;49;49m██[38;2;205;189;164m██[38;2;115;115;115m██[38;2;205;189;164m██[38;2;82;82;82m██[38;2;49;49;49m██████[38;2;246;222;189m██[38;2;164;156;139m██[38;2;222;115;106m██[38;2;115;115;115m██[38;2;189;82;82m██[38;2;49;49;49m██[38;2;0;0;0m  
[38;2;0;0;0m      [38;2;49;49;49m██[38;2;82;82;82m██[38;2;246;222;189m████████[38;2;82;82;82m██[38;2;246;222;189m████[38;2;115;115;115m██[38;2;205;189;164m██[38;2;49;49;49m██[38;2;0;0;0m    
[38;2;0;0;0m    [38;2;49;49;49m██[38;2;222;115;106m████[38;2;246;222;189m████████████[38;2;115;115;115m██[38;2;205;189;164m██[38;2;49;49;49m██[38;2;0;0;0m      
[38;2;0;0;0m  [38;2;49;49;49m██[38;2;222;115;106m██[38;2;82;82;82m██[38;2;222;115;106m██[38;2;246;222;189m██████[38;2;222;115;106m██████[38;2;82;82;82m██[38;2;49;49;49m██[38;2;0;0;0m        
[38;2;0;0;0m  [38;2;49;49;49m██[38;2;222;115;106m██[38;2;82;82;82m██[38;2;246;222;189m██████[38;2;115;115;115m██[38;2;82;82;82m████[38;2;222;115;106m████[38;2;205;189;164m██[38;2;49;49;49m██[38;2;0;0;0m      
[38;2;0;0;0m  [38;2;49;49;49m██[38;2;82;82;82m██[38;2;246;222;189m██████[38;2;115;115;115m██[38;2;246;222;189m██[38;2;222;115;106m████[38;2;82;82;82m██[38;2;189;82;82m██[38;2;205;189;164m██[38;2;49;49;49m██[38;2;0;0;0m      
[38;2;0;0;0m  [38;2;49;49;49m██[38;2;205;189;164m██[38;2;164;156;139m██[38;2;82;82;82m██[38;2;246;222;189m██[38;2;115;115;115m██[38;2;246;222;189m██[38;2;82;82;82m██[38;2;222;115;106m██[38;2;82;82;82m██[38;2;189;82;82m██[38;2;205;189;164m██[38;2;49;49;49m██[38;2;0;0;0m      
[38;2;0;0;0m    [38;2;49;49;49m██[38;2;205;189;164m████████[38;2;82;82;82m██[38;2;115;115;115m██[38;2;205;189;164m██[38;2;82;82;82m██[38;2;205;189;164m██[38;2;164;156;139m██[38;2;49;49;49m██[38;2;0;0;0m      
[38;2;0;0;0m  [38;2;49;49;49m██[38;2;189;82;82m██[38;2;82;82;82m██[38;2;255;156;180m████[38;2;222;123;148m██[38;2;205;189;164m████[38;2;82;82;82m██[38;2;205;189;164m██[38;2;164;156;139m██[38;2;49;49;49m██[38;2;0;0;0m        
[38;2;0;0;0m  [38;2;49;49;49m██[38;2;189;82;82m████[38;2;82;82;82m████[38;2;205;189;164m████████[38;2;82;82;82m██[38;2;49;49;49m██[38;2;0;0;0m          
[38;2;0;0;0m    [38;2;49;49;49m██[38;2;189;82;82m██[38;2;82;82;82m██[38;2;246;222;189m██[38;2;205;189;164m██████[38;2;222;115;106m██████[38;2;49;49;49m██[38;2;0;0;0m        
[38;2;0;0;0m      [38;2;49;49;49m██[38;2;246;222;189m██████████[38;2;189;82;82m██[38;2;222;115;106m██████[38;2;49;49;49m██[38;2;0;0;0m      
[38;2;0;0;0m      [38;2;49;49;49m██[38;2;189;82;82m████[38;2;246;222;189m████[38;2;222;115;106m████[38;2;82;82;82m██[38;2;222;115;106m████[38;2;49;49;49m██[38;2;0;0;0m      
[38;2;0;0;0m      [38;2;49;49;49m██[38;2;205;189;164m████[38;2;189;82;82m██[38;2;222;115;106m██████[38;2;189;82;82m██[38;2;82;82;82m██[38;2;49;49;49m██[38;2;0;0;0m        
[38;2;0;0;0m        [38;2;49;49;49m████████[38;2;246;222;189m████[38;2;205;189;164m██[38;2;49;49;49m██[38;2;0;0;0m          
[38;2;0;0;0m                [38;2;49;49;49m██████[38;2;0;0;0m            
[38;2;0;0;0m                                  [0m
