
[38;2;0;0;0m                                
[38;2;0;0;0m              [38;2;49;49;49m██████[38;2;0;0;0m            
[38;2;0;0;0m            [38;2;49;49;49m██[38;2;255;180;164m██████[38;2;49;49;49m██[38;2;0;0;0m          
[38;2;0;0;0m          [38;2;49;49;49m██[38;2;255;180;164m██[38;2;255;255;255m████[38;2;255;180;164m████[38;2;49;49;49m██[38;2;0;0;0m        
[38;2;0;0;0m          [38;2;49;49;49m██[38;2;255;180;164m██[38;2;255;255;255m████[38;2;238;131;148m██[38;2;255;180;164m██[38;2;49;49;49m██[38;2;0;0;0m        
[38;2;0;0;0m          [38;2;49;49;49m██[38;2;255;180;164m████[38;2;238;131;148m████[38;2;255;180;164m██[38;2;49;49;49m██[38;2;0;0;0m        
[38;2;0;0;0m        [38;2;49;49;49m██[38;2;148;148;131m██[38;2;82;82;82m██[38;2;255;180;164m██████[38;2;82;82;82m██[38;2;189;189;189m██[38;2;49;49;49m██[38;2;0;0;0m      
[38;2;0;0;0m        [38;2;49;49;49m██[38;2;189;189;189m████[38;2;82;82;82m██████[38;2;189;189;189m████[38;2;49;49;49m██[38;2;0;0;0m      
[38;2;0;0;0m    [38;2;49;49;49m████[38;2;189;189;189m████████[38;2;255;255;255m██[38;2;148;148;131m██[38;2;189;189;189m██████[38;2;49;49;49m██[38;2;0;0;0m    
[38;2;0;0;0m  [38;2;49;49;49m██[38;2;148;148;131m██[38;2;82;82;82m██████[38;2;189;189;189m████[38;2;49;49;49m██[38;2;189;189;189m████████[38;2;49;49;49m██[38;2;0;0;0m    
[38;2;0;0;0m  [38;2;49;49;49m██[38;2;82;82;82m██[38;2;148;148;131m██[38;2;189;189;189m████[38;2;82;82;82m████[38;2;189;189;189m██[38;2;255;180;164m████[38;2;189;189;189m██[38;2;82;82;82m██[38;2;148;148;131m██[38;2;49;49;49m██[38;2;0;0;0m  
[38;2;0;0;0m    [38;2;49;49;49m██[38;2;189;189;189m████[38;2;82;82;82m██[38;2;189;189;189m████[38;2;82;82;82m██[38;2;189;189;189m████████[38;2;82;82;82m██[38;2;49;49;49m██[38;2;0;0;0m  
[38;2;0;0;0m    [38;2;49;49;49m██[38;2;82;82;82m██[38;2;189;189;189m██[38;2;148;148;131m██[38;2;189;189;189m██[38;2;148;148;131m██[38;2;82;82;82m██[38;2;189;189;189m██████████[38;2;49;49;49m██[38;2;0;0;0m  
[38;2;0;0;0m    [38;2;49;49;49m██[38;2;148;148;131m██[38;2;82;82;82m████████[38;2;189;189;189m████[38;2;148;148;131m██[38;2;82;82;82m██[38;2;189;189;189m████[38;2;49;49;49m██[38;2;0;0;0m  
[38;2;0;0;0m      [38;2;49;49;49m██[38;2;148;148;131m████████████████[38;2;82;82;82m██[38;2;49;49;49m██[38;2;0;0;0m    
[38;2;0;0;0m        [38;2;49;49;49m██[38;2;82;82;82m██[38;2;148;148;131m██████████[38;2;82;82;82m██[38;2;49;49;49m██[38;2;0;0;0m      
[38;2;0;0;0m        [38;2;49;49;49m██[38;2;148;148;131m██[38;2;82;82;82m██████████[38;2;148;148;131m██[38;2;49;49;49m██[38;2;0;0;0m      
[38;2;0;0;0m          [38;2;49;49;49m██[38;2;148;148;131m██[38;2;189;189;189m████[38;2;148;148;131m████[38;2;49;49;49m██[38;2;0;0;0m        
[38;2;0;0;0m            [38;2;49;49;49m██[38;2;82;82;82m██████[38;2;49;49;49m██[38;2;0;0;0m          
[38;2;0;0;0m              [38;2;49;49;49m██[38;2;148;148;131m██[38;2;49;49;49m██[38;2;0;0;0m            
[38;2;0;0;0m              [38;2;49;49;49m████[38;2;0;0;0m              
[38;2;0;0;0m                                [0m
