
[38;2;0;0;0m                                              
[38;2;0;0;0m          [38;2;49;49;49m██[38;2;0;0;0m                                  
[38;2;0;0;0m    [38;2;49;49;49m██████[38;2;255;255;115m██[38;2;49;49;49m██[38;2;0;0;0m                                
[38;2;0;0;0m  [38;2;49;49;49m██[38;2;255;255;115m██[38;2;180;148;49m██[38;2;49;49;49m██[38;2;255;255;115m██[38;2;49;49;49m██[38;2;0;0;0m        [38;2;49;49;49m██[38;2;0;0;0m                      
[38;2;0;0;0m    [38;2;49;49;49m██[38;2;255;255;115m██[38;2;164;123;164m██[38;2;82;82;82m██[38;2;255;255;115m██[38;2;49;49;49m██[38;2;0;0;0m    [38;2;49;49;49m██[38;2;255;255;115m██[38;2;49;49;49m██████[38;2;0;0;0m                
[38;2;0;0;0m    [38;2;49;49;49m██[38;2;255;255;115m██[38;2;82;82;82m████[38;2;255;255;115m██[38;2;49;49;49m██[38;2;0;0;0m    [38;2;49;49;49m██[38;2;255;255;115m██[38;2;49;49;49m██[38;2;180;148;49m██[38;2;255;255;115m██[38;2;49;49;49m██[38;2;0;0;0m              
[38;2;0;0;0m      [38;2;49;49;49m██[38;2;255;255;115m██████[38;2;49;49;49m██[38;2;0;0;0m  [38;2;49;49;49m██[38;2;255;255;115m██[38;2;164;123;164m██[38;2;82;82;82m██[38;2;255;255;115m██[38;2;49;49;49m██[38;2;0;0;0m                
[38;2;0;0;0m    [38;2;49;49;49m██[38;2;255;255;115m██[38;2;82;82;82m████[38;2;255;255;115m██[38;2;82;82;82m██[38;2;49;49;49m██[38;2;82;82;82m██[38;2;255;255;115m██[38;2;82;82;82m████[38;2;255;255;115m██[38;2;49;49;49m██[38;2;0;0;0m                
[38;2;0;0;0m    [38;2;49;49;49m██[38;2;82;82;82m██[38;2;213;156;131m██[38;2;172;131;115m██[38;2;139;106;98m██[38;2;213;156;131m████[38;2;172;131;115m██[38;2;255;255;115m██████[38;2;49;49;49m██[38;2;0;0;0m                  
[38;2;0;0;0m      [38;2;49;49;49m██[38;2;213;156;131m██[38;2;82;82;82m██[38;2;213;156;131m████[38;2;172;131;115m██[38;2;255;255;115m██[38;2;172;131;115m██[38;2;139;106;98m██[38;2;255;255;115m██[38;2;49;49;49m██[38;2;0;0;0m                  
[38;2;0;0;0m        [38;2;49;49;49m██[38;2;82;82;82m██[38;2;230;180;164m██[38;2;213;156;131m██[38;2;172;131;115m██[38;2;139;106;98m██[38;2;213;156;131m████[38;2;82;82;82m██[38;2;213;156;131m██[38;2;49;49;49m██[38;2;0;0;0m      [38;2;49;49;49m████[38;2;0;0;0m      
[38;2;0;0;0m        [38;2;49;49;49m██[38;2;213;156;131m██[38;2;230;180;164m██[38;2;172;131;115m██[38;2;213;156;131m██[38;2;255;255;255m██[38;2;139;106;98m██[38;2;172;131;115m██[38;2;213;156;131m████[38;2;49;49;49m██[38;2;0;0;0m    [38;2;49;49;49m██[38;2;230;180;164m████[38;2;49;49;49m██[38;2;0;0;0m    
[38;2;0;0;0m      [38;2;49;49;49m██[38;2;213;156;131m██[38;2;230;180;164m██[38;2;213;156;131m██[38;2;172;131;115m██[38;2;49;49;49m██[38;2;255;255;255m██[38;2;213;156;131m██[38;2;82;82;82m██[38;2;49;49;49m████[38;2;0;0;0m    [38;2;49;49;49m██[38;2;213;156;131m██[38;2;230;180;164m████[38;2;213;156;131m██[38;2;49;49;49m██[38;2;0;0;0m  
[38;2;0;0;0m      [38;2;49;49;49m██[38;2;197;98;65m██[38;2;156;82;57m██[38;2;213;156;131m██████████[38;2;49;49;49m██[38;2;0;0;0m      [38;2;49;49;49m██[38;2;82;82;82m████[38;2;213;156;131m██████[38;2;49;49;49m██[38;2;0;0;0m  
[38;2;0;0;0m      [38;2;49;49;49m██[38;2;156;82;57m████[38;2;82;82;82m██[38;2;213;156;131m████[38;2;172;131;115m██████[38;2;49;49;49m██████[38;2;213;156;131m██████[38;2;82;82;82m██[38;2;213;156;131m██[38;2;172;131;115m██[38;2;49;49;49m██[38;2;0;0;0m  
[38;2;0;0;0m        [38;2;49;49;49m██████[38;2;172;131;115m████[38;2;82;82;82m██[38;2;139;106;98m██[38;2;172;131;115m██[38;2;213;156;131m██████████████[38;2;82;82;82m██[38;2;49;49;49m██[38;2;0;0;0m    
[38;2;0;0;0m              [38;2;49;49;49m██[38;2;82;82;82m██[38;2;172;131;115m██████[38;2;213;156;131m████[38;2;238;238;172m██[38;2;213;156;131m██[38;2;238;238;172m██[38;2;213;156;131m████[38;2;49;49;49m██[38;2;0;0;0m      
[38;2;0;0;0m              [38;2;49;49;49m██[38;2;172;131;115m██████[38;2;213;156;131m██████[38;2;238;238;172m██[38;2;213;156;131m████[38;2;230;180;164m██[38;2;213;156;131m██[38;2;49;49;49m██[38;2;0;0;0m      
[38;2;0;0;0m              [38;2;49;49;49m██[38;2;213;156;131m██[38;2;238;238;172m██[38;2;213;156;131m████████████[38;2;172;131;115m██[38;2;230;180;164m██[38;2;213;156;131m██[38;2;49;49;49m██[38;2;0;0;0m      
[38;2;0;0;0m                [38;2;49;49;49m██[38;2;189;189;156m██[38;2;238;238;172m██[38;2;139;106;98m██[38;2;213;156;131m████[38;2;172;131;115m██[38;2;189;189;156m██[38;2;82;82;82m██[38;2;213;156;131m██[38;2;230;180;164m██[38;2;172;131;115m██[38;2;49;49;49m██[38;2;0;0;0m    
[38;2;0;0;0m                [38;2;49;49;49m██[38;2;172;131;115m██[38;2;189;189;156m██[38;2;82;82;82m██[38;2;230;180;164m██[38;2;213;156;131m██[38;2;82;82;82m██[38;2;49;49;49m██████[38;2;213;156;131m████[38;2;49;49;49m██[38;2;0;0;0m    
[38;2;0;0;0m                [38;2;49;49;49m██[38;2;172;131;115m██[38;2;49;49;49m████[38;2;213;156;131m██[38;2;230;180;164m██[38;2;49;49;49m██[38;2;0;0;0m      [38;2;49;49;49m██[38;2;213;156;131m██[38;2;172;131;115m██[38;2;49;49;49m██[38;2;0;0;0m  
[38;2;0;0;0m              [38;2;49;49;49m██[38;2;82;82;82m████[38;2;49;49;49m██[38;2;0;0;0m  [38;2;49;49;49m██[38;2;213;156;131m██[38;2;49;49;49m██[38;2;0;0;0m        [38;2;49;49;49m██[38;2;82;82;82m██[38;2;49;49;49m██[38;2;0;0;0m  
[38;2;0;0;0m              [38;2;49;49;49m██████[38;2;0;0;0m    [38;2;49;49;49m██[38;2;213;156;131m██[38;2;49;49;49m██[38;2;0;0;0m        [38;2;49;49;49m████[38;2;0;0;0m    
[38;2;0;0;0m                      [38;2;49;49;49m██[38;2;82;82;82m████[38;2;49;49;49m██[38;2;0;0;0m                
[38;2;0;0;0m                      [38;2;49;49;49m██████[38;2;0;0;0m                  
[38;2;0;0;0m                                              [0m
