
[38;2;0;0;0m                                          
[38;2;0;0;0m                [38;2;49;49;49m████[38;2;0;0;0m                      
[38;2;0;0;0m              [38;2;49;49;49m██[38;2;98;98;90m██[38;2;82;82;82m██[38;2;49;49;49m██[38;2;0;0;0m                    
[38;2;0;0;0m                [38;2;49;49;49m██[38;2;98;98;90m██[38;2;49;49;49m██[38;2;0;0;0m                    
[38;2;0;0;0m            [38;2;49;49;49m████[38;2;82;82;82m████[38;2;49;49;49m██[38;2;0;0;0m      [38;2;49;49;49m██[38;2;0;0;0m  [38;2;49;49;49m████[38;2;0;0;0m      
[38;2;0;0;0m        [38;2;49;49;49m████[38;2;98;98;90m████████[38;2;82;82;82m██[38;2;49;49;49m██[38;2;0;0;0m  [38;2;49;49;49m██[38;2;98;98;90m██[38;2;49;49;49m██[38;2;255;255;255m████[38;2;49;49;49m██[38;2;0;0;0m    
[38;2;0;0;0m      [38;2;49;49;49m██[38;2;148;131;115m██[38;2;255;255;255m██[38;2;189;180;172m██[38;2;98;98;90m██████████[38;2;49;49;49m████[38;2;98;98;90m██[38;2;148;131;115m██[38;2;255;255;255m██[38;2;189;180;172m██[38;2;98;98;90m██[38;2;49;49;49m██[38;2;0;0;0m  
[38;2;0;0;0m      [38;2;49;49;49m██[38;2;255;255;255m██████[38;2;98;98;90m██████████[38;2;82;82;82m██[38;2;98;98;90m████[38;2;255;255;255m██[38;2;189;180;172m██[38;2;98;98;90m████[38;2;49;49;49m██[38;2;0;0;0m  
[38;2;0;0;0m    [38;2;49;49;49m██[38;2;148;131;115m██[38;2;255;255;255m████[38;2;148;131;115m██[38;2;255;255;255m██████[38;2;98;98;90m██████[38;2;82;82;82m██[38;2;98;98;90m██[38;2;189;180;172m██[38;2;98;98;90m████[38;2;49;49;49m██[38;2;0;0;0m    
[38;2;0;0;0m    [38;2;49;49;49m████[38;2;255;255;255m██████[38;2;148;131;115m██[38;2;49;49;49m██[38;2;148;131;115m██[38;2;255;255;255m██[38;2;98;98;90m████[38;2;82;82;82m██[38;2;98;98;90m██████[38;2;49;49;49m██[38;2;0;0;0m      
[38;2;0;0;0m    [38;2;49;49;49m██[38;2;189;180;172m██[38;2;246;148;41m████[38;2;255;255;255m██[38;2;49;49;49m██[38;2;255;255;255m██[38;2;49;49;49m██[38;2;255;255;255m██[38;2;98;98;90m████[38;2;82;82;82m██[38;2;98;98;90m██[38;2;82;82;82m██[38;2;49;49;49m██[38;2;0;0;0m        
[38;2;0;0;0m  [38;2;49;49;49m████[38;2;246;148;41m████████[38;2;148;131;115m██[38;2;49;49;49m██[38;2;189;180;172m██[38;2;98;98;90m████[38;2;82;82;82m██████[38;2;98;98;90m██[38;2;49;49;49m██[38;2;0;0;0m        
[38;2;0;0;0m  [38;2;49;49;49m██[38;2;82;82;82m████[38;2;213;98;65m████[38;2;255;255;255m██████[38;2;148;131;115m██[38;2;98;98;90m████[38;2;82;82;82m██[38;2;148;131;115m██[38;2;98;98;90m████[38;2;49;49;49m██[38;2;0;0;0m        
[38;2;0;0;0m    [38;2;49;49;49m████[38;2;82;82;82m████[38;2;98;98;90m████[38;2;82;82;82m████[38;2;98;98;90m██[38;2;82;82;82m████[38;2;148;131;115m████[38;2;49;49;49m██[38;2;0;0;0m          
[38;2;0;0;0m    [38;2;49;49;49m██[38;2;123;106;90m██[38;2;189;180;172m████[38;2;82;82;82m████[38;2;148;131;115m██[38;2;82;82;82m████[38;2;148;131;115m████████[38;2;49;49;49m██[38;2;0;0;0m          
[38;2;0;0;0m      [38;2;49;49;49m██[38;2;123;106;90m██[38;2;255;255;255m██████[38;2;148;131;115m██[38;2;123;106;90m██[38;2;148;131;115m████████[38;2;49;49;49m██[38;2;0;0;0m            
[38;2;0;0;0m        [38;2;49;49;49m████[38;2;148;131;115m████████[38;2;123;106;90m████[38;2;213;98;65m██[38;2;49;49;49m██[38;2;0;0;0m              
[38;2;0;0;0m            [38;2;49;49;49m██████[38;2;82;82;82m██[38;2;246;148;41m██[38;2;213;98;65m██[38;2;49;49;49m████[38;2;0;0;0m              
[38;2;0;0;0m                  [38;2;49;49;49m██████[38;2;0;0;0m                  
[38;2;0;0;0m                                          [0m
