
         [38;2;49;49;49m▄▄▄            [0m
        [38;2;49;49;49m▀▀[38;2;98;98;90m[48;2;49;49;49m▀[38;2;82;82;82m[48;2;98;98;90m▀[38;2;49;49;49m[48;2;82;82;82m▀[49m▄          [0m
         [38;2;49;49;49m▄[48;2;98;98;90m▀[38;2;98;98;90m▀▀[38;2;49;49;49m[48;2;49;49;49m▀[49m          [0m
      [38;2;49;49;49m▄▄[48;2;98;98;90m▀▀[38;2;82;82;82m▀[38;2;98;98;90m[48;2;82;82;82m▀[38;2;82;82;82m[48;2;49;49;49m▀[38;2;49;49;49m[49m▀       ▄▄ [0m
    [38;2;49;49;49m▄[48;2;148;131;115m▀[38;2;148;131;115m▀▀[38;2;98;98;90m▀[48;2;98;98;90m▀▀▀[38;2;49;49;49m▀[49m▄   ▄▄[48;2;213;213;213m▀▀[38;2;213;213;213m▀[38;2;49;49;49m[48;2;49;49;49m▀[49m [0m
   [38;2;49;49;49m▄[48;2;172;164;156m▀[38;2;255;255;255m[48;2;213;98;65m▀[38;2;148;131;115m[48;2;255;255;255m▀▀[38;2;98;98;90m[48;2;49;49;49m▀[48;2;255;255;255m▀[38;2;255;255;255m[48;2;172;164;156m▀[38;2;98;98;90m[48;2;98;98;90m▀▀[38;2;49;49;49m[48;2;49;49;49m▀[49m ▄[48;2;98;98;90m▀[38;2;98;98;90m[48;2;172;164;156m▀[38;2;213;213;213m[48;2;213;213;213m▀▀[48;2;98;98;90m▀[38;2;98;98;90m[48;2;49;49;49m▀[38;2;49;49;49m[49m▀ [0m
  [38;2;49;49;49m▄[48;2;82;82;82m▀[38;2;213;98;65m▀[38;2;246;148;41m[48;2;246;148;41m▀▀[38;2;255;255;255m[48;2;213;98;65m▀[38;2;49;49;49m[48;2;255;255;255m▀[38;2;255;255;255m[48;2;98;98;90m▀[38;2;98;98;90m▀▀▀▀[38;2;49;49;49m▀[38;2;98;98;90m[48;2;82;82;82m▀[48;2;98;98;90m▀[38;2;213;213;213m[48;2;213;213;213m▀[48;2;98;98;90m▀[38;2;98;98;90m▀▀[38;2;49;49;49m[48;2;49;49;49m▀[49m  [0m
 [38;2;49;49;49m▀▀▀[38;2;213;98;65m[48;2;49;49;49m▀[48;2;255;255;255m▀▀[38;2;255;255;255m▀[48;2;98;98;90m▀[48;2;172;164;156m▀[38;2;98;98;90m[48;2;255;255;255m▀[48;2;98;98;90m▀▀▀▀[38;2;82;82;82m▀[48;2;82;82;82m▀[48;2;98;98;90m▀[38;2;98;98;90m[48;2;82;82;82m▀[48;2;49;49;49m▀[38;2;49;49;49m[49m▀   [0m
    [38;2;49;49;49m[48;2;49;49;49m▀[38;2;82;82;82m[48;2;98;98;90m▀[38;2;255;255;255m[48;2;82;82;82m▀[38;2;82;82;82m[48;2;98;98;90m▀[38;2;98;98;90m[48;2;82;82;82m▀[48;2;98;98;90m▀▀[38;2;82;82;82m[48;2;82;82;82m▀[38;2;98;98;90m[48;2;98;98;90m▀▀[38;2;148;131;115m[48;2;148;131;115m▀[38;2;98;98;90m▀[38;2;148;131;115m▀[38;2;98;98;90m[48;2;98;98;90m▀[38;2;49;49;49m[48;2;49;49;49m▀[49m     [0m
     [38;2;49;49;49m[48;2;49;49;49m▀[38;2;98;98;90m[48;2;255;255;255m▀[38;2;255;255;255m▀[38;2;98;98;90m▀[38;2;82;82;82m[48;2;148;131;115m▀[38;2;98;98;90m[48;2;82;82;82m▀[38;2;82;82;82m[48;2;148;131;115m▀[48;2;82;82;82m▀[38;2;148;131;115m▀[48;2;148;131;115m▀▀[48;2;49;49;49m▀[38;2;49;49;49m[49m▀      [0m
      [38;2;49;49;49m▀[38;2;255;255;255m[48;2;49;49;49m▀[38;2;148;131;115m▀[48;2;123;106;90m▀▀[48;2;213;98;65m▀[48;2;123;106;90m▀[48;2;49;49;49m▀[38;2;49;49;49m[49m▀▀        [0m
         [38;2;49;49;49m▀[38;2;246;148;41m[48;2;49;49;49m▀[38;2;49;49;49m[49m▀[38;2;246;148;41m[48;2;49;49;49m▀[38;2;49;49;49m[49m▀          [0m
                        [0m
