
         [38;2;0;0;0m▄▄          [0m
    [38;2;0;0;0m▄[48;2;96;88;144m▀▀[49m▄[48;2;0;0;0m▀[38;2;160;152;200m[48;2;160;152;200m▀[38;2;104;96;184m[48;2;104;96;184m▀[38;2;0;0;0m[48;2;0;0;0m▀[49m  ▄▄     [0m
   [38;2;0;0;0m▄[48;2;64;64;64m▀[38;2;96;88;144m▀[48;2;96;88;144m▀[38;2;64;64;64m[48;2;64;64;64m▀[38;2;120;120;200m[48;2;160;152;200m▀[38;2;104;96;184m[48;2;104;96;184m▀[38;2;120;120;200m[48;2;120;120;200m▀▀[38;2;0;0;0m[48;2;64;64;64m▀[48;2;96;88;144m▀[38;2;96;88;144m▀▀[38;2;0;0;0m[48;2;0;0;0m▀[49m    [0m
  [38;2;0;0;0m[48;2;0;0;0m▀[38;2;160;152;200m[48;2;120;120;200m▀[38;2;120;120;200m[48;2;160;152;200m▀[38;2;104;96;184m▀[38;2;64;64;64m▀[48;2;64;64;64m▀[48;2;192;184;80m▀▀[38;2;120;120;200m[48;2;64;64;64m▀[48;2;120;120;200m▀[48;2;64;64;64m▀[38;2;64;64;64m▀[48;2;120;120;200m▀[48;2;160;152;200m▀[38;2;0;0;0m▀▀[49m▄  [0m
 [38;2;0;0;0m▄[48;2;104;96;184m▀[38;2;64;64;64m[48;2;64;64;64m▀[38;2;120;120;200m[48;2;104;96;184m▀[38;2;160;152;200m[48;2;64;64;64m▀[38;2;64;64;64m[48;2;240;240;40m▀[48;2;192;184;80m▀[38;2;240;240;40m[48;2;240;240;40m▀[48;2;192;184;80m▀[38;2;64;64;64m[48;2;240;240;40m▀▀[38;2;160;152;200m[48;2;64;64;64m▀[48;2;160;152;200m▀[48;2;104;96;184m▀▀[38;2;104;96;184m[48;2;120;120;200m▀[48;2;0;0;0m▀[38;2;0;0;0m[49m▀  [0m
 [38;2;0;0;0m▀[38;2;104;96;184m[48;2;0;0;0m▀[48;2;64;64;64m▀[38;2;64;64;64m[48;2;192;184;80m▀[48;2;240;240;40m▀[38;2;240;240;40m[48;2;64;64;64m▀[38;2;64;64;64m[48;2;240;168;152m▀[48;2;248;248;248m▀[48;2;184;88;72m▀[38;2;240;240;40m[48;2;64;64;64m▀[38;2;192;184;80m[48;2;240;240;40m▀[38;2;64;64;64m▀[48;2;192;184;80m▀[38;2;120;120;200m[48;2;64;64;64m▀▀[38;2;64;64;64m[48;2;96;88;144m▀[38;2;0;0;0m▀[49m▄  [0m
 [38;2;0;0;0m[48;2;0;0;0m▀[38;2;96;88;144m[48;2;96;88;144m▀[38;2;64;64;64m▀[38;2;192;184;80m[48;2;64;64;64m▀[38;2;240;240;40m▀[38;2;64;64;64m▀[38;2;248;248;248m[48;2;184;88;72m▀[48;2;240;96;80m▀[38;2;240;96;80m[48;2;184;88;72m▀[38;2;64;64;64m[48;2;64;64;64m▀[38;2;240;240;40m[48;2;192;184;80m▀[48;2;64;64;64m▀[38;2;192;184;80m▀[38;2;64;64;64m[48;2;104;96;184m▀[38;2;96;88;144m[48;2;64;64;64m▀[48;2;96;88;144m▀▀▀[38;2;0;0;0m[48;2;0;0;0m▀[49m [0m
  [38;2;0;0;0m▀[48;2;0;0;0m▀[38;2;120;120;200m[48;2;120;120;200m▀[38;2;64;64;64m▀[38;2;192;184;80m[48;2;0;0;0m▀[38;2;64;64;64m[48;2;64;64;64m▀[48;2;192;184;80m▀▀[38;2;192;184;80m[48;2;64;64;64m▀▀[38;2;64;64;64m[48;2;120;120;200m▀[38;2;120;120;200m▀[38;2;104;96;184m▀[38;2;64;64;64m[48;2;104;96;184m▀[48;2;0;0;0m▀[38;2;0;0;0m[49m▀▀  [0m
    [38;2;0;0;0m▀▀ ▀[38;2;192;184;80m[48;2;0;0;0m▀[48;2;96;88;144m▀[38;2;64;64;64m▀[38;2;96;88;144m[48;2;0;0;0m▀[38;2;0;0;0m[49m▀▀[38;2;120;120;200m[48;2;0;0;0m▀▀[38;2;0;0;0m[49m▀    [0m
         [38;2;0;0;0m▀▀          [0m
