
[38;2;0;0;0m                                      
[38;2;0;0;0m                ████                  
[38;2;0;0;0m              ██[38;2;232;192;136m██[38;2;144;96;64m██[38;2;0;0;0m██                
[38;2;0;0;0m              ██[38;2;232;192;136m██[38;2;144;96;64m██[38;2;0;0;0m██                
[38;2;0;0;0m            ██[38;2;176;128;88m██[38;2;232;192;136m██[38;2;144;96;64m██[38;2;176;128;88m██[38;2;0;0;0m██              
[38;2;0;0;0m    ██████  ██[38;2;232;192;136m██[38;2;144;96;64m██[38;2;176;128;88m████[38;2;0;0;0m██              
[38;2;0;0;0m  ██[38;2;232;192;136m██[38;2;176;128;88m██[38;2;144;96;64m██[38;2;0;0;0m████[38;2;232;192;136m██[38;2;144;96;64m██[38;2;176;128;88m██████[38;2;0;0;0m██████████    
[38;2;0;0;0m  ██[38;2;176;128;88m██[38;2;232;192;136m██████[38;2;176;128;88m██[38;2;64;64;64m████[38;2;176;128;88m████[38;2;0;0;0m██[38;2;176;128;88m██[38;2;232;192;136m████████[38;2;0;0;0m██  
[38;2;0;0;0m    ██[38;2;176;128;88m██[38;2;232;192;136m██[38;2;64;64;64m████[38;2;240;224;72m████[38;2;64;64;64m████[38;2;232;192;136m████████[38;2;144;96;64m████[38;2;0;0;0m██  
[38;2;0;0;0m    ██[38;2;144;96;64m██[38;2;64;64;64m██[38;2;240;224;72m██[38;2;168;160;80m██[38;2;240;224;72m██[38;2;168;160;80m██[38;2;240;224;72m████[38;2;64;64;64m██[38;2;232;192;136m██[38;2;144;96;64m████[38;2;176;128;88m██[38;2;0;0;0m██    
[38;2;0;0;0m      ██[38;2;64;64;64m██[38;2;240;224;72m██[38;2;64;64;64m██████[38;2;240;224;72m██[38;2;168;160;80m██[38;2;64;64;64m██[38;2;144;96;64m██[38;2;176;128;88m████[38;2;0;0;0m██      
[38;2;0;0;0m      ██[38;2;240;224;72m██[38;2;64;64;64m██[38;2;168;80;64m██[38;2;248;200;184m██[38;2;168;80;64m██[38;2;64;64;64m██[38;2;240;224;72m████[38;2;64;64;64m██[38;2;176;128;88m██[38;2;0;0;0m██        
[38;2;0;0;0m      ██[38;2;240;224;72m██[38;2;64;64;64m██[38;2;248;200;184m██[38;2;248;248;248m██[38;2;240;96;80m██[38;2;64;64;64m██[38;2;240;224;72m████[38;2;64;64;64m██[38;2;176;128;88m██[38;2;0;0;0m██        
[38;2;0;0;0m    ██[38;2;176;128;88m██[38;2;64;64;64m████[38;2;168;80;64m██[38;2;240;96;80m██[38;2;168;80;64m██[38;2;64;64;64m██[38;2;168;160;80m██[38;2;64;64;64m██[38;2;144;96;64m████[38;2;0;0;0m██        
[38;2;0;0;0m    ██[38;2;176;128;88m██[38;2;64;64;64m██[38;2;168;160;80m██[38;2;64;64;64m██████[38;2;168;160;80m████[38;2;64;64;64m██[38;2;176;128;88m██[38;2;144;96;64m██[38;2;0;0;0m██        
[38;2;0;0;0m    ██[38;2;144;96;64m████[38;2;0;0;0m████[38;2;168;160;80m████[38;2;0;0;0m████[38;2;176;128;88m██████[38;2;144;96;64m██[38;2;0;0;0m██      
[38;2;0;0;0m      ████    ████    ████[38;2;176;128;88m████[38;2;0;0;0m██      
[38;2;0;0;0m                          ████        
[38;2;0;0;0m                                      [0m
