
          [38;2;0;0;0m▄▄                     [0m
      [38;2;0;0;0m▄▄[48;2;214;214;246m▀[38;2;222;222;246m▀[38;2;134;137;158m[48;2;82;85;114m▀[38;2;82;86;114m▀[38;2;0;0;0m[48;2;214;214;246m▀[49m▄[38;2;239;239;247m[48;2;214;214;246m▀[48;2;123;132;163m▀[38;2;0;0;0m[49m▄                [0m
    [38;2;0;0;0m[48;2;173;181;189m▀[38;2;222;214;238m[48;2;172;177;196m▀[38;2;214;214;246m[48;2;123;132;163m▀[38;2;123;132;163m[48;2;214;214;246m▀▀[38;2;214;214;246m[48;2;123;132;163m▀[38;2;123;132;163m[48;2;214;214;246m▀▀[38;2;214;214;246m▀▀[38;2;123;132;163m[48;2;162;159;164m▀[38;2;162;159;164m▀[38;2;0;0;0m[48;2;0;0;0m▀[49m ▄▄             [0m
   [38;2;0;0;0m[48;2;0;0;0m▀[38;2;121;122;134m[48;2;132;132;151m▀[38;2;123;132;163m[48;2;239;239;247m▀[38;2;239;239;247m[48;2;123;140;161m▀[38;2;123;133;163m[48;2;222;222;238m▀[38;2;231;231;247m[48;2;214;214;246m▀[38;2;239;239;247m[48;2;239;239;247m▀[38;2;66;66;66m[48;2;255;255;255m▀[48;2;66;70;82m▀[48;2;66;66;66m▀[38;2;86;84;114m[48;2;165;156;165m▀[38;2;162;159;165m[48;2;86;84;114m▀[48;2;165;156;165m▀[48;2;162;159;165m▀[38;2;181;181;189m[48;2;66;66;66m▀[38;2;173;181;199m▀[38;2;214;214;246m[48;2;123;132;163m▀▀[38;2;0;0;0m[48;2;66;66;66m▀[49m▄    ▄▄[48;2;176;181;192m▀[49m▄  [0m
  [38;2;0;0;0m▄[48;2;123;132;163m▀[38;2;217;214;244m[48;2;217;214;244m▀[38;2;214;214;246m[48;2;214;214;246m▀[38;2;177;181;189m[48;2;123;132;163m▀▀[38;2;0;0;0m[48;2;71;71;79m▀[38;2;140;112;121m[48;2;82;49;58m▀[38;2;239;239;247m[48;2;66;66;66m▀[38;2;66;66;66m[48;2;239;239;247m▀[38;2;156;165;180m[48;2;90;96;109m▀[38;2;162;159;165m[48;2;162;159;165m▀[38;2;170;171;191m[48;2;82;86;114m▀[38;2;126;129;153m[48;2;214;214;230m▀[38;2;123;132;163m[48;2;214;214;246m▀[38;2;170;171;191m[48;2;82;86;114m▀[38;2;85;86;114m[48;2;85;86;114m▀[38;2;181;181;181m[48;2;123;132;163m▀[38;2;123;132;163m[48;2;162;165;175m▀[38;2;181;181;181m[48;2;123;132;163m▀[38;2;66;66;66m[48;2;66;66;66m▀[38;2;214;214;246m[48;2;214;214;246m▀[48;2;123;132;163m▀[48;2;214;214;246m▀[48;2;123;132;163m▀[38;2;121;122;134m[48;2;181;181;197m▀[38;2;181;181;197m[48;2;0;4;8m▀[38;2;0;0;0m[49m▀   [0m
 [38;2;0;0;0m[48;2;0;4;0m▀[38;2;177;181;189m[48;2;217;214;244m▀[38;2;123;132;163m▀[48;2;247;247;255m▀[48;2;167;178;194m▀▀[48;2;255;255;255m▀[38;2;214;214;246m[48;2;214;214;246m▀[48;2;217;214;244m▀[38;2;123;132;163m[48;2;123;132;163m▀[48;2;214;214;246m▀[38;2;217;214;244m[48;2;217;214;244m▀[38;2;214;222;246m[48;2;214;214;246m▀[38;2;217;214;244m[48;2;222;214;238m▀[48;2;123;132;155m▀[38;2;123;132;163m[48;2;165;159;165m▀[38;2;126;134;163m[48;2;0;0;0m▀[38;2;66;61;74m[48;2;165;159;165m▀[38;2;123;132;163m▀[38;2;162;159;164m[48;2;66;66;66m▀[38;2;66;66;66m[48;2;165;159;165m▀[38;2;217;214;244m[48;2;123;132;155m▀[38;2;214;214;246m[48;2;123;132;163m▀[38;2;82;90;114m[48;2;177;181;189m▀[38;2;177;181;189m[48;2;175;183;191m▀[38;2;173;181;189m[48;2;123;132;163m▀[49m      [0m
  [38;2;231;231;231m[48;2;0;8;8m▀[48;2;115;119;119m▀[38;2;239;242;247m[48;2;239;242;247m▀[38;2;239;239;247m[48;2;239;239;247m▀[38;2;217;214;244m[48;2;217;214;244m▀▀[38;2;214;214;246m[48;2;123;132;163m▀▀[38;2;214;214;238m[48;2;123;132;155m▀[48;2;153;159;183m▀[38;2;123;132;163m[48;2;162;159;164m▀[38;2;165;159;165m[48;2;165;159;165m▀[38;2;165;165;165m[48;2;55;58;55m▀[38;2;0;4;0m[48;2;0;4;0m▀[49m  [38;2;0;0;0m▄[48;2;148;154;164m▀[38;2;148;154;164m▀[38;2;162;159;165m[48;2;162;159;165m▀[38;2;162;159;164m[48;2;162;159;164m▀[38;2;123;132;163m[48;2;177;181;189m▀[38;2;177;181;189m[48;2;123;132;163m▀▀[38;2;71;71;79m[48;2;71;71;79m▀[38;2;0;0;0m[49m▄     [0m
    [38;2;0;0;0m▀▀[38;2;162;159;164m[48;2;0;0;0m▀▀▀[38;2;165;159;165m▀[38;2;0;0;0m[49m▀▀[38;2;0;4;0m▀     [38;2;0;0;0m▀▀▀[38;2;165;159;165m[48;2;0;0;0m▀[38;2;123;132;163m▀[38;2;173;181;197m[48;2;66;66;74m▀[38;2;66;66;66m[48;2;123;132;163m▀[38;2;93;96;115m[48;2;165;156;165m▀[38;2;123;132;163m[48;2;162;159;164m▀[38;2;214;214;246m[48;2;214;214;246m▀[38;2;0;0;0m[48;2;0;0;0m▀[49m    [0m
                     [38;2;0;0;0m▄▄[38;2;123;132;163m[48;2;66;66;66m▀[48;2;123;132;163m▀[38;2;85;85;114m[48;2;85;85;114m▀[38;2;165;165;181m[48;2;66;66;66m▀[38;2;0;0;0m[48;2;214;214;246m▀[49m▄    [0m
                     [38;2;0;0;0m▀[38;2;85;85;114m[48;2;0;0;0m▀[38;2;123;132;163m[48;2;123;135;163m▀[38;2;85;88;104m▀[38;2;165;159;165m[48;2;165;156;165m▀[48;2;156;156;172m▀[38;2;123;132;163m[48;2;217;214;244m▀▀[38;2;0;0;0m[49m▄   [0m
               [38;2;0;0;0m[48;2;0;0;0m▀[38;2;123;135;163m[48;2;123;135;163m▀[38;2;0;0;0m[48;2;82;88;109m▀[49m▄    [38;2;123;132;163m[48;2;8;8;8m▀[38;2;85;91;111m[48;2;46;49;60m▀[38;2;123;132;163m[48;2;162;159;164m▀[38;2;162;159;164m[48;2;123;132;163m▀[38;2;86;86;114m[48;2;0;0;0m▀[38;2;0;0;0m[49m▀[38;2;214;214;246m[48;2;0;0;0m▀▀[38;2;0;0;0m[49m▀ [0m
                [38;2;82;88;109m[48;2;0;0;0m▀[38;2;85;86;114m[48;2;66;66;66m▀[38;2;66;66;66m[48;2;85;86;114m▀[38;2;0;0;0m[48;2;90;90;114m▀[38;2;0;4;0m[49m▄[38;2;86;86;114m[48;2;85;88;106m▀[38;2;0;0;0m[48;2;123;132;163m▀[38;2;162;159;165m[48;2;156;165;180m▀[48;2;90;96;109m▀[38;2;121;130;163m[48;2;123;132;163m▀[38;2;126;137;158m▀[49m      [0m
                 [38;2;0;0;0m▀[38;2;86;86;114m[48;2;0;0;0m▀▀[38;2;0;0;0m[49m▀[38;2;123;132;163m[48;2;82;88;109m▀[38;2;85;85;114m[48;2;85;85;114m▀[38;2;86;86;114m[48;2;0;0;0m▀[38;2;0;0;0m[49m▀        [0m
                                 [0m
