
  [38;2;0;0;0m▄▄                     [0m
 [38;2;0;0;0m[48;2;0;0;0m▀[38;2;167;169;167m[48;2;181;181;181m▀[38;2;222;222;222m▀[48;2;115;107;107m▀[38;2;0;0;0m[48;2;0;0;0m▀[49m                   [0m
  [38;2;181;181;181m[48;2;0;0;0m▀[38;2;181;181;173m[48;2;60;60;58m▀[38;2;0;0;0m[49m▀    ▄[38;2;222;222;222m[48;2;74;74;74m▀[48;2;181;181;181m▀[38;2;181;181;181m▀[38;2;0;0;0m[48;2;0;0;0m▀[49m     ▄[48;2;115;107;107m▀[48;2;77;77;77m▀[48;2;82;82;82m▀[49m  [0m
  [38;2;115;107;107m[48;2;0;0;0m▀[48;2;121;121;115m▀[38;2;66;66;66m[48;2;181;181;181m▀[38;2;0;0;0m[48;2;140;140;140m▀[48;2;181;181;181m▀[48;2;222;222;222m▀[38;2;77;71;71m[48;2;222;231;222m▀[38;2;115;107;107m[48;2;66;70;66m▀[48;2;66;66;66m▀[38;2;140;140;140m[48;2;115;107;107m▀[48;2;115;111;107m▀[38;2;91;91;91m[48;2;82;81;80m▀[38;2;82;82;82m[48;2;74;74;74m▀[38;2;0;0;0m[49m▄   [38;2;115;111;107m[48;2;115;107;107m▀[38;2;77;75;71m▀[38;2;115;110;107m▀[38;2;115;107;107m[48;2;82;82;82m▀[38;2;0;0;0m[48;2;0;0;0m▀[49m [0m
    [38;2;181;181;181m[48;2;0;4;0m▀[38;2;60;63;60m[48;2;60;63;60m▀[38;2;115;107;107m[48;2;140;140;140m▀[38;2;181;181;181m[48;2;181;181;181m▀▀▀▀▀[38;2;222;222;222m▀▀[48;2;115;107;107m▀[38;2;140;140;140m[48;2;112;111;110m▀[48;2;85;82;79m▀[38;2;0;4;0m[48;2;60;63;60m▀[38;2;0;0;0m[48;2;181;181;181m▀[38;2;181;181;181m▀[38;2;66;66;66m[48;2;143;143;143m▀[38;2;74;74;74m[49m▀[38;2;0;0;0m▀  [0m
    [38;2;0;0;0m▄[48;2;121;115;115m▀[38;2;181;181;181m[48;2;66;66;66m▀▀[48;2;115;107;107m▀▀[48;2;189;189;189m▀[38;2;255;255;255m[48;2;181;181;181m▀[38;2;181;181;181m▀▀[48;2;140;140;140m▀[38;2;66;66;66m[48;2;66;66;66m▀[38;2;115;111;107m[48;2;91;91;91m▀[38;2;115;107;107m[48;2;82;84;80m▀[38;2;66;66;66m[48;2;82;82;82m▀[38;2;140;140;140m[48;2;0;0;0m▀[38;2;0;0;0m[49m▀    [0m
    [38;2;140;140;140m[48;2;181;181;181m▀[38;2;181;181;181m▀[38;2;115;107;107m[48;2;181;184;178m▀[38;2;181;181;181m[48;2;181;181;181m▀[38;2;0;0;0m[48;2;0;0;0m▀[49m  ▀[38;2;69;69;69m[48;2;0;0;0m▀[48;2;137;137;137m▀[38;2;140;140;140m[48;2;66;66;66m▀▀[38;2;66;66;66m[48;2;140;140;140m▀[38;2;0;0;0m[48;2;0;0;0m▀[49m       [0m
   [38;2;0;0;8m▄[38;2;140;140;140m[48;2;66;66;66m▀[38;2;115;107;107m[48;2;181;181;181m▀[38;2;181;181;181m[48;2;66;66;66m▀[48;2;115;107;107m▀[38;2;0;0;0m[48;2;140;140;140m▀[49m▄  [48;2;115;107;107m▀[38;2;181;181;181m[48;2;181;181;181m▀▀[48;2;115;107;107m▀[38;2;140;140;140m[48;2;181;181;181m▀[48;2;140;140;140m▀[38;2;0;0;0m[48;2;0;0;0m▀[49m      [0m
  [38;2;0;0;0m▄[38;2;0;0;8m[48;2;154;126;87m▀[38;2;181;181;181m[48;2;181;181;181m▀[38;2;66;66;66m[48;2;110;107;104m▀[38;2;181;181;181m[48;2;181;181;181m▀[38;2;66;66;66m[48;2;148;119;84m▀[38;2;140;140;140m[48;2;99;93;83m▀[38;2;0;0;0m[48;2;0;0;0m▀[49m  [38;2;181;181;181m[48;2;181;184;178m▀[48;2;148;145;143m▀[48;2;66;66;66m▀[48;2;82;66;50m▀[48;2;140;124;105m▀[38;2;140;140;140m[48;2;140;140;140m▀[38;2;0;0;0m▀[49m      [0m
  [38;2;0;0;0m[48;2;0;0;0m▀[38;2;156;123;84m[48;2;154;126;87m▀[38;2;66;66;66m[48;2;66;66;66m▀[38;2;181;181;181m▀[38;2;74;66;58m[48;2;74;66;58m▀[38;2;181;181;181m[48;2;156;123;84m▀[38;2;115;90;59m[48;2;115;90;59m▀[38;2;0;0;0m[48;2;0;0;0m▀[49m  [38;2;121;108;91m[48;2;156;123;84m▀[38;2;66;70;74m[48;2;66;66;66m▀[38;2;181;181;181m[48;2;181;181;181m▀▀[38;2;66;66;66m[48;2;66;66;66m▀[38;2;156;151;138m[48;2;115;90;59m▀[38;2;115;90;59m[48;2;115;91;59m▀[38;2;0;0;0m[49m▄     [0m
   [38;2;0;0;8m▀[38;2;156;123;84m▀[48;2;0;0;0m▀[38;2;134;124;113m▀[38;2;156;123;84m▀[38;2;115;90;59m[49m▀[38;2;0;0;0m▀  [38;2;156;123;84m[48;2;156;123;84m▀[38;2;66;66;66m[48;2;66;66;66m▀[38;2;181;181;181m[48;2;181;181;181m▀[48;2;195;181;168m▀[38;2;66;66;66m[48;2;74;66;58m▀[38;2;156;123;84m[48;2;156;126;84m▀[38;2;115;91;59m[48;2;115;91;59m▀[38;2;0;0;0m[48;2;0;0;0m▀[49m     [0m
            [38;2;0;0;0m▀[38;2;156;123;84m▀[38;2;68;66;60m[48;2;0;0;0m▀[38;2;66;66;66m▀▀[38;2;156;123;84m▀[38;2;115;90;59m[49m▀      [0m
                         [0m
