
[38;2;0;0;0m                                                          
[38;2;0;0;0m              [38;2;49;49;49m██[38;2;0;0;0m                                          
[38;2;0;0;0m            [38;2;49;49;49m██[38;2;172;115;65m██[38;2;49;49;49m██[38;2;0;0;0m                                        
[38;2;0;0;0m            [38;2;49;49;49m██[38;2;172;115;65m██[38;2;49;49;49m██[38;2;0;0;0m                        [38;2;49;49;49m██[38;2;0;0;0m              
[38;2;0;0;0m          [38;2;49;49;49m██[38;2;172;115;65m████[38;2;82;82;82m██[38;2;49;49;49m████[38;2;0;0;0m        [38;2;49;49;49m██████[38;2;0;0;0m    [38;2;49;49;49m██[38;2;82;98;131m██[38;2;49;49;49m██[38;2;0;0;0m            
[38;2;0;0;0m          [38;2;49;49;49m██[38;2;172;115;65m████[38;2;82;82;82m██[38;2;230;213;156m██[38;2;49;49;49m██[38;2;0;0;0m    [38;2;49;49;49m████[38;2;172;115;65m████[38;2;49;49;49m██[38;2;0;0;0m    [38;2;49;49;49m██[38;2;82;98;131m██[38;2;49;49;49m██[38;2;0;0;0m            
[38;2;0;0;0m      [38;2;49;49;49m██████[38;2;172;115;65m██[38;2;82;82;82m██[38;2;230;213;156m████[38;2;49;49;49m██[38;2;0;0;0m  [38;2;49;49;49m██[38;2;172;115;65m████████[38;2;49;49;49m██[38;2;0;0;0m  [38;2;49;49;49m██[38;2;82;98;131m████[38;2;49;49;49m████[38;2;0;0;0m          
[38;2;0;0;0m      [38;2;49;49;49m██[38;2;230;213;156m██[38;2;82;82;82m██[38;2;106;82;74m██[38;2;230;213;156m██████[38;2;49;49;49m████[38;2;172;115;65m██[38;2;106;82;74m████[38;2;172;115;65m██[38;2;49;49;49m██[38;2;0;0;0m    [38;2;49;49;49m██[38;2;82;98;131m██████[38;2;49;49;49m██[38;2;0;0;0m          
[38;2;0;0;0m      [38;2;49;49;49m██[38;2;230;213;156m████[38;2;82;82;82m██[38;2;230;213;156m████[38;2;180;148;90m██[38;2;82;82;82m██████[38;2;106;82;74m████[38;2;49;49;49m██[38;2;0;0;0m  [38;2;49;49;49m██████[38;2;82;98;131m████[38;2;49;49;49m██[38;2;0;0;0m            
[38;2;0;0;0m        [38;2;49;49;49m██[38;2;230;213;156m██████[38;2;180;148;90m██[38;2;230;213;156m██████[38;2;82;82;82m██[38;2;106;82;74m██[38;2;172;115;65m████[38;2;49;49;49m██[38;2;82;98;131m████[38;2;82;82;82m██[38;2;82;98;131m██[38;2;82;82;82m██[38;2;82;98;131m██[38;2;49;49;49m██[38;2;0;0;0m          
[38;2;0;0;0m      [38;2;49;49;49m██[38;2;255;255;255m██[38;2;49;49;49m██[38;2;230;213;156m████████[38;2;180;148;90m██[38;2;82;82;82m██[38;2;106;82;74m██[38;2;172;115;65m████[38;2;82;82;82m██[38;2;82;98;131m████████████████[38;2;49;49;49m██[38;2;0;0;0m        
[38;2;0;0;0m      [38;2;49;49;49m██[38;2;180;148;90m██[38;2;230;213;156m██████[38;2;180;148;90m██[38;2;49;49;49m██[38;2;255;255;255m██[38;2;82;82;82m██[38;2;172;115;65m██[38;2;82;82;82m████[38;2;82;98;131m████████████████[38;2;115;139;164m██[38;2;49;49;49m██[38;2;0;0;0m        
[38;2;0;0;0m    [38;2;49;49;49m██[38;2;230;213;156m██[38;2;82;82;82m██[38;2;49;49;49m██[38;2;180;148;90m████[38;2;230;213;156m████[38;2;180;148;90m████[38;2;82;82;82m████[38;2;82;98;131m██████████████████[38;2;115;139;164m████[38;2;49;49;49m██[38;2;0;0;0m      
[38;2;0;0;0m    [38;2;49;49;49m██[38;2;180;148;90m██[38;2;230;213;156m██████[38;2;180;148;90m████[38;2;230;213;156m██████████[38;2;82;82;82m██[38;2;82;98;131m██████████[38;2;115;139;164m████[38;2;82;98;131m██[38;2;115;139;164m████[38;2;49;49;49m██[38;2;0;0;0m      
[38;2;0;0;0m    [38;2;49;49;49m██[38;2;230;213;156m██[38;2;106;82;74m██[38;2;230;213;156m██[38;2;82;82;82m██[38;2;230;213;156m████████████████[38;2;82;82;82m██[38;2;82;98;131m████████[38;2;115;139;164m████████████[38;2;49;49;49m██[38;2;0;0;0m    
[38;2;0;0;0m  [38;2;49;49;49m██[38;2;230;213;156m████[38;2;180;148;90m██[38;2;82;82;82m██[38;2;172;115;65m██[38;2;82;82;82m██[38;2;230;213;156m██[38;2;82;82;82m██[38;2;230;213;156m██████████[38;2;82;82;82m██[38;2;82;98;131m████[38;2;82;82;82m██████[38;2;115;139;164m██[38;2;82;82;82m██████[38;2;115;139;164m████[38;2;49;49;49m██[38;2;0;0;0m  
[38;2;0;0;0m  [38;2;49;49;49m██[38;2;230;213;156m████[38;2;205;197;172m██[38;2;82;82;82m██[38;2;106;82;74m████[38;2;82;82;82m██[38;2;82;98;131m██[38;2;82;82;82m██[38;2;230;213;156m██████[38;2;255;255;255m██[38;2;205;197;172m██[38;2;82;82;82m████[38;2;255;255;255m██████[38;2;82;82;82m██[38;2;255;255;255m████[38;2;205;197;172m██[38;2;49;49;49m████[38;2;0;0;0m    
[38;2;0;0;0m    [38;2;49;49;49m██[38;2;205;197;172m██[38;2;82;82;82m██[38;2;82;98;131m██████████[38;2;82;82;82m██[38;2;205;197;172m██[38;2;230;213;156m████[38;2;255;255;255m██████████████████[38;2;49;49;49m████[38;2;0;0;0m        
[38;2;0;0;0m      [38;2;49;49;49m██[38;2;106;82;74m██[38;2;172;115;65m██[38;2;82;82;82m██[38;2;115;139;164m██[38;2;82;98;131m████[38;2;115;139;164m██[38;2;82;82;82m██[38;2;255;255;255m██████████████████[38;2;205;197;172m██████[38;2;49;49;49m██[38;2;0;0;0m        
[38;2;0;0;0m      [38;2;49;49;49m██[38;2;205;197;172m██[38;2;82;82;82m██[38;2;205;197;172m██[38;2;82;82;82m██[38;2;115;139;164m██████[38;2;82;82;82m██[38;2;255;255;255m████████████████[38;2;205;197;172m████[38;2;82;82;82m██[38;2;49;49;49m██[38;2;0;0;0m          
[38;2;0;0;0m        [38;2;49;49;49m████████[38;2;115;139;164m██[38;2;82;82;82m████[38;2;115;139;164m██[38;2;82;82;82m██[38;2;205;197;172m██[38;2;255;255;255m██████[38;2;205;197;172m████████████[38;2;49;49;49m██[38;2;0;0;0m          
[38;2;0;0;0m                [38;2;49;49;49m██[38;2;172;115;65m████[38;2;106;82;74m██[38;2;115;139;164m██[38;2;82;82;82m████[38;2;205;197;172m████████████[38;2;49;49;49m████[38;2;0;0;0m            
[38;2;0;0;0m                [38;2;49;49;49m██[38;2;205;197;172m██[38;2;82;82;82m██[38;2;205;197;172m██[38;2;49;49;49m██[38;2;115;139;164m████[38;2;49;49;49m████[38;2;205;197;172m██████[38;2;49;49;49m██[38;2;0;0;0m                
[38;2;0;0;0m                  [38;2;49;49;49m██████[38;2;0;0;0m  [38;2;49;49;49m████[38;2;0;0;0m    [38;2;49;49;49m██████[38;2;0;0;0m                  
[38;2;0;0;0m                                                          [0m
