
[38;2;0;0;0m                                      
[38;2;0;0;0m    ████                              
[38;2;0;0;0m  ██[38;2;247;255;247m██[38;2;82;85;82m██[38;2;0;0;0m██                            
[38;2;0;0;0m  ██[38;2;255;255;255m████[38;2;0;0;0m██  [38;2;0;4;0m████[38;2;0;0;0m██████                
[38;2;0;0;0m  ██[38;2;255;255;255m██[38;2;238;166;182m██[38;2;239;165;183m██[38;2;0;0;0m██[38;2;80;58;61m██[38;2;239;165;183m████████[38;2;0;0;0m████    ████    
[38;2;0;0;0m  ██[38;2;198;123;142m████[38;2;74;57;66m██[38;2;255;247;255m██[38;2;255;255;255m████████[38;2;238;166;182m████[38;2;80;63;61m██[38;2;0;8;0m██[38;2;0;0;0m██[38;2;255;255;255m████[38;2;0;0;0m██  
[38;2;0;0;0m    ██[38;2;198;123;142m██[38;2;255;247;255m██[38;2;195;184;192m██[38;2;238;166;182m████[38;2;255;255;255m██████[38;2;238;166;182m██[38;2;239;173;183m██[38;2;80;63;61m██[38;2;255;255;255m██████[38;2;0;0;0m██  
[38;2;0;0;0m    [38;2;0;16;8m██[38;2;66;55;55m██[38;2;239;165;183m██[38;2;0;0;0m██[38;2;239;165;183m████████[38;2;255;255;255m████[38;2;66;66;66m██[38;2;239;165;183m██[38;2;255;255;255m████[38;2;0;0;0m██    
[38;2;0;0;0m  ██[38;2;198;132;150m██[38;2;66;55;55m██[38;2;239;165;183m██[38;2;0;0;0m██[38;2;239;165;183m████[38;2;0;0;0m██[38;2;239;165;183m██[38;2;238;166;182m██[38;2;255;255;255m██[38;2;239;165;183m████[38;2;238;166;182m██[38;2;255;255;255m██[38;2;0;0;0m██    
[38;2;0;0;0m  ██[38;2;247;255;247m██[38;2;82;85;82m██[38;2;195;184;192m██[38;2;255;247;255m██[38;2;66;66;66m██[38;2;255;255;255m██[38;2;0;0;0m██[38;2;170;170;170m██[38;2;231;165;183m██[38;2;247;255;255m██[38;2;239;165;183m████[38;2;255;173;191m██[38;2;0;4;8m██[38;2;0;0;0m      
[38;2;0;0;0m    ████[38;2;74;57;66m██[38;2;255;247;255m██[38;2;255;255;255m██████[38;2;85;85;85m██[38;2;231;165;183m██[38;2;236;195;207m██[38;2;197;123;141m██[38;2;239;165;183m██[38;2;85;60;69m██[38;2;170;117;130m██[38;2;0;0;0m██    
[38;2;0;0;0m        ██[38;2;66;66;66m██[38;2;255;239;239m██[38;2;85;80;80m██[38;2;66;66;66m██[38;2;198;123;142m██[38;2;222;181;190m██[38;2;175;140;146m██[38;2;66;66;66m██[38;2;239;165;183m██[38;2;255;255;255m██[38;2;66;66;66m██[38;2;0;0;0m██    
[38;2;0;0;0m          ████[38;2;170;159;159m██[38;2;198;123;142m████[38;2;175;140;146m██[38;2;82;57;58m██[38;2;66;66;66m████[38;2;255;255;255m██[38;2;66;66;66m██[38;2;123;82;67m██[38;2;0;0;0m██  
[38;2;0;0;0m            [38;2;0;4;16m██[38;2;74;58;53m██[38;2;66;66;66m████[38;2;66;66;58m██[38;2;198;123;134m██[38;2;121;92;73m██[38;2;66;61;66m██[38;2;66;66;66m██[38;2;124;84;68m██[38;2;123;82;67m██[38;2;0;0;0m██  
[38;2;0;0;0m          ██[38;2;74;58;53m██[38;2;148;111;89m██[38;2;148;107;76m██[38;2;66;66;66m██[38;2;110;85;83m██[38;2;66;66;58m██[38;2;148;107;76m████[38;2;66;66;66m██[38;2;124;84;68m██[38;2;123;82;67m██[38;2;0;0;0m██  
[38;2;0;0;0m          ██[38;2;148;107;76m████[38;2;148;111;81m██[38;2;74;58;45m██[38;2;132;94;76m██[38;2;88;63;53m██[38;2;148;110;76m████[38;2;77;57;50m██[38;2;115;86;75m██[38;2;123;82;67m██[38;2;0;0;0m██  
[38;2;0;0;0m          ██[38;2;66;66;66m██[38;2;148;107;76m██[38;2;148;111;81m██[38;2;0;4;8m██[38;2;0;0;8m██[38;2;132;94;76m██[38;2;148;110;76m████[38;2;0;0;0m██████    
[38;2;0;0;0m            ██████  [38;2;0;4;8m██[38;2;148;111;87m██[38;2;148;107;76m████[38;2;0;0;0m██        
[38;2;0;0;0m                    [38;2;0;4;8m██[38;2;74;58;47m██[38;2;148;107;76m██[38;2;66;66;66m██[38;2;0;0;0m██        
[38;2;0;0;0m                      ██████          
[38;2;0;0;0m                                      [0m
