
                     [38;2;0;0;0m▄[38;2;0;0;8m▄▄[38;2;0;0;0m▄   [0m
                  [38;2;0;4;0m▄[38;2;0;0;0m[48;2;170;171;143m▀[48;2;255;247;191m▀[38;2;255;239;199m[48;2;189;178;178m▀[38;2;189;181;189m[48;2;126;111;163m▀[38;2;126;121;129m[48;2;0;4;0m▀[38;2;0;0;0m[49m▀   [0m
              [38;2;0;0;0m▄[48;2;255;239;199m▀[49m▄▄[38;2;0;4;0m[48;2;255;239;199m▀[38;2;255;255;215m▀[38;2;123;110;166m[48;2;173;165;189m▀[48;2;134;128;153m▀[38;2;63;58;82m[48;2;123;107;171m▀[38;2;0;4;0m▀[38;2;0;0;0m▀[49m▄  [0m
      [38;2;0;0;0m▄     ▄▄[48;2;255;239;199m▀[38;2;255;239;199m▀[38;2;189;189;165m[48;2;189;189;165m▀[38;2;63;63;55m[48;2;255;239;199m▀[38;2;255;239;199m[48;2;255;247;191m▀[38;2;189;189;165m[48;2;123;110;166m▀[38;2;134;128;153m[48;2;123;110;171m▀[38;2;57;53;81m▀[38;2;66;66;66m[48;2;123;107;171m▀[48;2;66;66;66m▀[38;2;123;107;171m▀[48;2;0;0;0m▀[38;2;0;0;0m[49m▀ [0m
     [38;2;0;0;0m[48;2;0;0;0m▀[38;2;189;189;165m[48;2;193;185;157m▀[38;2;0;0;0m[48;2;132;132;108m▀[48;2;255;239;199m▀▀[48;2;192;188;155m▀[48;2;66;70;66m▀[38;2;82;80;66m[48;2;255;222;143m▀[38;2;247;239;199m[48;2;107;78;131m▀[38;2;66;66;66m[48;2;66;66;66m▀[38;2;255;239;199m[48;2;255;239;199m▀▀▀[38;2;189;178;178m[48;2;255;247;191m▀[38;2;123;110;166m[48;2;189;178;178m▀[38;2;123;110;171m[48;2;123;107;171m▀[48;2;66;66;66m▀[38;2;123;107;171m▀[48;2;123;107;171m▀[38;2;0;0;0m▀[49m▄  [0m
     [38;2;0;0;0m[48;2;0;0;0m▀[38;2;132;132;108m[48;2;255;239;199m▀[38;2;255;239;207m▀[38;2;255;239;199m▀▀[38;2;255;247;199m[48;2;132;132;108m▀▀[38;2;107;78;131m[48;2;112;96;160m▀[38;2;206;174;139m[48;2;239;140;63m▀[38;2;66;66;66m[48;2;66;66;66m▀[38;2;255;239;199m[48;2;123;107;171m▀[48;2;123;110;171m▀[38;2;189;189;165m▀[38;2;123;110;166m▀▀[38;2;123;107;171m[48;2;66;66;66m▀▀[48;2;121;111;169m▀[38;2;66;66;66m▀[38;2;0;0;0m[48;2;0;0;0m▀[49m   [0m
  [38;2;0;0;0m▄▄[48;2;0;0;0m▀[38;2;239;140;63m[48;2;123;107;171m▀[38;2;255;239;199m[48;2;255;239;199m▀▀[48;2;255;247;231m▀[38;2;131;131;107m[48;2;118;107;126m▀[38;2;255;255;255m[48;2;41;4;1m▀[48;2;255;255;239m▀[38;2;239;140;63m[48;2;239;140;63m▀[38;2;112;96;160m[48;2;124;107;172m▀[38;2;66;66;66m[48;2;104;91;141m▀[38;2;123;107;171m[48;2;66;66;66m▀[38;2;123;110;171m[48;2;123;110;171m▀▀[48;2;123;106;171m▀▀[38;2;123;107;171m[48;2;123;107;171m▀▀[38;2;60;58;84m[48;2;0;0;0m▀[38;2;0;4;0m[49m▀    [0m
 [38;2;0;0;0m▀[38;2;189;189;165m[48;2;0;0;0m▀[38;2;63;63;55m[48;2;66;66;66m▀[38;2;123;107;171m[48;2;123;110;171m▀▀[38;2;239;140;63m[48;2;66;66;66m▀[38;2;255;239;199m[48;2;123;107;171m▀[38;2;118;107;126m[48;2;123;110;171m▀[38;2;255;247;231m▀[38;2;255;255;239m▀[38;2;148;129;120m▀[38;2;124;107;172m[48;2;123;107;171m▀▀[38;2;123;103;179m[48;2;129;120;126m▀[38;2;66;66;66m[48;2;66;61;82m▀[38;2;123;110;171m[48;2;123;107;171m▀▀[38;2;123;106;171m[48;2;189;189;165m▀[38;2;189;189;165m[48;2;0;0;0m▀[38;2;123;107;171m▀[38;2;107;82;147m[48;2;107;82;147m▀▀[38;2;0;0;0m[48;2;0;0;0m▀[49m    [0m
   [38;2;0;0;0m▀[38;2;123;110;171m[48;2;0;0;0m▀[48;2;123;107;171m▀[38;2;66;66;66m[48;2;63;58;82m▀[38;2;123;107;171m[48;2;126;111;163m▀[38;2;123;110;171m[48;2;123;110;171m▀▀[48;2;121;115;137m▀[48;2;181;173;197m▀[38;2;255;239;199m[48;2;255;239;199m▀[48;2;85;80;66m▀[38;2;255;239;215m[48;2;55;47;74m▀[38;2;66;61;82m[48;2;110;89;147m▀[38;2;123;107;171m[48;2;107;83;147m▀[38;2;107;82;147m▀[38;2;0;0;0m[48;2;0;0;0m▀[49m ▀[38;2;107;82;147m[48;2;0;0;0m▀▀[38;2;0;0;0m[49m▀    [0m
     [38;2;0;0;0m▀[38;2;0;4;0m▀[38;2;63;58;82m[48;2;0;0;0m▀[38;2;123;110;171m▀▀[38;2;121;115;137m▀[38;2;0;0;16m[49m▀[38;2;0;0;0m▀[38;2;255;239;199m[48;2;0;0;0m▀[38;2;0;4;0m▀[49m▀[38;2;107;83;147m[48;2;0;0;0m▀▀[38;2;0;0;0m[49m▀         [0m
                            [0m
