
[38;2;0;0;0m                                            
[38;2;0;0;0m                        ██                  
[38;2;0;0;0m                      ██[38;2;222;156;102m██[38;2;0;0;0m██  ██            
[38;2;0;0;0m      ████              [38;2;222;156;102m████[38;2;0;0;0m██[38;2;222;156;102m██[38;2;0;0;0m██          
[38;2;0;0;0m    [38;2;0;4;0m██[38;2;93;171;51m██[38;2;52;159;33m██[38;2;0;0;0m██        ████[38;2;222;156;102m██[38;2;151;105;76m██[38;2;0;0;0m████            
[38;2;0;0;0m    ██[38;2;49;165;33m██[38;2;57;74;57m██[38;2;38;74;27m██[38;2;0;0;0m      ██[38;2;220;154;108m██[38;2;165;115;85m████[38;2;0;0;0m██                
[38;2;0;0;0m    [38;2;16;4;16m██[38;2;38;74;27m██[38;2;57;173;41m██[38;2;74;198;50m██[38;2;0;0;0m██  ██[38;2;228;162;110m██[38;2;220;153;105m████████[38;2;0;0;0m██              
[38;2;0;0;0m  ██[38;2;82;214;50m██[38;2;60;144;39m██[38;2;57;173;41m██[38;2;52;159;33m██[38;2;0;0;0m██  [38;2;222;156;102m██[38;2;255;255;255m██[38;2;220;153;105m████████[38;2;0;0;0m██              
[38;2;0;0;0m  [38;2;0;4;0m██[38;2;63;161;42m██[38;2;57;70;57m██[38;2;0;4;8m██[38;2;0;0;0m    ██[38;2;222;156;102m████[38;2;175;165;143m██[38;2;16;0;0m██[38;2;220;153;105m████[38;2;0;0;0m██      [38;2;140;255;76m██[38;2;93;171;51m██[38;2;0;0;0m██  
[38;2;0;0;0m    ████[38;2;118;81;62m██[38;2;0;0;0m██  ██[38;2;66;66;66m██[38;2;222;156;102m██████[38;2;220;153;105m██[38;2;222;156;102m██[38;2;0;0;0m    [38;2;0;4;0m██[38;2;16;0;24m██[38;2;74;198;50m████[38;2;0;0;0m██  
[38;2;0;0;0m        [38;2;165;115;85m██[38;2;173;119;93m██[38;2;8;4;8m██[38;2;157;111;82m██[38;2;220;153;105m██████████[38;2;0;0;0m██  ██[38;2;74;198;50m██[38;2;49;156;33m██[38;2;66;66;66m████[38;2;0;0;0m    
[38;2;0;0;0m        ██[38;2;118;81;62m██[38;2;157;111;82m██[38;2;231;165;119m██[38;2;220;153;105m██████████[38;2;0;0;0m██  ██[38;2;52;159;33m██[38;2;49;156;33m██[38;2;66;66;66m██[38;2;0;0;0m██    
[38;2;0;0;0m            ██[38;2;214;148;102m██[38;2;220;153;105m██[38;2;255;222;63m██[38;2;220;153;105m████[38;2;220;154;102m██[38;2;222;156;102m██[38;2;0;0;0m████[38;2;154;107;85m██[38;2;57;66;65m██[38;2;74;198;50m██[38;2;52;159;33m██[38;2;0;0;0m    
[38;2;0;0;0m            ██[38;2;222;156;102m██[38;2;255;222;63m████[38;2;220;153;105m████[38;2;66;66;66m██[38;2;222;156;102m██████[38;2;0;0;0m████[38;2;49;159;33m████[38;2;0;0;0m    
[38;2;0;0;0m            ██[38;2;222;156;102m██[38;2;255;222;63m██[38;2;219;152;105m██[38;2;220;153;105m████[38;2;170;121;90m██[38;2;0;0;0m██████    ████    
[38;2;0;0;0m            ██[38;2;255;222;63m██[38;2;220;153;105m████[38;2;255;222;63m██[38;2;219;152;105m██[38;2;0;0;0m██                  
[38;2;0;0;0m            ██[38;2;222;156;102m██[38;2;220;153;105m██[38;2;219;152;105m██[38;2;220;153;105m████[38;2;0;0;0m██                  
[38;2;0;0;0m              ██[38;2;220;154;102m██[38;2;255;222;63m██[38;2;222;156;102m██[38;2;168;117;84m██[38;2;168;118;88m██[38;2;0;0;0m██                
[38;2;0;0;0m              ██[38;2;220;154;102m██[38;2;219;152;105m██[38;2;168;117;84m████[38;2;168;118;88m██[38;2;0;0;0m██                
[38;2;0;0;0m            [38;2;170;115;90m████[38;2;170;115;85m██[38;2;222;173;46m██[38;2;170;115;85m██[38;2;66;66;66m██[38;2;222;156;102m██[38;2;170;115;90m██[38;2;0;0;0m                
[38;2;0;0;0m            [38;2;170;115;90m████[38;2;0;0;0m████[38;2;165;119;93m██[38;2;82;59;50m██[38;2;220;154;102m██[38;2;165;119;93m██[38;2;0;0;0m                
[38;2;0;0;0m            [38;2;170;115;90m████[38;2;0;0;0m██      [38;2;165;115;85m██[38;2;118;81;62m██[38;2;0;0;0m                
[38;2;0;0;0m            ████        ██[38;2;173;119;93m██[38;2;0;0;0m██              
[38;2;0;0;0m                        ████                
[38;2;0;0;0m                                            [0m
