
[38;2;0;0;0m                                          
[38;2;0;0;0m                  [38;2;49;49;49m██████[38;2;0;0;0m                  
[38;2;0;0;0m        [38;2;49;49;49m██████[38;2;0;0;0m  [38;2;49;49;49m██[38;2;213;164;32m██[38;2;246;230;41m██[38;2;213;164;32m██[38;2;49;49;49m██[38;2;0;0;0m                
[38;2;0;0;0m        [38;2;49;49;49m██[38;2;246;230;41m████[38;2;49;49;49m██[38;2;213;164;32m██[38;2;246;230;41m██████[38;2;82;82;82m██[38;2;49;49;49m████[38;2;0;0;0m            
[38;2;0;0;0m      [38;2;49;49;49m██[38;2;246;230;41m████[38;2;213;164;32m██[38;2;131;90;41m████████[38;2;213;164;32m██[38;2;131;90;41m██[38;2;246;230;41m████[38;2;49;49;49m████[38;2;0;0;0m        
[38;2;0;0;0m      [38;2;49;49;49m██[38;2;131;90;41m██[38;2;213;164;32m██[38;2;246;246;172m██[38;2;180;164;123m██[38;2;246;246;172m████[38;2;230;197;98m██[38;2;131;90;41m██[38;2;213;164;32m██[38;2;246;230;41m██████[38;2;49;49;49m██[38;2;0;0;0m        
[38;2;0;0;0m    [38;2;49;49;49m██[38;2;213;164;32m██[38;2;246;230;41m██[38;2;131;90;41m██[38;2;82;82;82m██[38;2;246;246;172m████████[38;2;180;164;123m██[38;2;131;90;41m██[38;2;246;230;41m████[38;2;82;82;82m██[38;2;213;164;32m██[38;2;49;49;49m██[38;2;0;0;0m      
[38;2;0;0;0m  [38;2;49;49;49m██[38;2;246;230;41m████[38;2;131;90;41m██[38;2;246;246;172m██[38;2;49;49;49m██[38;2;246;246;172m████[38;2;49;49;49m████[38;2;180;164;123m██[38;2;246;246;172m██[38;2;131;90;41m██████[38;2;213;164;32m██[38;2;49;49;49m██[38;2;0;0;0m      
[38;2;0;0;0m    [38;2;49;49;49m██[38;2;246;230;41m██[38;2;131;90;41m██[38;2;230;197;98m██[38;2;246;246;172m████[38;2;49;49;49m██[38;2;246;246;172m██[38;2;180;164;123m██[38;2;246;246;172m████[38;2;131;90;41m██[38;2;246;230;41m██[38;2;213;164;32m██[38;2;49;49;49m██[38;2;0;0;0m        
[38;2;0;0;0m      [38;2;49;49;49m██[38;2;131;90;41m██[38;2;156;49;82m██[38;2;246;246;172m██████[38;2;156;49;82m██[38;2;180;164;123m██[38;2;246;246;172m██[38;2;230;197;98m██[38;2;131;90;41m██[38;2;246;230;41m████[38;2;213;164;32m██[38;2;49;49;49m██[38;2;0;0;0m      
[38;2;0;0;0m    [38;2;49;49;49m██[38;2;246;230;41m██[38;2;131;90;41m██[38;2;246;246;172m██[38;2;156;49;82m██████[38;2;230;74;123m██[38;2;180;164;123m██[38;2;230;197;98m██[38;2;131;90;41m██[38;2;246;230;41m████████[38;2;49;49;49m██[38;2;0;0;0m      
[38;2;0;0;0m    [38;2;49;49;49m██[38;2;246;230;41m████[38;2;131;90;41m██[38;2;246;246;172m██[38;2;230;74;123m██████[38;2;230;197;98m██[38;2;180;164;123m██[38;2;131;90;41m████[38;2;213;164;32m██[38;2;131;90;41m██[38;2;49;49;49m██[38;2;0;0;0m        
[38;2;0;0;0m      [38;2;49;49;49m██[38;2;246;230;41m████[38;2;131;90;41m██[38;2;230;197;98m██████[38;2;131;90;41m████[38;2;246;230;41m████[38;2;131;90;41m██[38;2;213;164;32m██[38;2;49;49;49m██[38;2;0;0;0m        
[38;2;0;0;0m    [38;2;49;49;49m██[38;2;65;106;57m██[38;2;82;82;82m████[38;2;246;230;41m██[38;2;131;90;41m██████[38;2;213;164;32m██[38;2;246;230;41m████████[38;2;49;49;49m██[38;2;0;0;0m          
[38;2;0;0;0m  [38;2;49;49;49m██[38;2;139;238;115m████[38;2;98;197;82m██[38;2;82;82;82m██[38;2;246;230;41m████████[38;2;82;82;82m████[38;2;246;230;41m████[38;2;82;82;82m██[38;2;49;49;49m████[38;2;0;0;0m        
[38;2;0;0;0m  [38;2;49;49;49m████[38;2;98;197;82m██████[38;2;49;49;49m██[38;2;246;230;41m██[38;2;213;164;32m██[38;2;82;82;82m██[38;2;98;197;82m████[38;2;82;82;82m████[38;2;65;106;57m██[38;2;139;238;115m████[38;2;49;49;49m██[38;2;0;0;0m      
[38;2;0;0;0m      [38;2;49;49;49m██████[38;2;0;0;0m  [38;2;49;49;49m██[38;2;82;82;82m██[38;2;98;197;82m██████[38;2;82;82;82m██[38;2;98;197;82m██[38;2;139;238;115m██[38;2;57;156;57m████[38;2;139;238;115m██[38;2;49;49;49m██[38;2;0;0;0m    
[38;2;0;0;0m            [38;2;49;49;49m████[38;2;98;197;82m██[38;2;139;238;115m██[38;2;98;197;82m████[38;2;65;106;57m██[38;2;98;197;82m████[38;2;139;238;115m████[38;2;57;156;57m██[38;2;98;197;82m██[38;2;49;49;49m██[38;2;0;0;0m  
[38;2;0;0;0m          [38;2;49;49;49m██[38;2;98;197;82m████[38;2;65;106;57m██[38;2;98;197;82m████[38;2;57;156;57m██[38;2;65;106;57m████[38;2;98;197;82m██████[38;2;139;238;115m██[38;2;57;156;57m██[38;2;49;49;49m██[38;2;0;0;0m  
[38;2;0;0;0m            [38;2;49;49;49m██████[38;2;57;156;57m████[38;2;65;106;57m██[38;2;98;197;82m████[38;2;82;82;82m██[38;2;49;49;49m██████[38;2;57;156;57m██[38;2;49;49;49m██[38;2;0;0;0m  
[38;2;0;0;0m                  [38;2;49;49;49m████████[38;2;57;156;57m██[38;2;98;197;82m██[38;2;49;49;49m██[38;2;0;0;0m    [38;2;49;49;49m██[38;2;0;0;0m    
[38;2;0;0;0m                          [38;2;49;49;49m██████[38;2;0;0;0m          
[38;2;0;0;0m                                          [0m
