
[38;2;0;0;0m                                            
[38;2;0;0;0m                  [38;2;49;49;49m████████[38;2;0;0;0m                  
[38;2;0;0;0m              [38;2;49;49;49m████[38;2;180;156;205m████████[38;2;49;49;49m████[38;2;0;0;0m              
[38;2;0;0;0m            [38;2;49;49;49m██[38;2;180;156;205m████████████████[38;2;49;49;49m██[38;2;0;0;0m            
[38;2;0;0;0m          [38;2;49;49;49m██[38;2;180;156;205m████████████████████[38;2;49;49;49m██[38;2;0;0;0m          
[38;2;0;0;0m          [38;2;49;49;49m██[38;2;180;156;205m████████████████████[38;2;49;49;49m██[38;2;0;0;0m          
[38;2;0;0;0m        [38;2;49;49;49m██[38;2;180;156;205m██[38;2;82;82;82m████[38;2;180;156;205m██████[38;2;255;255;255m██[38;2;180;156;205m██████████[38;2;49;49;49m██[38;2;0;0;0m        
[38;2;0;0;0m      [38;2;49;49;49m██[38;2;238;205;74m██[38;2;82;82;82m██[38;2;180;156;205m████[38;2;148;123;205m██[38;2;180;156;205m████[38;2;246;98;82m██[38;2;180;156;205m██████████[38;2;49;49;49m██[38;2;0;0;0m        
[38;2;0;0;0m    [38;2;49;49;49m██[38;2;238;205;74m██[38;2;148;123;205m██[38;2;82;82;82m██[38;2;180;156;205m██████████████████████[38;2;49;49;49m██[38;2;0;0;0m        
[38;2;0;0;0m    [38;2;49;49;49m██[38;2;238;205;74m██[38;2;148;123;205m██[38;2;180;156;205m██[38;2;82;82;82m████[38;2;180;156;205m██[38;2;148;123;205m██[38;2;238;205;74m██[38;2;180;156;205m██████████████[38;2;49;49;49m██[38;2;0;0;0m      
[38;2;0;0;0m  [38;2;49;49;49m██[38;2;238;205;74m██[38;2;82;82;82m██[38;2;148;123;205m██[38;2;82;82;82m██[38;2;180;156;205m████████[38;2;148;123;205m██[38;2;238;205;74m██[38;2;180;156;205m██████████[38;2;148;123;205m██[38;2;49;49;49m██[38;2;0;0;0m      
[38;2;0;0;0m    [38;2;49;49;49m████[38;2;148;123;205m████[38;2;82;82;82m████[38;2;180;156;205m████[38;2;90;90;90m██[38;2;238;205;74m██[38;2;82;82;82m██[38;2;180;156;205m████[38;2;82;82;82m██[38;2;148;123;205m████[38;2;49;49;49m██[38;2;0;0;0m      
[38;2;0;0;0m      [38;2;49;49;49m██[38;2;148;123;205m████████████[38;2;90;90;90m██[38;2;238;205;74m██[38;2;148;123;205m██[38;2;82;82;82m████[38;2;148;123;205m████[38;2;90;90;90m██[38;2;49;49;49m██[38;2;0;0;0m      
[38;2;0;0;0m    [38;2;49;49;49m██[38;2;148;123;205m████████[38;2;90;90;90m██[38;2;148;123;205m██████[38;2;90;90;90m██[38;2;238;205;74m██[38;2;90;90;90m██[38;2;148;123;205m██████[38;2;90;90;90m████[38;2;49;49;49m██[38;2;0;0;0m    
[38;2;0;0;0m    [38;2;49;49;49m██[38;2;148;123;205m██████[38;2;90;90;90m██████[38;2;148;123;205m██████[38;2;90;90;90m██████[38;2;148;123;205m██████[38;2;90;90;90m██[38;2;148;123;205m██[38;2;49;49;49m██[38;2;0;0;0m  
[38;2;0;0;0m      [38;2;49;49;49m████[38;2;148;123;205m██[38;2;90;90;90m██████[38;2;148;123;205m██████[38;2;90;90;90m██████[38;2;148;123;205m██████████[38;2;49;49;49m██[38;2;0;0;0m  
[38;2;0;0;0m          [38;2;49;49;49m██[38;2;148;123;205m██[38;2;90;90;90m██[38;2;148;123;205m██████████[38;2;90;90;90m██[38;2;148;123;205m██[38;2;49;49;49m██[38;2;148;123;205m████[38;2;49;49;49m████[38;2;0;0;0m    
[38;2;0;0;0m            [38;2;49;49;49m████[38;2;148;123;205m████[38;2;49;49;49m████[38;2;148;123;205m████[38;2;49;49;49m██[38;2;0;0;0m  [38;2;49;49;49m████[38;2;0;0;0m        
[38;2;0;0;0m                [38;2;49;49;49m████[38;2;0;0;0m    [38;2;49;49;49m████[38;2;0;0;0m                
[38;2;0;0;0m                                            [0m
