
      [38;2;49;49;49m▄▄▄                   [0m
     [38;2;49;49;49m[48;2;49;49;49m▀[38;2;98;115;156m[48;2;123;148;180m▀[38;2;123;148;180m[48;2;82;82;82m▀[38;2;82;82;82m[48;2;98;115;156m▀[38;2;49;49;49m[48;2;49;49;49m▀[49m    ▄[48;2;123;148;180m▀[48;2;98;115;156m▀[48;2;123;148;180m▀[49m▄         [0m
     [38;2;49;49;49m[48;2;49;49;49m▀[38;2;123;148;180m[48;2;123;148;180m▀[38;2;82;82;82m[48;2;82;82;82m▀[38;2;98;115;156m[48;2;98;115;156m▀▀[38;2;49;49;49m[48;2;49;49;49m▀[49m  [48;2;49;49;49m▀[38;2;123;148;180m[48;2;123;148;180m▀[38;2;82;82;82m[48;2;82;82;82m▀[38;2;98;115;156m[48;2;98;115;156m▀[38;2;82;82;82m[48;2;82;82;82m▀[38;2;49;49;49m[48;2;98;115;156m▀[49m▄        [0m
     [38;2;49;49;49m▀[38;2;123;148;180m[48;2;49;49;49m▀[38;2;82;82;82m[48;2;123;148;180m▀[38;2;98;115;156m[48;2;82;82;82m▀[48;2;98;115;156m▀[38;2;49;49;49m▀[49m▄[48;2;82;82;82m▀[38;2;123;148;180m[48;2;123;148;180m▀[38;2;82;82;82m[48;2;82;82;82m▀[38;2;98;115;156m[48;2;98;115;156m▀[38;2;82;82;82m[48;2;82;82;82m▀[38;2;98;115;156m[48;2;98;115;156m▀[48;2;82;82;82m▀[38;2;49;49;49m[48;2;49;49;49m▀[49m  ▄▄    [0m
    [38;2;49;49;49m▄▄[48;2;49;49;49m▀[38;2;123;148;180m[48;2;82;82;82m▀[38;2;82;82;82m[48;2;90;164;230m▀[38;2;90;164;230m[48;2;131;205;255m▀[38;2;131;205;255m▀[38;2;82;82;82m[48;2;82;82;82m▀[38;2;123;148;180m[48;2;123;148;180m▀[38;2;82;82;82m[48;2;82;82;82m▀[38;2;98;115;156m▀[38;2;82;82;82m▀[38;2;98;115;156m[48;2;98;115;156m▀[48;2;82;82;82m▀[38;2;49;49;49m[48;2;49;49;49m▀[49m  [48;2;49;49;49m▀[38;2;123;148;180m[48;2;123;148;180m▀[38;2;98;115;156m[48;2;98;115;156m▀[38;2;49;49;49m[48;2;82;82;82m▀[49m▄  [0m
  [38;2;49;49;49m▄[48;2;49;49;49m▀[38;2;213;98;65m[48;2;82;82;82m▀▀[38;2;82;82;82m[48;2;230;131;57m▀[48;2;90;164;230m▀[38;2;131;205;255m[48;2;131;205;255m▀[48;2;90;164;230m▀[38;2;82;82;82m[48;2;255;255;255m▀[38;2;123;148;180m[48;2;230;131;57m▀[38;2;82;82;82m[48;2;131;205;255m▀[38;2;131;205;255m▀▀[38;2;90;164;230m▀[38;2;82;82;82m[48;2;90;164;230m▀[38;2;49;49;49m[48;2;49;49;49m▀[49m  [48;2;49;49;49m▀[38;2;123;148;180m[48;2;123;148;180m▀[38;2;98;115;156m[48;2;98;115;156m▀[48;2;82;82;82m▀[38;2;82;82;82m[48;2;98;115;156m▀[38;2;49;49;49m[48;2;49;49;49m▀[49m  [0m
 [38;2;49;49;49m▀[38;2;213;98;65m[48;2;49;49;49m▀▀▀[38;2;82;82;82m[48;2;131;205;255m▀[38;2;131;205;255m▀▀▀[38;2;74;115;172m▀[38;2;49;49;49m[48;2;230;131;57m▀[38;2;230;131;57m[48;2;131;205;255m▀[38;2;131;205;255m▀[48;2;213;98;65m▀[38;2;213;98;65m[48;2;230;131;57m▀[48;2;246;164;57m▀[48;2;230;131;57m▀[38;2;82;82;82m[48;2;246;164;57m▀[38;2;49;49;49m▀[49m▄[48;2;123;148;180m▀[38;2;123;148;180m[48;2;98;115;156m▀[38;2;98;115;156m[48;2;82;82;82m▀[38;2;82;82;82m[48;2;98;115;156m▀[38;2;98;115;156m▀[38;2;82;82;82m▀[38;2;49;49;49m[48;2;49;49;49m▀[49m [0m
     [38;2;49;49;49m[48;2;49;49;49m▀[38;2;82;82;82m[48;2;74;115;172m▀[38;2;131;205;255m[48;2;82;82;82m▀[38;2;90;164;230m[48;2;131;205;255m▀[38;2;131;205;255m▀▀▀[48;2;74;115;172m▀[38;2;213;98;65m[48;2;82;82;82m▀[38;2;246;164;57m▀[48;2;230;131;57m▀[38;2;82;82;82m[48;2;246;164;57m▀[48;2;82;82;82m▀[48;2;90;164;230m▀[38;2;98;115;156m[48;2;82;82;82m▀[38;2;123;148;180m[48;2;98;115;156m▀[38;2;98;115;156m[48;2;82;82;82m▀[38;2;82;82;82m[48;2;98;115;156m▀[38;2;98;115;156m▀[48;2;82;82;82m▀[38;2;82;82;82m[48;2;98;115;156m▀[38;2;49;49;49m[48;2;49;49;49m▀[49m [0m
  [38;2;49;49;49m▄[48;2;90;164;230m▀[48;2;230;131;57m▀[38;2;230;131;57m▀[48;2;74;115;172m▀[38;2;74;115;172m[48;2;49;49;49m▀[38;2;49;49;49m[49m▀▀▀[38;2;74;115;172m[48;2;49;49;49m▀[38;2;172;189;189m[48;2;172;189;189m▀[38;2;123;148;180m▀[38;2;131;205;255m[48;2;123;148;180m▀[38;2;82;82;82m[48;2;131;205;255m▀▀[38;2;131;205;255m▀[38;2;82;82;82m▀[38;2;90;164;230m[48;2;82;82;82m▀[38;2;82;82;82m[48;2;90;164;230m▀[38;2;90;164;230m▀[38;2;82;82;82m▀[48;2;98;115;156m▀[38;2;98;115;156m▀▀[38;2;49;49;49m[48;2;49;49;49m▀[49m [0m
 [38;2;49;49;49m[48;2;49;49;49m▀[38;2;90;164;230m▀[38;2;74;115;172m[48;2;90;164;230m▀[38;2;90;164;230m[48;2;82;82;82m▀[38;2;82;82;82m[48;2;49;49;49m▀[38;2;49;49;49m[49m▀▄[48;2;213;98;65m▀▀[48;2;74;115;172m▀[38;2;74;115;172m▀[38;2;172;189;189m▀[48;2;172;189;189m▀▀[38;2;123;148;180m[48;2;82;82;82m▀[38;2;82;82;82m[48;2;131;205;255m▀[38;2;131;205;255m[48;2;246;164;57m▀[38;2;246;164;57m▀[38;2;82;82;82m[48;2;131;205;255m▀[48;2;82;82;82m▀[38;2;90;164;230m[48;2;74;115;172m▀[48;2;82;82;82m▀[38;2;82;82;82m▀[48;2;98;115;156m▀[38;2;49;49;49m[48;2;49;49;49m▀[49m  [0m
   [38;2;49;49;49m▀▀ ▄[48;2;90;164;230m▀[38;2;74;115;172m▀[38;2;90;164;230m▀▀[38;2;74;115;172m▀[48;2;49;49;49m▀[38;2;82;82;82m▀[48;2;131;205;255m▀[38;2;131;205;255m[48;2;74;115;172m▀[38;2;90;164;230m[48;2;131;205;255m▀[38;2;246;164;57m[48;2;74;115;172m▀[38;2;131;205;255m[48;2;131;205;255m▀[48;2;82;82;82m▀[38;2;82;82;82m[48;2;74;115;172m▀[38;2;230;131;57m[48;2;230;131;57m▀[38;2;82;82;82m[48;2;246;164;57m▀[38;2;98;115;156m[48;2;49;49;49m▀[38;2;49;49;49m[49m▀   [0m
      [38;2;49;49;49m▀▀[38;2;74;115;172m[48;2;49;49;49m▀[38;2;90;164;230m▀▀[38;2;49;49;49m[49m▀ ▀▀[38;2;82;82;82m[48;2;49;49;49m▀[38;2;131;205;255m▀[38;2;49;49;49m[49m▀[38;2;131;205;255m[48;2;49;49;49m▀[38;2;82;82;82m▀[38;2;90;164;230m[48;2;74;115;172m▀[48;2;90;164;230m▀[38;2;230;131;57m▀[38;2;90;164;230m▀[38;2;49;49;49m▀[49m▄  [0m
                    [38;2;49;49;49m▀[38;2;90;164;230m[48;2;49;49;49m▀[38;2;74;115;172m▀[38;2;90;164;230m▀[38;2;82;82;82m▀[38;2;49;49;49m[49m▀  [0m
                            [0m
