
[38;2;0;0;0m                                                                
[38;2;0;0;0m                [38;2;49;49;49m████[38;2;0;0;0m  [38;2;49;49;49m████[38;2;0;0;0m                                      
[38;2;0;0;0m            [38;2;49;49;49m██████[38;2;255;255;255m██[38;2;49;49;49m██[38;2;255;255;255m██[38;2;49;49;49m██[38;2;0;0;0m                                      
[38;2;0;0;0m            [38;2;49;49;49m██[38;2;255;255;255m██[38;2;82;82;82m██[38;2;255;255;255m██[38;2;180;205;197m██[38;2;255;255;255m██[38;2;49;49;49m██[38;2;0;0;0m                                      
[38;2;0;0;0m          [38;2;49;49;49m██[38;2;255;255;255m████[38;2;123;123;123m██[38;2;180;205;197m██[38;2;255;255;255m██████[38;2;49;49;49m████[38;2;0;0;0m                                  
[38;2;0;0;0m          [38;2;49;49;49m██[38;2;255;255;255m██[38;2;123;123;123m██[38;2;255;255;255m██████████[38;2;123;123;123m██[38;2;255;255;255m██[38;2;49;49;49m██[38;2;0;0;0m                                
[38;2;0;0;0m            [38;2;49;49;49m██[38;2;255;255;255m██████████[38;2;139;156;148m██[38;2;255;255;255m██[38;2;180;205;197m██[38;2;255;255;255m██[38;2;49;49;49m██[38;2;0;0;0m                              
[38;2;0;0;0m            [38;2;49;49;49m██[38;2;255;255;255m██████[38;2;49;49;49m██[38;2;255;255;255m██[38;2;139;156;148m██[38;2;255;255;255m██[38;2;180;205;197m██[38;2;255;255;255m██[38;2;49;49;49m██[38;2;0;0;0m                              
[38;2;0;0;0m          [38;2;49;49;49m██[38;2;255;255;255m██████[38;2;49;49;49m██[38;2;255;255;255m████[38;2;180;205;197m██[38;2;255;255;255m██████[38;2;82;82;82m██[38;2;49;49;49m████[38;2;0;0;0m                          
[38;2;0;0;0m          [38;2;49;49;49m██[38;2;82;82;82m██[38;2;255;255;255m██[38;2;49;49;49m████[38;2;255;255;255m██[38;2;180;205;197m██[38;2;82;82;82m██[38;2;180;205;197m██[38;2;255;255;255m██[38;2;139;156;148m██[38;2;180;205;197m██[38;2;82;82;82m██[38;2;139;156;148m██[38;2;49;49;49m████████[38;2;0;0;0m                  
[38;2;0;0;0m        [38;2;49;49;49m██[38;2;246;246;74m██[38;2;82;82;82m████[38;2;255;255;255m████[38;2;49;49;49m████[38;2;82;82;82m████[38;2;123;123;123m██[38;2;180;205;197m████[38;2;82;82;82m████[38;2;123;123;123m██[38;2;255;255;255m██████[38;2;49;49;49m████[38;2;0;0;0m              
[38;2;0;0;0m      [38;2;49;49;49m██[38;2;246;246;74m██████[38;2;49;49;49m██████[38;2;0;0;0m  [38;2;49;49;49m██[38;2;180;205;197m████[38;2;82;82;82m██[38;2;255;255;255m██[38;2;180;205;197m██[38;2;82;82;82m██[38;2;255;255;255m██████████████[38;2;49;49;49m██[38;2;0;0;0m            
[38;2;0;0;0m    [38;2;49;49;49m██[38;2;246;246;74m████[38;2;49;49;49m████[38;2;0;0;0m      [38;2;49;49;49m██[38;2;180;205;197m████[38;2;82;82;82m██[38;2;255;255;255m████[38;2;82;82;82m██[38;2;255;255;255m████████████████[38;2;180;205;197m██[38;2;49;49;49m██████[38;2;0;0;0m      
[38;2;0;0;0m  [38;2;49;49;49m██[38;2;246;246;74m██[38;2;49;49;49m████[38;2;0;0;0m          [38;2;49;49;49m██[38;2;180;205;197m██[38;2;139;156;148m██[38;2;255;255;255m██████[38;2;123;123;123m██[38;2;255;255;255m██████████████████[38;2;123;123;123m██[38;2;255;255;255m████[38;2;49;49;49m██[38;2;0;0;0m    
[38;2;0;0;0m  [38;2;49;49;49m████[38;2;0;0;0m                [38;2;49;49;49m██[38;2;255;255;255m██████[38;2;123;123;123m██[38;2;180;205;197m██[38;2;255;255;255m████[38;2;82;82;82m████[38;2;255;255;255m██████████[38;2;139;156;148m██[38;2;180;205;197m██[38;2;139;156;148m██[38;2;123;123;123m██[38;2;49;49;49m██[38;2;0;0;0m  
[38;2;0;0;0m                    [38;2;49;49;49m██[38;2;98;115;213m██[38;2;255;255;255m██████[38;2;139;156;148m██[38;2;255;255;255m████[38;2;82;82;82m██[38;2;139;156;148m████[38;2;82;82;82m██[38;2;255;255;255m██████[38;2;139;156;148m██[38;2;255;255;255m████████[38;2;49;49;49m██[38;2;0;0;0m  
[38;2;0;0;0m                    [38;2;49;49;49m██[38;2;123;189;246m██[38;2;98;115;213m██[38;2;255;255;255m████████[38;2;139;156;148m████[38;2;180;205;197m████[38;2;139;156;148m██[38;2;82;82;82m██[38;2;255;255;255m██[38;2;180;205;197m██[38;2;139;156;148m████[38;2;123;123;123m████[38;2;49;49;49m██[38;2;0;0;0m    
[38;2;0;0;0m                      [38;2;49;49;49m██[38;2;98;115;213m██[38;2;180;205;197m██[38;2;255;255;255m██[38;2;98;115;213m████[38;2;139;156;148m██[38;2;180;205;197m████████[38;2;82;82;82m██[38;2;180;205;197m██[38;2;139;156;148m██[38;2;255;255;255m████████[38;2;49;49;49m██[38;2;0;0;0m    
[38;2;0;0;0m                        [38;2;49;49;49m██[38;2;180;205;197m██[38;2;98;115;213m██[38;2;123;189;246m██[38;2;98;115;213m████[38;2;180;205;197m██████[38;2;139;156;148m██[38;2;49;49;49m████[38;2;255;255;255m██████[38;2;49;49;49m████[38;2;0;0;0m      
[38;2;0;0;0m                          [38;2;49;49;49m████[38;2;98;115;213m██[38;2;123;189;246m██[38;2;98;115;213m██[38;2;139;156;148m████[38;2;82;82;82m██[38;2;49;49;49m██[38;2;0;0;0m    [38;2;49;49;49m██████[38;2;0;0;0m          
[38;2;0;0;0m                              [38;2;49;49;49m██[38;2;123;123;123m████[38;2;82;82;82m████[38;2;123;123;123m██[38;2;49;49;49m██[38;2;0;0;0m                    
[38;2;0;0;0m                                [38;2;49;49;49m██████[38;2;123;123;123m██████[38;2;49;49;49m██[38;2;0;0;0m                  
[38;2;0;0;0m                                      [38;2;49;49;49m██████[38;2;0;0;0m                    
[38;2;0;0;0m                                                                [0m
