
[38;2;0;0;0m                                      
[38;2;0;0;0m              ██████                  
[38;2;0;0;0m        ██████[38;2;255;255;255m████[38;2;231;198;231m██[38;2;0;0;0m██                
[38;2;0;0;0m      ██[38;2;239;140;191m████[38;2;85;85;85m██[38;2;255;255;255m██████[38;2;181;140;165m██[38;2;0;0;0m██████          
[38;2;0;0;0m      ██[38;2;238;139;190m██[38;2;255;255;255m██[38;2;74;66;66m██[38;2;247;231;247m██[38;2;255;255;255m████[38;2;181;139;165m██[38;2;255;255;255m██[38;2;239;140;191m████[38;2;0;0;0m██        
[38;2;0;0;0m      ██[38;2;255;255;255m████[38;2;247;231;247m██[38;2;160;148;156m██[38;2;255;255;255m████████[38;2;239;140;191m████[38;2;0;0;0m██        
[38;2;0;0;0m    ██[38;2;255;255;255m██████████████████████[38;2;0;0;0m██        
[38;2;0;0;0m    ██[38;2;255;255;255m██[38;2;173;41;61m██[38;2;255;255;255m██████████████[38;2;230;214;225m██[38;2;181;132;165m██[38;2;231;198;231m██[38;2;0;0;0m██      
[38;2;0;0;0m  ██[38;2;255;255;255m████[38;2;173;41;61m██[38;2;255;255;255m██[38;2;214;181;198m██[38;2;255;255;255m██[38;2;173;41;61m██[38;2;255;255;255m████████████[38;2;0;0;0m██      
[38;2;0;0;0m  ██[38;2;255;255;255m██[38;2;181;139;165m██[38;2;255;255;255m████████[38;2;173;41;61m██[38;2;255;255;255m████████████[38;2;0;0;0m██      
[38;2;0;0;0m  ██[38;2;255;255;255m████[38;2;181;139;165m████[38;2;220;188;196m██[38;2;247;255;255m████[38;2;192;120;136m██[38;2;231;198;231m██[38;2;255;255;255m██████[38;2;198;127;166m██[38;2;0;12;8m██[38;2;0;0;0m██    
[38;2;0;0;0m    ██[38;2;255;255;255m██████[38;2;192;120;136m██[38;2;165;53;77m████[38;2;220;188;196m██[38;2;255;255;255m████████[38;2;66;50;61m██[38;2;198;127;166m██[38;2;239;140;191m██[38;2;0;0;0m██  
[38;2;0;0;0m    ██[38;2;231;198;231m██[38;2;255;255;255m████[38;2;239;222;239m██[38;2;173;41;61m████[38;2;239;222;239m██[38;2;255;255;255m██[38;2;231;198;231m████[38;2;198;123;162m██[38;2;239;140;191m██████[38;2;0;0;0m██  
[38;2;0;0;0m      ██[38;2;233;154;190m██[38;2;222;103;158m██[38;2;239;222;239m████████[38;2;231;198;231m██████[38;2;198;123;162m██[38;2;0;0;0m██████    
[38;2;0;0;0m        ██████[38;2;231;198;231m██████[38;2;214;107;158m████[38;2;66;66;66m██[38;2;0;0;0m██          
[38;2;0;0;0m              ██████[38;2;239;140;191m████[38;2;0;0;0m██            
[38;2;0;0;0m                    ████              
[38;2;0;0;0m                                      [0m
