
 [38;2;0;0;0m▄▄▄                                  [0m
 [38;2;0;0;0m▀[38;2;103;103;91m[48;2;0;0;0m▀[48;2;103;103;91m▀[38;2;0;0;0m[48;2;107;103;91m▀[48;2;82;80;70m▀[49m▄                               [0m
   [38;2;0;0;0m[48;2;0;0;0m▀[38;2;82;80;70m[48;2;82;81;69m▀▀[38;2;82;78;70m[48;2;82;80;69m▀[38;2;0;0;0m[48;2;0;0;0m▀[49m ▄[48;2;82;156;202m▀▀[49m▄▄            ▄▄[48;2;104;106;94m▀▀▀▀[49m▄▄▄▄  [0m
  [38;2;0;0;0m[48;2;0;0;0m▀[38;2;82;78;70m[48;2;82;78;70m▀[38;2;82;81;69m[48;2;82;81;69m▀▀[38;2;82;80;69m▀▀[38;2;0;0;0m[48;2;66;66;66m▀[38;2;74;123;162m[48;2;137;181;191m▀[38;2;74;124;162m[48;2;74;123;162m▀[48;2;181;247;253m▀[38;2;82;156;202m[48;2;74;123;167m▀[48;2;90;152;197m▀[38;2;0;0;0m[48;2;82;156;202m▀[49m▄      ▄[48;2;103;103;91m▀[48;2;104;106;94m▀▀[38;2;103;103;91m[48;2;101;104;93m▀▀[38;2;104;106;94m[48;2;104;106;94m▀▀▀▀[38;2;103;103;91m[48;2;103;103;91m▀▀[48;2;0;0;0m▀▀[38;2;0;0;0m[49m▀ [0m
   [38;2;0;0;0m▀[38;2;82;81;69m[48;2;0;0;0m▀[48;2;82;78;70m▀[48;2;82;80;69m▀[48;2;66;66;66m▀[38;2;66;66;66m[48;2;110;181;224m▀[38;2;173;239;253m▀[38;2;181;247;253m[48;2;126;187;209m▀[38;2;74;123;162m[48;2;71;126;164m▀[38;2;107;181;227m[48;2;173;239;253m▀[38;2;74;123;167m[48;2;66;123;170m▀[38;2;82;156;202m[48;2;82;156;202m▀▀[38;2;0;0;0m[48;2;0;0;0m▀[49m      ▀[38;2;104;106;94m[48;2;0;0;0m▀[48;2;107;111;99m▀[38;2;79;80;71m[48;2;104;106;94m▀▀[38;2;104;106;94m[48;2;79;80;71m▀[48;2;101;104;93m▀[48;2;104;106;94m▀▀[38;2;103;103;91m[48;2;0;0;0m▀[38;2;0;0;0m[49m▀    [0m
     [38;2;0;0;0m▀[38;2;82;80;69m[48;2;0;0;0m▀[38;2;66;66;66m[48;2;82;156;202m▀[38;2;181;247;253m[48;2;74;124;162m▀▀▀[38;2;71;126;164m▀[38;2;119;181;211m[48;2;181;247;253m▀▀[38;2;74;124;162m[48;2;74;124;162m▀[38;2;82;156;202m[48;2;82;156;202m▀▀[38;2;0;0;0m[48;2;0;0;0m▀[49m      [48;2;0;4;0m▀[38;2;71;74;66m[48;2;71;73;61m▀[38;2;104;106;94m[48;2;102;104;90m▀▀[38;2;101;104;93m[48;2;104;106;94m▀[38;2;79;80;71m▀[38;2;104;106;94m▀▀[38;2;0;0;0m[48;2;0;0;0m▀[49m     [0m
     [38;2;0;0;0m▄[48;2;255;231;231m▀[38;2;82;156;202m[48;2;123;121;131m▀[48;2;82;156;202m▀▀[48;2;82;156;205m▀[38;2;74;124;162m▀[38;2;66;123;170m[48;2;82;140;194m▀[38;2;123;185;211m▀[38;2;74;124;162m[48;2;82;156;202m▀[38;2;82;156;202m▀[48;2;82;156;205m▀[38;2;0;0;0m▀[49m▄▄[48;2;181;247;253m▀[49m▄ [48;2;0;0;0m▀[38;2;107;107;91m[48;2;104;106;94m▀▀[38;2;82;82;66m[48;2;79;80;71m▀[38;2;102;104;90m[48;2;101;104;93m▀[38;2;104;106;94m[48;2;103;103;91m▀[48;2;0;0;0m▀▀▀[38;2;0;0;0m▀[49m     [0m
    [38;2;8;24;16m▄[38;2;0;0;0m[48;2;255;148;167m▀[38;2;189;176;181m[48;2;255;132;159m▀[38;2;57;66;81m▀[38;2;66;66;66m[48;2;247;140;167m▀[38;2;82;156;202m[48;2;66;66;66m▀[38;2;82;156;205m[48;2;49;74;81m▀[48;2;110;99;115m▀[38;2;82;140;194m[48;2;0;0;0m▀[38;2;255;255;255m[48;2;66;69;61m▀[38;2;74;124;162m[48;2;255;255;255m▀[38;2;82;156;202m[48;2;74;123;162m▀[38;2;82;156;205m[48;2;82;156;205m▀▀[38;2;63;80;82m[48;2;66;66;66m▀[38;2;189;239;245m[48;2;181;247;253m▀[38;2;181;247;253m[48;2;181;239;245m▀[48;2;66;61;58m▀[38;2;0;0;0m[48;2;104;106;94m▀[38;2;103;103;91m▀[38;2;104;106;94m▀▀[38;2;79;80;71m[48;2;103;103;91m▀[38;2;101;104;93m[48;2;0;0;0m▀[38;2;0;0;0m[49m▀         [0m
   [38;2;0;0;0m[48;2;0;0;0m▀[38;2;90;65;66m[48;2;231;231;231m▀[38;2;173;107;117m[48;2;77;77;77m▀[38;2;112;93;86m[48;2;104;106;94m▀[38;2;184;113;122m▀[38;2;247;140;167m[48;2;192;105;120m▀[48;2;255;127;151m▀[38;2;231;148;183m[48;2;66;66;66m▀[38;2;49;74;81m▀[38;2;99;103;91m[48;2;0;0;0m▀[38;2;0;0;0m[48;2;71;82;85m▀[38;2;255;255;255m[48;2;255;255;255m▀[38;2;74;123;162m[48;2;74;132;178m▀[38;2;82;156;205m[48;2;115;156;163m▀[48;2;57;66;73m▀[38;2;66;66;66m[48;2;181;239;245m▀[38;2;181;247;253m[48;2;66;61;58m▀[38;2;66;61;58m[48;2;103;103;91m▀[38;2;104;120;120m▀[38;2;104;106;94m[48;2;99;103;91m▀▀[48;2;0;0;0m▀▀[38;2;103;103;91m▀[38;2;0;0;0m▀[49m          [0m
    [38;2;0;0;0m▀[38;2;77;77;77m[48;2;0;0;0m▀[38;2;104;106;94m▀[48;2;198;94;110m▀[38;2;192;105;120m[48;2;189;107;125m▀[38;2;66;61;58m[48;2;57;78;89m▀[38;2;255;255;255m[48;2;255;255;255m▀[38;2;66;66;66m▀[38;2;143;165;169m[48;2;71;71;69m▀[38;2;214;247;254m[48;2;82;156;202m▀[38;2;74;132;178m[48;2;66;66;66m▀▀[38;2;57;66;73m[48;2;181;247;253m▀[38;2;173;247;253m▀[38;2;66;61;58m[48;2;189;247;253m▀[38;2;104;120;120m[48;2;74;66;66m▀[38;2;103;103;91m[48;2;66;66;66m▀[38;2;66;66;66m[48;2;165;189;189m▀[38;2;66;69;61m[48;2;0;0;0m▀[38;2;0;0;0m[49m▀              [0m
       [38;2;0;0;0m▀[38;2;57;78;89m[48;2;0;0;0m▀[38;2;101;88;101m▀[38;2;74;123;162m[48;2;60;63;63m▀▀[38;2;71;71;69m[48;2;165;189;189m▀▀[38;2;165;189;189m▀▀▀[38;2;181;247;253m▀[38;2;189;247;253m▀[38;2;151;187;191m▀[38;2;165;189;189m▀▀[48;2;0;0;0m▀[38;2;0;0;0m[49m▀              [0m
          [38;2;8;0;0m▀[38;2;165;189;189m[48;2;0;0;0m▀[48;2;156;198;196m▀[48;2;104;132;131m▀[48;2;165;189;189m▀▀[48;2;148;189;204m▀[48;2;99;126;139m▀[38;2;90;133;142m[48;2;66;69;61m▀[38;2;165;189;189m[48;2;99;103;91m▀[38;2;99;107;102m[48;2;66;66;66m▀[38;2;66;66;58m[48;2;103;103;91m▀[38;2;66;66;66m[48;2;148;101;105m▀[38;2;0;0;0m[48;2;74;55;53m▀[49m▄ [38;2;0;8;8m▄[38;2;0;0;0m[48;2;189;99;109m▀[48;2;198;94;110m▀[49m▄        [0m
            [38;2;0;0;0m▀▀[38;2;90;133;142m[48;2;0;0;0m▀[38;2;165;189;189m▀[38;2;0;0;8m[49m▀▀[38;2;0;0;0m▀[38;2;99;103;91m[48;2;0;0;0m▀[38;2;103;103;91m▀[38;2;66;66;66m▀[38;2;0;8;0m[49m▀[38;2;222;148;158m[48;2;0;0;0m▀[38;2;198;94;110m▀[38;2;0;0;0m[48;2;247;140;167m▀[38;2;189;99;109m[48;2;66;66;66m▀[38;2;94;53;58m▀[38;2;0;0;0m[48;2;247;140;167m▀[38;2;0;4;0m[49m▄        [0m
                         [38;2;0;0;0m▀[38;2;247;140;167m[48;2;0;0;0m▀▀[38;2;82;49;56m▀[38;2;0;4;0m[49m▀        [0m
                                      [0m
