
[38;2;0;0;0m                                                                
[38;2;0;0;0m                    ████                                        
[38;2;0;0;0m                  ██[38;2;214;107;118m████[38;2;0;0;0m██                                      
[38;2;0;0;0m              ██[38;2;16;0;0m██[38;2;52;71;81m██[38;2;214;110;118m████[38;2;0;0;0m██                                      
[38;2;0;0;0m          ████[38;2;115;214;251m██[38;2;123;214;243m██[38;2;52;71;81m██[38;2;214;110;118m████[38;2;0;0;0m██                ████                  
[38;2;0;0;0m        ██[38;2;214;173;198m██[38;2;65;148;249m██[38;2;115;214;251m██[38;2;99;66;67m██[38;2;115;115;129m██[38;2;214;110;118m████[38;2;0;0;0m██            ████[38;2;247;140;167m████[38;2;0;0;0m██                
[38;2;0;0;0m        ██[38;2;214;173;198m██[38;2;65;148;249m██[38;2;115;214;251m██[38;2;148;214;252m██[38;2;99;66;67m██[38;2;214;110;118m████[38;2;0;0;0m██          ██[38;2;247;140;167m████████[38;2;0;0;0m██                
[38;2;0;0;0m          ██[38;2;140;156;228m██[38;2;69;57;77m██[38;2;140;107;137m██[38;2;189;94;93m██[38;2;214;107;118m██[38;2;0;0;0m██          ██[38;2;247;140;167m██████████[38;2;0;0;0m██                
[38;2;0;0;0m            [38;2;33;8;1m██[38;2;104;107;152m██[38;2;41;132;225m██[38;2;189;94;93m██[38;2;214;107;118m██[38;2;0;0;0m██  ████  ██[38;2;247;140;167m████[38;2;66;148;250m████[38;2;247;140;167m██[38;2;0;0;0m██        ██        
[38;2;0;0;0m            [38;2;0;20;16m██[38;2;214;119;126m██[38;2;66;66;66m████████[38;2;0;0;0m██[38;2;255;255;255m████[38;2;0;0;0m██[38;2;247;140;167m████[38;2;115;214;251m████[38;2;247;140;167m██████[38;2;0;0;0m██    ██[38;2;115;214;251m██[38;2;0;0;0m████    
[38;2;0;0;0m          ██[38;2;71;53;53m████[38;2;247;140;167m██████[38;2;66;66;66m██[38;2;255;255;255m██████[38;2;85;85;85m██[38;2;247;140;167m██[38;2;66;148;250m██[38;2;115;214;251m██[38;2;247;140;167m██████[38;2;0;0;0m██      ██[38;2;115;214;251m██[38;2;0;0;0m██[38;2;115;214;251m██[38;2;0;0;0m██  
[38;2;0;0;0m        ██[38;2;247;140;167m██[38;2;214;107;118m██[38;2;247;140;167m████████[38;2;66;66;66m██[38;2;255;255;255m██[38;2;252;217;226m██[38;2;255;140;167m██[38;2;74;66;66m██[38;2;66;148;250m████[38;2;255;140;167m████[38;2;247;140;167m██[38;2;0;0;0m██      ██[38;2;66;165;250m██[38;2;126;162;225m██[38;2;115;214;251m████[38;2;0;0;0m██  
[38;2;0;0;0m          ██[38;2;247;140;167m██████████[38;2;66;66;66m██[38;2;255;255;255m██[38;2;247;140;167m██[38;2;255;140;167m██[38;2;195;115;133m██[38;2;66;66;66m████[38;2;74;66;66m██[38;2;195;115;133m██[38;2;0;0;0m██        ██[38;2;247;156;175m██[38;2;66;165;250m██[38;2;115;214;251m██[38;2;0;0;0m██    
[38;2;0;0;0m        ██[38;2;247;140;167m██[38;2;247;139;167m████[38;2;247;140;167m████████[38;2;66;66;66m████[38;2;195;115;133m██[38;2;255;140;167m██[38;2;247;140;167m██[38;2;255;255;255m████[38;2;0;0;0m██      ██[38;2;16;0;0m██[38;2;175;165;170m██[38;2;222;156;198m██[38;2;148;108;143m██[38;2;0;0;0m██      
[38;2;0;0;0m          ██[38;2;255;255;255m██[38;2;247;139;167m██[38;2;247;140;167m████████████[38;2;74;66;66m██[38;2;255;140;167m██[38;2;252;217;226m██[38;2;255;255;255m████[38;2;85;85;85m██[38;2;0;0;0m██████[38;2;255;255;255m██[38;2;255;247;255m████[38;2;222;156;198m██[38;2;0;12;32m██[38;2;0;0;0m        
[38;2;0;0;0m          ██[38;2;82;189;250m██[38;2;255;255;255m██[38;2;247;139;167m████[38;2;255;255;255m████[38;2;255;222;223m████[38;2;74;61;66m██[38;2;255;231;247m██[38;2;255;255;255m████[38;2;66;66;66m██[38;2;214;173;198m████[38;2;255;255;255m████████[38;2;0;0;0m████          
[38;2;0;0;0m          ██[38;2;197;233;253m██[38;2;255;255;255m██[38;2;247;139;167m██[38;2;255;255;255m████[38;2;82;181;250m████[38;2;255;222;223m██[38;2;195;174;187m██[38;2;74;61;66m██[38;2;66;66;66m████[38;2;214;173;198m████[38;2;255;255;255m████[38;2;66;66;66m████[38;2;0;0;0m██              
[38;2;0;0;0m        ██[38;2;247;239;247m██[38;2;74;140;234m██[38;2;255;247;239m██[38;2;255;255;255m████[38;2;82;189;250m██[38;2;247;255;255m██[38;2;93;181;250m████[38;2;255;255;255m██[38;2;247;140;167m██[38;2;214;107;118m██[38;2;0;0;0m████████[38;2;66;66;66m██[38;2;214;110;118m████[38;2;0;0;0m██              
[38;2;0;0;0m        ██[38;2;247;239;247m██[38;2;195;211;237m██[38;2;255;247;239m██[38;2;255;255;255m████[38;2;192;233;253m████[38;2;181;247;253m██[38;2;49;148;249m██[38;2;255;255;255m██[38;2;252;217;226m██[38;2;0;0;0m██        ██[38;2;214;110;118m████[38;2;0;0;0m██              
[38;2;0;0;0m          [38;2;33;33;33m██[38;2;255;255;255m████████[38;2;123;187;192m██[38;2;156;247;252m██[38;2;66;148;250m██[38;2;247;231;239m██[38;2;239;214;231m████[38;2;85;85;85m██[38;2;0;0;0m████████[38;2;170;154;154m██[38;2;214;107;118m██[38;2;0;0;0m██                
[38;2;0;0;0m      ██[38;2;33;33;33m██[38;2;255;255;255m██[38;2;66;66;66m████[38;2;255;255;255m████[38;2;57;66;73m████[38;2;247;231;239m████[38;2;66;66;66m████[38;2;255;255;255m████████[38;2;255;231;231m██[38;2;85;77;77m██[38;2;0;0;0m██                  
[38;2;0;0;0m    ██[38;2;255;255;255m██[38;2;66;66;66m██[38;2;255;255;255m██[38;2;247;140;167m████[38;2;66;66;66m████[38;2;247;139;167m██[38;2;255;255;255m██[38;2;66;66;66m████[38;2;255;255;255m████[38;2;247;239;247m██[38;2;66;66;66m██████[38;2;214;173;198m██████[38;2;0;0;0m██                
[38;2;0;0;0m  ██[38;2;255;255;255m████[38;2;66;66;66m██[38;2;255;255;255m██[38;2;239;214;231m██[38;2;247;140;167m██[38;2;192;115;128m██[38;2;255;140;159m██[38;2;247;139;167m██[38;2;255;255;255m██[38;2;66;66;66m██[38;2;239;214;231m██[38;2;255;255;255m██[38;2;66;66;66m████[38;2;247;239;247m██[38;2;239;214;231m████[38;2;66;66;66m████[38;2;214;173;198m████[38;2;0;0;0m██    ██████    
[38;2;0;0;0m  ██[38;2;255;255;255m██[38;2;173;170;170m██[38;2;214;173;198m██[38;2;66;66;66m██[38;2;255;247;255m██[38;2;170;165;170m██[38;2;66;66;66m██[38;2;231;156;183m██[38;2;247;247;247m████[38;2;66;70;66m████[38;2;66;66;66m██[38;2;239;214;231m██[38;2;239;217;231m████[38;2;239;214;231m████[38;2;247;214;239m██[38;2;74;70;74m██[38;2;0;4;0m██[38;2;214;173;198m████[38;2;0;0;0m████[38;2;123;148;219m██[38;2;115;214;251m████[38;2;0;0;0m██  
[38;2;0;0;0m    [38;2;8;0;0m████[38;2;214;173;198m████[38;2;85;82;85m██[38;2;0;0;0m██[38;2;231;156;183m██[38;2;66;66;66m██[38;2;247;247;247m██[38;2;66;66;66m██[38;2;192;171;181m██[38;2;255;222;239m██[38;2;239;214;231m████[38;2;239;217;231m████[38;2;214;173;198m██[38;2;239;214;231m██[38;2;247;214;239m██[38;2;189;166;184m██[38;2;71;60;66m██[38;2;0;4;0m██[38;2;214;173;198m████[38;2;123;148;219m████[38;2;0;0;0m████    
[38;2;0;0;0m        ██████  ██[38;2;214;173;198m██[38;2;74;70;58m██[38;2;148;121;128m██[38;2;255;255;255m████[38;2;214;173;198m██[38;2;0;0;0m██████[38;2;231;198;223m████[38;2;231;173;199m████[38;2;0;0;0m██  ████████        
[38;2;0;0;0m                  ██[38;2;222;173;198m██[38;2;148;121;128m██[38;2;255;255;255m████[38;2;0;0;0m██      ██[38;2;231;198;223m██[38;2;231;173;199m██[38;2;0;0;0m██                    
[38;2;0;0;0m                  ██[38;2;170;170;170m██[38;2;85;85;85m██[38;2;255;255;255m██[38;2;173;170;173m██[38;2;0;0;0m██        ██[38;2;214;107;118m██[38;2;0;0;0m██                    
[38;2;0;0;0m                    ██[38;2;255;255;255m████[38;2;8;0;8m██[38;2;0;0;0m        ██[38;2;247;140;167m██[38;2;214;107;118m██[38;2;0;0;0m██                    
[38;2;0;0;0m                    ██[38;2;247;140;167m████[38;2;0;0;0m██          ████                      
[38;2;0;0;0m                  ██[38;2;247;140;167m████[38;2;0;0;0m██                                      
[38;2;0;0;0m                    ████                                        
[38;2;0;0;0m                                                                [0m
