
[38;2;0;0;0m                                        
[38;2;0;0;0m                          [38;2;49;49;49m████[38;2;0;0;0m          
[38;2;0;0;0m                        [38;2;49;49;49m██[38;2;106;106;189m██[38;2;49;49;49m██[38;2;0;0;0m    [38;2;49;49;49m████[38;2;0;0;0m  
[38;2;0;0;0m        [38;2;49;49;49m██████████[38;2;0;0;0m      [38;2;49;49;49m██[38;2;106;106;189m██[38;2;49;49;49m██[38;2;0;0;0m  [38;2;49;49;49m██[38;2;106;106;189m██[38;2;49;49;49m██[38;2;0;0;0m  
[38;2;0;0;0m      [38;2;49;49;49m██[38;2;106;106;189m██[38;2;246;98;123m██[38;2;106;106;189m██████[38;2;49;49;49m██[38;2;0;0;0m  [38;2;49;49;49m██[38;2;106;106;189m██[38;2;49;49;49m██[38;2;0;0;0m  [38;2;49;49;49m██[38;2;106;106;189m██[38;2;49;49;49m██[38;2;0;0;0m    
[38;2;0;0;0m    [38;2;49;49;49m██[38;2;106;106;189m██[38;2;246;98;123m████[38;2;106;106;189m████████[38;2;49;49;49m████[38;2;106;106;189m██[38;2;49;49;49m████[38;2;106;106;189m██[38;2;82;82;148m██[38;2;49;49;49m██[38;2;0;0;0m    
[38;2;0;0;0m    [38;2;49;49;49m██[38;2;246;98;123m████████[38;2;197;57;82m██[38;2;255;255;255m██[38;2;106;106;189m████[38;2;82;82;148m██[38;2;106;106;189m██████[38;2;82;82;148m██[38;2;49;49;49m██[38;2;0;0;0m      
[38;2;0;0;0m    [38;2;49;49;49m██[38;2;255;205;65m████[38;2;246;98;123m██[38;2;255;255;255m██[38;2;49;49;49m██[38;2;255;255;255m██[38;2;106;106;189m████[38;2;82;82;82m████[38;2;106;106;189m██[38;2;82;82;148m██[38;2;49;49;49m██[38;2;0;0;0m        
[38;2;0;0;0m  [38;2;49;49;49m██[38;2;255;205;65m████████[38;2;49;49;49m████[38;2;164;172;246m██[38;2;106;106;189m██[38;2;82;82;82m██[38;2;106;106;189m████[38;2;82;82;82m██[38;2;49;49;49m██[38;2;0;0;0m          
[38;2;0;0;0m    [38;2;49;49;49m██[38;2;197;57;82m██[38;2;255;156;90m██[38;2;255;205;65m████[38;2;255;156;90m██[38;2;106;106;189m██[38;2;82;82;82m██[38;2;106;106;189m██████████[38;2;49;49;49m██████[38;2;0;0;0m    
[38;2;0;0;0m      [38;2;49;49;49m██[38;2;246;98;123m██████[38;2;255;255;255m████[38;2;82;82;82m██[38;2;106;106;189m████████████████[38;2;49;49;49m██[38;2;0;0;0m  
[38;2;0;0;0m      [38;2;49;49;49m██[38;2;197;57;82m██[38;2;246;98;123m██[38;2;255;255;255m██████[38;2;164;172;246m██[38;2;82;82;82m██[38;2;106;106;189m████████[38;2;49;49;49m██████[38;2;0;0;0m    
[38;2;0;0;0m        [38;2;49;49;49m██[38;2;164;172;246m██[38;2;255;255;255m████████[38;2;82;82;82m██[38;2;82;82;148m██[38;2;82;82;82m██[38;2;49;49;49m████[38;2;0;0;0m          
[38;2;0;0;0m          [38;2;49;49;49m████[38;2;255;255;255m████[38;2;82;82;82m██[38;2;106;106;189m██[38;2;49;49;49m████[38;2;0;0;0m              
[38;2;0;0;0m              [38;2;49;49;49m██████[38;2;255;205;65m██[38;2;49;49;49m██[38;2;0;0;0m                
[38;2;0;0;0m                    [38;2;49;49;49m██[38;2;0;0;0m                  
[38;2;0;0;0m                                        [0m
