
[38;2;0;0;0m                                                              
[38;2;0;0;0m                        [38;2;49;49;49m██████[38;2;0;0;0m  [38;2;49;49;49m██████[38;2;0;0;0m                        
[38;2;0;0;0m                    [38;2;49;49;49m████[38;2;148;197;255m████[38;2;90;123;205m██[38;2;49;49;49m██[38;2;148;197;255m██████[38;2;49;49;49m████[38;2;0;0;0m                    
[38;2;0;0;0m                  [38;2;49;49;49m██[38;2;115;172;255m████[38;2;82;82;82m██[38;2;115;172;255m██[38;2;148;197;255m██[38;2;115;172;255m████████[38;2;148;197;255m██[38;2;115;172;255m██[38;2;49;49;49m██[38;2;0;0;0m                  
[38;2;0;0;0m                [38;2;49;49;49m██[38;2;115;172;255m██████[38;2;148;197;255m████[38;2;115;172;255m████[38;2;82;82;82m██████[38;2;115;172;255m██████[38;2;49;49;49m██[38;2;0;0;0m                
[38;2;0;0;0m                [38;2;49;49;49m██[38;2;82;82;82m██[38;2;115;172;255m██[38;2;82;82;82m████[38;2;90;123;205m██[38;2;115;172;255m██[38;2;82;82;82m██[38;2;115;172;255m██[38;2;148;197;255m████[38;2;82;82;82m██[38;2;115;172;255m████[38;2;49;49;49m██[38;2;0;0;0m                
[38;2;0;0;0m              [38;2;49;49;49m██[38;2;90;123;205m████[38;2;82;82;82m██[38;2;115;172;255m██[38;2;148;197;255m████[38;2;115;172;255m████[38;2;82;82;82m████[38;2;115;172;255m██[38;2;148;197;255m██[38;2;82;82;82m██[38;2;115;172;255m████[38;2;49;49;49m██[38;2;0;0;0m              
[38;2;0;0;0m              [38;2;49;49;49m██[38;2;82;82;82m████[38;2;115;172;255m██[38;2;90;123;205m██[38;2;82;82;82m████[38;2;115;172;255m████████████[38;2;90;123;205m██[38;2;115;172;255m██[38;2;90;123;205m██[38;2;49;49;49m██[38;2;0;0;0m              
[38;2;0;0;0m    [38;2;49;49;49m████[38;2;0;0;0m      [38;2;49;49;49m██[38;2;115;172;255m██[38;2;90;123;205m████[38;2;82;82;82m██[38;2;255;255;255m██[38;2;156;156;156m██[38;2;82;82;82m██[38;2;90;123;205m██[38;2;115;172;255m██[38;2;90;123;205m██[38;2;115;172;255m████████[38;2;90;123;205m██[38;2;115;172;255m██[38;2;49;49;49m██[38;2;0;0;0m            
[38;2;0;0;0m  [38;2;49;49;49m██[38;2;180;74;106m████[38;2;49;49;49m██[38;2;0;0;0m  [38;2;49;49;49m██[38;2;115;172;255m██[38;2;90;123;205m██[38;2;82;82;82m████[38;2;255;255;255m██[38;2;49;49;49m██[38;2;115;115;115m████[38;2;82;82;82m██[38;2;90;123;205m██[38;2;115;172;255m██[38;2;82;82;82m██[38;2;115;172;255m██████[38;2;90;123;205m██[38;2;82;82;82m██[38;2;49;49;49m██[38;2;0;0;0m            
[38;2;0;0;0m  [38;2;49;49;49m██[38;2;180;74;106m██[38;2;90;123;205m████[38;2;49;49;49m████[38;2;115;172;255m██[38;2;82;82;82m██[38;2;90;123;205m██[38;2;82;82;82m██[38;2;156;156;156m██[38;2;255;255;255m██[38;2;115;115;115m██[38;2;156;156;156m██[38;2;255;255;255m██[38;2;82;82;82m██[38;2;115;172;255m██[38;2;82;82;82m██[38;2;90;123;205m██[38;2;115;172;255m██[38;2;82;82;82m██[38;2;90;123;205m████[38;2;49;49;49m██[38;2;0;0;0m            
[38;2;0;0;0m    [38;2;49;49;49m████[38;2;90;123;205m████[38;2;82;82;82m██[38;2;115;172;255m██[38;2;82;82;82m██[38;2;115;172;255m██[38;2;82;82;82m██[38;2;115;115;115m██████[38;2;255;255;255m██[38;2;49;49;49m██[38;2;82;82;82m██[38;2;115;172;255m██[38;2;90;123;205m██[38;2;82;82;82m████[38;2;90;123;205m██████[38;2;49;49;49m██[38;2;0;0;0m            
[38;2;0;0;0m        [38;2;49;49;49m██████[38;2;90;123;205m██[38;2;82;82;82m██[38;2;90;123;205m██[38;2;115;172;255m██[38;2;82;82;82m████[38;2;115;115;115m██[38;2;156;156;156m██[38;2;255;255;255m██[38;2;82;82;82m████[38;2;115;172;255m██[38;2;90;123;205m██[38;2;82;82;82m██[38;2;90;123;205m██[38;2;82;82;82m██[38;2;49;49;49m██[38;2;0;0;0m              
[38;2;0;0;0m              [38;2;49;49;49m██[38;2;90;123;205m██[38;2;82;82;82m██[38;2;90;123;205m██[38;2;115;172;255m████[38;2;82;82;82m██████[38;2;90;123;205m██[38;2;82;82;82m██████[38;2;90;123;205m██[38;2;82;82;82m██[38;2;90;123;205m██[38;2;49;49;49m██[38;2;0;0;0m              
[38;2;0;0;0m            [38;2;49;49;49m██[38;2;82;82;82m██[38;2;90;123;205m████[38;2;82;82;82m██[38;2;90;123;205m██████████████[38;2;82;82;82m██[38;2;90;123;205m██[38;2;115;172;255m██[38;2;82;82;82m██[38;2;90;123;205m████[38;2;49;49;49m██[38;2;0;0;0m            
[38;2;0;0;0m          [38;2;49;49;49m██[38;2;90;123;205m████[38;2;82;82;82m██[38;2;90;123;205m████[38;2;82;82;82m██████[38;2;90;123;205m████[38;2;82;82;82m████[38;2;115;172;255m████[38;2;82;82;82m██[38;2;90;123;205m██[38;2;82;82;82m██[38;2;90;123;205m██[38;2;49;49;49m██[38;2;0;0;0m    [38;2;49;49;49m████[38;2;0;0;0m    
[38;2;0;0;0m            [38;2;49;49;49m████[38;2;90;123;205m████[38;2;82;82;82m██[38;2;90;123;205m██████████████[38;2;82;82;82m██[38;2;90;123;205m██████[38;2;82;82;82m██[38;2;90;123;205m██[38;2;115;172;255m██[38;2;49;49;49m████[38;2;222;98;131m████[38;2;49;49;49m██[38;2;0;0;0m  
[38;2;0;0;0m                [38;2;49;49;49m████[38;2;82;82;82m██████[38;2;90;123;205m████[38;2;82;82;82m████[38;2;90;123;205m████[38;2;82;82;82m██[38;2;90;123;205m██[38;2;82;82;82m██[38;2;90;123;205m██[38;2;82;82;82m██[38;2;115;172;255m██████[38;2;180;74;106m████[38;2;49;49;49m██[38;2;0;0;0m  
[38;2;0;0;0m                  [38;2;49;49;49m██[38;2;82;82;82m██████████[38;2;115;115;115m████[38;2;82;82;82m██[38;2;90;123;205m██[38;2;82;82;82m██[38;2;90;123;205m██[38;2;82;82;82m██[38;2;90;123;205m██[38;2;49;49;49m████[38;2;115;172;255m██[38;2;180;74;106m████[38;2;49;49;49m██[38;2;0;0;0m    
[38;2;0;0;0m                    [38;2;49;49;49m██████[38;2;82;82;82m██[38;2;115;115;115m████████[38;2;82;82;82m██[38;2;115;115;115m██[38;2;82;82;82m████[38;2;49;49;49m██[38;2;0;0;0m    [38;2;49;49;49m██████[38;2;0;0;0m      
[38;2;0;0;0m                          [38;2;49;49;49m██████[38;2;180;74;106m██[38;2;115;115;115m██████[38;2;180;74;106m██[38;2;49;49;49m██[38;2;0;0;0m                  
[38;2;0;0;0m                                [38;2;49;49;49m██[38;2;180;74;106m██████[38;2;82;82;82m██[38;2;49;49;49m██[38;2;0;0;0m                  
[38;2;0;0;0m                                  [38;2;49;49;49m████████[38;2;0;0;0m                    
[38;2;0;0;0m                                                              [0m
