
         [38;2;32;32;32m▄▄             [0m
       [38;2;32;32;32m▄[48;2;82;82;82m▀[38;2;189;172;65m▀[38;2;32;32;32m[48;2;32;32;32m▀[49m   ▄         [0m
   [38;2;32;32;32m▄▄▄ [48;2;32;32;32m▀[38;2;82;82;82m[48;2;82;82;82m▀[38;2;32;32;32m▀[49m▄  [48;2;32;32;32m▀[38;2;189;172;65m[48;2;189;172;65m▀[38;2;32;32;32m[48;2;32;32;32m▀[49m        [0m
 [38;2;32;32;32m▄[48;2;131;98;41m▀[38;2;246;82;74m[48;2;246;82;74m▀▀[38;2;172;82;98m▀[38;2;32;32;32m▀[48;2;82;82;82m▀[38;2;82;82;82m[48;2;65;65;65m▀▀[38;2;32;32;32m[48;2;246;82;74m▀[49m▄[48;2;65;65;65m▀[38;2;82;82;82m[48;2;82;82;82m▀▀[38;2;32;32;32m[48;2;32;32;32m▀[49m        [0m
 [38;2;32;32;32m▀[38;2;255;255;255m[48;2;32;32;32m▀[38;2;131;98;41m[48;2;131;98;41m▀[38;2;246;82;74m▀[48;2;82;82;82m▀[38;2;82;82;82m[48;2;246;82;74m▀[38;2;246;82;74m▀▀[48;2;172;82;98m▀[38;2;172;82;98m[48;2;246;82;74m▀[38;2;65;65;65m▀[38;2;82;82;82m[48;2;65;65;65m▀▀[38;2;65;65;65m[48;2;246;82;74m▀[38;2;246;82;74m[48;2;82;82;82m▀[38;2;32;32;32m[48;2;32;32;32m▀[49m       [0m
   [38;2;32;32;32m▀[38;2;255;255;255m[48;2;32;32;32m▀[38;2;82;82;82m▀[38;2;246;82;74m[48;2;246;82;74m▀▀[38;2;172;82;98m[48;2;172;82;98m▀[38;2;246;82;74m[48;2;246;82;74m▀▀▀▀[48;2;82;82;82m▀[38;2;82;82;82m▀[48;2;131;98;41m▀[38;2;189;172;65m▀[38;2;32;32;32m[48;2;246;82;74m▀[49m▄▄    [0m
     [38;2;32;32;32m▀[38;2;172;82;98m[48;2;32;32;32m▀[38;2;246;82;74m[48;2;65;65;65m▀[38;2;172;82;98m[48;2;172;82;98m▀[38;2;246;82;74m[48;2;246;82;74m▀▀▀[38;2;82;82;82m[48;2;82;82;82m▀[48;2;189;172;65m▀[38;2;246;82;74m[48;2;131;98;41m▀[48;2;246;82;74m▀▀▀▀[38;2;172;82;98m▀[38;2;32;32;32m▀[49m▄  [0m
    [38;2;32;32;32m▄[48;2;65;65;65m▀[38;2;246;82;74m[48;2;246;82;74m▀[38;2;189;172;65m[48;2;65;65;65m▀[38;2;148;131;65m[48;2;148;131;65m▀[38;2;82;82;82m▀[38;2;172;82;98m[48;2;32;32;32m▀[38;2;246;82;74m[48;2;74;172;156m▀[38;2;82;82;82m[48;2;65;65;65m▀[38;2;131;98;41m▀[38;2;255;255;255m▀[38;2;131;98;41m[48;2;172;82;98m▀[48;2;255;255;255m▀[38;2;246;82;74m[48;2;131;98;41m▀▀[48;2;246;82;74m▀▀[48;2;82;82;82m▀[38;2;32;32;32m[48;2;32;32;32m▀[49m [0m
   [38;2;32;32;32m[48;2;32;32;32m▀[38;2;65;65;65m[48;2;65;65;65m▀▀[38;2;172;82;98m▀[38;2;82;82;82m[48;2;205;205;205m▀[38;2;65;65;65m[48;2;65;65;65m▀[38;2;82;82;82m[48;2;82;82;82m▀[38;2;246;82;74m▀[48;2;255;255;255m▀[38;2;205;205;205m[48;2;65;65;65m▀[38;2;65;65;65m[48;2;246;82;74m▀▀[38;2;32;32;32m[48;2;32;32;32m▀[49m▀▀[38;2;255;255;255m[48;2;32;32;32m▀[38;2;131;98;41m▀[38;2;82;82;82m▀[38;2;32;32;32m[49m▀  [0m
   [38;2;32;32;32m[48;2;32;32;32m▀[38;2;65;65;65m[48;2;189;172;65m▀▀[38;2;32;32;32m[48;2;32;32;32m▀[49m▀[38;2;65;65;65m[48;2;32;32;32m▀[48;2;205;205;205m▀▀[48;2;65;65;65m▀[38;2;246;82;74m[48;2;172;82;98m▀[48;2;65;65;65m▀[38;2;65;65;65m[48;2;82;82;82m▀[38;2;32;32;32m▀[49m▄       [0m
    [38;2;32;32;32m▀▀   [48;2;32;32;32m▀[38;2;65;65;65m[48;2;148;131;65m▀[48;2;32;32;32m▀[38;2;32;32;32m[49m▀[38;2;82;82;82m[48;2;32;32;32m▀[48;2;82;82;82m▀▀▀[38;2;32;32;32m[48;2;32;32;32m▀[49m      [0m
       [38;2;32;32;32m▄[48;2;189;172;65m▀[38;2;189;172;65m[48;2;82;82;82m▀▀▀[38;2;32;32;32m[48;2;189;172;65m▀[48;2;65;65;65m▀[38;2;82;82;82m[48;2;189;172;65m▀▀[38;2;189;172;65m[48;2;82;82;82m▀[38;2;32;32;32m[48;2;32;32;32m▀[49m      [0m
       [38;2;32;32;32m▀[38;2;189;172;65m[48;2;32;32;32m▀[48;2;189;172;65m▀▀▀[48;2;82;82;82m▀[38;2;32;32;32m[48;2;32;32;32m▀[49m▀▀▀       [0m
         [38;2;32;32;32m▀▀▀▀           [0m
