
               [38;2;32;32;32m▄▄▄▄           [0m
            [38;2;32;32;32m▄[48;2;255;238;49m▀▀[38;2;255;238;49m▀[48;2;172;98;65m▀▀[38;2;32;32;32m▀[48;2;230;131;65m▀▀▀[49m▄       [0m
          [38;2;32;32;32m▄[48;2;230;131;65m▀[38;2;255;238;49m▀[38;2;230;131;65m▀[38;2;255;238;49m▀[38;2;230;131;65m▀▀[48;2;32;32;32m▀▀[38;2;32;32;32m[49m▀▀▀        [0m
           [38;2;32;32;32m[48;2;32;32;32m▀[38;2;230;131;65m[48;2;172;98;65m▀[48;2;230;131;65m▀▀▀[38;2;32;32;32m▀[49m▄            [0m
  [38;2;32;32;32m▄[48;2;255;238;49m▀[49m▄ ▄[48;2;255;238;49m▀▀[48;2;82;82;82m▀[49m▄ [48;2;32;32;32m▀[38;2;230;131;65m[48;2;230;131;65m▀▀▀[38;2;32;32;32m▀[49m▄  ▄▄    ▄   [0m
 [38;2;32;32;32m[48;2;32;32;32m▀[38;2;189;172;74m[48;2;82;82;82m▀[48;2;189;172;74m▀[38;2;255;238;49m▀[38;2;32;32;32m[48;2;82;82;82m▀[38;2;255;238;49m[48;2;172;139;106m▀[38;2;172;139;106m[48;2;255;255;255m▀[38;2;82;82;82m[48;2;82;82;82m▀[48;2;164;148;49m▀[38;2;164;148;49m[48;2;255;255;255m▀[38;2;32;32;32m[48;2;230;131;65m▀[38;2;230;131;65m▀[48;2;82;82;82m▀[38;2;82;82;82m▀[48;2;255;255;255m▀[38;2;32;32;32m▀[49m▄▄[48;2;255;238;49m▀[38;2;255;238;49m▀▀[38;2;32;32;32m▀[49m▄▄[48;2;255;238;49m▀[38;2;255;238;49m[48;2;189;172;74m▀[38;2;32;32;32m[48;2;255;238;49m▀[49m▄ [0m
 [38;2;32;32;32m▀[38;2;189;172;74m[48;2;32;32;32m▀[48;2;189;172;74m▀[38;2;82;82;82m[48;2;82;82;82m▀[38;2;255;238;49m[48;2;189;172;74m▀[38;2;172;139;106m[48;2;255;255;255m▀[38;2;82;82;82m[48;2;82;82;82m▀[38;2;164;148;49m[48;2;164;148;49m▀[38;2;82;82;82m[48;2;82;82;82m▀[38;2;74;172;156m[48;2;74;172;156m▀[38;2;32;32;32m[48;2;82;82;82m▀[38;2;230;131;65m[48;2;230;131;65m▀[38;2;82;82;82m[48;2;82;82;82m▀[38;2;255;255;255m[48;2;74;172;156m▀[38;2;32;32;32m[48;2;32;32;32m▀[38;2;74;172;156m[48;2;74;172;156m▀[38;2;32;32;32m[48;2;32;32;32m▀[38;2;255;238;49m[48;2;189;172;74m▀[48;2;255;238;49m▀▀▀▀[38;2;189;172;74m▀[38;2;255;238;49m▀▀[48;2;189;172;74m▀[38;2;189;172;74m[48;2;255;238;49m▀[38;2;32;32;32m[48;2;32;32;32m▀[49m [0m
   [38;2;32;32;32m▀[48;2;32;32;32m▀[38;2;255;238;49m[48;2;189;172;74m▀[38;2;172;139;106m[48;2;255;255;255m▀[38;2;82;82;82m[48;2;82;82;82m▀[38;2;164;148;49m[48;2;164;148;49m▀▀[38;2;82;82;82m▀[38;2;230;131;65m[48;2;82;82;82m▀▀[38;2;82;82;82m[48;2;230;131;65m▀[48;2;82;82;82m▀[38;2;74;172;156m▀[38;2;32;32;32m[48;2;32;32;32m▀[38;2;255;255;255m[48;2;131;106;41m▀[38;2;131;106;41m[48;2;189;172;74m▀[38;2;255;238;49m[48;2;255;238;49m▀[48;2;189;172;74m▀[38;2;172;139;106m[48;2;131;106;41m▀[38;2;131;106;41m[48;2;255;238;49m▀[38;2;255;238;49m[48;2;172;139;106m▀[38;2;189;172;74m[48;2;255;238;49m▀[38;2;255;238;49m[48;2;32;32;32m▀▀[38;2;32;32;32m[49m▀  [0m
    [38;2;32;32;32m[48;2;32;32;32m▀[38;2;131;106;41m[48;2;82;82;82m▀[38;2;172;139;106m[48;2;255;238;49m▀[38;2;82;82;82m▀[48;2;82;82;82m▀[38;2;164;148;49m▀[38;2;82;82;82m▀[48;2;164;148;49m▀[38;2;255;255;255m[48;2;82;82;82m▀[38;2;82;82;82m▀[38;2;255;255;255m▀[38;2;82;82;82m▀[38;2;32;32;32m[48;2;32;32;32m▀[38;2;255;255;255m[48;2;131;106;41m▀[38;2;131;106;41m[48;2;189;172;74m▀[38;2;255;238;49m[48;2;255;238;49m▀[38;2;172;139;106m[48;2;131;106;41m▀[38;2;230;131;65m[48;2;172;139;106m▀[38;2;131;106;41m[48;2;255;238;49m▀[38;2;172;139;106m[48;2;131;106;41m▀[38;2;255;238;49m[48;2;255;238;49m▀[38;2;32;32;32m[48;2;32;32;32m▀[49m    [0m
     [38;2;32;32;32m[48;2;32;32;32m▀[38;2;189;172;74m[48;2;82;82;82m▀[38;2;82;82;82m▀▀[48;2;164;148;49m▀[38;2;164;148;49m[48;2;82;82;82m▀[38;2;82;82;82m[48;2;230;131;65m▀[38;2;172;98;65m▀[38;2;230;131;65m▀[38;2;172;98;65m▀[38;2;82;82;82m▀[38;2;32;32;32m[48;2;82;82;82m▀[38;2;255;255;255m[48;2;32;32;32m▀[38;2;131;106;41m[48;2;255;238;49m▀[38;2;255;238;49m▀[38;2;131;106;41m▀[38;2;255;255;255m[48;2;131;106;41m▀[38;2;172;139;106m▀[38;2;131;106;41m[48;2;189;172;74m▀[38;2;189;172;74m[48;2;32;32;32m▀[38;2;32;32;32m[49m▀    [0m
    [38;2;32;32;32m[48;2;32;32;32m▀[38;2;82;82;82m[48;2;82;82;82m▀[48;2;32;32;32m▀[38;2;32;32;32m▀[49m▀▀▀[38;2;172;98;65m[48;2;32;32;32m▀[38;2;230;131;65m[48;2;82;82;82m▀[38;2;172;98;65m[48;2;230;131;65m▀[38;2;230;131;65m[48;2;82;82;82m▀▀[38;2;172;98;65m[48;2;32;32;32m▀[38;2;32;32;32m[48;2;230;131;65m▀[38;2;230;131;65m[48;2;255;255;255m▀[38;2;82;82;82m[48;2;82;82;82m▀[38;2;189;172;74m▀[48;2;189;172;74m▀[48;2;32;32;32m▀▀[38;2;32;32;32m[49m▀     [0m
    [38;2;32;32;32m▀▀   ▄[48;2;172;98;65m▀[38;2;82;82;82m[48;2;82;82;82m▀[38;2;230;131;65m[48;2;230;131;65m▀[48;2;82;82;82m▀[38;2;82;82;82m[48;2;32;32;32m▀[38;2;172;98;65m[48;2;172;98;65m▀[38;2;32;32;32m[48;2;32;32;32m▀[38;2;255;255;255m[48;2;82;82;82m▀[38;2;82;82;82m[48;2;32;32;32m▀[38;2;32;32;32m[49m▀▀▀        [0m
         [38;2;32;32;32m[48;2;32;32;32m▀[38;2;172;98;65m▀▀[38;2;32;32;32m[49m▀▀ ▀[38;2;172;98;65m[48;2;32;32;32m▀[38;2;32;32;32m[48;2;172;98;65m▀[48;2;32;32;32m▀[49m           [0m
                 [38;2;32;32;32m▀▀           [0m
