
          [38;2;32;32;32m▄▄          [0m
        [38;2;32;32;32m▄[48;2;255;255;255m▀[38;2;246;164;197m[48;2;115;98;65m▀[48;2;246;164;197m▀[38;2;32;32;32m[48;2;197;123;164m▀[49m▄        [0m
      [38;2;32;32;32m▄[48;2;115;98;65m▀[38;2;115;98;65m[48;2;255;255;255m▀[48;2;115;98;65m▀[38;2;197;123;164m[48;2;246;164;197m▀[38;2;246;164;197m▀▀[38;2;32;32;32m▀[49m▄       [0m
  [38;2;32;32;32m▄[48;2;164;82;106m▀[48;2;238;98;123m▀[48;2;82;82;82m▀[38;2;82;82;82m[48;2;189;189;197m▀[38;2;255;255;255m[48;2;82;82;82m▀[48;2;255;255;255m▀[38;2;189;189;197m▀[38;2;115;98;65m[48;2;115;98;65m▀[38;2;246;164;197m[48;2;246;164;197m▀▀[48;2;82;82;82m▀▀[38;2;32;32;32m▀[49m▄     [0m
  [38;2;32;32;32m▀[38;2;238;98;123m[48;2;32;32;32m▀[38;2;164;82;106m[48;2;82;82;82m▀[38;2;82;82;82m[48;2;238;98;123m▀[48;2;74;172;156m▀[38;2;189;189;197m[48;2;82;82;82m▀[38;2;82;82;82m[48;2;189;189;197m▀▀▀▀▀[38;2;189;189;197m[48;2;82;82;82m▀[48;2;32;32;32m▀[38;2;32;32;32m[48;2;238;98;123m▀[49m▄▄    [0m
  [38;2;32;32;32m▄[48;2;238;98;123m▀[38;2;238;98;123m[48;2;82;82;82m▀[38;2;82;82;82m[48;2;164;82;106m▀[38;2;32;32;32m[48;2;32;32;32m▀[38;2;98;98;98m[48;2;98;98;98m▀[38;2;82;82;82m▀[48;2;74;172;156m▀[38;2;139;222;197m[48;2;32;32;32m▀[38;2;82;82;82m[48;2;74;172;156m▀[48;2;238;98;123m▀[38;2;164;82;106m[48;2;82;82;82m▀[38;2;238;98;123m[48;2;238;98;123m▀▀[48;2;164;82;106m▀[48;2;238;98;123m▀[38;2;32;32;32m[48;2;82;82;82m▀[48;2;246;164;197m▀[49m▄ [0m
 [38;2;32;32;32m▄[48;2;238;98;123m▀[38;2;238;98;123m▀[38;2;82;82;82m[48;2;32;32;32m▀[38;2;32;32;32m[49m▀[38;2;189;189;197m[48;2;32;32;32m▀[38;2;98;98;98m[48;2;82;82;82m▀[48;2;98;98;98m▀[38;2;74;172;156m▀[38;2;32;32;32m[48;2;255;255;255m▀[38;2;74;172;156m[48;2;82;82;82m▀[38;2;238;98;123m[48;2;238;98;123m▀[38;2;82;82;82m[48;2;82;82;82m▀[48;2;164;82;106m▀[38;2;238;98;123m[48;2;82;82;82m▀▀[38;2;82;82;82m▀[38;2;197;123;164m[48;2;197;123;164m▀▀[38;2;32;32;32m[48;2;32;32;32m▀[49m [0m
 [38;2;32;32;32m[48;2;32;32;32m▀[38;2;238;98;123m[48;2;238;98;123m▀[38;2;164;82;106m[48;2;164;82;106m▀[38;2;238;98;123m[48;2;238;98;123m▀[38;2;32;32;32m[48;2;82;82;82m▀[48;2;255;255;255m▀[38;2;255;255;255m[48;2;82;82;82m▀[38;2;82;82;82m[48;2;98;98;98m▀[48;2;255;255;255m▀▀[48;2;82;82;82m▀[38;2;238;98;123m[48;2;238;98;123m▀[38;2;82;82;82m[48;2;164;82;106m▀[38;2;189;189;197m[48;2;82;82;82m▀[38;2;164;82;106m[48;2;189;189;197m▀[38;2;82;82;82m[48;2;164;82;106m▀[38;2;197;123;164m[48;2;82;82;82m▀[48;2;197;123;164m▀[38;2;82;82;82m[48;2;32;32;32m▀[38;2;32;32;32m[49m▀ [0m
  [38;2;32;32;32m▀[38;2;238;98;123m[48;2;32;32;32m▀[38;2;82;82;82m[48;2;246;164;197m▀[38;2;98;98;98m[48;2;98;98;98m▀[38;2;255;255;255m[48;2;255;255;255m▀[38;2;98;98;98m[48;2;98;98;98m▀[38;2;82;82;82m[48;2;238;98;123m▀[38;2;98;98;98m[48;2;82;82;82m▀▀[38;2;82;82;82m▀[38;2;238;98;123m[48;2;238;98;123m▀▀[38;2;82;82;82m[48;2;82;82;82m▀[38;2;255;255;255m[48;2;255;255;255m▀[38;2;164;82;106m[48;2;164;82;106m▀[38;2;197;123;164m[48;2;197;123;164m▀[38;2;32;32;32m[48;2;32;32;32m▀[49m   [0m
   [38;2;32;32;32m[48;2;32;32;32m▀[38;2;246;164;197m[48;2;197;123;164m▀[38;2;115;98;65m[48;2;115;98;65m▀[38;2;98;98;98m[48;2;189;189;197m▀[38;2;255;255;255m[48;2;98;98;98m▀[38;2;189;189;197m▀[38;2;238;98;123m[48;2;255;255;255m▀▀[38;2;82;82;82m[48;2;82;82;82m▀[38;2;164;82;106m▀[38;2;238;98;123m▀[38;2;82;82;82m[48;2;115;98;65m▀[38;2;164;82;106m[48;2;246;164;197m▀[38;2;246;164;197m[48;2;197;123;164m▀[38;2;197;123;164m▀[38;2;32;32;32m[48;2;32;32;32m▀[49m   [0m
    [38;2;32;32;32m[48;2;32;32;32m▀[38;2;115;98;65m[48;2;197;123;164m▀[38;2;180;148;90m[48;2;115;98;65m▀[38;2;189;189;197m[48;2;189;189;197m▀[48;2;115;98;65m▀[38;2;82;82;82m▀[48;2;246;164;197m▀[48;2;115;98;65m▀[38;2;115;98;65m[48;2;238;98;123m▀[48;2;115;98;65m▀[38;2;238;98;123m[48;2;238;98;123m▀[38;2;115;98;65m[48;2;115;98;65m▀[38;2;197;123;164m[48;2;197;123;164m▀[38;2;32;32;32m[48;2;32;32;32m▀[49m    [0m
     [38;2;32;32;32m▀[38;2;197;123;164m[48;2;32;32;32m▀[38;2;115;98;65m[48;2;189;189;197m▀▀[38;2;197;123;164m[48;2;115;98;65m▀[48;2;197;123;164m▀[38;2;115;98;65m[48;2;115;98;65m▀[48;2;238;98;123m▀[48;2;115;98;65m▀[48;2;164;82;106m▀[48;2;32;32;32m▀[38;2;32;32;32m[49m▀     [0m
       [38;2;32;32;32m▀▀[38;2;115;98;65m[48;2;32;32;32m▀[38;2;197;123;164m▀▀[38;2;115;98;65m▀[38;2;32;32;32m[49m▀▀       [0m
                      [0m
