
[38;2;0;0;0m                                    
[38;2;0;0;0m      [38;2;49;49;49m██████[38;2;0;0;0m                        
[38;2;0;0;0m    [38;2;49;49;49m██[38;2;246;156;41m██[38;2;255;189;115m████[38;2;49;49;49m██[38;2;0;0;0m                      
[38;2;0;0;0m  [38;2;49;49;49m██[38;2;246;156;41m██████████[38;2;49;49;49m██[38;2;0;0;0m                    
[38;2;0;0;0m  [38;2;49;49;49m██[38;2;246;156;41m██[38;2;82;82;82m████[38;2;246;156;41m██[38;2;82;82;82m████[38;2;49;49;49m████[38;2;0;0;0m    [38;2;49;49;49m██████[38;2;0;0;0m      
[38;2;0;0;0m  [38;2;49;49;49m██[38;2;189;123;57m██[38;2;82;82;82m████[38;2;189;123;57m██[38;2;238;205;123m████[38;2;246;156;41m██[38;2;189;123;57m██[38;2;49;49;49m████[38;2;246;156;41m██[38;2;255;189;115m████[38;2;49;49;49m██[38;2;0;0;0m    
[38;2;0;0;0m    [38;2;49;49;49m██[38;2;189;123;57m██[38;2;246;156;41m██[38;2;238;205;123m██[38;2;246;156;41m████████[38;2;189;123;57m██[38;2;246;156;41m██[38;2;255;189;115m██[38;2;246;156;41m██████[38;2;49;49;49m██[38;2;0;0;0m  
[38;2;0;0;0m      [38;2;49;49;49m██[38;2;255;255;255m██[38;2;238;205;123m██[38;2;246;156;41m████[38;2;238;205;123m██[38;2;246;156;41m████████[38;2;189;123;57m████[38;2;246;156;41m██[38;2;49;49;49m██[38;2;0;0;0m  
[38;2;0;0;0m    [38;2;49;49;49m██[38;2;82;82;82m██[38;2;49;49;49m██[38;2;246;156;41m██[38;2;238;205;123m████[38;2;246;156;41m████████[38;2;82;82;82m████[38;2;189;123;57m████[38;2;49;49;49m██[38;2;0;0;0m  
[38;2;0;0;0m    [38;2;49;49;49m██[38;2;246;156;41m██[38;2;255;255;82m██[38;2;131;131;115m██[38;2;255;255;82m██[38;2;246;156;41m██[38;2;49;49;49m██[38;2;255;255;255m██[38;2;246;156;41m████[38;2;82;82;82m████[38;2;189;123;57m██[38;2;49;49;49m██[38;2;0;0;0m    
[38;2;0;0;0m    [38;2;49;49;49m██[38;2;255;255;82m██████████[38;2;82;82;82m██[38;2;49;49;49m██[38;2;246;156;41m██[38;2;222;139;49m██[38;2;189;123;57m██[38;2;49;49;49m████[38;2;0;0;0m      
[38;2;0;0;0m      [38;2;49;49;49m██[38;2;255;255;82m██[38;2;82;82;82m████[38;2;255;255;82m████[38;2;246;156;41m██[38;2;222;139;49m██[38;2;189;123;57m████[38;2;49;49;49m██[38;2;0;0;0m        
[38;2;0;0;0m      [38;2;49;49;49m██[38;2;82;82;82m██[38;2;255;189;115m████[38;2;82;82;82m██[38;2;189;164;65m██[38;2;189;123;57m██████[38;2;49;49;49m██[38;2;0;0;0m          
[38;2;0;0;0m      [38;2;49;49;49m██[38;2;246;156;41m██████[38;2;82;82;82m██[38;2;189;123;57m████[38;2;82;82;82m██[38;2;49;49;49m██[38;2;0;0;0m            
[38;2;0;0;0m    [38;2;49;49;49m██[38;2;189;123;57m██[38;2;246;156;41m████[38;2;82;82;82m██[38;2;246;156;41m████[38;2;189;123;57m██[38;2;246;156;41m██[38;2;189;123;57m██[38;2;49;49;49m██[38;2;0;0;0m          
[38;2;0;0;0m    [38;2;49;49;49m██[38;2;222;139;49m██[38;2;189;123;57m████[38;2;246;156;41m██████[38;2;222;139;49m██[38;2;189;123;57m██[38;2;246;156;41m████[38;2;49;49;49m██[38;2;0;0;0m        
[38;2;0;0;0m      [38;2;49;49;49m██[38;2;222;139;49m██████[38;2;246;156;41m██████[38;2;82;82;82m██[38;2;246;156;41m████[38;2;49;49;49m██[38;2;0;0;0m        
[38;2;0;0;0m    [38;2;49;49;49m██[38;2;255;255;255m██[38;2;189;123;57m██[38;2;82;82;82m██[38;2;189;123;57m██[38;2;222;139;49m██[38;2;189;123;57m██████[38;2;82;82;82m██[38;2;49;49;49m██[38;2;0;0;0m          
[38;2;0;0;0m      [38;2;49;49;49m████████[38;2;189;123;57m██[38;2;246;156;41m████[38;2;189;123;57m██[38;2;49;49;49m██[38;2;0;0;0m            
[38;2;0;0;0m              [38;2;49;49;49m██[38;2;255;255;255m██[38;2;189;123;57m██[38;2;255;255;255m██[38;2;49;49;49m██[38;2;0;0;0m            
[38;2;0;0;0m                [38;2;49;49;49m██████[38;2;0;0;0m              
[38;2;0;0;0m                                    [0m
