
             [38;2;0;0;0m▄▄▄          [0m
          [38;2;0;0;0m▄[48;2;240;184;176m▀[48;2;184;80;80m▀[38;2;240;96;96m[48;2;88;136;200m▀[38;2;184;80;80m▀[38;2;64;64;64m[48;2;112;184;240m▀[38;2;0;0;0m▀[48;2;64;64;64m▀[49m▄▄      [0m
         [38;2;0;0;0m[48;2;0;0;0m▀[38;2;240;96;96m[48;2;240;96;96m▀[48;2;64;64;64m▀[38;2;88;136;200m[48;2;112;184;240m▀[38;2;112;184;240m▀▀[48;2;64;64;64m▀[38;2;64;64;64m[48;2;184;80;80m▀[38;2;184;80;80m[48;2;240;184;176m▀[48;2;248;248;248m▀[48;2;184;80;80m▀[38;2;0;0;0m[48;2;0;0;0m▀[49m     [0m
          [38;2;0;0;0m[48;2;0;0;0m▀[38;2;88;136;200m[48;2;240;96;96m▀[48;2;240;184;176m▀[38;2;112;184;240m[48;2;88;136;200m▀[48;2;112;184;240m▀[38;2;64;64;64m[48;2;88;136;200m▀[38;2;184;80;80m[48;2;184;80;80m▀[38;2;248;248;248m▀[38;2;240;184;176m▀[38;2;184;80;80m▀[48;2;240;96;96m▀[38;2;0;0;0m[48;2;0;0;0m▀[49m    [0m
        [38;2;0;0;0m▄[48;2;88;136;200m▀[38;2;64;64;64m▀[38;2;184;80;80m[48;2;64;64;64m▀[38;2;240;96;96m[48;2;88;136;200m▀[38;2;88;136;200m[48;2;112;184;240m▀[38;2;112;184;240m▀[48;2;88;136;200m▀[38;2;64;64;64m[48;2;112;184;240m▀[38;2;184;80;80m[48;2;64;64;64m▀[48;2;240;96;96m▀[38;2;240;96;96m▀[48;2;0;0;0m▀[38;2;0;0;0m[49m▀    [0m
       [38;2;0;0;0m[48;2;0;0;0m▀[38;2;88;136;200m[48;2;88;136;200m▀▀[48;2;64;64;64m▀[38;2;64;64;64m[48;2;112;184;240m▀[38;2;112;184;240m▀[48;2;88;136;200m▀[48;2;112;184;240m▀[48;2;64;104;168m▀[38;2;88;136;200m▀▀[38;2;64;64;64m[48;2;88;136;200m▀[48;2;64;64;64m▀[38;2;0;0;0m[48;2;88;136;200m▀▀[49m▄   [0m
  [38;2;0;0;0m▄▄▄   ▀[38;2;64;64;64m[48;2;0;0;0m▀▀[48;2;88;136;200m▀[38;2;112;184;240m[48;2;64;104;168m▀[38;2;64;104;168m[48;2;112;184;240m▀[48;2;248;248;248m▀[38;2;0;0;0m▀[38;2;248;248;248m[48;2;112;184;240m▀[38;2;88;136;200m▀[38;2;64;64;64m[48;2;88;136;200m▀[38;2;88;136;200m▀▀▀▀[38;2;0;0;0m[48;2;0;0;0m▀[49m  [0m
 [38;2;0;0;0m▀[38;2;136;120;88m[48;2;0;0;0m▀[38;2;184;160;120m[48;2;136;120;88m▀▀[38;2;0;0;0m▀[49m▄▄▄▄[48;2;136;120;88m▀[38;2;64;64;64m▀[38;2;64;104;168m[48;2;0;0;0m▀[38;2;112;184;240m[48;2;112;184;240m▀[48;2;0;0;0m▀[38;2;64;64;64m▀[48;2;136;120;88m▀[48;2;64;64;64m▀[38;2;88;136;200m[48;2;0;0;0m▀[48;2;88;136;200m▀▀[48;2;0;0;0m▀[38;2;0;0;0m[49m▀   [0m
   [38;2;0;0;0m▀▀▀[38;2;136;120;88m[48;2;0;0;0m▀▀▀▀[38;2;0;0;0m[49m▀▀[38;2;64;64;64m▀[38;2;0;0;0m▀ [48;2;0;0;0m▀[38;2;136;120;88m[48;2;64;64;64m▀[38;2;0;0;0m[48;2;136;120;88m▀[38;2;64;64;64m[48;2;0;0;0m▀[38;2;0;0;0m[49m▀▀     [0m
                [38;2;0;0;0m▀[38;2;136;120;88m[48;2;0;0;0m▀[48;2;136;120;88m▀[38;2;0;0;0m[48;2;184;160;120m▀[49m▄▄▄▄  [0m
                  [38;2;0;0;0m▀▀[38;2;184;160;120m[48;2;0;0;0m▀[48;2;184;160;120m▀▀[38;2;64;64;64m▀[38;2;0;0;0m[48;2;0;0;0m▀[49m [0m
                     [38;2;0;0;0m▀▀▀  [0m
