
                [38;2;0;0;0m▄▄▄          [0m
            [38;2;0;0;0m[48;2;248;120;136m▀[48;2;248;248;248m▀[38;2;248;120;136m[48;2;64;64;64m▀[38;2;152;224;248m[48;2;152;224;248m▀▀[48;2;64;64;64m▀[38;2;64;64;64m[48;2;248;120;136m▀[38;2;192;56;88m[48;2;192;56;88m▀[38;2;0;0;0m▀[49m▄       [0m
          [38;2;0;0;0m[48;2;0;0;0m▀[38;2;192;56;88m[48;2;192;56;88m▀[38;2;248;120;136m▀[38;2;248;192;232m[48;2;64;64;64m▀[38;2;152;224;248m[48;2;152;224;248m▀▀[48;2;64;64;64m▀[38;2;248;248;248m[48;2;248;192;232m▀[38;2;248;192;232m▀[38;2;248;120;136m[48;2;248;120;136m▀[38;2;192;56;88m[48;2;192;56;88m▀▀▀[49m      [0m
        [38;2;0;0;0m▄[48;2;152;224;248m▀[38;2;192;56;88m[48;2;248;120;136m▀[38;2;232;88;104m▀[38;2;64;64;64m[48;2;56;112;184m▀[38;2;152;224;248m[48;2;152;224;248m▀▀[38;2;80;152;208m[48;2;80;152;208m▀[38;2;64;64;64m[48;2;64;64;64m▀[38;2;248;120;136m[48;2;192;56;88m▀▀[38;2;192;56;88m▀[38;2;232;88;104m[48;2;232;88;104m▀[38;2;192;56;88m[48;2;192;56;88m▀▀[38;2;0;0;0m[48;2;64;64;64m▀[49m▄    [0m
      [38;2;0;0;0m[48;2;0;0;0m▀[38;2;152;224;248m[48;2;56;112;184m▀[48;2;152;224;248m▀▀▀▀[38;2;56;112;184m[48;2;248;248;248m▀[48;2;208;144;208m▀[38;2;152;224;248m[48;2;64;64;64m▀[38;2;56;112;184m[48;2;152;224;248m▀[48;2;80;152;208m▀[38;2;192;56;88m[48;2;64;64;64m▀[48;2;192;56;88m▀▀[48;2;248;120;136m▀[38;2;248;120;136m▀[48;2;64;64;64m▀[38;2;152;224;248m[48;2;152;224;248m▀[38;2;80;152;208m▀[38;2;152;224;248m▀[38;2;0;0;0m▀[49m▄ [0m
       [38;2;0;0;0m▀[38;2;80;152;208m[48;2;0;0;0m▀[38;2;56;112;184m▀[38;2;152;224;248m[48;2;152;224;248m▀▀[38;2;192;56;88m[48;2;64;64;64m▀[38;2;248;96;56m▀[38;2;64;64;64m[48;2;152;224;248m▀[38;2;152;224;248m▀▀▀▀[38;2;64;64;64m▀▀[38;2;152;224;248m▀▀▀[48;2;56;112;184m▀[38;2;56;112;184m[48;2;0;0;0m▀[38;2;80;152;208m▀[49m  [0m
         [38;2;0;0;0m▄[48;2;64;64;64m▀[38;2;152;224;248m▀[48;2;152;224;248m▀[48;2;80;152;208m▀[48;2;64;64;64m▀[38;2;80;152;208m▀[48;2;192;192;192m▀[38;2;152;224;248m[48;2;64;64;64m▀[48;2;80;152;208m▀▀[48;2;64;64;64m▀[38;2;80;152;208m[48;2;80;152;208m▀[48;2;0;0;0m▀[49m▀[38;2;0;0;0m▀    [0m
    [38;2;0;0;0m▄[38;2;168;152;136m▄▄▄[38;2;0;0;0m[48;2;64;64;64m▀[38;2;168;152;136m▀[38;2;64;64;64m[48;2;168;152;136m▀[48;2;64;64;64m▀[38;2;80;152;208m[48;2;152;224;248m▀[38;2;64;64;64m[48;2;80;152;208m▀[38;2;192;192;192m[48;2;64;64;64m▀[38;2;0;0;0m[48;2;72;88;104m▀[38;2;192;192;192m[48;2;64;64;64m▀[48;2;72;88;104m▀[38;2;64;64;64m▀[48;2;168;152;136m▀[48;2;64;64;64m▀[38;2;56;112;184m▀[38;2;80;152;208m[48;2;80;152;208m▀[49m      [0m
  [38;2;168;152;136m▄[38;2;0;0;0m[48;2;168;152;136m▀[38;2;168;152;136m[48;2;0;0;0m▀[49m▀[38;2;0;0;0m[48;2;168;152;136m▀[38;2;64;64;64m▀[38;2;168;152;136m[48;2;64;64;64m▀[48;2;168;152;136m▀[38;2;64;64;64m[48;2;64;64;64m▀[38;2;168;152;136m▀[38;2;152;224;248m[48;2;80;152;208m▀[38;2;80;152;208m▀[48;2;0;0;0m▀[38;2;72;88;104m[49m▀[38;2;64;64;64m▀[48;2;168;152;136m▀[38;2;168;152;136m[48;2;64;64;64m▀[48;2;168;152;136m▀[48;2;64;64;64m▀[48;2;168;152;136m▀[38;2;64;64;64m[48;2;64;64;64m▀[38;2;168;152;136m[49m▄[38;2;0;0;0m▄    [0m
 [38;2;0;0;0m▄[38;2;168;152;136m[48;2;168;152;136m▀[48;2;0;0;0m▀[49m  [48;2;0;0;0m▀[48;2;168;152;136m▀[48;2;64;64;64m▀[48;2;168;152;136m▀[48;2;0;0;0m▀[38;2;64;64;64m[48;2;64;64;64m▀[38;2;80;152;208m[48;2;152;224;248m▀[48;2;0;0;0m▀[49m [38;2;0;0;0m▄[38;2;168;152;136m▄[48;2;0;0;0m▀[38;2;64;64;64m[49m▀[38;2;168;152;136m[48;2;0;0;0m▀[48;2;168;152;136m▀[48;2;64;64;64m▀[38;2;64;64;64m[48;2;168;152;136m▀[38;2;168;152;136m[48;2;64;64;64m▀[48;2;168;152;136m▀[38;2;0;0;0m[49m▄   [0m
  [38;2;0;0;0m▀   ▀[38;2;168;152;136m▀[38;2;0;0;0m▀▀ ▀[38;2;80;152;208m[48;2;0;0;0m▀[38;2;0;0;0m[49m▀▄[38;2;168;152;136m[48;2;168;152;136m▀▀[38;2;0;0;0m[49m▀  [48;2;0;0;0m▀[38;2;64;64;64m[48;2;168;152;136m▀[38;2;168;152;136m[48;2;64;64;64m▀[38;2;64;64;64m[48;2;0;0;0m▀[49m▀[38;2;168;152;136m[48;2;0;0;0m▀[38;2;0;0;0m[49m▀  [0m
              [38;2;0;0;0m[48;2;0;0;0m▀[38;2;168;152;136m[48;2;168;152;136m▀▀[49m  [38;2;0;0;0m▄[48;2;168;152;136m▀[38;2;168;152;136m[48;2;64;64;64m▀[38;2;64;64;64m[48;2;0;0;0m▀[49m      [0m
              [38;2;0;0;0m▀[38;2;168;152;136m[48;2;0;0;0m▀▀[49m  [38;2;0;0;0m▀[38;2;168;152;136m▀[38;2;0;0;0m▀       [0m
                             [0m
