
[38;2;0;0;0m                                        
[38;2;0;0;0m        [38;2;49;49;49m████[38;2;0;0;0m                            
[38;2;0;0;0m        [38;2;49;49;49m██[38;2;115;98;74m██[38;2;49;49;49m██[38;2;0;0;0m      [38;2;49;49;49m██████[38;2;0;0;0m              
[38;2;0;0;0m        [38;2;49;49;49m██[38;2;115;98;74m██[38;2;49;49;49m██[38;2;0;0;0m    [38;2;49;49;49m██[38;2;115;98;74m████[38;2;49;49;49m██[38;2;0;0;0m    [38;2;49;49;49m████[38;2;0;0;0m      
[38;2;0;0;0m        [38;2;49;49;49m██[38;2;115;98;74m████[38;2;49;49;49m████[38;2;115;98;74m████[38;2;49;49;49m██[38;2;0;0;0m    [38;2;49;49;49m██[38;2;238;148;123m██[38;2;213;98;65m██[38;2;49;49;49m██[38;2;0;0;0m    
[38;2;0;0;0m          [38;2;49;49;49m██[38;2;115;98;74m██[38;2;82;82;82m██[38;2;115;98;74m████[38;2;49;49;49m██[38;2;0;0;0m      [38;2;49;49;49m██[38;2;213;98;65m████[38;2;49;49;49m██[38;2;0;0;0m    
[38;2;0;0;0m          [38;2;49;49;49m████[38;2;115;98;74m██[38;2;82;82;82m██[38;2;49;49;49m██[38;2;0;0;0m          [38;2;49;49;49m████[38;2;0;0;0m  [38;2;49;49;49m██[38;2;0;0;0m  
[38;2;0;0;0m        [38;2;49;49;49m██[38;2;115;98;74m██████████[38;2;49;49;49m██[38;2;0;0;0m            [38;2;49;49;49m████[38;2;0;0;0m  
[38;2;0;0;0m      [38;2;49;49;49m██[38;2;115;98;74m██████████████[38;2;49;49;49m██████[38;2;0;0;0m    [38;2;49;49;49m██[38;2;0;0;0m  [38;2;49;49;49m██[38;2;0;0;0m  
[38;2;0;0;0m      [38;2;49;49;49m██[38;2;255;213;65m████[38;2;115;98;74m██[38;2;255;255;255m██[38;2;189;189;189m██[38;2;115;98;74m██[38;2;246;139;41m██[38;2;82;82;82m██[38;2;115;98;74m████[38;2;49;49;49m██[38;2;82;82;82m██[38;2;49;49;49m████[38;2;0;0;0m    
[38;2;0;0;0m    [38;2;49;49;49m██[38;2;255;213;65m██████[38;2;115;98;74m██[38;2;82;82;82m██[38;2;255;255;255m██[38;2;246;139;41m████[38;2;164;90;49m██[38;2;246;139;41m██[38;2;115;98;74m████[38;2;49;49;49m██[38;2;0;0;0m        
[38;2;0;0;0m  [38;2;49;49;49m██[38;2;213;98;65m████[38;2;255;213;65m██[38;2;115;98;74m██[38;2;246;139;41m██[38;2;49;49;49m██[38;2;255;255;255m██[38;2;246;139;41m████[38;2;205;115;41m██[38;2;246;139;41m████[38;2;115;98;74m██[38;2;49;49;49m██[38;2;0;0;0m        
[38;2;0;0;0m  [38;2;49;49;49m██[38;2;213;98;65m██[38;2;82;82;82m██[38;2;213;98;65m██[38;2;246;139;41m██████████████████[38;2;115;98;74m██[38;2;49;49;49m██[38;2;0;0;0m        
[38;2;0;0;0m    [38;2;49;49;49m██[38;2;246;139;41m██████[38;2;82;82;82m██[38;2;246;139;41m██████████████[38;2;82;82;82m██[38;2;205;115;41m██[38;2;49;49;49m██[38;2;0;0;0m      
[38;2;0;0;0m      [38;2;49;49;49m████[38;2;82;82;82m██[38;2;246;139;41m████[38;2;205;115;41m████[38;2;246;139;41m████[38;2;205;115;41m██[38;2;82;82;82m██[38;2;205;115;41m████[38;2;49;49;49m██[38;2;0;0;0m      
[38;2;0;0;0m      [38;2;49;49;49m██[38;2;82;82;82m██[38;2;164;90;49m██[38;2;49;49;49m██[38;2;82;82;82m██[38;2;164;90;49m██[38;2;246;139;41m████[38;2;49;49;49m██████[38;2;205;115;41m██[38;2;246;139;41m██[38;2;49;49;49m██[38;2;0;0;0m      
[38;2;0;0;0m        [38;2;49;49;49m████[38;2;0;0;0m  [38;2;49;49;49m██[38;2;246;139;41m████[38;2;164;90;49m██[38;2;49;49;49m██[38;2;0;0;0m    [38;2;49;49;49m████[38;2;0;0;0m        
[38;2;0;0;0m              [38;2;49;49;49m██[38;2;82;82;82m██[38;2;205;115;41m██[38;2;49;49;49m██[38;2;0;0;0m                  
[38;2;0;0;0m                [38;2;49;49;49m████[38;2;0;0;0m                    
[38;2;0;0;0m                                        [0m
