
                                       [38;2;0;4;0m▄▄      [0m
                                      [38;2;0;4;0m[48;2;0;4;0m▀[38;2;206;107;118m[48;2;205;107;117m▀▀[38;2;0;4;0m[48;2;0;4;0m▀[49m     [0m
                    [38;2;0;4;0m▄▄▄[38;2;0;12;8m▄▄[38;2;0;4;0m▄▄       ▄[48;2;209;107;118m▀▀[38;2;8;4;0m[49m▄[38;2;0;4;0m[48;2;214;103;118m▀[38;2;205;107;117m[48;2;205;107;117m▀[38;2;156;66;76m[48;2;156;66;76m▀[38;2;0;4;0m[48;2;206;107;118m▀[49m▄[48;2;209;107;118m▀▀[49m▄ [0m
                 [38;2;8;4;0m▄[38;2;0;4;0m[48;2;145;70;79m▀[48;2;205;107;117m▀[38;2;206;107;118m▀▀[48;2;156;66;76m▀[38;2;206;115;126m▀[38;2;69;46;47m[48;2;205;107;117m▀[38;2;82;80;69m[48;2;69;71;66m▀▀[38;2;0;4;0m[48;2;82;80;69m▀[48;2;66;66;66m▀[48;2;247;247;239m▀[38;2;0;0;0m[49m▄[38;2;0;4;0m▄  ▀[38;2;209;107;118m[48;2;0;4;0m▀[48;2;66;65;66m▀[38;2;214;103;118m[48;2;209;107;118m▀[38;2;145;70;79m▀[38;2;205;107;117m[48;2;156;66;76m▀[48;2;205;107;117m▀[38;2;206;107;118m▀[48;2;156;66;76m▀[38;2;209;107;118m▀[48;2;0;4;0m▀[38;2;0;4;0m[49m▀ [0m
               [38;2;0;16;8m▄[38;2;0;4;0m[48;2;206;111;118m▀[38;2;214;103;118m[48;2;205;107;117m▀[48;2;156;66;76m▀[38;2;156;66;76m▀[38;2;205;107;117m▀[38;2;156;66;76m[48;2;205;107;117m▀[38;2;205;107;117m▀[48;2;209;107;118m▀▀[38;2;206;107;118m▀[38;2;69;71;66m▀[38;2;82;80;69m[48;2;66;66;66m▀[48;2;82;80;69m▀[38;2;82;82;80m[48;2;74;70;66m▀[38;2;247;247;239m[48;2;247;247;239m▀[48;2;247;247;242m▀[38;2;0;4;0m▀[49m▄▄[38;2;0;0;0m▄[38;2;0;4;0m[48;2;247;247;239m▀[38;2;209;107;118m[48;2;74;57;58m▀[48;2;164;144;144m▀[38;2;156;66;76m[48;2;206;107;118m▀[38;2;205;107;117m▀[48;2;170;148;149m▀[48;2;0;0;0m▀[38;2;0;4;0m[49m▀   [0m
              [38;2;0;4;0m▄[38;2;69;48;45m[48;2;82;80;69m▀[38;2;206;111;118m[48;2;66;66;66m▀[38;2;156;66;76m[48;2;206;107;118m▀[38;2;205;107;117m▀[48;2;209;107;118m▀▀[38;2;156;66;76m[48;2;206;107;118m▀▀[38;2;209;107;118m[48;2;160;63;76m▀[48;2;74;70;66m▀[48;2;69;71;66m▀[48;2;206;107;118m▀[38;2;66;66;66m▀[38;2;82;80;69m[48;2;66;66;66m▀[38;2;74;70;66m[48;2;82;80;69m▀[48;2;66;66;66m▀[38;2;247;247;242m[48;2;247;247;242m▀▀[38;2;127;129;123m[48;2;247;247;243m▀[38;2;255;255;247m▀[38;2;82;82;80m[48;2;66;66;58m▀[38;2;247;247;239m[48;2;126;126;118m▀[38;2;255;231;231m[48;2;247;247;239m▀[38;2;74;57;58m▀[38;2;66;66;66m▀[48;2;132;132;108m▀[38;2;85;74;74m[48;2;201;198;190m▀[38;2;255;222;223m▀[38;2;0;4;0m[48;2;0;4;0m▀[49m   [0m
             [38;2;0;4;0m▄[48;2;66;65;66m▀[38;2;82;80;69m[48;2;198;198;190m▀[48;2;0;4;0m▀[38;2;66;66;66m[48;2;82;80;69m▀▀[38;2;209;107;118m[48;2;66;66;66m▀▀[38;2;206;107;118m▀[38;2;66;66;66m[48;2;82;80;69m▀[38;2;74;70;66m[48;2;77;74;69m▀▀[38;2;69;71;66m[48;2;74;57;58m▀▀[38;2;206;107;118m[48;2;206;107;118m▀[38;2;66;66;66m[48;2;66;66;66m▀[38;2;82;80;69m[48;2;82;80;69m▀[38;2;66;66;66m[48;2;66;66;66m▀[38;2;247;247;242m[48;2;247;247;243m▀▀[38;2;255;255;255m[48;2;132;132;108m▀[38;2;247;247;243m[48;2;247;247;239m▀[38;2;66;66;58m[48;2;255;255;247m▀[38;2;247;247;239m[48;2;74;70;66m▀[38;2;132;132;108m[48;2;247;247;239m▀[38;2;247;247;239m[48;2;132;132;108m▀[38;2;209;209;195m[48;2;132;134;108m▀[38;2;132;132;108m[48;2;198;198;190m▀[38;2;201;198;190m[48;2;198;198;182m▀[48;2;0;4;0m▀[38;2;0;4;0m[49m▀   [0m
            [38;2;0;4;0m▄[48;2;198;198;190m▀[38;2;66;65;66m[48;2;66;66;66m▀[38;2;198;198;190m[48;2;131;107;94m▀[38;2;0;4;0m[48;2;214;198;182m▀[38;2;66;66;66m[48;2;66;66;66m▀[38;2;82;80;69m[48;2;82;80;69m▀[48;2;82;81;69m▀▀[48;2;74;57;58m▀[48;2;255;231;231m▀[38;2;77;74;69m[48;2;0;4;0m▀[38;2;0;4;0m▀[38;2;255;231;231m[48;2;247;247;239m▀[38;2;164;144;144m[48;2;208;104;115m▀[38;2;206;107;118m[48;2;66;66;66m▀[38;2;66;66;66m[48;2;82;80;69m▀[38;2;82;80;69m[48;2;66;66;66m▀[38;2;66;66;66m[48;2;247;247;239m▀[38;2;255;255;255m[48;2;247;247;242m▀[38;2;247;247;243m▀[38;2;132;132;108m[48;2;247;247;239m▀[38;2;209;209;195m[48;2;132;132;108m▀[38;2;195;193;187m[48;2;201;198;190m▀▀[38;2;209;209;195m[48;2;132;133;121m▀[38;2;132;132;108m[48;2;198;198;182m▀[38;2;198;198;190m[48;2;198;198;190m▀[38;2;132;134;108m▀[38;2;132;133;121m[48;2;0;4;0m▀[38;2;0;4;0m[49m▀    [0m
          [38;2;0;4;0m▄[48;2;198;198;190m▀[38;2;66;65;66m[48;2;66;66;66m▀[38;2;198;198;190m[48;2;201;198;190m▀▀[38;2;90;61;50m[48;2;74;66;58m▀[38;2;131;107;94m[48;2;121;110;99m▀[38;2;66;66;66m[48;2;66;66;66m▀[38;2;82;80;69m[48;2;93;78;72m▀[38;2;82;81;69m▀[48;2;66;66;66m▀[38;2;74;57;58m▀[38;2;164;144;144m[48;2;206;111;110m▀[38;2;247;247;239m[48;2;206;107;118m▀▀[38;2;208;104;115m▀[48;2;69;71;66m▀[38;2;66;66;66m[48;2;82;80;69m▀[38;2;82;80;69m[48;2;66;66;66m▀[38;2;66;66;66m[48;2;247;247;242m▀[38;2;247;247;239m▀[38;2;247;247;242m▀▀[38;2;247;247;239m[48;2;247;247;239m▀[38;2;132;132;108m▀[38;2;201;198;190m[48;2;0;4;0m▀▀[38;2;0;4;0m[49m▀▀▀▀      [0m
         [38;2;0;4;0m▄[48;2;132;133;116m▀[38;2;198;198;190m[48;2;201;198;190m▀[38;2;66;66;66m▀[38;2;201;198;190m[48;2;66;66;66m▀[48;2;198;198;190m▀[38;2;214;198;182m▀[38;2;74;66;58m[48;2;66;66;66m▀[38;2;148;103;84m▀[38;2;66;66;66m[48;2;154;101;85m▀▀[38;2;148;103;84m▀[38;2;159;96;95m▀[38;2;66;66;66m▀[48;2;148;103;84m▀[38;2;206;107;118m[48;2;66;66;66m▀[38;2;69;71;66m[48;2;82;80;69m▀▀[38;2;82;80;69m[48;2;66;66;66m▀[38;2;66;66;66m[48;2;247;247;239m▀[38;2;247;247;242m[48;2;247;247;242m▀▀[48;2;247;247;239m▀▀[38;2;247;247;239m▀[38;2;0;4;0m[48;2;0;4;0m▀[49m            [0m
  [38;2;0;4;0m▄▄   ▄[48;2;132;133;121m▀[38;2;198;198;174m[48;2;132;134;108m▀[38;2;132;133;116m▀[38;2;201;198;190m▀▀[38;2;66;66;66m[48;2;132;132;108m▀[38;2;198;198;190m[48;2;0;4;0m▀[48;2;198;198;190m▀▀[38;2;66;66;66m▀[48;2;66;66;66m▀▀[48;2;206;107;118m▀[48;2;159;97;93m▀[48;2;206;111;110m▀[48;2;66;66;66m▀[38;2;93;78;72m[48;2;82;80;69m▀[38;2;82;80;69m[48;2;66;66;66m▀[38;2;66;66;66m[48;2;247;247;239m▀[38;2;247;247;239m[48;2;247;247;242m▀▀[38;2;247;247;242m[48;2;247;247;239m▀▀[38;2;247;247;239m[48;2;82;81;69m▀[38;2;82;82;66m▀[38;2;0;4;0m[48;2;0;4;0m▀[49m             [0m
 [38;2;0;4;0m[48;2;0;4;0m▀[38;2;206;107;118m[48;2;156;103;84m▀[48;2;211;108;118m▀[38;2;0;4;0m▀[48;2;66;66;66m▀[48;2;154;101;85m▀[38;2;198;198;182m[48;2;74;66;58m▀[48;2;214;198;182m▀[38;2;198;198;190m[48;2;198;198;190m▀[38;2;132;134;108m[48;2;132;134;108m▀[38;2;198;198;190m[48;2;198;198;190m▀▀[38;2;0;4;0m[48;2;0;4;0m▀[49m ▀[38;2;198;198;190m[48;2;0;4;0m▀[48;2;82;79;69m▀[48;2;198;198;190m▀[38;2;66;66;66m▀[48;2;77;74;69m▀[38;2;159;97;93m[48;2;66;66;66m▀[38;2;66;70;58m[48;2;82;80;69m▀[38;2;82;80;69m[48;2;74;74;66m▀[38;2;66;66;66m[48;2;247;247;239m▀[38;2;247;247;239m[48;2;82;81;69m▀▀[38;2;247;247;242m▀▀[38;2;82;82;66m[48;2;82;82;66m▀▀[38;2;82;81;69m▀[48;2;247;247;239m▀[38;2;247;247;239m[48;2;247;247;242m▀[38;2;0;4;0m▀[49m▄           [0m
  [38;2;0;4;0m[48;2;0;4;0m▀[38;2;156;103;84m[48;2;66;70;66m▀[48;2;159;95;95m▀[38;2;154;101;85m[48;2;154;101;85m▀▀[38;2;121;110;99m▀[38;2;74;66;58m▀[38;2;198;198;190m[48;2;66;66;61m▀[38;2;132;134;108m[48;2;132;132;121m▀[38;2;198;198;190m[48;2;0;4;0m▀[38;2;0;4;0m[49m▀  ▄[48;2;198;198;190m▀[38;2;82;79;69m▀[48;2;82;79;69m▀[38;2;77;74;69m▀▀[38;2;82;80;69m[48;2;66;66;66m▀[38;2;66;66;66m[48;2;82;80;69m▀[38;2;74;74;66m[48;2;71;71;69m▀▀[38;2;82;81;69m[48;2;82;79;69m▀[48;2;198;198;190m▀[48;2;200;195;187m▀▀[38;2;82;82;66m[48;2;247;247;242m▀[38;2;247;247;239m▀[48;2;247;247;239m▀▀[38;2;247;247;242m[48;2;82;82;80m▀[48;2;0;0;0m▀[38;2;0;4;0m[49m▀           [0m
 [38;2;0;4;0m[48;2;0;4;0m▀[38;2;156;103;84m[48;2;206;107;118m▀[38;2;206;107;110m[48;2;214;119;126m▀[48;2;143;86;87m▀[38;2;154;101;85m[48;2;66;66;66m▀[48;2;154;101;85m▀[48;2;148;108;95m▀[48;2;74;60;55m▀[38;2;66;66;61m[48;2;198;198;190m▀[38;2;198;198;182m[48;2;0;4;0m▀[38;2;0;4;0m[49m▀ ▄[48;2;82;80;69m▀[38;2;66;69;63m▀▀[38;2;198;198;190m[48;2;66;66;66m▀[48;2;198;198;190m▀▀[48;2;66;66;66m▀[38;2;66;66;66m[48;2;82;80;69m▀[38;2;82;80;69m[48;2;66;66;66m▀[38;2;71;71;69m[48;2;82;80;69m▀[38;2;198;198;190m[48;2;66;66;66m▀[48;2;198;198;190m▀▀[38;2;200;195;187m[48;2;255;255;247m▀[38;2;247;247;239m[48;2;66;66;66m▀[38;2;247;247;242m▀▀[38;2;66;66;66m[48;2;82;81;69m▀▀[38;2;82;82;80m[48;2;82;80;69m▀[38;2;247;247;239m[48;2;66;66;66m▀[38;2;0;4;0m[48;2;247;247;239m▀[49m▄          [0m
  [38;2;0;4;0m▀[38;2;0;20;8m▀[38;2;71;53;47m[48;2;0;4;0m▀[38;2;154;101;85m[48;2;154;100;85m▀▀[38;2;74;60;55m[48;2;0;4;0m▀[38;2;0;12;16m[49m▀[38;2;0;4;0m▀   [48;2;0;20;8m▀[38;2;82;80;69m[48;2;71;53;47m▀[48;2;66;66;66m▀[38;2;66;66;66m▀[38;2;198;198;190m[48;2;198;198;190m▀[38;2;66;66;66m▀[48;2;66;66;66m▀[48;2;82;80;69m▀[38;2;82;80;69m[48;2;77;74;69m▀[38;2;66;66;66m▀[38;2;82;80;69m[48;2;82;81;69m▀[38;2;66;66;66m▀[38;2;66;69;63m[48;2;0;4;0m▀[38;2;0;4;0m[49m▀[38;2;66;66;66m[48;2;0;4;0m▀[38;2;192;192;187m[48;2;198;198;190m▀[38;2;198;198;190m[48;2;200;195;187m▀[38;2;66;66;66m[48;2;247;247;239m▀[38;2;82;81;69m[48;2;74;70;66m▀▀[38;2;82;80;69m▀[38;2;66;66;66m[48;2;247;247;239m▀[38;2;247;247;239m▀[38;2;0;4;0m▀[49m▄         [0m
     [38;2;0;4;0m▀▀     ▀[38;2;143;86;87m[48;2;0;4;0m▀[38;2;214;119;126m▀[38;2;159;96;95m▀[38;2;206;111;110m▀[38;2;66;66;66m▀[38;2;198;198;190m▀[38;2;66;66;66m▀[38;2;82;80;69m▀[38;2;77;74;69m▀[38;2;0;4;0m[49m▀[38;2;82;81;69m[48;2;0;4;0m▀▀[38;2;0;4;0m[49m▀  [48;2;0;4;0m▀[38;2;247;247;239m[48;2;247;247;239m▀▀[48;2;0;4;0m▀[38;2;74;70;66m[48;2;206;107;118m▀[48;2;143;82;79m▀[48;2;214;119;118m▀[38;2;66;66;66m[48;2;156;103;84m▀[38;2;247;247;239m[48;2;0;4;0m▀[38;2;0;4;0m[49m▀         [0m
                             [38;2;0;4;0m▀▀▀▀[38;2;0;8;0m▀▀[38;2;0;4;0m▀           [0m
