
                   [38;2;49;49;49m▄▄            [0m
                 [38;2;49;49;49m▄[48;2;255;255;255m▀[38;2;255;255;255m▀▀[38;2;49;49;49m[48;2;49;49;49m▀[49m ▄▄        [0m
                [38;2;49;49;49m▄[48;2;255;255;255m▀[38;2;255;255;255m▀▀▀[38;2;115;115;115m[48;2;180;180;180m▀[38;2;49;49;49m[48;2;255;255;255m▀[38;2;255;255;255m▀▀[38;2;49;49;49m[48;2;49;49;49m▀[49m▄      [0m
      [38;2;49;49;49m▄▄     [48;2;49;49;49m▀[48;2;164;205;255m▀[49m▄[48;2;49;49;49m▀[38;2;255;255;255m[48;2;82;82;82m▀[38;2;82;82;82m[48;2;123;90;246m▀[38;2;255;255;255m[48;2;82;82;82m▀[38;2;180;180;180m[48;2;180;180;180m▀[38;2;213;213;213m[48;2;82;82;82m▀[38;2;255;255;255m▀[48;2;213;213;213m▀[38;2;213;213;213m[48;2;180;180;180m▀[38;2;115;115;115m[48;2;255;255;255m▀[38;2;255;255;255m▀[38;2;49;49;49m[48;2;82;82;82m▀[49m▄    [0m
      [38;2;49;49;49m▀[38;2;115;115;115m[48;2;49;49;49m▀[38;2;49;49;49m[48;2;82;82;82m▀[48;2;115;115;115m▀[48;2;82;82;82m▀[49m▄ ▀[38;2;164;205;255m[48;2;49;49;49m▀[38;2;98;65;189m[48;2;255;213;90m▀[38;2;164;205;255m[48;2;164;205;255m▀[38;2;98;65;189m[48;2;98;65;189m▀[38;2;123;90;246m▀[48;2;164;205;255m▀[38;2;82;82;82m▀[38;2;164;205;255m▀[38;2;82;82;82m[48;2;115;164;230m▀[38;2;180;180;180m[48;2;82;82;82m▀▀[38;2;255;255;255m▀[38;2;213;213;213m[48;2;213;213;213m▀[38;2;115;115;115m[48;2;180;180;180m▀[38;2;255;255;255m[48;2;213;213;213m▀[38;2;49;49;49m[48;2;49;49;49m▀[49m   [0m
       [38;2;49;49;49m[48;2;49;49;49m▀[38;2;115;115;115m[48;2;82;82;82m▀[48;2;115;115;115m▀[48;2;82;82;82m▀[38;2;49;49;49m[48;2;98;65;189m▀[49m▄[48;2;49;49;49m▀[38;2;255;255;255m[48;2;255;255;255m▀[38;2;197;156;90m[48;2;131;98;57m▀[38;2;164;205;255m[48;2;255;255;255m▀[48;2;164;205;255m▀▀[48;2;255;213;90m▀▀[48;2;164;205;255m▀[38;2;82;82;82m[48;2;255;255;255m▀[38;2;164;205;255m[48;2;164;205;255m▀[48;2;115;164;230m▀[38;2;82;82;82m[48;2;49;49;49m▀[38;2;180;180;180m▀[38;2;49;49;49m[49m▀[38;2;180;180;180m[48;2;49;49;49m▀[38;2;213;213;213m▀[38;2;49;49;49m[49m▀  [0m
  [38;2;49;49;49m▄▄[48;2;82;82;82m▀[48;2;115;115;115m▀[48;2;82;82;82m▀[38;2;123;90;246m[48;2;49;49;49m▀[38;2;49;49;49m[49m▀▀▀[48;2;49;49;49m▀[38;2;82;82;82m[48;2;82;82;82m▀[38;2;255;255;255m▀[48;2;255;255;255m▀[48;2;115;115;115m▀[48;2;255;255;255m▀[38;2;164;205;255m▀[38;2;197;156;90m▀[38;2;131;98;57m▀[38;2;255;213;90m▀[38;2;255;255;255m▀[48;2;115;164;230m▀[38;2;164;205;255m▀[38;2;49;49;49m▀[49m▄       [0m
 [38;2;49;49;49m▀[38;2;115;115;115m[48;2;49;49;49m▀[38;2;82;82;82m▀[38;2;115;115;115m[48;2;82;82;82m▀[48;2;115;115;115m▀[48;2;82;82;82m▀[38;2;49;49;49m[48;2;49;49;49m▀[49m ▄[48;2;115;164;230m▀[38;2;164;205;255m[48;2;164;205;255m▀▀[38;2;82;82;82m▀[38;2;255;255;255m[48;2;82;82;82m▀[38;2;82;82;82m[48;2;115;164;230m▀[38;2;255;255;255m[48;2;82;82;82m▀[38;2;115;115;115m▀[38;2;255;255;255m[48;2;255;255;255m▀[38;2;213;213;213m[48;2;180;180;180m▀[48;2;115;115;115m▀[38;2;255;255;255m▀▀[38;2;115;115;115m▀[38;2;82;82;82m[48;2;164;205;255m▀[38;2;49;49;49m[48;2;115;164;230m▀[49m▄      [0m
    [38;2;49;49;49m▀[38;2;82;82;82m[48;2;49;49;49m▀[38;2;49;49;49m[48;2;123;90;246m▀[49m▄[48;2;180;180;180m▀[48;2;255;255;255m▀[38;2;115;164;230m[48;2;82;82;82m▀[38;2;123;90;246m[48;2;98;65;189m▀[48;2;123;90;246m▀[38;2;164;205;255m[48;2;164;205;255m▀▀[38;2;82;82;82m[48;2;82;82;82m▀[38;2;98;65;189m[48;2;164;205;255m▀[38;2;82;82;82m▀[38;2;255;255;255m[48;2;82;82;82m▀[38;2;82;82;82m[48;2;164;205;255m▀[38;2;164;205;255m▀▀▀[48;2;123;90;246m▀[38;2;123;90;246m▀▀[38;2;98;65;189m[48;2;98;65;189m▀[38;2;49;49;49m[48;2;49;49;49m▀[49m  ▄▄ [0m
     [38;2;49;49;49m▀[38;2;98;65;189m[48;2;49;49;49m▀[38;2;82;82;82m[48;2;82;82;82m▀[38;2;255;255;255m[48;2;255;255;255m▀▀[48;2;180;180;180m▀[38;2;82;82;82m[48;2;255;255;255m▀▀[38;2;115;164;230m[48;2;115;115;115m▀[38;2;82;82;82m[48;2;213;213;213m▀▀[38;2;164;205;255m[48;2;82;82;82m▀[48;2;164;205;255m▀[48;2;123;90;246m▀▀[38;2;123;90;246m[48;2;164;205;255m▀[38;2;164;205;255m▀[48;2;123;90;246m▀[48;2;164;205;255m▀[48;2;115;115;115m▀[38;2;115;164;230m[48;2;82;82;82m▀[38;2;82;82;82m[48;2;255;255;255m▀[38;2;213;213;213m▀[38;2;49;49;49m▀▀[38;2;255;255;255m[48;2;49;49;49m▀[38;2;49;49;49m[49m▀ [0m
    [38;2;49;49;49m▄[48;2;115;115;115m▀[38;2;115;115;115m▀▀[38;2;82;82;82m▀[38;2;255;255;255m[48;2;82;82;82m▀[48;2;255;255;255m▀▀▀▀▀▀[38;2;213;213;213m▀[38;2;82;82;82m[48;2;180;180;180m▀[38;2;98;65;189m[48;2;82;82;82m▀▀[38;2;115;164;230m▀[38;2;115;115;115m[48;2;180;180;180m▀[38;2;82;82;82m[48;2;255;255;255m▀▀[38;2;213;213;213m▀[38;2;255;255;255m▀▀[48;2;213;213;213m▀[48;2;49;49;49m▀[38;2;180;180;180m▀[38;2;49;49;49m[49m▀  [0m
   [38;2;49;49;49m▄[48;2;115;115;115m▀[38;2;82;82;82m[48;2;49;49;49m▀[38;2;115;115;115m[48;2;82;82;82m▀▀[38;2;82;82;82m[48;2;123;90;246m▀[48;2;82;82;82m▀[38;2;255;255;255m[48;2;213;213;213m▀[48;2;82;82;82m▀[38;2;82;82;82m[48;2;115;115;115m▀▀[38;2;255;255;255m[48;2;82;82;82m▀[48;2;255;255;255m▀▀▀▀▀▀[38;2;213;213;213m▀[38;2;255;255;255m[48;2;213;213;213m▀▀[38;2;213;213;213m[48;2;180;180;180m▀[48;2;82;82;82m▀[38;2;255;255;255m[48;2;213;213;213m▀[38;2;180;180;180m[48;2;49;49;49m▀[38;2;49;49;49m[49m▀    [0m
   [38;2;49;49;49m▀▀ ▀▀▀[38;2;123;90;246m[48;2;49;49;49m▀[38;2;82;82;82m[48;2;82;82;82m▀[38;2;115;115;115m▀[48;2;115;115;115m▀▀[48;2;82;82;82m▀[38;2;82;82;82m▀[38;2;255;255;255m[48;2;213;213;213m▀▀[38;2;213;213;213m[48;2;180;180;180m▀[38;2;255;255;255m[48;2;213;213;213m▀[48;2;49;49;49m▀[48;2;213;213;213m▀[38;2;213;213;213m▀[48;2;180;180;180m▀[48;2;49;49;49m▀[38;2;49;49;49m[49m▀▀      [0m
         [38;2;49;49;49m[48;2;49;49;49m▀[38;2;115;115;115m▀[38;2;49;49;49m[49m▀[38;2;82;82;82m[48;2;49;49;49m▀▀[38;2;49;49;49m[49m▀▀[38;2;180;180;180m[48;2;49;49;49m▀▀▀[38;2;49;49;49m[49m▀ ▀▀▀         [0m
                                 [0m
