
                          [38;2;0;0;0m▄▄▄ [0m
                       [38;2;0;0;0m▄[48;2;231;222;103m▀[48;2;255;231;55m▀[38;2;255;231;55m▀[48;2;0;0;0m▀[38;2;0;0;0m[49m▀ [0m
                 [38;2;0;0;0m▄[48;2;189;189;189m▀▀[49m▄[48;2;189;192;189m▀▀[38;2;231;222;103m[48;2;190;190;190m▀▀[38;2;255;231;55m[48;2;247;231;103m▀[48;2;0;0;16m▀[38;2;0;0;0m[49m▀  [0m
         [38;2;0;0;0m▄▄▄▄▄  ▄[48;2;148;148;148m▀[38;2;189;189;189m[48;2;189;189;189m▀▀▀[38;2;189;192;189m▀[48;2;148;148;148m▀[38;2;148;148;148m▀▀[38;2;165;154;74m[48;2;0;0;0m▀[38;2;0;0;16m[49m▀   [0m
  [38;2;0;0;0m▄[48;2;255;255;255m▀[48;2;189;189;189m▀[49m▄▄[48;2;189;192;189m▀▀[38;2;189;189;189m[48;2;189;189;189m▀▀[48;2;66;66;66m▀▀▀[38;2;0;0;0m[48;2;192;192;192m▀[48;2;189;189;189m▀[48;2;66;66;66m▀[38;2;148;148;148m[48;2;66;69;66m▀[48;2;132;133;132m▀[38;2;66;66;66m[48;2;0;0;0m▀[38;2;148;148;148m▀[48;2;148;148;148m▀▀[48;2;0;0;0m▀[38;2;0;0;0m[49m▀     [0m
 [38;2;0;0;0m[48;2;0;0;0m▀[38;2;255;255;255m[48;2;255;255;255m▀[48;2;189;189;189m▀[48;2;255;255;255m▀[38;2;63;63;63m[48;2;148;148;148m▀[38;2;189;189;189m[48;2;190;190;190m▀[38;2;189;192;189m[48;2;189;192;189m▀▀[38;2;189;189;189m[48;2;66;66;66m▀[38;2;66;66;66m[48;2;255;255;255m▀[38;2;255;255;255m▀[48;2;148;148;148m▀[48;2;255;255;255m▀[38;2;66;66;66m▀[38;2;189;189;189m[48;2;66;66;66m▀[48;2;189;189;189m▀[38;2;198;198;198m[48;2;189;192;189m▀[38;2;0;4;0m▀[38;2;0;0;0m[49m▄ ▀▀       [0m
 [38;2;0;0;0m▀[38;2;255;255;255m[48;2;0;0;0m▀[38;2;189;189;189m[48;2;255;255;255m▀[38;2;255;255;255m▀[38;2;148;148;148m▀[38;2;190;190;190m[48;2;189;189;189m▀[38;2;189;192;189m▀▀[38;2;66;66;66m[48;2;255;255;255m▀[38;2;255;255;255m▀[38;2;148;148;148m[48;2;148;148;148m▀[48;2;255;255;255m▀[38;2;255;255;255m▀▀[38;2;66;66;66m[48;2;66;66;66m▀[38;2;189;189;189m[48;2;189;189;189m▀[38;2;189;192;189m▀[48;2;255;231;55m▀[38;2;0;0;0m▀[49m▄         [0m
 [38;2;0;4;0m▄[38;2;0;0;0m[48;2;170;171;170m▀[38;2;255;255;255m[48;2;255;255;255m▀[48;2;0;0;0m▀[48;2;255;255;255m▀▀▀▀▀▀▀[38;2;219;219;219m▀[38;2;195;193;192m[48;2;66;66;66m▀[38;2;74;70;66m[48;2;192;192;192m▀[38;2;189;189;189m[48;2;189;192;189m▀▀[38;2;255;231;55m▀▀[48;2;255;231;55m▀[38;2;0;0;0m[48;2;189;189;189m▀[49m▄        [0m
 [38;2;0;4;0m[48;2;8;4;0m▀[38;2;255;255;255m[48;2;255;255;199m▀[38;2;0;0;0m[48;2;8;4;8m▀[48;2;173;171;173m▀[38;2;255;255;255m[48;2;8;4;8m▀[48;2;173;171;173m▀[48;2;255;255;255m▀[48;2;0;0;0m▀[38;2;0;0;0m[48;2;57;61;57m▀[38;2;255;255;255m[48;2;255;255;255m▀▀▀▀[38;2;192;192;192m▀[38;2;189;192;189m[48;2;189;192;189m▀▀▀▀[38;2;189;189;189m[48;2;189;189;189m▀[48;2;140;99;68m▀[38;2;0;0;0m[48;2;0;0;0m▀[49m        [0m
 [38;2;8;4;0m[48;2;0;0;0m▀[38;2;173;171;133m[48;2;247;214;47m▀[38;2;255;255;255m[48;2;255;255;255m▀[38;2;173;171;173m[48;2;66;66;66m▀[38;2;255;255;255m[48;2;255;255;255m▀▀[48;2;66;66;66m▀[38;2;0;0;0m[48;2;255;255;255m▀[38;2;156;158;156m▀[38;2;255;255;255m[48;2;247;214;47m▀[38;2;247;214;47m[48;2;255;231;55m▀▀[38;2;255;255;255m[48;2;247;214;47m▀[48;2;255;255;255m▀[38;2;189;192;189m[48;2;189;189;189m▀▀[48;2;187;194;195m▀[48;2;132;103;76m▀[38;2;140;99;68m[48;2;140;99;68m▀▀[38;2;0;0;0m[48;2;0;0;0m▀[49m        [0m
  [38;2;0;0;0m[48;2;0;0;0m▀[38;2;255;255;255m[48;2;219;219;219m▀[48;2;255;255;255m▀[38;2;66;66;66m▀▀[38;2;255;255;255m▀▀[48;2;148;148;148m▀[38;2;247;214;47m[48;2;255;255;255m▀[38;2;255;231;55m[48;2;247;214;47m▀▀[38;2;247;214;47m[48;2;255;255;255m▀[38;2;255;255;255m▀[48;2;255;255;247m▀[38;2;189;189;189m[48;2;184;184;181m▀[38;2;187;194;195m[48;2;148;148;148m▀[38;2;159;148;135m▀[38;2;140;99;68m▀[38;2;0;0;0m[48;2;0;0;0m▀[49m         [0m
  [38;2;0;0;0m▀[38;2;255;255;255m[48;2;0;0;0m▀[38;2;148;148;148m▀[38;2;255;255;255m[48;2;255;255;255m▀▀▀[38;2;148;148;148m▀[38;2;255;255;255m[48;2;66;66;66m▀▀[48;2;255;255;255m▀▀[48;2;214;217;206m▀▀[38;2;219;219;214m[48;2;214;222;214m▀[38;2;148;148;148m[48;2;143;148;143m▀[48;2;148;148;148m▀[48;2;0;0;0m▀[38;2;0;0;0m[49m▀          [0m
    [38;2;0;0;0m▄[48;2;148;148;148m▀[38;2;85;85;85m▀[38;2;214;214;206m▀[48;2;0;0;0m▀▀▀[48;2;71;71;69m▀[48;2;143;143;137m▀[38;2;214;217;206m[48;2;143;143;143m▀[48;2;71;71;71m▀[38;2;143;148;143m[48;2;0;0;0m▀[38;2;0;0;0m[49m▀▀            [0m
     [38;2;0;0;0m▀▀▀  ▀[38;2;214;214;206m[48;2;0;0;0m▀▀[38;2;214;214;214m▀[38;2;0;0;0m[49m▀               [0m
                              [0m
