
                     [38;2;0;0;0m▄[38;2;0;4;0m▄▄[38;2;0;0;0m▄                  [0m
             [38;2;0;0;0m▄[38;2;0;12;16m▄[38;2;0;0;0m[48;2;206;111;70m▀[48;2;93;80;77m▀[38;2;24;0;0m[49m▄[38;2;0;0;0m[48;2;222;247;233m▀▀[48;2;222;247;230m▀[38;2;222;247;230m▀[38;2;231;255;247m[48;2;165;189;189m▀[38;2;154;171;165m[48;2;8;0;0m▀[38;2;0;0;0m[49m▀                  [0m
    [38;2;0;0;0m▄▄▄▄   ▄[48;2;126;63;70m▀[38;2;206;107;70m▀[38;2;206;111;70m[48;2;66;66;66m▀[38;2;69;45;34m[48;2;222;247;230m▀[38;2;93;80;77m[48;2;222;247;233m▀[38;2;231;239;231m▀[38;2;222;247;233m[48;2;222;247;230m▀▀[38;2;222;247;230m[48;2;170;187;181m▀[38;2;164;193;188m[48;2;66;66;66m▀[38;2;165;189;189m[48;2;57;57;73m▀[38;2;60;63;63m[48;2;107;173;227m▀[38;2;0;0;0m[48;2;110;181;222m▀▀[48;2;107;181;219m▀▀[49m▄              [0m
 [38;2;0;0;0m▄[48;2;165;189;189m▀[48;2;222;247;230m▀[38;2;222;247;230m▀▀[48;2;222;247;233m▀▀[38;2;0;0;0m▀▀[49m▄[48;2;74;80;77m▀[38;2;165;189;189m[48;2;164;193;188m▀[38;2;126;63;70m[48;2;222;247;230m▀[38;2;222;247;230m▀▀[38;2;222;247;233m[48;2;222;247;238m▀[48;2;170;187;181m▀[38;2;222;247;230m[48;2;66;66;66m▀[38;2;66;66;66m[48;2;222;247;230m▀▀[38;2;222;247;238m[48;2;74;115;189m▀[38;2;90;134;176m[48;2;111;181;219m▀[38;2;107;173;227m▀[38;2;110;181;222m[48;2;107;181;235m▀▀[38;2;107;181;219m[48;2;0;0;0m▀[38;2;0;0;0m[49m▀               [0m
 [38;2;0;0;0m▀[38;2;165;189;189m[48;2;0;0;0m▀[48;2;165;189;189m▀[48;2;66;66;66m▀▀[38;2;222;247;233m[48;2;165;189;189m▀▀[48;2;222;247;238m▀▀[38;2;74;80;77m[48;2;66;66;66m▀[38;2;222;239;230m[48;2;222;247;230m▀[38;2;222;247;230m▀▀[48;2;222;244;233m▀[38;2;66;66;66m▀[48;2;222;247;233m▀▀[38;2;222;247;230m▀▀[48;2;222;247;230m▀[38;2;74;115;189m▀[38;2;74;115;186m[48;2;214;247;238m▀[48;2;165;188;181m▀[38;2;71;121;159m[48;2;66;66;66m▀[38;2;0;0;8m▀[38;2;0;0;0m[49m▄▄[48;2;222;247;233m▀▀▀▀▀▀▀▀[48;2;222;247;230m▀[49m▄▄▄   [0m
   [38;2;0;0;0m[48;2;0;0;0m▀[38;2;165;189;189m[48;2;165;189;189m▀▀[38;2;66;66;66m▀[38;2;165;189;189m[48;2;66;66;66m▀[38;2;170;187;181m[48;2;165;189;189m▀[38;2;66;66;66m[48;2;66;66;66m▀[38;2;222;247;230m[48;2;222;247;233m▀▀[48;2;222;247;230m▀[38;2;164;193;188m[48;2;164;193;188m▀[38;2;255;255;255m[48;2;66;66;66m▀[38;2;222;244;233m[48;2;222;247;230m▀[38;2;222;247;233m[48;2;222;247;233m▀▀[48;2;222;247;230m▀▀[38;2;222;247;230m[48;2;165;189;189m▀[38;2;164;193;188m▀[38;2;165;188;181m[48;2;66;66;66m▀[38;2;66;70;66m[48;2;222;247;230m▀[38;2;66;66;66m[48;2;222;247;233m▀[38;2;222;247;230m▀▀▀[38;2;222;247;233m▀▀[48;2;222;247;230m▀▀[48;2;66;66;66m▀▀▀[48;2;222;247;238m▀[38;2;222;247;230m[48;2;222;247;233m▀▀[48;2;222;247;230m▀▀[38;2;0;0;0m▀[49m▄ [0m
    [38;2;0;0;0m▀[38;2;165;189;189m[48;2;0;0;0m▀[48;2;165;189;189m▀▀[38;2;66;66;66m[48;2;66;66;66m▀[38;2;165;189;189m[48;2;165;189;189m▀[38;2;222;247;233m[48;2;66;61;66m▀[48;2;159;83;69m▀[38;2;222;247;230m[48;2;181;86;69m▀[48;2;222;247;230m▀[38;2;66;66;66m[48;2;222;247;233m▀[38;2;222;247;230m▀[38;2;222;247;233m▀▀[38;2;222;247;230m▀[38;2;66;66;66m▀▀▀[38;2;222;247;230m▀▀[38;2;222;247;233m▀▀[48;2;222;247;230m▀▀[48;2;165;189;189m▀[48;2;66;66;66m▀[38;2;66;66;66m[48;2;165;189;189m▀▀[38;2;165;189;189m▀▀[38;2;170;187;181m▀[38;2;66;66;66m▀[38;2;222;247;233m[48;2;60;63;63m▀[48;2;165;189;189m▀[38;2;165;189;189m[48;2;0;0;0m▀▀[38;2;0;0;0m[49m▀  [0m
      [38;2;0;0;0m▀▀[38;2;165;189;189m[48;2;0;0;0m▀[48;2;165;189;189m▀[38;2;66;61;66m▀[38;2;206;94;70m[48;2;60;63;63m▀[38;2;181;86;69m[48;2;222;247;233m▀[38;2;222;247;230m▀[38;2;222;247;233m▀▀▀▀▀▀▀▀[48;2;222;247;230m▀[48;2;165;189;189m▀▀▀[38;2;222;247;230m▀[38;2;164;193;188m▀[38;2;66;66;66m▀[38;2;165;189;189m[48;2;66;66;66m▀▀▀[38;2;66;66;66m▀[48;2;165;189;189m▀[38;2;165;189;189m▀▀[48;2;66;66;66m▀[38;2;8;0;0m[48;2;0;0;0m▀[49m     [0m
         [38;2;0;0;0m▀[38;2;8;0;0m▀[38;2;165;189;189m[48;2;0;0;0m▀[38;2;222;247;233m[48;2;157;173;173m▀[48;2;231;255;255m▀[48;2;222;247;233m▀▀▀▀[48;2;222;247;230m▀▀[48;2;165;189;189m▀[48;2;209;104;68m▀[38;2;165;189;189m[48;2;165;189;189m▀▀▀▀▀▀▀▀▀▀[48;2;0;0;0m▀▀▀[38;2;0;0;0m[49m▀▀      [0m
            [38;2;8;8;8m▀[38;2;157;173;173m[48;2;0;0;0m▀[38;2;222;247;233m▀[48;2;165;189;189m▀▀▀[38;2;165;189;189m▀▀[38;2;209;104;68m▀▀[38;2;165;189;189m▀[48;2;77;112;192m▀▀[48;2;165;189;189m▀▀[38;2;66;66;66m▀▀▀[38;2;60;63;63m[48;2;0;0;0m▀[38;2;8;0;0m[49m▀           [0m
               [38;2;0;0;0m▀▀[38;2;165;189;189m[48;2;0;0;0m▀[38;2;209;104;68m[48;2;60;63;63m▀[38;2;165;189;189m▀[48;2;165;189;189m▀▀▀[38;2;77;112;192m▀[38;2;165;189;189m▀▀[48;2;0;0;0m▀▀[38;2;0;0;0m[49m▀▀             [0m
                  [38;2;8;0;0m[48;2;0;0;0m▀[38;2;165;189;189m[48;2;165;189;189m▀[38;2;66;66;66m▀[48;2;66;66;66m▀[48;2;165;189;189m▀▀[38;2;60;63;63m▀[38;2;8;0;0m[48;2;0;0;0m▀[49m                 [0m
                   [38;2;0;0;0m▀[38;2;165;189;189m[48;2;0;0;0m▀[38;2;66;66;66m▀[38;2;165;189;189m[48;2;173;189;189m▀[38;2;94;96;94m[48;2;86;94;94m▀[38;2;165;189;189m[48;2;165;189;189m▀[38;2;0;0;0m[48;2;0;0;0m▀[49m                 [0m
                      [38;2;0;0;0m▀▀▀                  [0m
