
    [38;2;0;0;0m▄  ▄▄          [0m
   [38;2;0;0;0m[48;2;0;0;0m▀[38;2;255;255;255m[48;2;255;255;255m▀[38;2;0;0;0m[48;2;66;66;74m▀[48;2;255;255;255m▀[38;2;255;255;255m▀[38;2;0;0;0m[48;2;0;0;0m▀[49m ▄▄▄      [0m
  [38;2;0;0;0m[48;2;0;4;0m▀[38;2;255;255;255m[48;2;255;255;255m▀[38;2;129;129;134m▀[38;2;255;255;255m▀▀▀[38;2;66;66;66m[48;2;66;66;66m▀[38;2;0;0;0m[48;2;255;255;255m▀[38;2;255;255;255m▀▀[38;2;0;0;0m[48;2;0;0;0m▀[49m      [0m
 [38;2;0;0;0m[48;2;0;0;0m▀[38;2;170;171;170m▀[38;2;255;255;255m[48;2;255;255;255m▀▀[38;2;222;222;222m▀[38;2;181;181;181m▀[38;2;255;255;255m▀▀▀▀[38;2;181;181;181m[48;2;0;0;0m▀[38;2;0;0;0m[49m▀ ▄▄▄  [0m
 [38;2;0;0;0m[48;2;0;0;0m▀[38;2;255;255;255m[48;2;255;255;255m▀▀▀[38;2;181;181;181m[48;2;0;0;0m▀[38;2;255;255;255m[48;2;255;255;255m▀▀[48;2;239;239;239m▀▀[38;2;170;170;170m[48;2;0;0;0m▀[38;2;0;0;0m[49m▀▄[48;2;255;255;255m▀[38;2;255;255;255m▀[48;2;217;217;222m▀[38;2;222;222;222m[48;2;222;222;222m▀[38;2;0;0;0m[48;2;0;0;0m▀[49m [0m
  [38;2;0;0;0m▀[38;2;255;255;255m[48;2;0;0;0m▀▀[48;2;255;82;151m▀[48;2;173;181;189m▀[48;2;137;143;148m▀[38;2;181;181;181m[48;2;134;134;155m▀[38;2;66;66;66m[48;2;222;222;222m▀[38;2;0;0;0m[48;2;0;0;0m▀[49m▄[48;2;255;255;255m▀[38;2;255;255;255m[48;2;66;66;74m▀[38;2;140;140;156m[48;2;181;181;181m▀[38;2;178;178;189m[48;2;0;0;0m▀[38;2;0;0;0m[49m▀  [0m
     [38;2;0;0;0m[48;2;0;0;0m▀[38;2;66;66;66m[48;2;222;222;222m▀[48;2;74;74;74m▀[38;2;178;178;189m[48;2;222;222;222m▀[38;2;222;222;222m▀[38;2;214;214;222m[48;2;66;66;66m▀[38;2;143;143;148m▀[38;2;66;66;74m[48;2;222;231;222m▀[38;2;129;129;134m[48;2;170;177;170m▀[38;2;0;0;0m[48;2;0;0;0m▀[49m    [0m
      [38;2;0;0;0m▀[48;2;0;0;0m▀[38;2;222;222;222m[48;2;222;66;38m▀▀[38;2;66;66;66m[48;2;222;222;222m▀[38;2;255;255;255m[48;2;131;131;155m▀[38;2;66;70;66m[48;2;140;158;193m▀[38;2;222;231;222m[48;2;181;173;173m▀[38;2;181;181;181m[48;2;115;156;211m▀[38;2;0;0;0m[48;2;0;0;0m▀[49m   [0m
       [38;2;0;0;0m▀[38;2;222;222;222m[48;2;0;0;0m▀[38;2;222;66;38m[48;2;132;132;156m▀[38;2;222;222;222m[48;2;181;181;181m▀▀[38;2;181;173;173m[48;2;123;148;195m▀[38;2;57;127;233m▀[38;2;115;156;211m[48;2;0;0;0m▀[38;2;0;0;0m[49m▀   [0m
         [38;2;0;0;0m[48;2;0;0;0m▀[38;2;60;63;60m[48;2;132;132;156m▀[38;2;0;4;0m[48;2;0;0;0m▀[38;2;0;0;0m[49m▀[38;2;123;148;195m[48;2;0;0;0m▀[38;2;0;0;0m[48;2;181;181;181m▀[49m▄   [0m
          [38;2;0;0;0m▀  ▀[38;2;181;181;181m[48;2;0;0;0m▀[38;2;0;0;0m[49m▀   [0m
                   [0m
