
[38;2;0;0;0m                                                                
[38;2;0;0;0m            ██████                                              
[38;2;0;0;0m        ████[38;2;231;140;79m██[38;2;241;150;87m████[38;2;0;0;0m████                                          
[38;2;0;0;0m      ██[38;2;239;148;87m██[38;2;231;140;79m████[38;2;214;119;70m████[38;2;239;148;87m████[38;2;0;0;0m██                                        
[38;2;0;0;0m    ██[38;2;242;148;87m████████[38;2;239;148;87m████████[38;2;0;0;0m██                                        
[38;2;0;0;0m    ██[38;2;242;148;87m████████[38;2;239;148;87m██[38;2;148;90;60m████[38;2;239;148;87m██[38;2;214;119;70m██[38;2;0;0;0m██                                      
[38;2;0;0;0m  ██[38;2;239;148;87m██[38;2;242;148;87m████████[38;2;154;93;58m██[38;2;231;140;87m████[38;2;154;93;58m██[38;2;214;119;70m██[38;2;0;0;0m██          ████████                    
[38;2;0;0;0m  ██[38;2;239;148;87m██[38;2;242;148;87m████████[38;2;154;93;58m██[38;2;0;0;0m████[38;2;154;93;58m██[38;2;214;119;70m██[38;2;0;0;0m██    ██████[38;2;173;173;165m████████[38;2;0;0;0m██████              
[38;2;0;0;0m  [38;2;0;0;8m██[38;2;143;104;76m██[38;2;239;148;87m████[38;2;242;148;87m████[38;2;0;0;0m██[38;2;239;148;87m████[38;2;148;88;60m██[38;2;214;119;70m██[38;2;0;12;16m██[38;2;0;0;0m  ██[38;2;173;176;165m████[38;2;173;173;165m██[38;2;140;140;135m██[38;2;66;66;66m████[38;2;140;140;135m██[38;2;107;107;104m██[38;2;173;173;165m████[38;2;0;0;0m██            
[38;2;0;0;0m  [38;2;0;0;8m██[38;2;214;156;110m██[38;2;239;148;87m██[38;2;107;107;107m██[38;2;242;148;87m████[38;2;239;148;87m██[38;2;159;99;58m██[38;2;148;88;60m██[38;2;239;148;87m██[38;2;214;119;70m██[38;2;71;48;34m██[38;2;0;0;0m██[38;2;173;173;165m██[38;2;173;176;165m████[38;2;107;107;104m██[38;2;173;173;165m████[38;2;137;137;132m██[38;2;173;173;165m████[38;2;107;107;107m████[38;2;173;173;165m██[38;2;0;0;0m██          
[38;2;0;0;0m    ██[38;2;231;132;79m████[38;2;143;86;55m████[38;2;148;86;60m██[38;2;247;140;79m██[38;2;239;148;87m██[38;2;210;115;66m██[38;2;214;119;70m██[38;2;66;66;66m██[38;2;140;140;135m██[38;2;173;173;165m██[38;2;107;107;107m████[38;2;173;176;165m████[38;2;173;173;165m██[38;2;107;107;107m██[38;2;173;173;165m████[38;2;173;176;165m████[38;2;107;107;107m████[38;2;0;0;0m██        
[38;2;0;0;0m      ████[38;2;0;4;8m██[38;2;214;127;78m██[38;2;214;122;73m████[38;2;210;115;66m████[38;2;214;119;70m██[38;2;66;66;66m██[38;2;140;140;135m██[38;2;107;107;104m██[38;2;231;99;95m██[38;2;107;107;107m██[38;2;173;176;165m████[38;2;173;173;165m██[38;2;107;107;107m████[38;2;173;173;165m██[38;2;173;176;165m████[38;2;107;107;107m██[38;2;231;99;95m██[38;2;0;0;0m██        
[38;2;0;0;0m            ██[38;2;211;118;67m████████████[38;2;66;66;66m██[38;2;231;99;95m██[38;2;66;66;66m██[38;2;140;140;132m██[38;2;173;173;165m████[38;2;115;86;86m██[38;2;231;103;95m████[38;2;115;86;86m██[38;2;173;173;165m██[38;2;140;140;132m████[38;2;69;65;66m██[38;2;107;107;107m██[38;2;0;0;0m██      
[38;2;0;0;0m            ██[38;2;211;118;67m████████████[38;2;66;66;66m████[38;2;140;140;132m████████[38;2;57;78;81m██[38;2;231;103;95m████[38;2;57;78;81m██[38;2;140;140;132m████[38;2;104;103;99m██[38;2;140;140;132m██[38;2;107;107;107m██[38;2;71;71;71m██[38;2;0;0;0m████  
[38;2;0;0;0m            ██[38;2;211;118;67m████[38;2;214;119;70m██████[38;2;107;109;107m██[38;2;66;70;74m██[38;2;159;111;87m██[38;2;140;140;132m██████[38;2;107;107;107m██[38;2;140;140;132m██[38;2;66;66;66m██[38;2;69;65;66m██[38;2;140;140;132m██[38;2;107;107;107m██[38;2;140;140;132m██[38;2;107;107;107m██[38;2;140;140;132m██[38;2;107;107;107m██████[38;2;0;0;0m██  
[38;2;0;0;0m            ██[38;2;211;118;67m████[38;2;214;119;70m██[38;2;107;109;107m██████[38;2;206;132;94m██[38;2;66;70;74m██[38;2;66;66;66m██[38;2;140;140;132m██[38;2;107;107;107m██[38;2;140;140;132m██████[38;2;104;103;99m██[38;2;140;140;132m████[38;2;107;107;107m██[38;2;140;140;132m██[38;2;107;107;107m██[38;2;66;66;66m████[38;2;107;107;107m██[38;2;0;0;0m██  
[38;2;0;0;0m              [38;2;0;4;8m██[38;2;132;89;65m██[38;2;107;109;107m████[38;2;211;118;67m████[38;2;214;119;70m██[38;2;66;66;66m██[38;2;140;140;132m██[38;2;66;66;66m██[38;2;140;140;132m████[38;2;66;66;66m██████[38;2;140;140;132m████[38;2;66;66;66m██████[38;2;148;140;132m████[38;2;0;0;0m██    
[38;2;0;0;0m              [38;2;0;4;8m██[38;2;198;132;94m██[38;2;214;119;70m████[38;2;211;118;67m████[38;2;214;119;70m████[38;2;66;66;66m██[38;2;140;140;132m██[38;2;66;66;66m████[38;2;140;140;132m██████[38;2;66;66;66m████[38;2;140;140;132m██████[38;2;90;66;50m██[38;2;109;91;77m██[38;2;0;0;0m██    
[38;2;0;0;0m              [38;2;0;8;16m██[38;2;74;51;42m██[38;2;214;119;70m████[38;2;211;118;67m████████[38;2;214;119;62m██[38;2;71;67;63m██[38;2;140;140;132m████[38;2;66;66;66m████[38;2;74;63;61m██[38;2;156;132;116m██[38;2;143;143;137m██[38;2;66;66;66m██████[38;2;148;91;60m████[38;2;132;94;68m██[38;2;0;0;0m██  
[38;2;0;0;0m            ██[38;2;148;94;68m████[38;2;66;66;66m██[38;2;214;119;70m██[38;2;211;118;67m████████[38;2;143;93;63m██[38;2;214;119;62m██[38;2;66;66;66m████[38;2;148;90;60m████[38;2;115;97;88m██[38;2;74;63;61m██[38;2;66;66;66m██[38;2;104;104;102m██[38;2;66;66;66m██[38;2;148;90;60m██[38;2;148;91;60m████[38;2;88;63;45m██[38;2;0;0;0m██  
[38;2;0;0;0m            ██[38;2;148;90;60m████[38;2;140;107;92m██[38;2;57;74;81m██[38;2;71;46;31m██[38;2;214;123;78m██[38;2;214;119;70m████[38;2;154;87;58m██[38;2;200;118;72m██[38;2;210;115;66m████[38;2;143;93;63m████[38;2;71;71;71m██[38;2;107;107;107m██[38;2;0;0;0m██[38;2;66;66;66m██[38;2;148;92;60m██[38;2;107;109;107m██[38;2;107;103;99m████[38;2;167;137;122m██[38;2;8;0;0m██[38;2;0;0;0m  
[38;2;0;0;0m          ██[38;2;107;107;107m██[38;2;107;108;107m████[38;2;112;96;88m████[38;2;0;8;8m████[38;2;0;4;0m██[38;2;143;81;47m██[38;2;247;148;87m████[38;2;239;148;87m██[38;2;210;115;66m██[38;2;214;119;62m██[38;2;71;67;63m██[38;2;0;0;0m████  ██[38;2;148;92;60m████[38;2;156;107;76m██[38;2;206;111;54m██[38;2;247;206;183m██[38;2;8;0;0m██[38;2;0;0;0m  
[38;2;0;0;0m          [38;2;8;0;0m██[38;2;113;93;78m██[38;2;148;90;60m████[38;2;127;99;83m██[38;2;0;0;0m██      ██[38;2;107;107;107m██[38;2;239;148;87m██████[38;2;143;104;76m██[38;2;0;0;8m██[38;2;0;0;0m      ██[38;2;107;107;107m██[38;2;214;214;214m██[38;2;107;107;107m██[38;2;214;214;214m██[38;2;107;107;107m██[38;2;0;0;0m██  
[38;2;0;0;0m          [38;2;8;0;0m██[38;2;165;140;117m██[38;2;131;118;107m██[38;2;123;132;131m██[38;2;127;99;83m██[38;2;0;0;0m██      ██[38;2;239;148;87m██[38;2;107;107;107m██████[38;2;214;156;110m██[38;2;0;0;8m██[38;2;0;0;0m        ██████████    
[38;2;0;0;0m            ████████        ██[38;2;195;154;118m████[38;2;239;148;87m████[38;2;173;165;143m██[38;2;8;0;0m██[38;2;0;0;0m                      
[38;2;0;0;0m                            ██[38;2;255;255;231m██[38;2;165;103;61m██[38;2;239;148;87m██[38;2;107;107;107m██[38;2;255;247;215m██[38;2;8;0;0m██[38;2;0;0;0m                      
[38;2;0;0;0m                              ████[38;2;255;255;255m██[38;2;0;0;0m████                        
[38;2;0;0;0m                                  ██                            
[38;2;0;0;0m                                                                [0m
