
[38;2;0;0;0m                                                            
[38;2;0;0;0m                                [38;2;49;49;49m████[38;2;0;0;0m                        
[38;2;0;0;0m                    [38;2;49;49;49m██[38;2;0;0;0m      [38;2;49;49;49m████[38;2;74;139;57m████[38;2;49;49;49m██████[38;2;0;0;0m                  
[38;2;0;0;0m                  [38;2;49;49;49m██[38;2;197;197;197m██[38;2;49;49;49m██[38;2;0;0;0m  [38;2;49;49;49m██[38;2;57;106;57m██[38;2;74;139;57m██[38;2;57;106;57m██[38;2;74;139;57m████[38;2;57;106;57m██[38;2;74;139;57m██[38;2;49;49;49m██[38;2;0;0;0m        [38;2;49;49;49m██[38;2;0;0;0m      
[38;2;0;0;0m                  [38;2;49;49;49m██[38;2;197;197;197m██[38;2;49;49;49m████[38;2;57;106;57m████[38;2;74;139;57m██████████████[38;2;49;49;49m██[38;2;0;0;0m    [38;2;49;49;49m██[38;2;98;172;90m██[38;2;49;49;49m██[38;2;0;0;0m    
[38;2;0;0;0m                [38;2;49;49;49m██[38;2;156;156;156m██[38;2;197;197;197m██[38;2;82;82;82m██[38;2;57;106;57m████[38;2;74;139;57m████████████[38;2;57;106;57m██████[38;2;49;49;49m████[38;2;74;139;57m██[38;2;98;172;90m██[38;2;49;49;49m██[38;2;0;0;0m    
[38;2;0;0;0m          [38;2;49;49;49m████[38;2;0;0;0m  [38;2;49;49;49m██[38;2;74;139;57m██[38;2;197;197;197m██[38;2;82;82;82m████[38;2;74;139;57m██████████[38;2;57;106;57m████[38;2;74;139;57m████[38;2;57;106;57m██[38;2;82;82;82m██[38;2;98;172;90m████[38;2;74;139;57m██[38;2;156;115;65m██[38;2;49;49;49m██[38;2;0;0;0m  
[38;2;0;0;0m          [38;2;49;49;49m██[38;2;197;197;197m██[38;2;49;49;49m██[38;2;82;82;82m██[38;2;74;139;57m██████[38;2;82;82;82m██[38;2;74;139;57m██[38;2;57;106;57m██[38;2;74;139;57m████[38;2;57;106;57m██[38;2;74;139;57m████████████[38;2;82;82;82m██[38;2;98;172;90m████[38;2;156;115;65m██[38;2;49;49;49m██[38;2;0;0;0m  
[38;2;0;0;0m          [38;2;49;49;49m██[38;2;197;197;197m██[38;2;156;156;156m██[38;2;82;82;82m██[38;2;74;139;57m██[38;2;57;106;57m████[38;2;98;172;90m██[38;2;82;82;82m██[38;2;74;139;57m████[38;2;57;106;57m██████[38;2;74;139;57m██████████[38;2;82;82;82m██[38;2;74;139;57m██[38;2;156;115;65m████[38;2;49;49;49m██[38;2;0;0;0m  
[38;2;0;0;0m            [38;2;49;49;49m██[38;2;156;156;156m██[38;2;82;82;82m██[38;2;57;106;57m████[38;2;98;172;90m██████[38;2;82;82;82m██████[38;2;57;106;57m██████[38;2;74;139;57m██[38;2;57;106;57m██[38;2;74;139;57m██[38;2;82;82;82m████[38;2;98;172;90m██[38;2;156;115;65m██[38;2;49;49;49m██[38;2;0;0;0m    
[38;2;0;0;0m        [38;2;49;49;49m████[38;2;74;139;57m██[38;2;57;106;57m██[38;2;197;197;197m██████[38;2;57;106;57m██[38;2;98;172;90m████[38;2;156;115;65m██[38;2;189;148;82m████[38;2;82;82;82m██████[38;2;57;106;57m████[38;2;82;82;82m██[38;2;156;156;156m██[38;2;82;82;82m██[38;2;156;115;65m████[38;2;49;49;49m██[38;2;0;0;0m    
[38;2;0;0;0m      [38;2;49;49;49m██[38;2;197;197;197m██[38;2;74;139;57m████[38;2;197;197;197m██████████[38;2;57;106;57m██[38;2;98;172;90m████[38;2;156;115;65m████[38;2;189;148;82m████[38;2;74;139;57m██[38;2;82;82;82m████[38;2;156;156;156m██[38;2;82;82;82m██[38;2;98;172;90m██[38;2;156;115;65m██[38;2;49;49;49m██[38;2;0;0;0m      
[38;2;0;0;0m      [38;2;49;49;49m██[38;2;197;197;197m████[38;2;156;156;156m██[38;2;197;197;197m████████[38;2;57;106;57m██[38;2;98;172;90m██████████[38;2;74;139;57m████[38;2;197;197;197m██[38;2;156;156;156m████[38;2;82;82;82m██[38;2;98;172;90m██[38;2;82;82;82m████[38;2;49;49;49m██[38;2;0;0;0m      
[38;2;0;0;0m        [38;2;49;49;49m██[38;2;197;197;197m████████[38;2;57;106;57m████[38;2;74;139;57m████████████[38;2;197;197;197m████████[38;2;82;82;82m██[38;2;98;172;90m██[38;2;82;82;82m██[38;2;156;115;65m██[38;2;49;49;49m██[38;2;0;0;0m        
[38;2;0;0;0m    [38;2;49;49;49m██████[38;2;82;82;82m████[38;2;197;197;197m████████████████████████[38;2;82;82;82m████[38;2;98;172;90m██[38;2;82;82;82m██[38;2;156;115;65m██████[38;2;49;49;49m██[38;2;0;0;0m      
[38;2;0;0;0m  [38;2;49;49;49m██[38;2;156;156;156m██████[38;2;82;82;82m██[38;2;98;172;90m██[38;2;82;82;82m████████[38;2;197;197;197m██████████[38;2;82;82;82m██████[38;2;98;172;90m██[38;2;74;139;57m██[38;2;98;172;90m██[38;2;82;82;82m██[38;2;156;115;65m██████[38;2;49;49;49m██[38;2;0;0;0m      
[38;2;0;0;0m    [38;2;49;49;49m██[38;2;156;156;156m██[38;2;82;82;82m██[38;2;74;139;57m██████[38;2;98;172;90m████[38;2;74;139;57m██[38;2;82;82;82m██████████[38;2;98;172;90m██[38;2;74;139;57m██[38;2;98;172;90m████[38;2;74;139;57m██[38;2;82;82;82m██[38;2;156;115;65m██[38;2;123;98;57m██[38;2;156;115;65m██[38;2;123;98;57m██[38;2;49;49;49m██[38;2;0;0;0m      
[38;2;0;0;0m      [38;2;49;49;49m██[38;2;82;82;82m██[38;2;98;172;90m██████[38;2;74;139;57m██[38;2;230;74;41m██[38;2;255;255;255m██[38;2;98;172;90m██[38;2;82;82;82m██[38;2;197;197;197m████[38;2;82;82;82m████[38;2;189;148;82m████[38;2;82;82;82m██[38;2;123;98;57m██[38;2;82;82;82m██[38;2;123;98;57m██[38;2;197;197;197m██[38;2;123;98;57m██[38;2;197;197;197m██[38;2;49;49;49m██[38;2;0;0;0m      
[38;2;0;0;0m        [38;2;49;49;49m██[38;2;82;82;82m████[38;2;74;139;57m██[38;2;255;255;255m██[38;2;49;49;49m██[38;2;255;255;255m██[38;2;82;82;82m██[38;2;197;197;197m██████████[38;2;82;82;82m██[38;2;189;148;82m██[38;2;82;82;82m██[38;2;156;115;65m██[38;2;49;49;49m██[38;2;123;98;57m██[38;2;197;197;197m██[38;2;123;98;57m██[38;2;49;49;49m██[38;2;0;0;0m        
[38;2;0;0;0m        [38;2;49;49;49m██[38;2;82;82;82m██████[38;2;189;148;82m██████[38;2;74;139;57m██[38;2;82;82;82m██[38;2;156;156;156m████[38;2;82;82;82m████[38;2;189;148;82m██████[38;2;49;49;49m██[38;2;0;0;0m  [38;2;49;49;49m██████[38;2;0;0;0m          
[38;2;0;0;0m          [38;2;49;49;49m██[38;2;82;82;82m██[38;2;49;49;49m██[38;2;74;139;57m██[38;2;189;148;82m██[38;2;74;139;57m██[38;2;49;49;49m██████[38;2;82;82;82m██[38;2;189;148;82m██[38;2;156;115;65m████[38;2;189;148;82m██[38;2;156;115;65m██[38;2;49;49;49m██[38;2;0;0;0m                  
[38;2;0;0;0m            [38;2;49;49;49m██[38;2;0;0;0m  [38;2;49;49;49m██████[38;2;0;0;0m    [38;2;49;49;49m██[38;2;197;197;197m██[38;2;156;115;65m██[38;2;255;255;255m██[38;2;156;115;65m████[38;2;255;255;255m██[38;2;49;49;49m██[38;2;0;0;0m                  
[38;2;0;0;0m                            [38;2;49;49;49m████[38;2;255;255;255m████[38;2;156;115;65m██[38;2;49;49;49m██[38;2;0;0;0m                    
[38;2;0;0;0m                                [38;2;49;49;49m██████[38;2;0;0;0m                      
[38;2;0;0;0m                                                            [0m
