
[38;2;0;0;0m                                                  
[38;2;0;0;0m                    [38;2;32;32;32m██████████[38;2;0;0;0m                    
[38;2;0;0;0m                [38;2;32;32;32m████[38;2;82;82;74m████████[38;2;189;189;189m██[38;2;32;32;32m██[38;2;0;0;0m                  
[38;2;0;0;0m            [38;2;32;32;32m████[38;2;255;230;106m██████[38;2;82;82;74m██[38;2;189;189;189m████[38;2;82;98;172m██[38;2;189;189;189m██[38;2;32;32;32m██[38;2;0;0;0m                
[38;2;0;0;0m          [38;2;32;32;32m██[38;2;238;180;74m████[38;2;255;230;106m████[38;2;82;82;74m██[38;2;255;230;106m██[38;2;82;82;74m██[38;2;32;32;32m██[38;2;82;98;172m██[38;2;82;82;74m██[38;2;32;32;32m██[38;2;0;0;0m                
[38;2;0;0;0m        [38;2;32;32;32m██[38;2;238;180;74m████████[38;2;255;230;106m██[38;2;82;82;74m██[38;2;255;230;106m██[38;2;82;82;74m██[38;2;98;205;230m████[38;2;82;82;74m████[38;2;32;32;32m██[38;2;0;0;0m              
[38;2;0;0;0m      [38;2;32;32;32m██[38;2;238;139;74m██████[38;2;238;180;74m██████[38;2;255;230;106m████[38;2;82;82;74m██[38;2;98;205;230m████[38;2;255;230;106m██[38;2;82;82;74m██[38;2;32;32;32m██[38;2;0;0;0m              
[38;2;0;0;0m      [38;2;32;32;32m██[38;2;238;82;74m██[38;2;238;139;74m██████[38;2;238;180;74m████[38;2;82;82;74m████[38;2;255;255;255m██[38;2;189;189;189m██[38;2;255;230;106m████[38;2;82;82;74m██[38;2;32;32;32m██[38;2;0;0;0m              
[38;2;0;0;0m    [38;2;32;32;32m██[38;2;238;82;74m██████[38;2;238;139;74m████[38;2;82;82;74m████[38;2;238;82;74m██[38;2;82;82;74m██[38;2;255;255;255m██[38;2;189;189;189m██[38;2;255;230;106m████[38;2;82;82;74m██[38;2;32;32;32m██[38;2;0;0;0m              
[38;2;0;0;0m    [38;2;32;32;32m██[38;2;82;82;74m██[38;2;238;82;74m██████[38;2;82;82;74m██[38;2;32;32;32m████[38;2;82;82;74m██[38;2;255;255;255m██████[38;2;189;189;189m██[38;2;82;82;74m████[38;2;32;32;32m██[38;2;0;0;0m              
[38;2;0;0;0m  [38;2;32;32;32m██[38;2;82;82;74m██████[38;2;238;82;74m██[38;2;32;32;32m████[38;2;0;0;0m  [38;2;32;32;32m██[38;2;255;255;255m██████████[38;2;65;65;65m██[38;2;82;82;74m██[38;2;32;32;32m██[38;2;0;0;0m              
[38;2;0;0;0m  [38;2;32;32;32m██[38;2;82;82;74m██████[38;2;32;32;32m██[38;2;0;0;0m      [38;2;32;32;32m██[38;2;255;255;255m████████[38;2;65;65;65m██[38;2;82;82;74m████[38;2;65;65;65m██[38;2;32;32;32m██[38;2;0;0;0m            
[38;2;0;0;0m  [38;2;32;32;32m██[38;2;82;82;74m████[38;2;32;32;32m██[38;2;0;0;0m        [38;2;32;32;32m██[38;2;255;255;255m████████[38;2;65;65;65m██[38;2;82;82;74m██████[38;2;32;32;32m██[38;2;0;0;0m  [38;2;32;32;32m████[38;2;0;0;0m      
[38;2;0;0;0m    [38;2;32;32;32m██[38;2;82;82;74m██[38;2;32;32;32m██[38;2;0;0;0m        [38;2;32;32;32m██[38;2;189;189;189m██[38;2;255;255;255m██[38;2;189;189;189m██[38;2;255;255;255m██[38;2;65;65;65m██[38;2;82;82;74m██████[38;2;32;32;32m████[38;2;82;82;74m██[38;2;32;32;32m██[38;2;0;0;0m      
[38;2;0;0;0m      [38;2;32;32;32m██[38;2;0;0;0m            [38;2;32;32;32m██[38;2;189;189;189m████████[38;2;65;65;65m██[38;2;82;82;74m████████[38;2;32;32;32m██[38;2;0;0;0m        
[38;2;0;0;0m                      [38;2;32;32;32m██[38;2;189;189;189m████[38;2;65;65;65m████[38;2;82;82;74m██████[38;2;65;65;65m██[38;2;32;32;32m██[38;2;0;0;0m        
[38;2;0;0;0m                        [38;2;32;32;32m██[38;2;65;65;65m██[38;2;82;82;74m████[38;2;65;65;65m██████[38;2;172;65;74m████[38;2;32;32;32m██[38;2;0;0;0m      
[38;2;0;0;0m                    [38;2;32;32;32m████[38;2;74;131;139m████[38;2;32;32;32m████[38;2;74;131;139m██[38;2;65;65;65m██[38;2;172;65;74m████[38;2;65;65;65m██[38;2;32;32;32m██████[38;2;0;0;0m  
[38;2;0;0;0m                  [38;2;32;32;32m██[38;2;74;131;139m██████[38;2;32;32;32m██[38;2;0;0;0m  [38;2;32;32;32m██[38;2;98;205;230m██[38;2;32;32;32m██████[38;2;65;65;65m██████[38;2;32;32;32m██[38;2;0;0;0m  
[38;2;0;0;0m                    [38;2;32;32;32m██████[38;2;0;0;0m  [38;2;32;32;32m██[38;2;98;205;230m██[38;2;32;32;32m██[38;2;0;0;0m      [38;2;32;32;32m██████[38;2;0;0;0m    
[38;2;0;0;0m                          [38;2;32;32;32m██[38;2;98;205;230m██[38;2;82;82;74m██[38;2;98;205;230m██[38;2;32;32;32m██[38;2;0;0;0m              
[38;2;0;0;0m                            [38;2;32;32;32m██████[38;2;0;0;0m                
[38;2;0;0;0m                                                  [0m
