
[38;2;0;0;0m                                        
[38;2;0;0;0m            ██                          
[38;2;0;0;0m      ██  ██[38;2;115;82;187m██[38;2;0;0;0m██        ██              
[38;2;0;0;0m    ██[38;2;198;198;198m██[38;2;0;0;16m██[38;2;126;110;158m██[38;2;115;82;187m██[38;2;0;0;0m██    ████[38;2;173;115;221m██[38;2;0;0;0m██            
[38;2;0;0;0m    ██[38;2;198;198;198m██[38;2;189;165;229m██[38;2;126;110;158m██[38;2;115;82;187m████[38;2;0;0;0m████[38;2;173;115;221m██████[38;2;0;0;0m██            
[38;2;0;0;0m      ██[38;2;255;255;247m██[38;2;115;82;179m██[38;2;115;82;187m██[38;2;173;115;221m██[38;2;173;118;221m████████[38;2;173;119;237m██[38;2;0;0;8m██[38;2;0;0;0m            
[38;2;0;0;0m    ██[38;2;198;198;198m██[38;2;255;255;247m██[38;2;208;197;224m██[38;2;173;115;221m████[38;2;173;118;221m████████[38;2;115;79;161m██[38;2;0;0;8m██[38;2;0;0;0m            
[38;2;0;0;0m  ██[38;2;173;173;173m██[38;2;255;255;255m██[38;2;255;255;247m██[38;2;211;188;227m██[38;2;173;118;221m████████[38;2;173;115;221m██[38;2;115;82;187m██[38;2;173;115;221m██[38;2;0;0;0m██            
[38;2;0;0;0m    [38;2;8;8;8m██[38;2;173;173;173m██[38;2;255;255;247m██[38;2;167;120;207m██[38;2;173;118;221m████████[38;2;173;115;221m████████[38;2;0;0;0m██          
[38;2;0;0;0m    ██[38;2;82;59;110m██[38;2;173;115;221m██[38;2;74;66;114m██[38;2;164;138;176m████[38;2;164;144;204m████[38;2;173;115;221m████████[38;2;115;82;187m██[38;2;0;0;0m██        
[38;2;0;0;0m    ██[38;2;165;119;221m██[38;2;173;115;221m████[38;2;255;231;255m██[38;2;74;45;98m██[38;2;74;57;154m██[38;2;255;231;255m██[38;2;74;66;114m██[38;2;173;115;221m██[38;2;115;82;187m████[38;2;0;0;0m██          
[38;2;0;0;0m    ██[38;2;173;115;221m██[38;2;173;118;221m████[38;2;74;57;122m██[38;2;255;239;255m████[38;2;74;57;122m██[38;2;173;115;221m██[38;2;255;255;255m██[38;2;173;115;221m██[38;2;0;0;0m██            
[38;2;0;0;0m    ██[38;2;173;115;221m██[38;2;173;118;221m████[38;2;164;148;188m██[38;2;74;57;122m████[38;2;164;148;188m██[38;2;255;255;255m██[38;2;214;185;238m██[38;2;0;0;0m██    ████      
[38;2;0;0;0m      ████[38;2;214;181;246m██[38;2;82;61;106m██[38;2;165;119;213m██[38;2;189;156;213m██[38;2;66;66;66m██[38;2;63;52;84m██[38;2;8;12;0m██[38;2;0;0;0m  ██[38;2;8;4;8m██[38;2;222;181;254m██[38;2;231;189;255m██[38;2;8;4;16m██[38;2;0;0;0m    
[38;2;0;0;0m          ██[38;2;0;4;0m██[38;2;82;61;106m██[38;2;66;66;66m██[38;2;189;156;213m██[38;2;118;92;169m██[38;2;63;52;84m██[38;2;0;0;0m██[38;2;214;181;246m██[38;2;222;181;254m██[38;2;151;122;172m██[38;2;157;127;175m████[38;2;0;0;0m██  
[38;2;0;0;0m      ████    ██[38;2;198;189;206m████[38;2;115;83;187m████[38;2;66;66;66m██[38;2;214;181;254m██[38;2;231;189;255m██[38;2;157;127;175m██[38;2;0;0;0m████    
[38;2;0;0;0m    ██[38;2;198;198;198m██[38;2;115;82;187m██[38;2;0;0;0m████[38;2;115;82;187m██[38;2;127;119;147m██[38;2;57;49;89m██[38;2;115;83;187m████[38;2;66;66;66m██[38;2;165;143;191m██[38;2;157;127;175m██[38;2;8;4;16m██[38;2;0;0;0m        
[38;2;0;0;0m    ██[38;2;115;82;187m██[38;2;123;107;159m████[38;2;66;66;66m██[38;2;173;115;221m██[38;2;66;66;66m██[38;2;173;115;221m██[38;2;160;148;164m██[38;2;66;57;74m██████[38;2;173;132;205m██[38;2;0;0;0m██        
[38;2;0;0;0m      ██[38;2;189;173;229m██[38;2;57;41;89m██[38;2;173;115;221m████[38;2;66;66;66m██[38;2;173;115;221m██[38;2;66;57;74m██[38;2;255;239;255m██[38;2;160;148;164m██[38;2;255;239;255m██[38;2;0;0;0m██          
[38;2;0;0;0m        ██[38;2;173;115;221m██[38;2;115;94;179m██[38;2;57;49;89m██[38;2;173;115;221m████[38;2;58;48;74m██[38;2;173;119;221m██[38;2;173;115;221m████[38;2;0;0;0m██          
[38;2;0;0;0m          ██[38;2;0;4;0m████[38;2;115;82;187m██[38;2;173;115;221m██[38;2;0;12;0m██[38;2;173;119;221m██[38;2;255;255;255m██[38;2;173;115;221m██[38;2;0;0;0m██          
[38;2;0;0;0m                ████  ██████            
[38;2;0;0;0m                                        [0m
