
[38;2;0;0;0m                                                                          
[38;2;0;0;0m                    [38;2;0;4;0m██[38;2;0;0;0m                                                    
[38;2;0;0;0m                  [38;2;0;4;0m██[38;2;115;148;227m██[38;2;0;4;0m██[38;2;0;0;0m                                                  
[38;2;0;0;0m                  [38;2;0;8;8m██[38;2;115;156;243m██[38;2;115;148;235m██[38;2;0;8;8m██[38;2;0;4;0m██[38;2;0;0;0m                                              
[38;2;0;0;0m                  [38;2;0;8;8m██[38;2;77;107;165m██[38;2;77;101;159m██[38;2;115;148;235m██[38;2;74;115;186m██[38;2;0;4;0m████[38;2;0;0;0m                                          
[38;2;0;0;0m                    [38;2;0;4;0m██[38;2;74;115;189m████████[38;2;77;107;170m██[38;2;0;8;8m██[38;2;0;4;0m████[38;2;0;0;0m                                    
[38;2;0;0;0m                    [38;2;0;4;0m██[38;2;74;115;189m████████[38;2;77;107;170m██[38;2;115;156;251m██[38;2;115;148;227m████[38;2;0;4;0m████[38;2;0;0;0m                                
[38;2;0;0;0m                      [38;2;66;66;66m██[38;2;88;115;179m██[38;2;74;115;189m████[38;2;74;115;190m██[38;2;115;148;227m██[38;2;112;148;227m████████[38;2;0;4;0m████[38;2;0;0;0m                            
[38;2;0;0;0m                    [38;2;0;4;0m██[38;2;99;140;235m██[38;2;66;66;66m██[38;2;74;115;189m████[38;2;115;148;227m████[38;2;112;148;227m████████[38;2;115;148;227m████[38;2;0;4;0m██[38;2;0;0;0m                          
[38;2;0;0;0m                    [38;2;0;4;0m██[38;2;112;148;227m████████████[38;2;115;148;227m████[38;2;82;74;64m████[38;2;66;74;90m████[38;2;115;148;227m██[38;2;0;4;0m██[38;2;0;0;0m                        
[38;2;0;0;0m                  [38;2;0;4;0m██[38;2;115;148;227m██[38;2;112;148;227m████████████[38;2;82;93;125m██[38;2;66;66;74m██[38;2;0;8;48m██[38;2;247;206;95m██[38;2;255;206;71m██[38;2;66;74;90m██[38;2;115;148;227m████[38;2;0;4;0m████[38;2;0;0;0m                    
[38;2;0;0;0m                  [38;2;0;4;0m██[38;2;66;65;66m██[38;2;112;148;227m████████[38;2;115;148;227m████[38;2;66;66;66m██[38;2;255;206;71m██[38;2;0;4;0m██[38;2;255;206;71m████[38;2;66;74;90m██[38;2;66;66;66m██[38;2;115;148;227m██[38;2;74;87;140m██[38;2;90;118;184m██[38;2;0;4;0m██[38;2;0;0;0m                  
[38;2;0;0;0m                  [38;2;0;4;0m██[38;2;66;65;66m██[38;2;112;148;227m████████[38;2;82;93;125m██[38;2;66;66;74m██[38;2;66;66;66m████[38;2;255;206;71m████[38;2;66;74;90m████[38;2;66;66;66m████[38;2;107;148;227m██[38;2;74;87;140m██[38;2;74;115;186m██[38;2;0;4;0m██[38;2;0;0;0m                
[38;2;0;0;0m                    [38;2;0;4;0m██[38;2;127;94;107m██[38;2;57;119;185m████[38;2;127;94;107m██[38;2;132;109;137m██[38;2;74;119;178m██[38;2;115;148;227m██[38;2;78;88;142m██[38;2;66;66;66m████[38;2;189;78;45m██[38;2;99;140;219m██[38;2;115;148;227m██[38;2;66;66;66m██████████[38;2;0;4;0m██[38;2;0;0;0m              
[38;2;0;0;0m                  [38;2;0;4;0m██[38;2;255;99;63m██[38;2;198;70;30m██[38;2;127;94;107m████[38;2;198;70;30m██[38;2;247;90;55m████[38;2;115;148;227m████[38;2;255;99;63m████[38;2;159;99;103m██[38;2;99;140;219m██[38;2;115;148;227m████[38;2;66;66;66m████[38;2;115;148;227m██████[38;2;0;4;0m██[38;2;0;0;0m            
[38;2;0;0;0m                    [38;2;0;4;0m██[38;2;255;222;207m██[38;2;170;148;138m██[38;2;214;99;70m██[38;2;214;177;162m██[38;2;239;255;255m██[38;2;222;99;70m██[38;2;184;112;96m████[38;2;66;66;66m████[38;2;115;148;227m████[38;2;112;148;227m████[38;2;66;66;66m██[38;2;115;148;227m██[38;2;112;148;227m████████[38;2;0;4;0m██[38;2;0;0;0m          
[38;2;0;0;0m                      ██[38;2;85;74;69m██[38;2;214;255;254m██[38;2;214;177;162m██[38;2;239;255;255m██[38;2;230;177;162m██[38;2;255;247;231m██[38;2;148;45;28m██[38;2;132;41;56m████[38;2;132;41;60m██[38;2;115;148;227m██[38;2;112;148;227m████[38;2;66;66;66m██[38;2;115;148;227m██[38;2;112;148;227m████████[38;2;0;4;0m██[38;2;0;0;0m          
[38;2;0;0;0m            [38;2;0;4;0m██[38;2;8;8;0m████████[38;2;66;66;66m██[38;2;71;115;189m██[38;2;66;66;66m██████████[38;2;192;63;91m██[38;2;192;63;93m████[38;2;193;61;93m██[38;2;132;41;60m██[38;2;99;148;235m████[38;2;66;66;66m████[38;2;115;148;227m████[38;2;99;140;235m██[38;2;85;115;181m██[38;2;82;115;186m██[38;2;8;8;0m██[38;2;0;0;0m        
[38;2;0;0;0m      [38;2;0;4;0m██████[38;2;115;148;227m██[38;2;123;148;227m██[38;2;46;55;76m██[38;2;45;61;89m██[38;2;82;115;178m██[38;2;66;66;66m██[38;2;71;115;189m██[38;2;66;66;66m██[38;2;192;63;91m██████████[38;2;192;63;93m████[38;2;193;61;93m████[38;2;123;41;59m██[38;2;107;112;176m██[38;2;71;115;189m██[38;2;66;66;66m██████[38;2;57;66;73m██[38;2;85;115;181m██[38;2;82;115;186m██[38;2;45;61;93m██[38;2;0;4;0m██[38;2;0;0;0m      
[38;2;0;0;0m    [38;2;0;4;0m██[38;2;255;99;63m████[38;2;189;70;61m████[38;2;115;148;227m████[38;2;66;66;66m████[38;2;82;115;178m██[38;2;45;61;89m██[38;2;195;63;91m██[38;2;239;132;151m██[38;2;192;63;93m████████[38;2;193;61;93m████[38;2;159;66;76m████[38;2;107;41;43m██[38;2;66;115;186m██[38;2;74;112;191m████[38;2;66;82;106m████[38;2;66;57;66m████[38;2;66;66;66m██[38;2;115;148;227m██[38;2;46;55;76m██[38;2;8;8;0m██[38;2;0;0;0m    
[38;2;0;0;0m  [38;2;0;4;0m██[38;2;255;99;63m████[38;2;66;66;66m██[38;2;115;148;227m██████[38;2;74;115;190m██[38;2;66;66;66m██[38;2;0;4;0m██[38;2;8;8;0m████[38;2;195;63;91m████[38;2;192;63;93m████████[38;2;193;61;93m██[38;2;156;66;76m██[38;2;159;66;76m████[38;2;93;66;91m██[38;2;66;115;186m██[38;2;74;112;191m██[38;2;173;173;173m██[38;2;66;82;106m██[38;2;255;99;63m██[38;2;255;90;63m██[38;2;129;68;65m██[38;2;115;148;227m██[38;2;66;66;66m██[38;2;123;148;227m██[38;2;8;8;0m██[38;2;0;0;0m    
[38;2;0;0;0m    [38;2;0;4;0m██████[38;2;74;115;186m████[38;2;45;61;89m██[38;2;82;115;178m██[38;2;0;4;0m██[38;2;0;0;0m      [38;2;0;4;0m██[38;2;189;61;93m██[38;2;198;61;94m████[38;2;195;61;94m██[38;2;159;66;76m██[38;2;160;66;76m████[38;2;132;109;113m██[38;2;74;53;58m██[38;2;170;178;173m████[38;2;176;181;176m██[38;2;66;66;66m██[38;2;255;99;63m████[38;2;132;41;60m██[38;2;115;148;227m██████[38;2;0;4;0m██[38;2;0;0;0m      
[38;2;0;0;0m          [38;2;0;4;0m████[38;2;8;8;0m████[38;2;0;0;0m          [38;2;0;4;0m██[38;2;66;66;66m██[38;2;154;63;85m██[38;2;159;66;76m████[38;2;160;66;76m██[38;2;66;66;66m██[38;2;74;53;58m██[38;2;247;222;223m██[38;2;231;239;239m████[38;2;231;239;231m██[38;2;66;66;66m████[38;2;255;99;63m██[38;2;132;41;60m██[38;2;115;148;227m████[38;2;66;66;66m██[38;2;0;4;0m██[38;2;0;0;0m      
[38;2;0;0;0m                            [38;2;0;4;0m██[38;2;78;88;142m██[38;2;66;66;66m████████[38;2;78;88;142m██[38;2;66;65;66m████[38;2;173;173;173m████[38;2;66;66;66m████[38;2;115;148;227m██[38;2;66;66;66m██████[38;2;46;55;76m██[38;2;8;8;0m██[38;2;0;0;0m        
[38;2;0;0;0m                            [38;2;0;4;0m██[38;2;78;88;142m████████████[38;2;0;4;0m██████████[38;2;66;66;66m██[38;2;115;148;227m████████[38;2;123;148;227m██[38;2;8;8;0m██[38;2;0;0;0m        
[38;2;0;0;0m                              [38;2;0;4;0m██[38;2;66;65;66m██[38;2;66;66;66m██[38;2;78;88;142m██[38;2;53;57;69m██[38;2;16;16;0m██[38;2;0;0;0m          [38;2;0;4;0m██[38;2;115;148;235m████[38;2;112;148;227m████[38;2;115;156;243m██[38;2;0;8;8m██[38;2;0;0;0m        
[38;2;0;0;0m                                [38;2;0;4;0m██[38;2;78;88;142m████[38;2;53;57;69m██[38;2;90;99;138m██[38;2;0;4;0m██[38;2;0;0;0m          [38;2;0;8;8m██[38;2;77;101;159m██[38;2;112;148;227m████[38;2;77;107;165m██[38;2;0;8;8m██[38;2;0;0;0m  [38;2;0;4;0m████[38;2;0;0;0m  
[38;2;0;0;0m                              [38;2;0;12;8m████[38;2;66;66;66m████[38;2;82;90;130m██[38;2;55;61;87m██[38;2;0;4;0m██[38;2;0;0;0m            [38;2;0;4;0m██[38;2;66;66;66m████[38;2;71;115;189m████[38;2;8;8;0m██[38;2;82;115;178m██[38;2;0;4;0m██[38;2;0;0;0m  
[38;2;0;0;0m                            [38;2;0;4;0m██[38;2;206;115;78m██[38;2;69;46;31m██[38;2;78;88;142m██[38;2;66;66;66m██[38;2;0;4;0m████[38;2;0;0;0m                [38;2;0;4;0m██[38;2;66;66;66m██████[38;2;45;61;89m██[38;2;8;8;0m██[38;2;0;0;0m    
[38;2;0;0;0m                              [38;2;0;4;0m████████[38;2;0;0;0m                  [38;2;0;4;0m██[38;2;123;148;227m██[38;2;46;55;76m██[38;2;206;115;78m██[38;2;69;46;31m██[38;2;115;148;227m██[38;2;0;4;0m██[38;2;0;0;0m    
[38;2;0;0;0m                                                          [38;2;8;8;0m████[38;2;0;12;8m████[38;2;0;4;0m██[38;2;0;0;0m      
[38;2;0;0;0m                                                                          [0m
