
        [38;2;0;0;0m▄▄           [0m
       [38;2;0;0;0m[48;2;0;0;0m▀[38;2;107;107;107m[48;2;107;107;107m▀[38;2;0;0;0m[48;2;0;0;0m▀[49m▄▄         [0m
    [38;2;0;0;0m▄[48;2;107;107;107m▀▀[38;2;107;107;107m▀[38;2;66;66;66m▀[48;2;66;66;66m▀[38;2;107;107;107m[48;2;0;0;0m▀[38;2;0;0;0m[49m▀         [0m
  [38;2;0;0;0m▄[48;2;214;82;94m▀[38;2;107;107;107m[48;2;107;107;107m▀[48;2;214;82;94m▀▀▀[38;2;107;110;107m[48;2;107;110;107m▀▀[38;2;71;71;71m[48;2;107;107;107m▀[38;2;0;0;0m[48;2;0;0;0m▀[49m    ▄[48;2;66;66;66m▀▀[48;2;0;0;0m▀[49m [0m
  [38;2;8;0;8m[48;2;8;0;8m▀[38;2;173;143;50m[48;2;255;214;71m▀[38;2;214;82;94m[48;2;214;82;94m▀[48;2;206;222;222m▀[38;2;206;222;222m▀[48;2;255;198;63m▀[38;2;140;112;116m[48;2;255;247;247m▀[48;2;82;45;50m▀[38;2;107;107;107m[48;2;107;107;107m▀[38;2;0;0;0m[48;2;71;71;71m▀[48;2;0;0;0m▀[49m▄▄[48;2;140;148;156m▀[38;2;107;107;107m▀[48;2;107;107;107m▀[38;2;66;66;66m[48;2;0;0;0m▀[38;2;0;0;0m[49m▀ [0m
 [38;2;0;0;0m[48;2;0;0;0m▀[38;2;255;247;47m[48;2;178;165;31m▀[48;2;24;0;0m▀[38;2;181;148;85m[48;2;181;148;85m▀[38;2;198;214;238m[48;2;192;192;187m▀[38;2;0;0;0m[48;2;222;231;166m▀[38;2;222;231;166m▀[38;2;206;222;222m[48;2;66;61;66m▀[38;2;66;61;66m[48;2;113;115;118m▀[38;2;107;110;107m[48;2;107;110;107m▀▀[38;2;107;107;107m[48;2;66;66;66m▀[38;2;66;66;66m▀[38;2;107;107;107m▀[48;2;107;107;107m▀[38;2;140;148;156m[48;2;0;0;0m▀[38;2;0;0;0m[49m▀   [0m
 [38;2;0;0;0m▀▀▄[48;2;206;222;222m▀[38;2;206;222;222m▀▀[48;2;140;148;156m▀[38;2;66;66;66m[48;2;143;148;153m▀[38;2;104;107;110m[48;2;66;66;66m▀[38;2;113;115;118m[48;2;66;61;66m▀[38;2;66;61;66m[48;2;206;222;222m▀[38;2;206;222;222m▀[38;2;181;181;205m▀[38;2;107;107;107m[48;2;107;107;107m▀[38;2;66;66;66m▀[38;2;58;58;66m[48;2;173;173;197m▀[38;2;0;0;0m[48;2;115;115;131m▀[48;2;0;0;0m▀[49m  [0m
   [38;2;0;0;0m▀[38;2;206;222;222m[48;2;0;0;0m▀[48;2;206;222;222m▀[38;2;181;181;205m[48;2;140;148;156m▀[38;2;140;148;156m▀▀▀[38;2;66;66;66m[48;2;136;144;148m▀[38;2;206;222;230m[48;2;66;66;66m▀[38;2;206;222;222m[48;2;107;107;107m▀[38;2;107;107;107m▀▀[48;2;181;181;205m▀[38;2;181;181;205m[48;2;0;0;0m▀[38;2;0;0;0m[49m▀   [0m
    [38;2;0;0;0m▄[48;2;239;115;159m▀[38;2;140;148;156m[48;2;93;100;104m▀[48;2;0;4;0m▀[48;2;140;148;156m▀▀[48;2;66;66;66m▀▀[38;2;70;70;74m[48;2;140;140;148m▀[48;2;0;0;0m▀[38;2;0;0;0m[49m▀▀     [0m
    [38;2;0;0;0m▀▀▀ [48;2;0;0;0m▀[38;2;82;60;56m[48;2;247;181;167m▀[38;2;247;156;167m[48;2;0;0;0m▀[48;2;247;156;167m▀[38;2;239;115;159m[48;2;0;0;0m▀[38;2;0;0;0m[49m▀       [0m
         [38;2;0;0;0m▀ ▀         [0m
