
               [38;2;49;49;49m▄▄                [0m
              [38;2;49;49;49m[48;2;49;49;49m▀[38;2;74;106;65m[48;2;74;106;65m▀[38;2;90;131;82m▀[38;2;49;49;49m▀[49m▄      ▄[48;2;82;180;90m▀▀[48;2;82;82;82m▀[49m▄   [0m
       [38;2;49;49;49m▄▄▄▄▄  [48;2;49;49;49m▀[38;2;74;106;65m[48;2;74;106;65m▀[38;2;90;131;82m▀▀[38;2;49;49;49m[48;2;49;49;49m▀[49m    ▄[48;2;82;180;90m▀[38;2;90;131;82m▀▀[48;2;90;131;82m▀[38;2;82;180;90m[48;2;82;180;90m▀[38;2;49;49;49m[48;2;49;49;49m▀[49m   [0m
    [38;2;49;49;49m▄[48;2;82;180;90m▀▀[38;2;82;180;90m▀▀▀▀[48;2;90;131;82m▀[38;2;49;49;49m▀▀[49m▄[48;2;49;49;49m▀[38;2;74;106;65m[48;2;74;106;65m▀[38;2;90;131;82m▀▀[38;2;49;49;49m[48;2;49;49;49m▀[49m  ▄[48;2;82;180;90m▀[38;2;90;131;82m▀[48;2;90;131;82m▀[48;2;82;180;90m▀[38;2;82;180;90m▀[38;2;49;49;49m[48;2;49;49;49m▀[49m    [0m
  [38;2;49;49;49m▄[48;2;82;180;90m▀[38;2;82;180;90m▀▀▀▀[48;2;82;82;82m▀[38;2;82;82;82m[48;2;90;131;82m▀[48;2;82;180;90m▀▀[38;2;90;131;82m[48;2;82;82;82m▀[48;2;90;131;82m▀[48;2;197;164;131m▀[38;2;82;82;82m▀[38;2;74;106;65m[48;2;82;82;82m▀[38;2;90;131;82m[48;2;74;106;65m▀▀[38;2;49;49;49m[48;2;49;49;49m▀[49m ▄[48;2;90;131;82m▀[38;2;82;180;90m▀[48;2;74;106;65m▀[38;2;90;131;82m[48;2;82;180;90m▀[38;2;82;180;90m[48;2;90;131;82m▀[38;2;49;49;49m[48;2;49;49;49m▀[49m     [0m
 [38;2;49;49;49m▄[48;2;82;180;90m▀[38;2;82;180;90m▀▀▀[48;2;82;82;82m▀[38;2;82;82;82m[48;2;255;255;255m▀[48;2;82;82;82m▀[38;2;82;180;90m[48;2;82;180;90m▀[48;2;90;131;82m▀[38;2;90;131;82m[48;2;49;49;49m▀[38;2;82;82;82m▀[38;2;197;164;131m[48;2;197;164;131m▀▀[48;2;131;98;82m▀[38;2;82;82;82m[48;2;197;164;131m▀[38;2;74;106;65m[48;2;82;82;82m▀[48;2;74;106;65m▀[38;2;49;49;49m[48;2;49;49;49m▀[49m [48;2;49;49;49m▀[38;2;90;131;82m[48;2;90;131;82m▀[38;2;74;106;65m[48;2;74;106;65m▀[38;2;90;131;82m[48;2;90;131;82m▀[48;2;49;49;49m▀[38;2;49;49;49m[49m▀      [0m
 [38;2;49;49;49m[48;2;49;49;49m▀[38;2;82;180;90m▀[48;2;82;82;82m▀[38;2;90;131;82m▀[38;2;82;82;82m[48;2;164;131;106m▀[38;2;49;49;49m[48;2;131;98;82m▀[38;2;255;255;255m▀[38;2;82;82;82m[48;2;164;131;106m▀▀[48;2;82;82;82m▀[38;2;49;49;49m[48;2;205;164;65m▀[49m▄▀[38;2;131;98;82m[48;2;49;49;49m▀[38;2;197;164;131m[48;2;197;164;131m▀▀[38;2;82;82;82m▀[38;2;74;106;65m[48;2;82;82;82m▀[48;2;74;106;65m▀[38;2;49;49;49m[48;2;82;82;82m▀[38;2;90;131;82m[48;2;74;106;65m▀[38;2;74;106;65m▀[38;2;90;131;82m[48;2;49;49;49m▀[38;2;49;49;49m[49m▀        [0m
   [38;2;49;49;49m▀[38;2;164;131;106m[48;2;49;49;49m▀▀▀▀[38;2;82;82;82m[48;2;246;213;65m▀[48;2;131;98;82m▀[38;2;205;164;65m[48;2;246;213;65m▀[48;2;205;164;65m▀[38;2;49;49;49m[48;2;49;49;49m▀[49m [48;2;49;49;49m▀[38;2;197;164;131m[48;2;164;131;106m▀▀[38;2;164;131;106m▀▀[38;2;82;82;82m[48;2;82;82;82m▀[48;2;82;180;90m▀[38;2;90;131;82m[48;2;82;82;82m▀▀[48;2;90;131;82m▀[38;2;49;49;49m▀[48;2;74;106;65m▀[48;2;82;180;90m▀▀▀[49m▄▄  [0m
       [38;2;49;49;49m[48;2;49;49;49m▀[38;2;246;213;65m▀[38;2;49;49;49m[49m▀[38;2;246;213;65m[48;2;49;49;49m▀[38;2;49;49;49m[49m▀▄[48;2;90;131;82m▀[38;2;90;131;82m▀[38;2;82;82;82m[48;2;82;82;82m▀[38;2;164;131;106m▀▀[38;2;82;82;82m[48;2;82;180;90m▀[38;2;82;180;90m▀▀[38;2;90;131;82m[48;2;90;131;82m▀[38;2;82;180;90m[48;2;82;180;90m▀[38;2;82;82;82m▀[48;2;82;82;82m▀[48;2;164;131;106m▀[38;2;82;180;90m[48;2;82;82;82m▀[38;2;90;131;82m[48;2;49;49;49m▀[38;2;82;180;90m▀[38;2;90;131;82m▀[38;2;82;180;90m▀[38;2;49;49;49m[49m▀ [0m
            [38;2;49;49;49m[48;2;49;49;49m▀[38;2;90;131;82m[48;2;82;82;82m▀[38;2;82;82;82m[48;2;82;180;90m▀[38;2;82;180;90m[48;2;90;131;82m▀[38;2;82;82;82m[48;2;82;180;90m▀[38;2;82;180;90m[48;2;82;82;82m▀▀[48;2;82;180;90m▀[48;2;90;131;82m▀[38;2;90;131;82m[48;2;82;180;90m▀[38;2;82;180;90m▀[48;2;82;82;82m▀[38;2;82;82;82m[48;2;197;164;131m▀[38;2;197;164;131m▀[38;2;49;49;49m▀[49m▄     [0m
          [38;2;49;49;49m▄[48;2;131;98;82m▀[38;2;131;98;82m▀[38;2;82;82;82m[48;2;82;82;82m▀[38;2;82;180;90m▀[38;2;90;131;82m[48;2;82;180;90m▀[38;2;82;180;90m[48;2;82;82;82m▀[38;2;82;82;82m[48;2;197;164;131m▀[38;2;197;164;131m▀[38;2;82;82;82m▀▀[38;2;82;180;90m[48;2;82;82;82m▀▀[38;2;82;82;82m[48;2;197;164;131m▀[38;2;197;164;131m▀▀▀[38;2;49;49;49m[48;2;49;49;49m▀[49m     [0m
          [38;2;49;49;49m▀[38;2;131;98;82m[48;2;49;49;49m▀[48;2;131;98;82m▀[38;2;82;82;82m▀[38;2;164;131;106m[48;2;49;49;49m▀[38;2;82;82;82m[48;2;164;131;106m▀[38;2;164;131;106m▀[38;2;197;164;131m[48;2;82;82;82m▀[48;2;197;164;131m▀▀▀[48;2;49;49;49m▀[38;2;49;49;49m[49m▀▀[38;2;246;213;65m[48;2;49;49;49m▀[38;2;131;98;82m▀[38;2;246;213;65m▀[38;2;49;49;49m[49m▀     [0m
            [38;2;49;49;49m▀▀ ▀▀[38;2;82;82;82m[48;2;49;49;49m▀[38;2;131;98;82m[48;2;246;213;65m▀▀[38;2;197;164;131m[48;2;131;98;82m▀[38;2;49;49;49m[48;2;49;49;49m▀[49m           [0m
                  [38;2;49;49;49m▀▀▀            [0m
