
[38;2;0;0;0m                                              
[38;2;0;0;0m                      ██                      
[38;2;0;0;0m                    ██[38;2;132;181;100m██[38;2;0;0;0m██                    
[38;2;0;0;0m                  ██[38;2;132;181;100m████[38;2;0;0;0m██                    
[38;2;0;0;0m                  ██[38;2;132;181;100m██[38;2;110;143;89m██[38;2;0;0;0m██                    
[38;2;0;0;0m                  ██[38;2;132;181;100m██[38;2;66;66;66m██[38;2;0;0;0m██  ████████          
[38;2;0;0;0m                [38;2;0;0;8m██[38;2;57;82;53m██[38;2;77;115;77m██[38;2;132;181;100m██[38;2;121;170;99m██[38;2;0;0;0m██[38;2;132;181;100m██████[38;2;0;0;0m██          
[38;2;0;0;0m              ██[38;2;115;165;99m████[38;2;104;148;88m██[38;2;132;181;100m██[38;2;121;170;99m████[38;2;132;181;100m██[38;2;99;148;99m██[38;2;0;0;0m██            
[38;2;0;0;0m      ████  ██[38;2;255;255;255m██[38;2;132;181;100m████[38;2;99;148;99m██[38;2;132;181;100m████[38;2;82;115;74m██[38;2;55;74;55m██[38;2;8;0;8m██[38;2;0;0;0m              
[38;2;0;0;0m  ████[38;2;173;148;117m████[38;2;0;0;0m██[38;2;255;255;255m██[38;2;0;0;0m██[38;2;132;181;100m██[38;2;99;148;99m██[38;2;132;181;100m████████[38;2;101;148;101m████[38;2;0;0;0m██            
[38;2;0;0;0m  ██[38;2;198;140;134m████[38;2;66;66;66m██[38;2;99;148;99m██[38;2;255;255;255m████[38;2;132;181;100m██[38;2;99;148;99m██[38;2;132;181;100m████[38;2;134;176;102m████[38;2;132;181;100m██[38;2;99;148;99m██[38;2;0;0;0m██            
[38;2;0;0;0m    ██[38;2;198;140;134m██[38;2;66;66;66m██[38;2;99;148;99m██[38;2;115;165;99m████[38;2;99;148;99m██[38;2;132;181;100m██████[38;2;255;247;255m██[38;2;195;211;179m██[38;2;132;181;100m██[38;2;99;148;99m████[38;2;0;0;0m██          
[38;2;0;0;0m      ████[38;2;99;148;99m████[38;2;255;255;255m████[38;2;101;145;101m██[38;2;132;181;100m████[38;2;0;0;0m██[38;2;255;255;255m██[38;2;99;148;99m████[38;2;107;156;99m██[38;2;0;0;0m██          
[38;2;0;0;0m          ██[38;2;99;148;99m████[38;2;178;200;178m██[38;2;255;255;255m██[38;2;99;148;99m████[38;2;255;255;255m████[38;2;99;148;99m██[38;2;66;66;66m██[38;2;71;104;66m██[38;2;0;0;0m██          
[38;2;0;0;0m            ██[38;2;53;74;53m██[38;2;107;156;99m████[38;2;99;148;99m████████[38;2;71;65;63m██[38;2;126;107;86m██[38;2;239;119;159m████[38;2;0;0;0m████      
[38;2;0;0;0m            ██[38;2;107;148;107m██[38;2;71;105;66m██[38;2;0;4;0m██[38;2;82;115;74m██[38;2;99;148;99m██████[38;2;71;65;63m██[38;2;181;148;109m██[38;2;140;127;84m██[38;2;173;124;109m██[38;2;173;148;117m████[38;2;0;0;0m██    
[38;2;0;0;0m              ████  ████[38;2;57;70;57m████[38;2;90;127;90m██[38;2;60;85;60m██[38;2;173;148;117m████[38;2;151;121;90m██[38;2;57;198;161m██[38;2;0;0;0m██    
[38;2;0;0;0m                        [38;2;8;0;8m██[38;2;107;140;107m██[38;2;90;127;90m██[38;2;0;0;0m██████[38;2;151;121;90m████[38;2;140;107;76m██[38;2;0;0;0m██  
[38;2;0;0;0m                          ████      ██████    
[38;2;0;0;0m                                              [0m
