
[38;2;0;0;0m                                          
[38;2;0;0;0m                          [38;2;32;32;32m██████[38;2;0;0;0m          
[38;2;0;0;0m                      [38;2;32;32;32m████[38;2;82;90;82m████[38;2;32;32;32m██[38;2;0;0;0m          
[38;2;0;0;0m                  [38;2;32;32;32m████[38;2;82;90;82m██████[38;2;32;32;32m██[38;2;0;0;0m            
[38;2;0;0;0m                [38;2;32;32;32m██[38;2;82;90;82m██████████[38;2;32;32;32m██[38;2;0;0;0m            
[38;2;0;0;0m              [38;2;32;32;32m██[38;2;82;90;82m██████████[38;2;32;32;32m██[38;2;0;0;0m  [38;2;32;32;32m██████[38;2;0;0;0m      
[38;2;0;0;0m              [38;2;32;32;32m██[38;2;82;90;82m██[38;2;65;65;65m████[38;2;82;90;82m████[38;2;32;32;32m████[38;2;82;90;82m████[38;2;32;32;32m██[38;2;0;0;0m      
[38;2;0;0;0m            [38;2;32;32;32m██[38;2;65;65;65m████[38;2;255;255;255m██[38;2;82;90;82m██[38;2;65;65;65m██[38;2;82;90;82m████████[38;2;32;32;32m██[38;2;0;0;0m        
[38;2;0;0;0m            [38;2;32;32;32m██[38;2;255;255;255m████[38;2;82;90;82m██[38;2;189;189;189m████[38;2;65;65;65m██[38;2;82;90;82m████[38;2;32;32;32m██[38;2;0;0;0m          
[38;2;0;0;0m          [38;2;32;32;32m██[38;2;255;255;255m████[38;2;82;90;82m██[38;2;189;189;189m████[38;2;82;90;82m██[38;2;65;65;65m████[38;2;32;32;32m██[38;2;0;0;0m            
[38;2;0;0;0m          [38;2;32;32;32m██[38;2;238;148;74m██[38;2;255;255;255m████[38;2;32;32;32m██[38;2;82;180;246m██[38;2;255;255;255m██[38;2;65;65;65m██████[38;2;32;32;32m██[38;2;0;0;0m          
[38;2;0;0;0m        [38;2;32;32;32m██[38;2;238;148;74m██████[38;2;255;255;255m██[38;2;65;65;65m██[38;2;82;180;246m██[38;2;189;189;189m██[38;2;65;65;65m██[38;2;32;32;32m████[38;2;0;0;0m            
[38;2;0;0;0m      [38;2;32;32;32m██[38;2;222;90;57m████[38;2;238;148;74m████[38;2;32;32;32m██[38;2;189;189;189m████[38;2;139;65;74m██[38;2;32;32;32m██[38;2;0;0;0m                
[38;2;0;0;0m    [38;2;32;32;32m██[38;2;82;90;82m████[38;2;222;90;57m██[38;2;32;32;32m████[38;2;0;0;0m  [38;2;32;32;32m██[38;2;139;65;74m████[38;2;32;32;32m██[38;2;0;0;0m        [38;2;32;32;32m████[38;2;0;0;0m    
[38;2;0;0;0m  [38;2;32;32;32m██[38;2;82;90;82m██[38;2;32;32;32m██████[38;2;0;0;0m      [38;2;32;32;32m██[38;2;222;90;57m████[38;2;32;32;32m██[38;2;0;0;0m      [38;2;32;32;32m██[38;2;65;65;65m████[38;2;32;32;32m██[38;2;0;0;0m  
[38;2;0;0;0m  [38;2;32;32;32m████[38;2;0;0;0m          [38;2;32;32;32m██[38;2;255;255;255m██████[38;2;82;90;82m██[38;2;32;32;32m██[38;2;0;0;0m  [38;2;32;32;32m██[38;2;65;65;65m████[38;2;32;32;32m████[38;2;0;0;0m  
[38;2;0;0;0m              [38;2;32;32;32m██[38;2;255;255;255m██[38;2;189;189;189m██[38;2;255;255;255m██[38;2;65;65;65m██[38;2;82;90;82m████[38;2;32;32;32m██[38;2;65;65;65m████[38;2;32;32;32m████[38;2;0;0;0m    
[38;2;0;0;0m              [38;2;32;32;32m██[38;2;189;189;189m██████[38;2;65;65;65m██[38;2;82;90;82m██████[38;2;65;65;65m██[38;2;32;32;32m██[38;2;0;0;0m        
[38;2;0;0;0m                [38;2;32;32;32m██[38;2;82;90;82m██████[38;2;65;65;65m██[38;2;82;90;82m██████[38;2;32;32;32m██[38;2;0;0;0m        
[38;2;0;0;0m                  [38;2;32;32;32m██[38;2;82;90;82m██████[38;2;65;65;65m████[38;2;32;32;32m██[38;2;0;0;0m          
[38;2;0;0;0m                    [38;2;32;32;32m██[38;2;65;65;65m████[38;2;82;115;115m██[38;2;32;32;32m██[38;2;0;0;0m            
[38;2;0;0;0m                  [38;2;32;32;32m██[38;2;123;156;156m██[38;2;65;65;65m██[38;2;123;156;156m██[38;2;32;32;32m██[38;2;0;0;0m              
[38;2;0;0;0m                    [38;2;32;32;32m██████[38;2;0;0;0m                
[38;2;0;0;0m                                          [0m
