
[38;2;0;0;0m                                                        
[38;2;0;0;0m                          [38;2;0;4;0m██████[38;2;0;0;0m                        
[38;2;0;0;0m                        [38;2;0;4;0m██[38;2;247;247;79m██[38;2;198;66;110m██[38;2;173;121;69m██[38;2;8;0;16m██[38;2;0;0;0m                      
[38;2;0;0;0m                      [38;2;0;4;0m██[38;2;239;247;71m██[38;2;198;66;110m██[38;2;214;126;100m██[38;2;173;121;69m██[38;2;255;181;95m██[38;2;0;4;0m██[38;2;0;0;0m                    
[38;2;0;0;0m                      [38;2;0;4;8m██[38;2;181;181;77m██[38;2;192;63;91m████[38;2;189;61;93m██[38;2;222;247;62m██[38;2;0;4;0m██[38;2;0;0;0m                    
[38;2;0;0;0m                      [38;2;0;4;8m██[38;2;90;92;42m██[38;2;82;82;66m████[38;2;211;185;72m██[38;2;189;61;93m██[38;2;0;4;0m██[38;2;0;0;0m                    
[38;2;0;0;0m      [38;2;0;4;0m████[38;2;0;0;0m      [38;2;0;4;0m██[38;2;8;4;8m████[38;2;74;86;66m██[38;2;123;142;94m██[38;2;118;145;88m████[38;2;71;82;53m██[38;2;8;4;8m██[38;2;0;0;0m                      
[38;2;0;0;0m    [38;2;0;4;0m██[38;2;189;239;133m██[38;2;126;161;89m██[38;2;0;4;0m██[38;2;0;0;0m  [38;2;0;4;0m██[38;2;115;148;91m██[38;2;71;82;53m██[38;2;198;239;142m██[38;2;222;255;150m██[38;2;74;86;66m██[38;2;82;94;66m██[38;2;189;247;133m██[38;2;198;239;142m████[38;2;0;4;0m████[38;2;0;0;0m                  
[38;2;0;0;0m  [38;2;0;4;0m██[38;2;189;239;133m██[38;2;225;247;148m██[38;2;195;239;136m██[38;2;126;161;89m██[38;2;0;4;0m██[38;2;115;148;91m██[38;2;82;79;69m██[38;2;189;239;133m████[38;2;195;239;136m██[38;2;225;247;148m██[38;2;214;247;142m██[38;2;82;82;69m██[38;2;189;239;133m████████[38;2;0;4;0m██[38;2;0;0;0m                
[38;2;0;0;0m  [38;2;0;4;0m██[38;2;189;239;133m██[38;2;195;239;136m██[38;2;225;247;148m██[38;2;189;239;133m████[38;2;82;79;69m██[38;2;115;148;91m██[38;2;111;152;91m████[38;2;195;239;136m██[38;2;225;247;148m██[38;2;214;247;142m████[38;2;82;82;66m██████[38;2;189;239;133m████[38;2;0;4;0m██[38;2;0;0;0m              
[38;2;0;0;0m  [38;2;0;4;0m██[38;2;115;148;91m██[38;2;189;239;133m████[38;2;192;239;133m████████[38;2;192;239;136m██[38;2;222;247;150m██[38;2;222;255;150m████[38;2;189;239;133m██[38;2;127;152;99m██[38;2;66;70;58m██[38;2;129;132;121m██[38;2;115;148;91m██[38;2;82;79;69m██[38;2;198;247;134m██[38;2;8;16;0m██[38;2;0;0;0m              
[38;2;0;0;0m    [38;2;0;4;0m██[38;2;111;152;91m██[38;2;189;239;133m██[38;2;192;239;133m████████[38;2;192;239;136m████[38;2;186;222;130m██[38;2;115;156;91m██[38;2;66;66;66m████[38;2;255;255;247m██[38;2;66;70;58m██[38;2;115;148;91m████[38;2;135;170;89m██[38;2;198;247;134m██[38;2;0;4;0m██[38;2;0;0;0m            
[38;2;0;0;0m      [38;2;0;4;0m████[38;2;126;154;91m██[38;2;189;231;133m██[38;2;189;239;133m████[38;2;192;193;173m██[38;2;66;70;58m██[38;2;66;61;66m████[38;2;217;126;148m██[38;2;255;255;255m██[38;2;192;63;91m████[38;2;66;66;66m██[38;2;111;152;91m████[38;2;189;239;133m██[38;2;0;4;0m██[38;2;0;0;0m            
[38;2;0;0;0m          [38;2;0;0;8m██[38;2;63;77;50m██[38;2;66;66;66m████[38;2;66;70;58m██[38;2;255;255;231m██[38;2;231;111;127m██[38;2;176;94;107m██[38;2;198;61;94m████[38;2;192;63;91m██[38;2;66;66;66m██[38;2;111;152;91m██████[38;2;189;239;133m██[38;2;0;4;0m██[38;2;0;0;0m            
[38;2;0;0;0m          [38;2;0;8;8m██[38;2;154;107;98m██[38;2;0;0;0m██[38;2;255;255;255m██████[38;2;255;239;239m██[38;2;8;0;0m██[38;2;189;61;93m██[38;2;255;255;255m██[38;2;255;255;247m██[38;2;66;70;58m██[38;2;115;148;91m██[38;2;186;187;66m██[38;2;115;156;91m██[38;2;159;184;82m██[38;2;0;4;0m██[38;2;0;0;0m            
[38;2;0;0;0m        [38;2;0;4;0m██[38;2;154;107;98m██[38;2;77;57;53m██[38;2;85;85;85m██[38;2;255;255;255m██████[38;2;173;159;159m██[38;2;8;0;0m██[38;2;189;61;93m██[38;2;255;255;255m██[38;2;66;70;58m██[38;2;129;132;121m██[38;2;115;148;91m██[38;2;186;187;66m██[38;2;181;198;77m██[38;2;115;156;91m██[38;2;0;4;0m██[38;2;0;0;0m            
[38;2;0;0;0m        [38;2;0;4;0m██[38;2;111;152;91m██[38;2;66;66;66m██[38;2;184;108;112m██[38;2;74;70;66m██[38;2;255;247;247m██[38;2;90;74;66m██[38;2;82;82;66m████[38;2;82;78;66m████[38;2;222;132;134m██[38;2;66;66;66m██[38;2;112;151;91m████[38;2;186;187;66m██[38;2;115;148;91m██[38;2;0;4;0m██[38;2;0;0;0m            
[38;2;0;0;0m        [38;2;0;4;0m██[38;2;111;152;91m████[38;2;74;70;66m██[38;2;239;127;135m██[38;2;90;74;66m██[38;2;172;160;156m██[38;2;82;82;66m██[38;2;222;132;134m██[38;2;231;123;135m██[38;2;181;108;112m██[38;2;66;66;66m████[38;2;112;151;91m████[38;2;115;148;91m██████[38;2;0;4;0m██[38;2;0;0;0m          
[38;2;0;0;0m        [38;2;0;4;0m██[38;2;111;152;91m██[38;2;66;66;66m██████[38;2;198;97;107m████[38;2;197;96;107m████[38;2;74;75;68m████[38;2;111;152;91m████[38;2;66;66;66m██[38;2;111;152;91m██[38;2;112;151;91m████[38;2;115;148;91m██[38;2;0;4;0m██[38;2;0;0;0m          
[38;2;0;0;0m      [38;2;0;4;0m██[38;2;66;65;66m██[38;2;66;66;66m████[38;2;132;41;56m██[38;2;66;66;66m██[38;2;198;97;107m████[38;2;197;96;107m██[38;2;82;82;66m██[38;2;189;61;93m██[38;2;74;75;68m██[38;2;66;66;66m██[38;2;111;152;91m██[38;2;66;66;66m██[38;2;111;152;91m██[38;2;112;151;91m████[38;2;115;148;91m██[38;2;0;4;0m██[38;2;0;0;0m          
[38;2;0;0;0m      [38;2;24;0;8m██[38;2;78;70;54m██[38;2;90;57;66m████[38;2;82;70;66m██[38;2;140;132;129m██[38;2;156;136;128m██[38;2;222;132;134m██[38;2;168;150;144m██[38;2;82;53;50m██[38;2;74;70;66m██[38;2;195;61;91m██[38;2;74;74;66m████[38;2;63;83;68m██[38;2;126;89;81m██[38;2;112;151;91m████[38;2;112;154;91m████[38;2;0;4;0m██[38;2;0;0;0m        
[38;2;0;0;0m    [38;2;0;4;0m██[38;2;132;140;100m██[38;2;78;70;54m██[38;2;90;57;66m██[38;2;255;255;255m██████[38;2;156;136;128m████[38;2;168;150;144m██[38;2;255;247;239m██[38;2;74;70;66m████[38;2;195;63;91m████[38;2;189;94;93m██[38;2;63;83;68m██[38;2;112;151;91m████[38;2;112;154;91m██[38;2;151;200;92m██[38;2;189;239;133m██[38;2;0;4;0m██[38;2;0;0;0m      
[38;2;0;0;0m  [38;2;0;4;0m██[38;2;115;148;91m██[38;2;181;198;77m██[38;2;60;71;68m██[38;2;255;255;255m██████[38;2;156;135;128m██[38;2;255;255;255m██████[38;2;156;135;128m██[38;2;255;255;255m████[38;2;66;61;66m████[38;2;66;65;66m██[38;2;0;4;0m██[38;2;119;137;63m████[38;2;156;214;116m██[38;2;247;247;71m██[38;2;193;239;137m████[38;2;0;4;0m██[38;2;0;0;0m    
[38;2;0;0;0m  [38;2;0;4;0m██[38;2;115;148;91m██[38;2;121;135;73m██[38;2;60;71;68m██[38;2;66;66;66m██[38;2;255;255;255m██[38;2;156;135;128m██[38;2;255;255;255m██████████[38;2;156;135;128m██[38;2;255;255;255m██[38;2;255;247;255m██[38;2;192;185;192m██[38;2;0;4;0m██[38;2;0;0;0m  [38;2;0;20;32m██[38;2;239;255;95m██[38;2;186;225;101m██[38;2;247;247;71m██[38;2;239;247;71m██[38;2;193;239;137m██[38;2;189;239;133m██[38;2;0;4;0m██[38;2;0;0;0m  
[38;2;0;0;0m  [38;2;0;4;0m██[38;2;115;148;91m████[38;2;186;187;66m██[38;2;63;74;55m████[38;2;137;123;137m██[38;2;198;173;206m██[38;2;255;255;255m████[38;2;198;173;198m██[38;2;154;137;154m██[38;2;189;168;210m████[38;2;189;165;213m████[38;2;0;4;0m██[38;2;0;0;0m  [38;2;0;4;0m██[38;2;239;247;71m████[38;2;193;239;137m██[38;2;239;247;71m██[38;2;193;239;137m██[38;2;189;239;133m██[38;2;0;4;0m██[38;2;0;0;0m  
[38;2;0;0;0m    [38;2;0;4;0m██[38;2;115;148;91m████[38;2;118;148;102m██[38;2;8;0;8m██[38;2;77;74;69m████[38;2;189;167;210m████[38;2;66;66;66m████[38;2;189;168;210m████[38;2;66;66;66m████[38;2;115;148;91m██[38;2;0;4;0m██[38;2;0;0;0m  [38;2;0;4;0m██[38;2;239;247;71m██[38;2;193;239;137m██████[38;2;189;239;133m██[38;2;0;4;0m██[38;2;0;0;0m  
[38;2;0;0;0m      [38;2;0;4;0m██████[38;2;0;0;0m  [38;2;0;4;0m██[38;2;132;42;57m██[38;2;71;71;69m████[38;2;82;82;66m██[38;2;192;63;91m██[38;2;66;62;61m████[38;2;60;71;68m██[38;2;181;198;77m██[38;2;112;152;91m████[38;2;0;4;0m██[38;2;0;0;0m  [38;2;0;4;0m██[38;2;189;239;133m██████[38;2;0;4;0m██[38;2;0;0;0m    
[38;2;0;0;0m              [38;2;0;4;0m██[38;2;132;42;57m██[38;2;132;41;60m██[38;2;71;71;69m██[38;2;192;63;91m████[38;2;132;57;73m██[38;2;198;53;86m██[38;2;60;71;68m██[38;2;121;135;73m██[38;2;112;152;91m██[38;2;77;107;74m██[38;2;0;4;0m██[38;2;0;0;0m    [38;2;0;4;0m██████[38;2;0;0;0m      
[38;2;0;0;0m                [38;2;0;4;0m██[38;2;123;49;59m██[38;2;82;37;42m██[38;2;193;61;93m████[38;2;189;61;93m██[38;2;0;4;0m██████████[38;2;0;0;0m                  
[38;2;0;0;0m                [38;2;0;4;0m██[38;2;123;49;59m██[38;2;0;12;8m██[38;2;132;41;60m██[38;2;193;61;93m██[38;2;0;4;0m██[38;2;0;0;0m                            
[38;2;0;0;0m                  [38;2;0;4;0m██[38;2;0;0;0m  [38;2;0;4;0m██[38;2;189;61;93m██[38;2;0;4;0m██[38;2;0;0;0m                            
[38;2;0;0;0m                        [38;2;0;4;0m██[38;2;0;0;0m                              
[38;2;0;0;0m                                                        [0m
