
[38;2;0;0;0m                                        
[38;2;0;0;0m          [38;2;49;49;49m██[38;2;0;0;0m                            
[38;2;0;0;0m        [38;2;49;49;49m██[38;2;65;172;74m██[38;2;49;49;49m██[38;2;0;0;0m                          
[38;2;0;0;0m        [38;2;49;49;49m██[38;2;65;172;74m████[38;2;49;49;49m██[38;2;0;0;0m    [38;2;49;49;49m██████[38;2;0;0;0m              
[38;2;0;0;0m        [38;2;49;49;49m██[38;2;65;172;74m████[38;2;82;82;82m██[38;2;49;49;49m████[38;2;65;172;74m██████[38;2;49;49;49m██[38;2;0;0;0m            
[38;2;0;0;0m          [38;2;49;49;49m██[38;2;65;172;74m██[38;2;82;82;82m██[38;2;189;164;90m██[38;2;65;172;74m██████[38;2;49;49;49m██[38;2;0;0;0m              
[38;2;0;0;0m            [38;2;49;49;49m██[38;2;82;82;82m██[38;2;189;164;90m██[38;2;82;82;82m██[38;2;49;49;49m████[38;2;0;0;0m                
[38;2;0;0;0m              [38;2;49;49;49m██[38;2;164;123;74m██[38;2;49;49;49m██[38;2;0;0;0m                    
[38;2;0;0;0m          [38;2;49;49;49m████[38;2;189;164;90m██████[38;2;49;49;49m██[38;2;0;0;0m                  
[38;2;0;0;0m        [38;2;49;49;49m██[38;2;189;230;131m██[38;2;189;164;90m████[38;2;189;230;131m██[38;2;189;164;90m██[38;2;189;230;131m██[38;2;49;49;49m██[38;2;0;0;0m                
[38;2;0;0;0m      [38;2;82;82;82m██[38;2;189;230;131m██████████████[38;2;82;82;82m██[38;2;49;49;49m████[38;2;0;0;0m            
[38;2;0;0;0m    [38;2;49;49;49m██[38;2;189;230;131m██████████[38;2;246;230;82m██[38;2;189;230;131m██████[38;2;82;82;82m██[38;2;164;123;74m██[38;2;49;49;49m████[38;2;0;0;0m        
[38;2;0;0;0m  [38;2;49;49;49m██[38;2;205;197;106m██[38;2;156;197;74m██[38;2;189;230;131m██████[38;2;246;230;82m██[38;2;49;49;49m██[38;2;246;230;82m██[38;2;189;230;131m██[38;2;189;164;90m██[38;2;82;82;82m██[38;2;164;123;74m████[38;2;82;82;82m██[38;2;49;49;49m██[38;2;0;0;0m      
[38;2;0;0;0m  [38;2;49;49;49m██[38;2;205;197;106m██[38;2;189;230;131m████[38;2;115;139;74m██[38;2;189;230;131m██[38;2;246;230;82m██[38;2;49;49;49m██[38;2;246;230;82m██[38;2;189;164;90m██[38;2;246;230;82m██[38;2;189;164;90m██[38;2;82;82;82m██[38;2;164;123;74m██[38;2;82;82;82m██[38;2;49;49;49m██[38;2;0;0;0m      
[38;2;0;0;0m    [38;2;49;49;49m██[38;2;189;230;131m██████████[38;2;246;230;82m██[38;2;189;230;131m██[38;2;189;164;90m██[38;2;246;230;82m████[38;2;82;82;82m██[38;2;164;123;74m██[38;2;82;82;82m████[38;2;49;49;49m██[38;2;0;0;0m    
[38;2;0;0;0m    [38;2;49;49;49m██[38;2;189;230;131m████████████[38;2;189;164;90m██[38;2;246;230;82m████[38;2;205;197;106m██[38;2;82;82;82m████████[38;2;49;49;49m██[38;2;0;0;0m    
[38;2;0;0;0m      [38;2;49;49;49m██[38;2;189;230;131m████[38;2;189;164;90m██████[38;2;205;197;106m████[38;2;246;230;82m██[38;2;82;82;82m██[38;2;156;197;74m██[38;2;82;82;82m████[38;2;156;197;74m██[38;2;49;49;49m██[38;2;0;0;0m    
[38;2;0;0;0m        [38;2;49;49;49m██[38;2;189;164;90m██[38;2;205;197;106m████████[38;2;82;82;82m████[38;2;156;197;74m████████[38;2;115;139;74m██[38;2;156;197;74m██[38;2;49;49;49m██[38;2;0;0;0m  
[38;2;0;0;0m          [38;2;49;49;49m██[38;2;82;82;82m████████[38;2;156;197;74m██████[38;2;115;139;74m██[38;2;156;197;74m██[38;2;115;139;74m██[38;2;156;197;74m████[38;2;49;49;49m██[38;2;0;0;0m  
[38;2;0;0;0m          [38;2;49;49;49m██[38;2;115;139;74m████[38;2;49;49;49m██[38;2;156;197;74m██[38;2;115;139;74m██[38;2;156;197;74m██[38;2;189;230;131m██[38;2;156;197;74m██[38;2;115;139;74m██[38;2;49;49;49m██[38;2;189;164;90m████[38;2;49;49;49m██[38;2;0;0;0m  
[38;2;0;0;0m            [38;2;49;49;49m████[38;2;0;0;0m  [38;2;49;49;49m██[38;2;82;82;82m██[38;2;189;230;131m██████[38;2;49;49;49m██[38;2;0;0;0m  [38;2;49;49;49m████[38;2;0;0;0m    
[38;2;0;0;0m                    [38;2;49;49;49m██[38;2;189;164;90m██[38;2;246;230;82m██[38;2;189;164;90m██[38;2;49;49;49m██[38;2;0;0;0m          
[38;2;0;0;0m                      [38;2;49;49;49m██████[38;2;0;0;0m            
[38;2;0;0;0m                                        [0m
