
                           [38;2;0;0;0m▄▄          [0m
                    [38;2;0;0;0m[48;2;0;0;0m▀[48;2;206;53;94m▀▀[49m▄▄[48;2;129;102;94m▀▀[38;2;132;99;95m[48;2;131;101;95m▀▀[38;2;0;0;0m[48;2;127;115;67m▀[38;2;0;0;32m[49m▄[38;2;0;0;0m▄▄▄     [0m
                 [38;2;0;0;0m▄[48;2;255;86;87m▀▀[38;2;255;86;87m▀[38;2;222;112;86m[48;2;255;90;87m▀[38;2;255;231;71m▀[38;2;255;239;71m[48;2;255;86;87m▀▀[48;2;255;239;71m▀▀[38;2;189;165;85m▀[38;2;131;101;95m[48;2;129;102;94m▀[38;2;127;115;67m[48;2;255;239;71m▀[38;2;255;231;103m▀[38;2;66;66;66m▀▀[38;2;189;61;93m[48;2;85;41;40m▀[38;2;0;0;0m[48;2;0;16;16m▀[49m    [0m
                  [38;2;0;0;0m▀[38;2;140;139;132m[48;2;0;0;0m▀[48;2;66;66;66m▀[38;2;145;109;105m[48;2;193;61;93m▀[38;2;90;119;114m[48;2;255;86;87m▀[38;2;255;86;87m[48;2;255;86;84m▀[38;2;255;239;71m▀▀[38;2;255;85;87m▀[38;2;255;239;71m[48;2;255;86;87m▀[48;2;255;239;71m▀[48;2;255;86;84m▀[38;2;255;85;87m▀[38;2;255;239;71m▀[38;2;255;85;87m▀[38;2;255;90;87m[48;2;66;66;66m▀[48;2;255;86;87m▀[38;2;0;0;0m[48;2;247;107;103m▀▀[49m▄ [0m
                    [38;2;0;0;0m▀[38;2;255;86;87m[48;2;0;0;0m▀[48;2;66;66;63m▀[38;2;255;86;84m[48;2;8;0;0m▀[48;2;255;255;255m▀[48;2;132;57;52m▀[48;2;173;123;117m▀[38;2;255;86;87m[48;2;255;86;87m▀▀[38;2;255;86;84m[48;2;82;82;66m▀▀[48;2;255;90;87m▀▀[38;2;255;86;87m[48;2;82;82;82m▀[38;2;66;66;66m▀[38;2;165;78;74m[48;2;0;0;0m▀[38;2;0;20;16m[49m▀  [0m
            [38;2;0;0;0m▄[48;2;123;103;99m▀[49m▄▄[48;2;231;111;87m▀[48;2;255;86;87m▀[49m▄ [48;2;0;0;0m▀[38;2;66;66;63m[48;2;198;198;190m▀[38;2;198;198;190m[48;2;66;66;66m▀[38;2;90;85;85m[48;2;192;165;80m▀[48;2;66;66;66m▀[38;2;255;255;247m▀▀[38;2;255;86;87m▀[38;2;82;82;66m[48;2;255;239;71m▀[38;2;255;239;71m▀[48;2;178;167;82m▀[38;2;85;46;40m[48;2;255;239;71m▀[38;2;0;24;16m[48;2;90;82;74m▀[38;2;247;247;247m[48;2;0;0;0m▀[38;2;0;0;0m[49m▀    [0m
  [38;2;0;0;0m[48;2;0;0;0m▀[48;2;93;73;67m▀[48;2;140;107;100m▀[49m▄▄   ▄[38;2;0;16;8m▄[38;2;0;0;0m[48;2;85;48;56m▀[38;2;123;103;99m[48;2;132;101;97m▀[38;2;82;69;66m▀[38;2;231;111;87m[48;2;66;66;66m▀[48;2;255;239;71m▀[38;2;255;86;87m[48;2;255;239;79m▀[48;2;66;61;74m▀[38;2;0;0;0m[48;2;66;66;66m▀[38;2;140;140;132m[48;2;140;140;128m▀[38;2;198;198;190m[48;2;137;133;129m▀[48;2;206;198;190m▀[38;2;66;66;66m[48;2;140;140;128m▀[38;2;192;165;80m[48;2;66;66;66m▀[38;2;192;176;75m▀[38;2;255;231;79m[48;2;0;0;0m▀[38;2;255;239;71m▀[48;2;189;165;85m▀[38;2;178;167;82m[48;2;94;99;94m▀[38;2;101;96;93m▀[38;2;172;160;72m[48;2;189;165;85m▀[38;2;255;239;71m[48;2;0;0;0m▀[38;2;0;0;0m[49m▀     [0m
   [38;2;0;4;0m▀[38;2;93;73;67m[48;2;0;0;0m▀[38;2;132;99;95m[48;2;104;59;67m▀[48;2;156;86;100m▀[38;2;0;0;0m[48;2;132;101;97m▀▀[48;2;0;4;8m▀[38;2;189;61;93m▀[38;2;170;79;103m[48;2;192;174;77m▀[38;2;85;48;56m▀[38;2;132;101;97m[48;2;66;66;66m▀[48;2;132;99;96m▀[38;2;66;66;66m▀[38;2;255;239;71m[48;2;66;66;66m▀[38;2;66;61;74m▀[38;2;129;120;76m[48;2;132;103;100m▀[38;2;66;66;66m[48;2;74;70;66m▀[48;2;255;86;87m▀[38;2;69;69;69m[48;2;197;133;77m▀[38;2;137;133;129m[48;2;82;37;74m▀[38;2;140;140;128m[48;2;82;37;37m▀[48;2;0;8;8m▀[38;2;0;0;0m[49m▀  ▀[38;2;94;99;94m[48;2;0;0;0m▀[38;2;189;165;85m▀[38;2;0;0;0m[49m▀       [0m
     [38;2;0;4;0m▀[38;2;156;86;100m[48;2;0;0;0m▀[38;2;132;101;97m[48;2;173;60;71m▀[48;2;255;90;103m▀[38;2;159;73;71m[48;2;131;100;95m▀[38;2;239;107;103m[48;2;255;86;87m▀[38;2;66;61;74m▀[38;2;255;231;79m[48;2;66;66;66m▀[38;2;66;66;66m▀[38;2;132;99;96m▀▀[38;2;66;66;66m[48;2;132;99;96m▀[38;2;132;103;100m[48;2;132;103;100m▀[38;2;88;78;77m[48;2;94;76;74m▀[38;2;74;70;66m▀[48;2;66;66;66m▀[38;2;255;181;79m[48;2;255;239;71m▀[38;2;197;133;77m[48;2;255;86;87m▀[38;2;247;94;95m[48;2;66;66;66m▀[38;2;0;8;8m[48;2;140;140;128m▀[38;2;0;0;0m[49m▄  ▄          [0m
     [38;2;0;0;0m▄▄[38;2;8;0;8m[48;2;66;66;66m▀[38;2;173;60;71m▀[38;2;255;86;87m▀[48;2;255;86;87m▀[48;2;195;150;75m▀[38;2;66;66;66m[48;2;74;53;66m▀[38;2;255;239;71m[48;2;255;239;71m▀[48;2;66;66;66m▀[38;2;66;66;66m[48;2;255;86;87m▀[38;2;132;99;96m[48;2;96;75;77m▀[38;2;94;76;74m[48;2;96;75;74m▀▀[48;2;66;66;66m▀[38;2;66;66;66m[48;2;255;239;71m▀[38;2;255;86;87m[48;2;255;86;87m▀[48;2;66;66;66m▀[38;2;66;66;66m[48;2;132;134;128m▀[38;2;140;140;128m[48;2;198;198;190m▀[38;2;198;198;190m[48;2;201;198;190m▀[38;2;0;0;0m▀[48;2;198;198;190m▀[38;2;198;198;190m▀[38;2;0;0;0m[48;2;0;0;0m▀[49m         [0m
    [38;2;0;0;0m▀[38;2;94;74;74m[48;2;0;0;0m▀▀[38;2;94;76;74m[48;2;66;59;58m▀[48;2;99;86;83m▀[38;2;66;66;66m[48;2;74;70;66m▀▀[38;2;74;53;66m[48;2;255;239;71m▀[38;2;255;198;79m▀[38;2;255;239;71m▀[38;2;66;66;66m[48;2;66;66;66m▀[38;2;255;86;87m[48;2;192;63;91m▀[38;2;96;75;77m▀[38;2;189;61;93m[48;2;140;107;76m▀[48;2;82;49;74m▀[38;2;66;66;66m[48;2;255;239;68m▀[38;2;255;239;71m▀[38;2;255;86;87m[48;2;255;231;71m▀[48;2;222;112;86m▀[38;2;66;70;66m[48;2;66;66;66m▀[38;2;198;198;190m▀[38;2;201;198;190m▀[48;2;140;140;128m▀[38;2;198;198;190m[48;2;140;140;132m▀[38;2;140;142;128m[48;2;0;0;0m▀[38;2;0;0;0m[49m▀         [0m
      [38;2;0;0;0m▄[38;2;0;4;8m[48;2;255;86;87m▀[38;2;66;59;58m▀[38;2;74;70;66m[48;2;192;63;93m▀[38;2;255;86;87m▀[38;2;66;66;66m[48;2;66;66;66m▀[38;2;255;239;71m[48;2;255;231;79m▀[48;2;255;198;79m▀[48;2;74;53;66m▀[38;2;66;66;66m▀[48;2;255;198;79m▀[38;2;82;49;74m[48;2;255;239;71m▀[38;2;255;222;79m▀[38;2;255;239;68m▀[48;2;255;85;87m▀[38;2;206;53;94m[48;2;192;70;88m▀▀[38;2;192;63;91m[48;2;66;66;66m▀[38;2;66;66;66m[48;2;140;140;128m▀[38;2;140;140;128m[48;2;143;143;127m▀[38;2;66;66;66m[48;2;0;0;0m▀[38;2;0;0;0m[49m▀           [0m
  [38;2;0;0;0m▄▄[48;2;132;103;100m▀[48;2;140;107;100m▀[38;2;127;99;95m[48;2;93;73;67m▀[38;2;96;75;77m[48;2;121;53;67m▀[48;2;181;78;101m▀[38;2;192;63;93m[48;2;63;60;47m▀▀[38;2;66;66;66m[48;2;192;165;80m▀[38;2;192;176;75m▀[38;2;74;53;66m[48;2;66;66;66m▀[38;2;195;150;75m[48;2;192;63;91m▀[48;2;132;101;97m▀[38;2;74;53;66m▀[38;2;66;66;66m[48;2;255;94;87m▀[38;2;255;239;71m[48;2;66;74;74m▀[48;2;255;239;71m▀[38;2;255;85;87m[48;2;255;86;87m▀[38;2;255;74;95m[48;2;192;63;91m▀[38;2;66;61;74m[48;2;66;66;66m▀[38;2;140;140;128m[48;2;132;41;60m▀[48;2;143;140;129m▀[38;2;143;143;127m[48;2;148;37;60m▀[48;2;156;140;132m▀[38;2;0;0;0m[48;2;0;0;0m▀[49m           [0m
 [38;2;0;0;0m▀[38;2;127;99;95m[48;2;0;0;0m▀[38;2;132;103;100m▀[38;2;88;69;67m▀[38;2;93;73;67m▀[38;2;0;4;0m[49m▀▀▀[38;2;0;8;24m▀[38;2;189;165;93m[48;2;0;0;0m▀[38;2;66;66;66m[48;2;192;75;80m▀[38;2;192;165;80m[48;2;66;61;66m▀[38;2;66;66;66m[48;2;192;63;91m▀[38;2;192;63;91m[48;2;66;66;66m▀[38;2;132;101;97m[48;2;132;99;96m▀▀[38;2;129;81;78m[48;2;123;103;99m▀[38;2;66;74;74m[48;2;82;69;66m▀[38;2;255;86;87m[48;2;0;0;0m▀[48;2;255;86;87m▀[38;2;66;66;66m[48;2;90;41;50m▀[38;2;192;63;91m[48;2;181;74;101m▀[38;2;132;41;60m[48;2;192;63;93m▀▀[38;2;151;71;84m[48;2;189;61;93m▀[38;2;148;37;60m▀[38;2;0;0;0m▀[49m▄          [0m
       [38;2;0;0;0m▄▄[48;2;193;61;93m▀[38;2;66;66;66m▀[38;2;255;82;87m[48;2;173;60;71m▀[48;2;255;90;103m▀[38;2;66;66;66m[48;2;255;86;103m▀[48;2;170;57;71m▀[48;2;0;0;0m▀[38;2;132;99;96m▀[38;2;123;103;99m[48;2;127;99;95m▀[38;2;0;0;0m[48;2;0;0;0m▀[49m ▀[38;2;0;8;0m▀▀[38;2;192;63;93m[48;2;0;0;0m▀▀[38;2;189;61;93m▀[38;2;0;0;0m[49m▀▀           [0m
      [38;2;0;0;0m[48;2;0;0;0m▀[38;2;198;61;94m[48;2;127;43;43m▀[38;2;132;41;63m[48;2;255;86;87m▀[38;2;255;86;87m▀[38;2;193;61;93m▀[38;2;173;60;71m[48;2;0;0;0m▀[38;2;8;0;8m[49m▀[38;2;0;0;8m▀▀  [38;2;0;0;0m▀                     [0m
       [38;2;0;0;0m▀▀▀▀                            [0m
