
[38;2;0;0;0m                                
[38;2;0;0;0m                        [38;2;0;4;8m████[38;2;0;0;0m    
[38;2;0;0;0m                      ██[38;2;165;214;253m██[38;2;110;144;171m██[38;2;0;0;0m██  
[38;2;0;0;0m                    ██[38;2;165;206;245m██[38;2;115;156;203m██[38;2;165;206;245m██[38;2;0;0;0m██  
[38;2;0;0;0m          ████████  ██[38;2;165;206;245m██[38;2;115;156;203m██[38;2;165;206;245m██[38;2;0;0;0m██  
[38;2;0;0;0m    ████[38;2;0;0;8m██[38;2;148;132;108m██[38;2;123;123;123m██████[38;2;0;0;0m██[38;2;16;8;0m██[38;2;140;165;196m██[38;2;165;206;245m████[38;2;0;0;0m██  
[38;2;0;0;0m  ██[38;2;126;126;126m██[38;2;63;63;63m██[38;2;148;132;108m██[38;2;222;198;158m██[38;2;247;206;143m████[38;2;123;123;123m████[38;2;57;60;65m██[38;2;99;113;131m██[38;2;165;206;245m██[38;2;0;0;0m██    
[38;2;0;0;0m  ██[38;2;66;70;74m██[38;2;126;118;100m██[38;2;197;193;165m██[38;2;82;70;50m██[38;2;247;206;143m██████[38;2;123;123;123m██[38;2;124;124;124m██[38;2;66;66;66m██[38;2;0;0;0m██      
[38;2;0;0;0m  ██[38;2;66;70;74m██[38;2;247;214;151m██[38;2;255;255;223m██[38;2;197;193;165m██[38;2;247;206;143m██[38;2;66;66;66m██[38;2;247;206;143m████[38;2;124;124;124m██[38;2;66;66;66m██[38;2;0;0;0m██      
[38;2;0;0;0m    ██[38;2;239;198;135m██[38;2;0;0;0m██[38;2;247;206;143m██████[38;2;247;222;183m████[38;2;74;70;66m██[38;2;98;117;130m██[38;2;165;206;245m██[38;2;0;0;0m██    
[38;2;0;0;0m    ██[38;2;239;198;135m██[38;2;247;206;143m████████[38;2;0;0;0m██[38;2;247;222;183m██[38;2;74;70;66m██[38;2;123;165;195m██[38;2;165;206;245m██[38;2;0;0;0m██    
[38;2;0;0;0m      ██[38;2;173;137;95m██[38;2;255;206;143m██[38;2;247;206;143m██[38;2;181;132;93m██[38;2;255;206;143m██[38;2;173;137;95m██[38;2;115;132;153m██[38;2;173;198;229m██[38;2;0;0;0m██      
[38;2;0;0;0m        [38;2;8;0;0m██[38;2;173;137;95m██[38;2;181;132;93m██[38;2;225;181;126m██[38;2;173;137;95m██[38;2;8;0;0m██[38;2;0;0;0m████        
[38;2;0;0;0m          ████████              
[38;2;0;0;0m                                [0m
