
[38;2;0;0;0m                                
[38;2;0;0;0m                  [38;2;49;49;49m██████[38;2;0;0;0m        
[38;2;0;0;0m              [38;2;49;49;49m████[38;2;255;255;255m████[38;2;205;255;255m██[38;2;49;49;49m████[38;2;0;0;0m    
[38;2;0;0;0m          [38;2;49;49;49m████[38;2;255;255;255m██████████[38;2;164;197;255m████[38;2;49;49;49m██[38;2;0;0;0m  
[38;2;0;0;0m        [38;2;49;49;49m██[38;2;205;255;255m██[38;2;255;255;255m████[38;2;205;255;255m██[38;2;164;197;255m██████[38;2;205;255;255m██[38;2;49;49;49m██[38;2;0;0;0m    
[38;2;0;0;0m      [38;2;49;49;49m██[38;2;164;197;255m████[38;2;255;255;255m██[38;2;164;197;255m████[38;2;246;246;41m████[38;2;164;197;255m██[38;2;49;49;49m██[38;2;0;0;0m      
[38;2;0;0;0m    [38;2;49;49;49m██[38;2;255;255;255m██████[38;2;164;197;255m██[38;2;255;255;255m██[38;2;246;246;41m████[38;2;205;255;255m██[38;2;164;197;255m██[38;2;49;49;49m██[38;2;0;0;0m      
[38;2;0;0;0m  [38;2;49;49;49m██[38;2;255;255;255m██████████[38;2;164;197;255m██[38;2;205;255;255m████[38;2;131;156;180m██[38;2;49;49;49m██[38;2;0;0;0m        
[38;2;0;0;0m  [38;2;49;49;49m██[38;2;255;255;255m██████[38;2;131;156;180m██[38;2;205;255;255m██[38;2;164;197;255m██[38;2;205;255;255m██[38;2;131;156;180m██[38;2;49;49;49m██[38;2;0;0;0m          
[38;2;0;0;0m  [38;2;49;49;49m██[38;2;213;98;131m██[38;2;205;255;255m██[38;2;255;255;255m██[38;2;49;49;49m██[38;2;164;197;255m██[38;2;131;156;180m██[38;2;49;49;49m████[38;2;0;0;0m            
[38;2;0;0;0m  [38;2;49;49;49m██[38;2;246;139;139m██[38;2;213;98;131m██[38;2;164;197;255m██[38;2;131;156;180m██[38;2;49;49;49m████[38;2;0;0;0m                
[38;2;0;0;0m    [38;2;49;49;49m████████[38;2;0;0;0m                    
[38;2;0;0;0m                                [0m
