
[38;2;0;0;0m                                                
[38;2;0;0;0m                                ██              
[38;2;0;0;0m                        ████[38;2;140;148;148m██[38;2;137;148;148m████[38;2;0;0;0m██            
[38;2;0;0;0m                    ████[38;2;66;66;66m██[38;2;136;148;148m██[38;2;137;148;148m████[38;2;69;74;74m██[38;2;0;0;0m██            
[38;2;0;0;0m          ████[38;2;137;148;148m██████[38;2;79;71;71m██[38;2;132;104;84m██[38;2;165;123;93m██[38;2;66;66;66m██[38;2;137;148;148m████████[38;2;0;0;0m            
[38;2;0;0;0m        ██[38;2;173;173;173m██[38;2;86;90;86m██[38;2;137;148;148m██████[38;2;140;148;148m██[38;2;66;66;66m██[38;2;165;123;93m██[38;2;66;66;66m██[38;2;137;148;148m██████[38;2;0;0;0m██            
[38;2;0;0;0m        [38;2;170;176;173m████[38;2;140;148;148m██[38;2;137;148;148m██████[38;2;66;66;66m████[38;2;165;123;93m████[38;2;136;148;148m██[38;2;137;148;148m██████[38;2;0;0;0m            
[38;2;0;0;0m        [38;2;173;181;173m██[38;2;58;60;58m██[38;2;145;143;143m██[38;2;137;145;150m██[38;2;99;74;75m██[38;2;140;148;148m██[38;2;137;145;150m██[38;2;136;148;148m██[38;2;168;123;93m████[38;2;136;148;148m██[38;2;137;148;148m██[38;2;136;148;148m████[38;2;0;0;0m            
[38;2;0;0;0m          ██[38;2;82;69;66m██[38;2;140;148;148m██[38;2;66;66;74m██[38;2;132;104;92m██[38;2;96;76;74m██[38;2;140;140;148m██[38;2;148;111;100m████[38;2;0;0;0m████[38;2;137;148;148m████[38;2;0;0;0m            
[38;2;0;0;0m            [38;2;123;103;99m██[38;2;85;71;71m██[38;2;132;104;92m██[38;2;165;123;101m██[38;2;167;125;93m██[38;2;91;87;88m██[38;2;99;74;67m██[38;2;0;0;0m██    ████            
[38;2;0;0;0m          ██[38;2;167;125;93m██[38;2;132;104;84m██[38;2;165;123;93m██[38;2;66;66;66m██[38;2;165;123;93m██[38;2;96;76;74m██[38;2;148;132;92m████[38;2;0;0;0m    ██          ██  
[38;2;0;0;0m          ██[38;2;132;99;96m██[38;2;66;66;66m████[38;2;99;99;99m██[38;2;165;127;101m██[38;2;94;75;74m██[38;2;134;117;86m██[38;2;156;132;92m██[38;2;0;4;8m██[38;2;0;0;0m██[38;2;140;115;116m██[38;2;0;0;0m██    [38;2;0;0;8m████[38;2;0;0;0m██  
[38;2;0;0;0m        [38;2;165;123;93m████[38;2;66;66;66m████████[38;2;132;101;97m██[38;2;167;125;93m██[38;2;88;78;75m██[38;2;66;66;66m██[38;2;0;0;0m████    ██[38;2;148;148;140m██[38;2;93;99;109m██[38;2;140;148;156m██[38;2;0;0;0m    
[38;2;0;0;0m      ██[38;2;123;103;99m████[38;2;132;101;97m████[38;2;132;100;96m██[38;2;99;74;75m██[38;2;167;125;93m██[38;2;165;123;101m██[38;2;66;66;66m██[38;2;132;99;96m██[38;2;0;0;0m██    ██[38;2;77;89;144m██[38;2;78;86;142m██[38;2;148;148;140m██[38;2;0;0;0m██    
[38;2;0;0;0m      ██[38;2;82;69;66m██[38;2;0;0;0m██[38;2;132;101;97m████[38;2;132;100;96m████[38;2;167;125;93m██[38;2;66;66;66m██████[38;2;0;0;0m██  ██[38;2;148;148;140m██[38;2;77;89;144m██[38;2;148;148;140m██████[38;2;0;0;0m    
[38;2;0;0;0m  ██[38;2;165;123;93m██[38;2;0;0;0m██    ██[38;2;132;99;95m██[38;2;0;0;0m  ██[38;2;132;99;96m██[38;2;107;119;83m██[38;2;165;123;93m████[38;2;91;93;93m██[38;2;137;143;148m██[38;2;94;99;94m████[38;2;148;148;148m██[38;2;148;152;140m██████[38;2;0;0;0m    
[38;2;0;0;0m    ██        ██  ██[38;2;66;66;66m████████[38;2;140;148;148m██[38;2;96;99;93m██[38;2;66;66;66m██[38;2;94;99;94m██[38;2;57;74;73m██[38;2;85;90;117m██[38;2;132;140;172m██[38;2;0;0;16m██[38;2;0;0;0m    
[38;2;0;0;0m                ██[38;2;99;99;99m██[38;2;94;99;94m██[38;2;91;93;93m██[38;2;140;148;148m██[38;2;96;99;93m██[38;2;99;99;99m██[38;2;137;143;148m██[38;2;96;99;96m████[38;2;77;82;114m██[38;2;66;66;66m██[38;2;0;0;0m████    
[38;2;0;0;0m                [38;2;99;99;99m██[38;2;66;66;66m██[38;2;94;99;94m██[38;2;66;66;66m██[38;2;140;148;148m██[38;2;96;99;93m██[38;2;137;148;148m██[38;2;0;0;0m██[38;2;96;99;96m████[38;2;132;82;180m██[38;2;0;0;0m██        
[38;2;0;0;0m                ██[38;2;66;66;66m██[38;2;137;148;148m██[38;2;66;66;66m██████[38;2;0;0;0m      ██[38;2;85;85;69m██[38;2;82;78;70m██[38;2;0;0;0m        
[38;2;0;0;0m                ██[38;2;78;107;74m██[38;2;0;0;0m██[38;2;61;74;53m██[38;2;90;99;88m████[38;2;0;0;0m        [38;2;140;100;169m██[38;2;82;80;69m██[38;2;0;0;0m        
[38;2;0;0;0m            [38;2;78;107;74m██[38;2;55;69;55m██[38;2;78;107;74m██[38;2;0;0;0m██    [38;2;115;148;91m████[38;2;0;0;0m    ██[38;2;94;99;94m██[38;2;99;99;99m██[38;2;66;66;66m██[38;2;0;0;0m        
[38;2;0;0;0m            ██████    ██[38;2;78;104;74m████[38;2;0;0;0m██    ██████        
[38;2;0;0;0m                      ████                      
[38;2;0;0;0m                                                [0m
