
[38;2;0;0;0m                                                  
[38;2;0;0;0m                          [38;2;49;49;49m██[38;2;0;0;0m                      
[38;2;0;0;0m                        [38;2;49;49;49m██[38;2;238;90;41m██[38;2;49;49;49m██[38;2;0;0;0m    [38;2;49;49;49m████[38;2;0;0;0m            
[38;2;0;0;0m                    [38;2;49;49;49m██[38;2;0;0;0m  [38;2;49;49;49m██[38;2;238;90;41m██[38;2;49;49;49m██[38;2;0;0;0m  [38;2;49;49;49m██[38;2;238;90;41m██[38;2;49;49;49m██[38;2;0;0;0m            
[38;2;0;0;0m                  [38;2;49;49;49m██[38;2;238;90;41m██[38;2;49;49;49m██[38;2;238;90;41m████[38;2;156;32;8m██[38;2;49;49;49m██[38;2;238;90;41m████[38;2;49;49;49m██[38;2;0;0;0m            
[38;2;0;0;0m              [38;2;49;49;49m██████[38;2;156;32;8m██[38;2;238;90;41m████[38;2;255;156;41m██[38;2;238;90;41m██████[38;2;156;32;8m████[38;2;49;49;49m████[38;2;0;0;0m        
[38;2;0;0;0m      [38;2;49;49;49m██[38;2;0;0;0m  [38;2;49;49;49m████[38;2;98;139;156m████████[38;2;82;106;123m██[38;2;255;213;41m██[38;2;255;156;41m██[38;2;238;90;41m████[38;2;156;32;8m████[38;2;238;90;41m████[38;2;49;49;49m██[38;2;0;0;0m        
[38;2;0;0;0m    [38;2;49;49;49m██[38;2;98;139;156m██[38;2;49;49;49m██[38;2;98;139;156m██████[38;2;49;49;49m████[38;2;98;139;156m██████[38;2;255;213;41m██[38;2;238;90;41m██[38;2;255;213;41m██[38;2;238;90;41m████[38;2;255;156;41m██[38;2;49;49;49m██[38;2;0;0;0m          
[38;2;0;0;0m    [38;2;49;49;49m██[38;2;82;106;123m██[38;2;98;139;156m██████[38;2;49;49;49m██[38;2;98;139;156m██[38;2;82;82;82m██[38;2;98;139;156m██████[38;2;255;156;41m██[38;2;255;213;41m██[38;2;238;90;41m██[38;2;255;156;41m████[38;2;49;49;49m██[38;2;0;0;0m            
[38;2;0;0;0m    [38;2;49;49;49m██[38;2;98;139;156m██████[38;2;82;82;82m██[38;2;98;139;156m████[38;2;82;106;123m██[38;2;98;139;156m████████[38;2;255;213;41m████[38;2;255;156;41m██[38;2;156;32;8m████[38;2;0;0;0m            
[38;2;0;0;0m    [38;2;49;49;49m██[38;2;98;139;156m██████████████[38;2;246;230;131m████[38;2;98;139;156m████[38;2;255;156;41m██[38;2;238;90;41m████████[38;2;49;49;49m██[38;2;0;0;0m          
[38;2;0;0;0m  [38;2;49;49;49m██[38;2;98;139;156m██████████[38;2;49;49;49m██[38;2;213;189;98m██[38;2;246;230;131m████████[38;2;98;139;156m██[38;2;238;90;41m██[38;2;255;156;41m██[38;2;238;90;41m████[38;2;156;32;8m██[38;2;0;0;0m            
[38;2;0;0;0m  [38;2;49;49;49m██[38;2;98;139;156m████[38;2;82;106;123m██[38;2;98;139;156m██[38;2;156;32;8m██[38;2;255;255;255m██[38;2;172;148;74m██[38;2;246;230;131m████████[38;2;238;90;41m████[38;2;156;32;8m██[38;2;238;90;41m██[38;2;82;106;123m████[38;2;49;49;49m██[38;2;0;0;0m          
[38;2;0;0;0m  [38;2;49;49;49m██[38;2;98;139;156m██████[38;2;49;49;49m██[38;2;238;90;41m██[38;2;205;213;213m██[38;2;246;230;131m████████████[38;2;238;90;41m██[38;2;246;230;131m██[38;2;156;32;8m██[38;2;246;230;131m██[38;2;82;106;123m██[38;2;49;49;49m██[38;2;0;0;0m          
[38;2;0;0;0m  [38;2;49;49;49m██[38;2;98;139;156m██████[38;2;213;189;98m██████[38;2;82;82;82m████[38;2;246;230;131m██████████████████[38;2;82;106;123m██[38;2;49;49;49m██[38;2;0;0;0m        
[38;2;0;0;0m  [38;2;49;49;49m██[38;2;98;139;156m██[38;2;213;189;98m██████[38;2;49;49;49m████[38;2;213;189;98m██[38;2;172;148;74m██[38;2;82;82;82m██[38;2;246;230;131m████████[38;2;213;189;98m██[38;2;246;230;131m████████[38;2;49;49;49m██[38;2;0;0;0m        
[38;2;0;0;0m    [38;2;49;49;49m████████[38;2;0;0;0m    [38;2;49;49;49m████[38;2;246;230;131m████████████[38;2;49;49;49m██[38;2;246;230;131m████████[38;2;49;49;49m██[38;2;0;0;0m      
[38;2;0;0;0m                  [38;2;49;49;49m██[38;2;246;230;131m██████████████[38;2;49;49;49m████[38;2;246;230;131m██[38;2;49;49;49m████[38;2;0;0;0m      
[38;2;0;0;0m                [38;2;49;49;49m██[38;2;246;230;131m██[38;2;213;189;98m██[38;2;246;230;131m██████████████[38;2;213;189;98m██[38;2;49;49;49m██[38;2;82;106;123m████[38;2;49;49;49m██[38;2;0;0;0m    
[38;2;0;0;0m                [38;2;49;49;49m██[38;2;213;189;98m██████[38;2;246;230;131m██████[38;2;213;189;98m██[38;2;246;230;131m████████[38;2;82;106;123m██████[38;2;49;49;49m██[38;2;0;0;0m  
[38;2;0;0;0m                  [38;2;49;49;49m██[38;2;172;148;74m██[38;2;213;189;98m██████████[38;2;246;230;131m████████[38;2;213;189;98m██[38;2;82;106;123m██[38;2;49;49;49m████[38;2;0;0;0m  
[38;2;0;0;0m                [38;2;49;49;49m██[38;2;213;189;98m██[38;2;172;148;74m██[38;2;49;49;49m████[38;2;213;189;98m████████[38;2;246;230;131m████[38;2;213;189;98m████[38;2;49;49;49m████[38;2;0;0;0m    
[38;2;0;0;0m                  [38;2;49;49;49m████[38;2;0;0;0m    [38;2;49;49;49m██████[38;2;213;189;98m████████[38;2;172;148;74m██[38;2;49;49;49m██[38;2;0;0;0m      
[38;2;0;0;0m                                [38;2;49;49;49m████[38;2;213;189;98m██[38;2;172;148;74m██[38;2;82;82;82m██[38;2;49;49;49m██[38;2;0;0;0m      
[38;2;0;0;0m                                    [38;2;49;49;49m██[38;2;246;230;131m████[38;2;49;49;49m██[38;2;0;0;0m      
[38;2;0;0;0m                                      [38;2;49;49;49m████[38;2;0;0;0m        
[38;2;0;0;0m                                                  [0m
