
[38;2;0;0;0m                                                  
[38;2;0;0;0m                    ██                            
[38;2;0;0;0m              ██[38;2;195;239;131m████[38;2;0;0;0m██                            
[38;2;0;0;0m          ████[38;2;198;239;134m██[38;2;195;239;131m████[38;2;0;0;0m                              
[38;2;0;0;0m        [38;2;140;173;68m████[38;2;198;239;134m██[38;2;195;239;131m██[38;2;132;166;79m████[38;2;0;0;0m████                          
[38;2;0;0;0m        [38;2;140;177;68m██[38;2;198;239;134m██[38;2;195;239;131m██[38;2;198;239;134m██[38;2;104;93;93m████[38;2;198;239;134m████[38;2;0;0;0m      ██                  
[38;2;0;0;0m      [38;2;0;0;8m██[38;2;195;239;131m████████[38;2;198;239;126m████[38;2;0;0;8m██[38;2;0;0;0m  ██[38;2;198;239;134m████[38;2;0;0;0m  ██████            
[38;2;0;0;0m      [38;2;0;0;8m██[38;2;195;239;131m████████[38;2;132;156;92m██[38;2;66;74;58m██[38;2;198;239;134m██[38;2;0;0;0m██[38;2;198;239;134m██████[38;2;0;0;0m██[38;2;198;239;134m████[38;2;0;0;0m██            
[38;2;0;0;0m    ██[38;2;99;115;71m██[38;2;195;239;131m████[38;2;66;70;58m██[38;2;0;0;0m██[38;2;255;255;255m██[38;2;140;173;68m██[38;2;195;239;131m██[38;2;198;239;134m██[38;2;132;156;92m██[38;2;198;239;126m██[38;2;198;239;134m████[38;2;0;0;0m██                
[38;2;0;0;0m    ██[38;2;198;239;134m██████████[38;2;195;239;131m████████[38;2;198;239;134m██████[38;2;0;0;0m██  ████            
[38;2;0;0;0m        [38;2;104;110;85m████[38;2;162;184;116m████[38;2;107;94;91m██[38;2;198;239;134m██[38;2;195;239;131m████████[38;2;140;177;68m██[38;2;198;239;134m████[38;2;0;0;0m████            
[38;2;0;0;0m        [38;2;0;0;8m██[38;2;156;165;124m██[38;2;162;184;116m████[38;2;168;191;120m██[38;2;198;239;134m██[38;2;195;239;131m████████[38;2;140;177;68m██[38;2;198;239;134m██[38;2;0;0;0m██                
[38;2;0;0;0m        ██[38;2;198;239;134m██[38;2;162;187;117m████[38;2;195;239;131m████[38;2;66;66;66m██[38;2;195;239;131m██████[38;2;198;239;134m██[38;2;140;173;68m██[38;2;0;0;0m████              
[38;2;0;0;0m    ██[38;2;156;173;124m██[38;2;159;187;117m██[38;2;66;66;66m██[38;2;195;239;131m████[38;2;66;57;66m██[38;2;110;115;89m██[38;2;198;239;134m██████[38;2;140;177;68m██[38;2;198;239;126m██[38;2;66;66;66m██[38;2;140;173;68m██[38;2;0;0;8m██[38;2;0;0;0m              
[38;2;0;0;0m    [38;2;165;181;117m██[38;2;162;185;114m██[38;2;66;66;66m██[38;2;198;239;134m██[38;2;195;239;131m████████[38;2;66;57;66m██[38;2;66;53;66m██[38;2;140;177;68m██[38;2;198;239;134m████[38;2;132;158;88m██[38;2;66;70;58m██[38;2;137;170;76m██[38;2;0;0;0m██            
[38;2;0;0;0m  ██[38;2;107;103;103m██[38;2;165;181;117m██[38;2;0;0;0m██[38;2;198;239;134m██[38;2;66;66;66m██[38;2;198;239;134m██[38;2;195;239;131m██████[38;2;198;239;134m██[38;2;198;239;126m██[38;2;132;156;92m██[38;2;198;239;134m██[38;2;140;177;68m████[38;2;0;0;0m      ██[38;2;0;0;8m██[38;2;0;0;0m██    
[38;2;0;0;0m    ████  ██[38;2;165;156;221m██[38;2;66;66;66m██[38;2;195;239;131m██████[38;2;198;239;134m██[38;2;66;74;58m██[38;2;198;239;126m██[38;2;140;177;68m██[38;2;198;239;134m████[38;2;0;0;0m██████[38;2;198;239;134m██[38;2;66;80;50m██[38;2;165;181;117m██[38;2;0;0;0m██  
[38;2;0;0;0m        [38;2;165;189;125m██[38;2;60;66;52m██[38;2;162;160;220m██[38;2;165;156;221m██[38;2;66;66;66m████[38;2;195;239;131m████[38;2;66;66;66m████[38;2;255;255;239m██[38;2;140;181;60m██[38;2;255;255;247m██[38;2;159;187;117m██[38;2;162;184;116m██[38;2;162;187;117m████[38;2;159;187;117m██[38;2;165;181;117m██[38;2;0;0;0m██  
[38;2;0;0;0m        [38;2;162;184;116m████[38;2;115;111;147m██[38;2;123;103;155m██████[38;2;198;231;150m██[38;2;198;239;134m██[38;2;159;187;117m████[38;2;66;70;58m██[38;2;66;66;66m██████[38;2;159;187;117m██[38;2;165;181;117m██████[38;2;0;0;0m██    
[38;2;0;0;0m        [38;2;0;0;8m██[38;2;165;181;125m██[38;2;66;66;66m██[38;2;119;108;151m██[38;2;123;103;155m████[38;2;162;184;116m████[38;2;66;66;66m██[38;2;198;239;134m██[38;2;195;239;131m██████[38;2;66;66;66m████[38;2;0;0;0m██          
[38;2;0;0;0m        [38;2;0;0;8m██[38;2;55;60;47m██[38;2;159;187;117m██[38;2;74;61;74m██[38;2;123;103;155m██[38;2;162;182;114m██[38;2;162;184;116m████[38;2;66;66;66m██[38;2;198;239;134m██[38;2;195;239;131m██████[38;2;198;239;134m██[38;2;0;0;0m██            
[38;2;0;0;0m      ██[38;2;107;94;91m██[38;2;162;185;114m██[38;2;165;181;117m██[38;2;165;189;125m██[38;2;0;0;0m  ████[38;2;0;0;8m██[38;2;66;66;66m██[38;2;159;187;117m██[38;2;66;66;66m██████[38;2;198;239;134m██[38;2;0;0;0m██            
[38;2;0;0;0m        [38;2;71;71;71m██[38;2;214;214;214m██[38;2;0;0;0m████        ██[38;2;66;66;66m██[38;2;140;177;68m██[38;2;198;239;134m██████[38;2;0;0;0m██            
[38;2;0;0;0m                          ██[38;2;123;140;75m██[38;2;198;239;126m████[38;2;0;8;0m██[38;2;0;0;0m              
[38;2;0;0;0m                          ██[38;2;255;255;239m██[38;2;148;169;100m██[38;2;99;99;75m██[38;2;0;8;0m██[38;2;0;0;0m              
[38;2;0;0;0m                              ██                  
[38;2;0;0;0m                                                  [0m
