
                  [38;2;49;49;49m▄   [0m
           [38;2;49;49;49m▄▄[48;2;123;98;98m▀▀[49m▄▄[48;2;90;65;74m▀[38;2;197;98;8m[48;2;197;98;8m▀[38;2;49;49;49m[48;2;90;65;74m▀[48;2;49;49;49m▀[49m [0m
    [38;2;49;49;49m▄[48;2;197;98;8m▀[49m▄▄[48;2;90;65;74m▀[48;2;123;98;98m▀▀[38;2;255;255;255m[48;2;90;65;74m▀[38;2;82;82;82m[48;2;164;164;164m▀[38;2;255;255;255m[48;2;255;255;255m▀[38;2;90;65;74m[48;2;164;164;164m▀[38;2;123;98;98m[48;2;90;65;74m▀[48;2;123;98;98m▀[38;2;90;65;74m▀[48;2;90;65;74m▀[38;2;49;49;49m[48;2;49;49;49m▀[49m  [0m
   [38;2;49;49;49m▄[48;2;197;98;8m▀[38;2;197;98;8m[48;2;90;65;74m▀[38;2;123;98;98m[48;2;123;98;98m▀[38;2;90;65;74m[48;2;90;65;74m▀[38;2;255;148;41m[48;2;255;148;41m▀[38;2;90;65;74m[48;2;90;65;74m▀[38;2;123;98;98m▀[48;2;123;98;98m▀[38;2;90;65;74m▀[38;2;255;255;255m[48;2;90;65;74m▀[38;2;164;164;164m[48;2;255;255;255m▀[38;2;255;255;255m▀[38;2;90;65;74m[48;2;90;65;74m▀[38;2;123;98;98m[48;2;123;98;98m▀[38;2;49;49;49m▀[49m▄  [0m
  [38;2;49;49;49m▄[48;2;123;98;98m▀[38;2;90;65;74m▀[38;2;123;98;98m▀[38;2;90;65;74m[48;2;90;65;74m▀[38;2;255;148;41m▀[38;2;90;65;74m[48;2;123;98;98m▀[38;2;123;98;98m[48;2;164;164;164m▀[38;2;90;65;74m[48;2;82;82;82m▀[38;2;123;98;98m[48;2;90;65;74m▀[48;2;123;98;98m▀[38;2;90;65;74m▀[38;2;255;255;255m[48;2;90;65;74m▀[38;2;90;65;74m[48;2;197;197;197m▀[38;2;123;98;98m[48;2;90;65;74m▀[48;2;123;98;98m▀▀[38;2;49;49;49m[48;2;49;49;49m▀[49m  [0m
 [38;2;49;49;49m[48;2;49;49;49m▀[38;2;90;65;74m[48;2;123;98;98m▀[38;2;123;98;98m[48;2;90;65;74m▀▀[38;2;90;65;74m[48;2;123;98;98m▀[38;2;123;98;98m▀[48;2;255;255;255m▀[38;2;49;49;49m[48;2;49;49;49m▀[38;2;255;255;255m[48;2;255;255;255m▀[38;2;82;82;82m[48;2;82;82;82m▀[38;2;164;164;164m[48;2;164;164;164m▀[38;2;90;65;74m[48;2;82;82;82m▀[38;2;123;98;98m[48;2;123;98;98m▀[38;2;90;65;74m[48;2;49;49;49m▀[48;2;123;98;98m▀[38;2;123;98;98m▀[48;2;90;65;74m▀[38;2;49;49;49m▀[49m▄  [0m
 [38;2;49;49;49m[48;2;49;49;49m▀[38;2;123;98;98m[48;2;123;98;98m▀▀[48;2;90;65;74m▀[48;2;123;98;98m▀▀[38;2;82;82;82m▀[38;2;255;255;255m[48;2;82;82;82m▀[38;2;164;164;164m▀[38;2;82;82;82m[48;2;164;164;164m▀[38;2;164;164;164m▀[38;2;82;82;82m[48;2;49;49;49m▀[38;2;49;49;49m[48;2;164;164;164m▀[38;2;90;65;74m[48;2;49;49;49m▀[38;2;49;49;49m▀[38;2;90;65;74m[48;2;90;65;74m▀▀▀[38;2;49;49;49m[48;2;49;49;49m▀[49m  [0m
  [38;2;49;49;49m▀[38;2;123;98;98m[48;2;49;49;49m▀[48;2;123;98;98m▀[48;2;82;82;82m▀[38;2;90;65;74m[48;2;164;164;164m▀[38;2;123;98;98m[48;2;82;82;82m▀[38;2;82;82;82m[48;2;164;164;164m▀[38;2;164;164;164m▀▀[38;2;49;49;49m[48;2;49;49;49m▀[49m [48;2;49;49;49m▀[38;2;255;255;255m▀[38;2;90;65;74m[48;2;255;255;255m▀[38;2;123;98;98m[48;2;49;49;49m▀[38;2;90;65;74m[48;2;255;255;255m▀[48;2;49;49;49m▀[38;2;49;49;49m[49m▀  [0m
    [38;2;49;49;49m▀▀[38;2;164;164;164m[48;2;49;49;49m▀▀▀[38;2;49;49;49m[49m▀▀   ▀▀ ▀▀   [0m
                      [0m
