
[38;2;0;0;0m                                                                
[38;2;0;0;0m              [38;2;0;4;0m██████[38;2;0;0;0m                                            
[38;2;0;0;0m            [38;2;0;4;0m██[38;2;247;140;167m██████[38;2;0;4;0m██[38;2;0;0;0m                                          
[38;2;0;0;0m          [38;2;0;4;0m██[38;2;247;140;167m██[38;2;0;4;0m████[38;2;173;85;125m██[38;2;255;127;183m██[38;2;0;4;0m██[38;2;0;0;0m  [38;2;0;4;0m████████[38;2;0;0;0m                              
[38;2;0;0;0m        [38;2;0;4;0m██[38;2;247;140;167m██[38;2;0;4;0m██[38;2;0;0;0m    [38;2;8;0;8m██[38;2;173;85;125m██[38;2;66;65;66m██[38;2;0;4;0m██[38;2;247;140;167m████████[38;2;0;4;0m████[38;2;0;0;0m                          
[38;2;0;0;0m        [38;2;0;4;0m██[38;2;247;140;167m██[38;2;0;4;0m██[38;2;0;0;0m      [38;2;0;4;0m██[38;2;247;140;164m████[38;2;247;140;167m██[38;2;0;4;0m██████[38;2;255;132;175m████[38;2;0;4;0m██[38;2;0;0;0m                        
[38;2;0;0;0m      [38;2;0;4;0m██[38;2;189;74;141m██[38;2;0;4;0m██[38;2;0;0;0m      [38;2;0;4;0m██[38;2;247;140;167m██[38;2;247;140;164m████[38;2;0;4;0m██[38;2;0;0;0m      [38;2;8;0;8m██[38;2;173;88;119m██[38;2;247;140;167m██[38;2;0;4;0m██[38;2;0;0;0m                [38;2;0;4;0m████[38;2;0;0;0m  
[38;2;0;0;0m      [38;2;0;4;0m██[38;2;189;74;141m██[38;2;0;4;0m██[38;2;0;0;0m  [38;2;0;8;0m████[38;2;247;140;164m████[38;2;247;140;167m██[38;2;66;66;66m██[38;2;82;55;61m██[38;2;0;12;8m██[38;2;0;0;0m      [38;2;0;4;0m██[38;2;255;132;175m██[38;2;8;0;8m██[38;2;0;0;0m            [38;2;0;4;0m████[38;2;94;96;94m██[38;2;0;4;0m██[38;2;0;0;0m  
[38;2;0;0;0m      [38;2;0;4;0m██[38;2;189;74;141m██[38;2;66;65;66m██[38;2;0;4;0m██[38;2;82;52;56m██[38;2;247;140;167m██[38;2;247;140;164m████[38;2;247;140;167m████████[38;2;0;4;0m████[38;2;0;0;0m  [38;2;0;4;0m██[38;2;173;88;119m██[38;2;255;132;175m██[38;2;0;4;0m██[38;2;0;0;0m        [38;2;0;4;0m██[38;2;94;96;94m██████[38;2;0;4;0m██[38;2;0;0;0m  
[38;2;0;0;0m      [38;2;0;4;0m██[38;2;189;74;141m██[38;2;187;74;139m██[38;2;66;66;66m████[38;2;247;140;167m████[38;2;201;197;189m██[38;2;198;198;190m████[38;2;247;140;164m████[38;2;247;140;167m████[38;2;0;4;0m██[38;2;0;0;0m  [38;2;0;4;0m██[38;2;247;140;167m██[38;2;0;4;0m██[38;2;0;0;0m      [38;2;0;4;0m██[38;2;94;96;94m██[38;2;173;173;173m████[38;2;94;96;94m██[38;2;0;4;0m██[38;2;0;0;0m  
[38;2;0;0;0m        [38;2;0;4;0m██[38;2;187;74;139m██[38;2;66;66;66m██[38;2;247;140;167m████[38;2;201;197;189m████[38;2;198;198;190m██[38;2;93;99;96m██[38;2;247;140;164m████[38;2;247;140;167m██[38;2;0;4;0m██[38;2;0;0;0m    [38;2;0;4;0m██[38;2;247;140;167m██[38;2;0;4;0m██[38;2;0;0;0m    [38;2;0;4;0m██[38;2;94;96;94m████████[38;2;0;4;0m██[38;2;0;0;0m    
[38;2;0;0;0m        [38;2;0;4;0m██[38;2;255;239;71m██[38;2;193;158;69m██[38;2;247;140;167m████[38;2;231;214;127m██[38;2;8;0;0m██[38;2;96;96;96m██[38;2;255;255;255m██[38;2;247;140;167m████[38;2;0;4;0m██[38;2;0;0;0m      [38;2;0;4;0m██[38;2;189;74;141m██[38;2;0;4;0m██[38;2;0;0;0m    [38;2;0;4;0m██[38;2;94;96;94m██[38;2;173;173;173m██[38;2;173;181;173m██[38;2;90;94;90m██[38;2;0;4;0m██[38;2;0;0;0m    
[38;2;0;0;0m      [38;2;0;4;0m██[38;2;255;239;71m██████[38;2;192;157;70m██[38;2;247;140;167m██[38;2;231;214;127m██[38;2;119;107;63m██[38;2;255;255;255m████[38;2;247;140;167m██[38;2;0;4;0m██[38;2;0;0;0m      [38;2;0;4;0m██[38;2;189;74;141m████[38;2;0;4;0m██[38;2;0;0;0m  [38;2;0;4;0m██[38;2;94;96;94m██████[38;2;90;94;90m██[38;2;8;8;8m██[38;2;0;0;0m      
[38;2;0;0;0m    [38;2;0;4;0m██[38;2;255;239;71m██████[38;2;134;120;78m██[38;2;135;123;95m██[38;2;71;66;95m██[38;2;247;140;167m████[38;2;239;140;167m██[38;2;57;70;65m██[38;2;0;4;0m██[38;2;0;0;0m        [38;2;0;4;0m██[38;2;189;74;141m██[38;2;0;4;0m██[38;2;0;0;0m  [38;2;0;4;0m██[38;2;94;96;94m██[38;2;173;173;173m██████[38;2;94;96;94m██[38;2;0;4;0m██[38;2;0;0;0m      
[38;2;0;0;0m    [38;2;0;4;0m██[38;2;255;239;71m██[38;2;96;96;93m██[38;2;74;61;82m██[38;2;195;180;75m██[38;2;198;181;94m██[38;2;135;123;95m██[38;2;66;66;66m████[38;2;57;70;65m██[38;2;118;93;99m██[38;2;0;4;0m██[38;2;0;0;0m      [38;2;0;4;0m██[38;2;189;74;141m████[38;2;0;4;0m██[38;2;0;0;0m  [38;2;0;4;0m██[38;2;94;96;94m████████[38;2;0;4;0m██[38;2;0;0;0m        
[38;2;0;0;0m      [38;2;0;8;0m██[38;2;90;45;66m██[38;2;189;74;141m██[38;2;0;4;0m██[38;2;123;125;115m██[38;2;181;181;173m██[38;2;173;173;173m██[38;2;94;96;94m████[38;2;0;4;0m██[38;2;0;0;0m      [38;2;0;4;0m██[38;2;173;88;119m██[38;2;255;132;175m██[38;2;0;4;0m██[38;2;0;0;0m  [38;2;0;8;0m██[38;2;86;94;86m██[38;2;173;173;173m████[38;2;173;181;173m██[38;2;90;94;90m██[38;2;0;4;0m██[38;2;0;0;0m        
[38;2;0;0;0m      [38;2;0;8;0m██[38;2;181;82;133m██[38;2;0;4;0m██[38;2;0;0;0m  [38;2;8;12;0m██[38;2;181;181;173m██[38;2;173;173;173m██[38;2;94;96;94m████[38;2;0;4;0m██[38;2;0;0;0m      [38;2;0;4;0m██[38;2;255;132;175m██[38;2;8;0;8m██[38;2;0;0;0m    [38;2;0;8;0m██[38;2;173;181;173m██[38;2;94;96;94m██[38;2;173;173;173m██[38;2;90;94;90m██[38;2;8;8;8m██[38;2;0;0;0m          
[38;2;0;0;0m    [38;2;0;4;0m██[38;2;189;74;141m██[38;2;0;4;0m██[38;2;0;0;0m    [38;2;0;8;0m██[38;2;173;181;173m██[38;2;96;99;96m████████[38;2;0;4;0m██[38;2;0;0;0m  [38;2;0;12;8m██[38;2;247;140;167m██[38;2;63;63;58m██[38;2;8;8;0m██[38;2;0;0;0m  [38;2;0;4;0m██[38;2;82;99;87m████[38;2;94;96;94m████[38;2;0;4;0m██[38;2;0;0;0m            
[38;2;0;0;0m  [38;2;0;4;0m██[38;2;189;74;141m██[38;2;0;4;0m██[38;2;0;0;0m      [38;2;0;8;0m██[38;2;86;94;86m██[38;2;96;99;96m████████[38;2;94;96;94m██[38;2;0;4;0m██[38;2;247;140;167m██[38;2;82;55;61m██[38;2;173;173;173m████[38;2;0;4;0m██[38;2;66;65;66m██[38;2;82;66;74m██[38;2;82;132;101m██[38;2;94;96;94m██[38;2;0;4;0m██[38;2;0;0;0m              
[38;2;0;0;0m  [38;2;0;4;0m██[38;2;189;74;141m██[38;2;0;4;0m██[38;2;0;0;0m    [38;2;0;4;0m██[38;2;96;99;96m████[38;2;94;99;94m████[38;2;96;96;96m████[38;2;66;66;66m██[38;2;247;140;167m██[38;2;66;66;66m██[38;2;170;176;170m██[38;2;170;176;173m████[38;2;173;173;173m██[38;2;94;96;94m██[38;2;66;66;66m████[38;2;94;99;94m██[38;2;66;66;66m██[38;2;0;4;0m████[38;2;0;0;0m          
[38;2;0;0;0m  [38;2;0;4;0m██[38;2;189;74;141m██[38;2;0;4;0m██[38;2;0;0;0m    [38;2;0;4;0m██[38;2;96;99;96m████[38;2;66;66;66m██[38;2;94;99;94m██[38;2;90;173;122m██[38;2;96;96;96m██[38;2;66;66;66m██[38;2;247;140;167m██[38;2;66;66;66m██[38;2;170;176;170m██[38;2;170;176;173m████[38;2;94;96;94m████[38;2;170;176;170m██[38;2;66;66;66m████[38;2;94;99;94m██[38;2;94;96;94m██[38;2;0;4;0m██[38;2;0;0;0m          
[38;2;0;0;0m    [38;2;0;4;0m██[38;2;0;0;0m      [38;2;0;4;0m██[38;2;82;115;98m██[38;2;55;77;65m██[38;2;90;173;122m██[38;2;96;96;96m██[38;2;77;107;87m██[38;2;66;66;66m██[38;2;247;140;167m██[38;2;66;66;66m██[38;2;170;176;173m████[38;2;173;173;173m████[38;2;94;96;94m████[38;2;170;176;173m████[38;2;96;99;96m████[38;2;0;4;0m██[38;2;0;0;0m            
[38;2;0;0;0m              ██[38;2;82;115;98m██[38;2;96;96;96m████[38;2;82;127;98m██[38;2;66;66;66m██[38;2;247;140;167m██[38;2;66;66;66m██[38;2;170;176;173m████[38;2;173;173;173m██[38;2;94;96;94m████[38;2;173;173;173m██[38;2;170;176;173m████[38;2;96;99;96m████[38;2;0;4;0m██[38;2;0;0;0m            
[38;2;0;0;0m              [38;2;0;4;0m██[38;2;90;173;122m██[38;2;68;134;98m████[38;2;88;178;122m████[38;2;66;66;66m██[38;2;70;136;98m██[38;2;66;66;66m██[38;2;77;107;87m██[38;2;99;98;102m████[38;2;94;96;94m██[38;2;173;173;173m██[38;2;173;181;173m██[38;2;90;94;90m██[38;2;94;96;94m██[38;2;0;4;0m██[38;2;0;0;0m              
[38;2;0;0;0m                [38;2;0;4;0m██[38;2;88;178;122m██████[38;2;68;134;98m██[38;2;70;136;98m████[38;2;82;127;98m██[38;2;66;66;66m██[38;2;66;61;66m██[38;2;165;173;173m██[38;2;173;173;173m████[38;2;90;94;90m██[38;2;8;8;8m██[38;2;0;4;0m██[38;2;0;0;0m                
[38;2;0;0;0m                  [38;2;0;4;0m████[38;2;74;127;98m████[38;2;82;119;98m██[38;2;57;79;65m██[38;2;71;133;98m████[38;2;70;136;98m██[38;2;66;66;66m██[38;2;66;65;66m██[38;2;0;4;0m████[38;2;0;0;0m                    
[38;2;0;0;0m                      [38;2;8;0;0m██[38;2;52;85;65m██[38;2;57;79;65m██[38;2;8;0;0m██[38;2;0;4;0m██[38;2;71;133;98m██[38;2;70;136;98m████[38;2;0;4;0m██[38;2;0;0;0m                        
[38;2;0;0;0m                      [38;2;0;4;0m██[38;2;132;133;105m██[38;2;0;4;0m██[38;2;0;0;0m    [38;2;0;4;0m██[38;2;58;60;58m██[38;2;0;4;0m██[38;2;0;0;0m                          
[38;2;0;0;0m                    [38;2;0;4;0m██[38;2;132;133;105m████[38;2;0;4;0m██[38;2;0;0;0m    [38;2;0;4;0m██[38;2;173;173;173m██[38;2;0;4;0m██[38;2;0;0;0m                          
[38;2;0;0;0m                [38;2;0;4;0m██[38;2;0;8;8m██[38;2;132;132;116m██[38;2;132;132;105m██[38;2;66;66;66m██[38;2;55;58;55m██[38;2;0;4;0m████[38;2;173;173;173m████[38;2;0;4;0m██[38;2;0;0;0m                          
[38;2;0;0;0m              [38;2;0;4;0m██[38;2;148;148;140m██[38;2;88;91;80m██[38;2;132;132;116m██[38;2;66;66;66m████[38;2;165;165;165m██[38;2;110;111;110m██[38;2;173;173;173m████[38;2;0;4;0m██[38;2;0;0;0m                            
[38;2;0;0;0m              [38;2;0;4;0m████████[38;2;74;76;70m██[38;2;148;148;140m████[38;2;0;4;0m██[38;2;148;148;140m██[38;2;74;76;70m██[38;2;0;4;0m██[38;2;0;0;0m                            
[38;2;0;0;0m                      [38;2;0;4;0m██████[38;2;0;0;0m  [38;2;0;4;0m████[38;2;0;0;0m                              
[38;2;0;0;0m                                                                [0m
