
[38;2;0;0;0m                        
[38;2;0;0;0m          [38;2;49;49;49m████[38;2;0;0;0m          
[38;2;0;0;0m        [38;2;49;49;49m██[38;2;164;164;164m██[38;2;106;106;106m██[38;2;49;49;49m██[38;2;0;0;0m        
[38;2;0;0;0m        [38;2;49;49;49m██[38;2;131;131;131m██[38;2;82;82;82m██[38;2;49;49;49m██[38;2;0;0;0m        
[38;2;0;0;0m        [38;2;49;49;49m██[38;2;131;131;131m██[38;2;82;82;82m██[38;2;49;49;49m██[38;2;0;0;0m        
[38;2;0;0;0m      [38;2;49;49;49m██[38;2;82;82;82m██[38;2;131;131;131m██[38;2;82;82;82m██[38;2;49;49;49m████[38;2;0;0;0m      
[38;2;0;0;0m    [38;2;49;49;49m██[38;2;131;131;131m████[38;2;82;82;82m████[38;2;164;164;164m██[38;2;131;131;131m██[38;2;49;49;49m██[38;2;0;0;0m    
[38;2;0;0;0m    [38;2;49;49;49m██[38;2;106;106;106m██[38;2;205;205;205m██[38;2;255;255;255m██[38;2;205;205;205m██[38;2;82;82;82m██[38;2;164;164;164m██[38;2;49;49;49m██[38;2;0;0;0m    
[38;2;0;0;0m  [38;2;49;49;49m██[38;2;106;106;106m██[38;2;205;205;205m██[38;2;255;255;255m██████[38;2;205;205;205m██[38;2;82;82;82m██[38;2;164;164;164m██[38;2;49;49;49m██[38;2;0;0;0m  
[38;2;0;0;0m  [38;2;49;49;49m██[38;2;106;106;106m██[38;2;255;255;255m██[38;2;82;82;82m██[38;2;131;131;131m██[38;2;255;255;255m████[38;2;82;82;82m██[38;2;164;164;164m██[38;2;49;49;49m██[38;2;0;0;0m  
[38;2;0;0;0m  [38;2;49;49;49m██[38;2;106;106;106m██[38;2;255;255;255m██[38;2;164;164;164m██[38;2;49;49;49m██[38;2;255;255;255m████[38;2;82;82;82m██[38;2;131;131;131m██[38;2;49;49;49m██[38;2;0;0;0m  
[38;2;0;0;0m    [38;2;49;49;49m██[38;2;255;255;255m██[38;2;49;49;49m██[38;2;82;82;82m██[38;2;255;255;255m████[38;2;82;82;82m██[38;2;131;131;131m██[38;2;49;49;49m██[38;2;0;0;0m  
[38;2;0;0;0m    [38;2;49;49;49m██[38;2;205;205;205m██[38;2;255;255;255m██████[38;2;205;205;205m██[38;2;82;82;82m██[38;2;49;49;49m██[38;2;0;0;0m    
[38;2;0;0;0m      [38;2;49;49;49m██[38;2;205;205;205m██[38;2;255;255;255m██[38;2;205;205;205m██[38;2;82;82;82m██[38;2;49;49;49m██[38;2;0;0;0m      
[38;2;0;0;0m    [38;2;49;49;49m██[38;2;131;131;131m██[38;2;82;82;82m██[38;2;49;49;49m████[38;2;82;82;82m██[38;2;131;131;131m██[38;2;49;49;49m██[38;2;0;0;0m    
[38;2;0;0;0m    [38;2;49;49;49m██[38;2;131;131;131m██[38;2;49;49;49m██[38;2;0;0;0m    [38;2;49;49;49m██[38;2;131;131;131m██[38;2;49;49;49m██[38;2;0;0;0m    
[38;2;0;0;0m    [38;2;49;49;49m██[38;2;131;131;131m██[38;2;82;82;82m██[38;2;49;49;49m████[38;2;82;82;82m██[38;2;131;131;131m██[38;2;49;49;49m██[38;2;0;0;0m    
[38;2;0;0;0m  [38;2;49;49;49m██[38;2;131;131;131m██[38;2;106;106;106m██[38;2;49;49;49m██[38;2;106;106;106m████[38;2;49;49;49m██[38;2;106;106;106m██[38;2;131;131;131m██[38;2;49;49;49m██[38;2;0;0;0m  
[38;2;0;0;0m  [38;2;49;49;49m██[38;2;131;131;131m██[38;2;49;49;49m██[38;2;0;0;0m  [38;2;49;49;49m████[38;2;0;0;0m  [38;2;49;49;49m██[38;2;131;131;131m██[38;2;49;49;49m██[38;2;0;0;0m  
[38;2;0;0;0m  [38;2;49;49;49m██[38;2;131;131;131m██[38;2;49;49;49m██[38;2;0;0;0m        [38;2;49;49;49m██[38;2;131;131;131m██[38;2;49;49;49m██[38;2;0;0;0m  
[38;2;0;0;0m    [38;2;49;49;49m██[38;2;0;0;0m          [38;2;49;49;49m██[38;2;131;131;131m██[38;2;49;49;49m██[38;2;0;0;0m  
[38;2;0;0;0m                  [38;2;49;49;49m██[38;2;0;0;0m    
[38;2;0;0;0m                        [0m
