
[38;2;0;0;0m                                              
[38;2;0;0;0m              [38;2;49;49;49m████[38;2;0;0;0m                            
[38;2;0;0;0m            [38;2;49;49;49m██[38;2;205;148;98m████[38;2;49;49;49m████[38;2;0;0;0m  [38;2;49;49;49m████[38;2;0;0;0m                  
[38;2;0;0;0m            [38;2;49;49;49m██[38;2;82;82;82m██[38;2;205;148;98m██████[38;2;49;49;49m██[38;2;205;148;98m████[38;2;49;49;49m██[38;2;0;0;0m                
[38;2;0;0;0m          [38;2;49;49;49m██[38;2;205;148;98m████████████[38;2;222;197;74m██[38;2;205;148;98m██[38;2;49;49;49m██[38;2;0;0;0m                
[38;2;0;0;0m        [38;2;49;49;49m██[38;2;123;123;123m██[38;2;82;82;82m██[38;2;205;148;98m██[38;2;180;123;74m██[38;2;205;148;98m████████[38;2;82;82;82m██[38;2;49;49;49m██[38;2;0;0;0m                
[38;2;0;0;0m        [38;2;49;49;49m██[38;2;222;197;74m██[38;2;255;238;115m██████[38;2;49;49;49m██[38;2;255;255;255m██[38;2;205;148;98m████[38;2;180;123;74m██[38;2;49;49;49m██[38;2;0;0;0m                
[38;2;0;0;0m        [38;2;49;49;49m██[38;2;255;238;115m██████████[38;2;205;148;98m████████[38;2;180;123;74m██[38;2;49;49;49m██[38;2;0;0;0m              
[38;2;0;0;0m      [38;2;49;49;49m██[38;2;180;123;74m██[38;2;82;82;82m██[38;2;222;197;74m██[38;2;255;238;115m████[38;2;205;148;98m██████████[38;2;131;90;65m████[38;2;49;49;49m████[38;2;0;0;0m          
[38;2;0;0;0m      [38;2;49;49;49m██[38;2;82;82;82m██[38;2;180;123;74m██[38;2;82;82;82m████[38;2;205;148;98m████████[38;2;131;90;65m██[38;2;205;148;98m██████[38;2;131;90;65m██[38;2;205;148;98m██[38;2;49;49;49m██[38;2;0;0;0m        
[38;2;0;0;0m    [38;2;49;49;49m██[38;2;180;123;74m████[38;2;82;82;82m████[38;2;205;148;98m████████████[38;2;131;90;65m██[38;2;205;148;98m██[38;2;82;82;82m████[38;2;131;90;65m██[38;2;49;49;49m██[38;2;0;0;0m        
[38;2;0;0;0m  [38;2;49;49;49m██[38;2;205;148;98m████[38;2;180;123;74m████[38;2;82;82;82m██[38;2;255;238;115m████████[38;2;205;148;98m████[38;2;131;90;65m██[38;2;82;82;82m████[38;2;180;123;74m████[38;2;49;49;49m██[38;2;0;0;0m        
[38;2;0;0;0m  [38;2;49;49;49m██[38;2;255;255;255m██[38;2;82;82;82m██[38;2;180;123;74m██[38;2;82;82;82m██[38;2;222;197;74m██[38;2;255;238;115m██[38;2;205;148;98m████[38;2;255;238;115m████[38;2;205;148;98m████[38;2;180;123;74m██[38;2;131;90;65m██[38;2;205;148;98m████[38;2;131;90;65m██[38;2;49;49;49m██[38;2;0;0;0m      
[38;2;0;0;0m    [38;2;49;49;49m████[38;2;255;255;255m██[38;2;82;82;82m██[38;2;255;238;115m██[38;2;205;148;98m████████[38;2;255;238;115m██[38;2;205;148;98m██[38;2;180;123;74m██[38;2;82;82;82m██[38;2;180;123;74m██[38;2;205;148;98m██████[38;2;49;49;49m██[38;2;0;0;0m      
[38;2;0;0;0m        [38;2;49;49;49m██[38;2;180;123;74m██[38;2;255;238;115m██[38;2;205;148;98m██████[38;2;180;123;74m██[38;2;255;238;115m██[38;2;180;123;74m████[38;2;82;82;82m██[38;2;205;148;98m████████[38;2;49;49;49m██[38;2;0;0;0m      
[38;2;0;0;0m      [38;2;49;49;49m██[38;2;180;123;74m████[38;2;222;197;74m████[38;2;180;123;74m████[38;2;222;197;74m████[38;2;180;123;74m██[38;2;82;82;82m██[38;2;255;255;255m██[38;2;205;148;98m██████[38;2;131;90;65m██[38;2;49;49;49m████[38;2;0;0;0m    
[38;2;0;0;0m      [38;2;49;49;49m██[38;2;180;123;74m██[38;2;131;90;65m██[38;2;180;123;74m██[38;2;222;197;74m████████[38;2;180;123;74m████[38;2;82;82;82m████[38;2;255;255;255m██[38;2;82;82;82m██[38;2;255;255;255m██[38;2;82;82;82m██[38;2;180;123;74m████[38;2;49;49;49m██[38;2;0;0;0m  
[38;2;0;0;0m        [38;2;49;49;49m██[38;2;131;90;65m██[38;2;180;123;74m██████████████[38;2;131;90;65m██[38;2;180;123;74m██[38;2;82;82;82m██[38;2;131;90;65m██[38;2;82;82;82m██[38;2;131;90;65m██[38;2;180;123;74m████[38;2;49;49;49m██[38;2;0;0;0m  
[38;2;0;0;0m        [38;2;49;49;49m██[38;2;180;123;74m██[38;2;131;90;65m██[38;2;180;123;74m██████████[38;2;131;90;65m██[38;2;180;123;74m██████[38;2;131;90;65m██[38;2;82;82;82m██[38;2;131;90;65m██████[38;2;49;49;49m██[38;2;0;0;0m  
[38;2;0;0;0m      [38;2;49;49;49m██[38;2;255;255;255m██[38;2;131;90;65m██[38;2;255;255;255m██[38;2;49;49;49m████[38;2;180;123;74m██████[38;2;82;82;82m██[38;2;180;123;74m████████[38;2;131;90;65m██[38;2;82;82;82m██[38;2;49;49;49m████[38;2;0;0;0m    
[38;2;0;0;0m      [38;2;49;49;49m████[38;2;0;0;0m  [38;2;49;49;49m██[38;2;0;0;0m    [38;2;49;49;49m████████[38;2;131;90;65m██[38;2;180;123;74m████[38;2;131;90;65m████[38;2;49;49;49m██[38;2;0;0;0m        
[38;2;0;0;0m                          [38;2;49;49;49m██[38;2;131;90;65m██████[38;2;49;49;49m██[38;2;0;0;0m          
[38;2;0;0;0m                          [38;2;49;49;49m██[38;2;255;255;255m██[38;2;49;49;49m██[38;2;255;255;255m██[38;2;49;49;49m██[38;2;0;0;0m          
[38;2;0;0;0m                            [38;2;49;49;49m██[38;2;0;0;0m  [38;2;49;49;49m██[38;2;0;0;0m            
[38;2;0;0;0m                                              [0m
