
[38;2;0;0;0m                                                
[38;2;0;0;0m                    ████                        
[38;2;0;0;0m      ████  ██[38;2;65;67;68m██[38;2;65;64;65m██[38;2;98;105;111m██[38;2;98;105;109m████[38;2;0;0;0m                        
[38;2;0;0;0m      ██[38;2;54;62;71m██[38;2;0;0;0m██[38;2;131;134;137m██[38;2;65;67;68m██[38;2;65;64;65m██[38;2;131;133;139m██[38;2;65;64;65m████[38;2;0;0;0m██                      
[38;2;0;0;0m      ██[38;2;255;255;255m██[38;2;65;64;65m████[38;2;87;87;90m██[38;2;79;90;104m██[38;2;65;64;65m██[38;2;131;133;139m██[38;2;98;105;111m██[38;2;0;0;0m                        
[38;2;0;0;0m      ██[38;2;246;246;246m██[38;2;65;64;65m████[38;2;79;90;104m████[38;2;65;64;65m██[38;2;98;105;109m██[38;2;65;64;65m██[38;2;0;0;0m██                      
[38;2;0;0;0m    ████[38;2;65;64;65m████[38;2;74;72;82m████[38;2;255;250;255m██[38;2;57;60;57m██[38;2;49;60;65m██[38;2;255;255;255m██[38;2;65;64;65m██[38;2;0;0;0m██          ████      
[38;2;0;0;0m    [38;2;180;182;189m████[38;2;65;64;65m██[38;2;79;90;104m██[38;2;74;72;82m██[38;2;255;255;255m██[38;2;255;250;255m██[38;2;57;60;57m██[38;2;255;255;255m██[38;2;117;125;128m██[38;2;255;250;255m██[38;2;255;255;255m██[38;2;0;0;0m██      ██[38;2;255;255;255m████[38;2;0;0;0m████  
[38;2;0;0;0m        [38;2;222;210;57m██[38;2;143;137;57m██[38;2;224;213;54m████[38;2;222;214;49m██[38;2;98;102;104m██[38;2;65;64;65m████████[38;2;0;0;0m██[38;2;180;182;189m██[38;2;126;126;131m██[38;2;255;255;255m██████[38;2;65;64;65m██[38;2;127;129;131m██[38;2;0;0;0m    
[38;2;0;0;0m        [38;2;148;137;57m██[38;2;224;213;54m██[38;2;145;136;54m██[38;2;222;214;49m██[38;2;145;136;54m██[38;2;123;125;131m██[38;2;131;137;139m██[38;2;98;102;104m██[38;2;65;64;65m██[38;2;255;255;255m██[38;2;0;0;0m  ██[38;2;255;255;255m████[38;2;0;0;0m██[38;2;65;64;65m██[38;2;0;0;0m████    
[38;2;0;0;0m        ██[38;2;65;68;49m██[38;2;222;214;49m████[38;2;57;60;74m██[38;2;65;64;65m██[38;2;98;105;109m████[38;2;255;255;255m████[38;2;84;87;90m██[38;2;0;4;8m██[38;2;0;0;0m                
[38;2;0;0;0m        [38;2;180;182;189m██[38;2;255;255;189m██[38;2;65;64;65m████[38;2;112;110;71m██[38;2;98;105;109m████[38;2;65;64;65m██[38;2;255;255;255m██[38;2;82;89;106m██[38;2;255;255;255m████[38;2;0;0;0m                
[38;2;0;0;0m      ██[38;2;65;68;74m██[38;2;90;101;115m██[38;2;87;91;98m██[38;2;65;64;65m████[38;2;74;72;82m██[38;2;255;255;255m████[38;2;74;76;82m████[38;2;255;255;255m██[38;2;131;135;139m██[38;2;0;0;0m██              
[38;2;0;0;0m      ██[38;2;98;105;109m██[38;2;74;72;82m██[38;2;255;255;255m██[38;2;82;89;106m██[38;2;74;80;90m██[38;2;255;255;255m██[38;2;74;80;90m████[38;2;98;105;109m██[38;2;131;135;139m██[38;2;74;76;82m██[38;2;255;255;255m██[38;2;8;8;8m██[38;2;0;0;0m              
[38;2;0;0;0m    [38;2;0;4;8m██[38;2;131;137;148m██[38;2;98;105;109m██[38;2;65;64;65m██[38;2;255;255;255m██[38;2;82;89;106m████[38;2;255;255;255m██[38;2;79;90;104m██[38;2;65;64;65m██[38;2;98;105;109m██[38;2;65;64;65m██[38;2;131;134;139m██████[38;2;0;0;0m██            
[38;2;0;0;0m    [38;2;131;137;148m██[38;2;87;93;101m██[38;2;98;105;109m██[38;2;98;105;115m██[38;2;82;89;106m██[38;2;255;255;255m██████[38;2;79;90;104m██[38;2;65;64;65m██[38;2;98;105;109m██[38;2;98;101;104m██[38;2;131;134;139m██████[38;2;0;0;0m██            
[38;2;0;0;0m  [38;2;0;0;16m██[38;2;65;64;65m██[38;2;98;105;109m██[38;2;131;137;142m██[38;2;131;135;139m██[38;2;74;80;90m██[38;2;255;255;255m████[38;2;79;90;104m██[38;2;131;135;139m████[38;2;131;134;139m██[38;2;131;135;139m██[38;2;131;134;139m████[38;2;78;89;106m██[38;2;131;133;139m██[38;2;0;0;0m            
[38;2;0;0;0m  ██[38;2;143;137;57m██[38;2;65;64;65m██[38;2;131;137;139m██[38;2;131;135;139m██[38;2;74;72;82m██[38;2;255;255;255m████[38;2;79;90;104m██[38;2;131;133;139m████[38;2;131;135;139m██[38;2;65;68;106m██[38;2;131;135;139m████[38;2;74;72;82m██[38;2;131;133;139m██[38;2;0;0;0m            
[38;2;0;0;0m    ██[38;2;148;137;57m██[38;2;131;135;139m██[38;2;65;64;65m████[38;2;87;91;98m██[38;2;79;90;104m████[38;2;65;64;65m██████[38;2;222;210;49m██[38;2;255;255;255m██████[38;2;0;0;0m██            
[38;2;0;0;0m      ██[38;2;65;64;65m██[38;2;98;105;109m██[38;2;98;105;115m██[38;2;65;64;65m██[38;2;79;90;104m████[38;2;98;105;109m████[38;2;65;64;65m████[38;2;148;137;57m██[38;2;255;255;255m██[38;2;148;137;57m██[38;2;0;0;0m██            
[38;2;0;0;0m        [38;2;189;182;197m██[38;2;57;60;65m██[38;2;65;64;65m██████[38;2;79;90;104m██[38;2;65;64;65m████[38;2;79;90;104m██[38;2;65;64;65m██[38;2;74;67;38m██[38;2;0;0;16m██[38;2;0;0;0m                
[38;2;0;0;0m      ██[38;2;63;62;30m██[38;2;197;190;65m██[38;2;0;0;0m██████[38;2;78;89;106m██[38;2;65;64;65m██[38;2;0;0;0m██[38;2;74;70;43m██[38;2;255;255;246m██[38;2;255;255;205m██[38;2;32;24;0m██[38;2;0;0;0m                
[38;2;0;0;0m                        ████████                
[38;2;0;0;0m                                                [0m
