
         [38;2;0;0;0m▄▄▄     [0m
       [38;2;0;0;0m▄[48;2;0;0;0m▀[38;2;255;255;255m[48;2;255;255;255m▀▀[48;2;0;0;0m▀[38;2;0;0;0m[49m▀    [0m
     [38;2;0;0;0m▄[48;2;85;85;85m▀[38;2;255;255;255m[48;2;255;255;255m▀▀▀[38;2;214;255;254m▀[38;2;0;0;0m[48;2;239;255;255m▀[49m▄    [0m
 [38;2;0;0;0m▄▄▄[48;2;198;239;254m▀[38;2;255;255;255m[48;2;247;255;255m▀[48;2;148;189;242m▀[38;2;181;205;237m[48;2;255;255;255m▀[38;2;255;255;255m▀▀[48;2;214;255;254m▀[38;2;239;255;255m[48;2;181;205;237m▀[38;2;0;0;0m[48;2;255;255;255m▀[49m▄   [0m
 [38;2;0;0;0m[48;2;0;0;0m▀[38;2;140;214;252m[48;2;123;173;211m▀[38;2;66;80;85m[48;2;192;206;245m▀[38;2;198;239;254m[48;2;255;255;255m▀[38;2;148;189;242m[48;2;148;189;242m▀[38;2;99;156;235m[48;2;99;156;235m▀[38;2;255;255;255m[48;2;255;255;255m▀[38;2;140;217;252m[48;2;107;132;219m▀[38;2;255;255;255m[48;2;140;217;252m▀[48;2;255;255;255m▀[48;2;140;217;252m▀[48;2;255;255;255m▀[48;2;231;255;255m▀[38;2;0;0;0m[48;2;0;0;8m▀[49m  [0m
 [38;2;0;0;0m▄[48;2;239;255;255m▀[38;2;255;255;255m[48;2;255;255;255m▀[38;2;129;156;236m[48;2;131;156;235m▀[38;2;247;255;255m[48;2;115;156;235m▀[38;2;148;189;242m[48;2;247;255;255m▀[38;2;255;255;255m[48;2;239;255;255m▀[38;2;107;132;219m[48;2;169;197;237m▀[38;2;140;217;252m[48;2;255;255;255m▀[38;2;255;255;255m[48;2;131;156;235m▀[48;2;255;255;255m▀[48;2;107;181;219m▀[38;2;154;170;173m[48;2;132;198;236m▀[38;2;0;0;8m▀[38;2;0;0;0m[48;2;0;0;0m▀[49m [0m
 [38;2;0;0;0m▀[38;2;239;255;255m[48;2;0;0;0m▀[38;2;255;255;255m[48;2;231;255;255m▀▀[38;2;159;189;242m[48;2;127;164;223m▀[38;2;115;156;235m▀[38;2;99;140;219m[48;2;140;214;252m▀[48;2;129;162;228m▀[38;2;131;156;235m[48;2;255;255;255m▀[38;2;255;255;255m▀▀[38;2;156;206;231m▀[38;2;132;198;236m▀[38;2;0;0;0m▀[49m▄ [0m
  [38;2;0;0;0m▀[38;2;123;172;211m[48;2;0;0;0m▀[38;2;231;255;255m[48;2;123;173;211m▀[38;2;239;255;255m[48;2;123;181;219m▀[48;2;214;255;254m▀[38;2;129;162;228m▀▀[38;2;217;244;254m[48;2;123;173;211m▀[38;2;140;222;252m▀[38;2;255;255;255m[48;2;214;255;254m▀▀[38;2;217;244;254m[48;2;123;173;211m▀[38;2;140;222;252m[48;2;0;0;0m▀[38;2;0;0;0m[49m▀ [0m
    [38;2;0;0;0m▀[38;2;153;206;231m[48;2;0;0;0m▀[38;2;123;181;219m▀[38;2;123;172;211m[48;2;140;214;252m▀▀[38;2;140;214;252m[48;2;123;173;211m▀[48;2;46;60;70m▀[38;2;123;172;211m[48;2;0;0;0m▀▀[38;2;0;0;0m[49m▀   [0m
      [38;2;0;0;0m▀[38;2;123;173;211m[48;2;0;0;0m▀[48;2;123;173;211m▀[48;2;0;0;0m▀[38;2;8;4;0m[49m▀      [0m
       [38;2;0;0;0m▀[38;2;123;173;211m[48;2;0;0;0m▀[38;2;0;0;0m[49m▀       [0m
                 [0m
