
      [38;2;0;0;0m▄▄      [0m
     [38;2;0;0;0m[48;2;0;0;0m▀[38;2;255;255;255m[48;2;255;255;255m▀[38;2;0;0;0m▀[49m▄     [0m
   [38;2;0;0;0m▄[48;2;123;173;211m▀[38;2;255;255;255m[48;2;211;230;240m▀[38;2;123;181;211m[48;2;255;255;255m▀[38;2;181;222;245m▀[38;2;255;255;255m▀[38;2;0;0;0m▀[49m▄   [0m
  [38;2;0;0;0m[48;2;0;0;0m▀[38;2;255;255;255m[48;2;156;206;231m▀[38;2;107;181;219m[48;2;255;255;255m▀[38;2;185;218;237m[48;2;115;181;219m▀[38;2;255;255;255m[48;2;185;218;237m▀[48;2;255;255;255m▀▀[38;2;239;255;255m[48;2;123;172;211m▀[38;2;123;172;211m[48;2;239;255;255m▀[38;2;0;0;0m[48;2;0;0;0m▀[49m  [0m
 [38;2;0;0;0m[48;2;0;0;0m▀[38;2;140;214;252m[48;2;140;214;252m▀[38;2;107;132;219m[48;2;107;132;219m▀[38;2;255;255;255m[48;2;255;255;255m▀▀[48;2;140;217;252m▀[38;2;148;189;242m[48;2;99;156;235m▀[38;2;247;255;255m[48;2;148;189;242m▀[38;2;255;255;255m[48;2;255;255;255m▀▀[38;2;222;239;254m[48;2;222;239;254m▀[38;2;0;0;0m[48;2;0;0;0m▀[49m [0m
 [38;2;0;0;0m▀[38;2;214;255;254m[48;2;0;0;0m▀[38;2;255;255;255m[48;2;140;217;252m▀[48;2;255;255;255m▀▀[38;2;140;217;252m▀[38;2;99;156;235m[48;2;148;189;242m▀[38;2;148;189;242m[48;2;247;255;255m▀[38;2;231;255;255m[48;2;231;255;255m▀[38;2;154;206;231m[48;2;115;181;219m▀[38;2;214;255;254m[48;2;0;0;0m▀[38;2;0;0;0m[49m▀ [0m
  [38;2;0;0;0m▄[38;2;0;0;8m[48;2;140;214;252m▀[38;2;93;143;171m[48;2;93;143;171m▀[38;2;82;148;210m[48;2;247;255;255m▀[38;2;164;201;232m▀[38;2;214;236;251m[48;2;132;198;244m▀[38;2;132;198;244m[48;2;255;255;255m▀[38;2;107;156;211m[48;2;107;156;211m▀[38;2;0;0;0m[48;2;0;0;0m▀[49m   [0m
   [38;2;0;0;0m▀[38;2;90;107;130m[48;2;0;0;0m▀[38;2;123;181;235m[48;2;140;214;252m▀[38;2;140;214;252m▀[38;2;123;181;235m[48;2;123;181;235m▀[38;2;90;103;130m[48;2;112;155;200m▀[38;2;181;239;253m[48;2;0;0;0m▀▀[38;2;0;0;0m[49m▀  [0m
     [38;2;0;0;0m▀▀▀▀     [0m
