
               [38;2;0;0;0m▄                         [0m
             [38;2;0;0;0m▄[48;2;66;107;138m▀[38;2;74;123;162m▀[38;2;0;0;0m[48;2;0;0;0m▀[49m                        [0m
            [38;2;0;0;0m[48;2;0;4;0m▀[38;2;74;123;162m[48;2;74;127;170m▀[38;2;66;107;138m[48;2;85;88;82m▀[38;2;255;247;175m[48;2;255;247;183m▀[38;2;0;0;0m[48;2;0;0;0m▀[49m                        [0m
           [38;2;0;0;0m[48;2;0;0;0m▀[38;2;74;127;170m[48;2;66;107;138m▀[38;2;49;86;113m▀[38;2;255;247;183m[48;2;255;247;159m▀[38;2;0;8;32m[48;2;8;0;0m▀[49m                         [0m
 [38;2;0;0;0m▄▄▄      [48;2;0;0;0m▀[38;2;74;123;162m[48;2;74;123;162m▀[38;2;66;107;138m[48;2;66;94;106m▀[38;2;255;247;175m[48;2;160;166;124m▀[38;2;173;165;106m[48;2;255;247;175m▀[38;2;255;247;159m▀[38;2;0;0;0m[48;2;0;0;0m▀[49m                        [0m
 [38;2;0;0;0m[48;2;0;0;0m▀[38;2;74;123;162m[48;2;247;247;183m▀[48;2;123;123;107m▀[38;2;0;0;0m[48;2;74;123;162m▀▀[49m▄ [38;2;0;4;0m▄[38;2;0;0;0m[48;2;74;127;170m▀[38;2;74;123;162m[48;2;74;125;164m▀▀[38;2;66;94;106m[48;2;74;123;162m▀[38;2;255;239;143m▀[38;2;85;82;69m[48;2;74;126;165m▀▀[38;2;0;0;0m[48;2;99;132;155m▀[38;2;24;8;0m[49m▄ [38;2;0;0;0m▄[38;2;0;0;40m▄[38;2;0;0;0m[48;2;115;123;127m▀▀▀[49m▄                [0m
 [38;2;0;0;0m▄[38;2;0;0;32m[48;2;173;159;95m▀[38;2;247;247;183m▀[38;2;255;247;175m[48;2;195;159;67m▀[38;2;74;123;162m[48;2;255;247;175m▀[48;2;198;239;214m▀[38;2;0;0;0m[48;2;66;66;66m▀[38;2;49;86;113m[48;2;140;222;252m▀[38;2;74;127;170m[48;2;85;134;165m▀[38;2;74;125;164m[48;2;57;96;121m▀[38;2;57;94;121m[48;2;140;231;252m▀[38;2;57;96;124m[48;2;140;228;252m▀▀[38;2;74;126;165m[48;2;57;94;121m▀[48;2;85;137;165m▀[38;2;61;70;77m[48;2;74;126;165m▀▀[38;2;0;0;0m[48;2;74;119;154m▀[38;2;74;123;162m▀[38;2;115;123;127m[48;2;255;247;175m▀[38;2;231;247;215m▀[48;2;0;0;0m▀[38;2;0;0;40m[49m▀                 [0m
  [38;2;8;0;0m▀[38;2;255;239;143m[48;2;0;0;0m▀[38;2;255;247;175m[48;2;195;159;67m▀[38;2;195;159;67m▀[38;2;66;66;66m[48;2;74;70;66m▀[38;2;198;239;214m▀[38;2;140;222;252m[48;2;140;228;252m▀[38;2;57;90;121m▀[38;2;140;231;252m▀▀[38;2;140;228;252m[48;2;140;231;252m▀▀[38;2;140;222;252m▀[38;2;57;94;121m▀[38;2;74;126;165m[48;2;195;159;67m▀▀[38;2;255;222;127m▀[38;2;195;188;136m[48;2;255;247;175m▀[38;2;195;159;67m[48;2;255;247;151m▀[48;2;85;82;50m▀[38;2;189;156;69m[48;2;0;0;0m▀[38;2;0;0;0m[49m▀                 [0m
   [38;2;0;0;0m▀[38;2;255;247;175m[48;2;0;0;0m▀[48;2;66;66;63m▀[38;2;74;70;66m[48;2;74;53;66m▀[38;2;255;255;255m[48;2;99;107;128m▀[38;2;140;228;252m[48;2;140;231;252m▀▀▀[48;2;74;74;66m▀[38;2;74;74;66m[48;2;255;239;255m▀[48;2;57;33;65m▀[38;2;82;82;74m[48;2;66;66;66m▀[38;2;121;181;193m[48;2;107;181;219m▀[38;2;255;247;175m[48;2;74;70;66m▀▀[48;2;66;66;66m▀[38;2;195;159;67m[48;2;255;255;215m▀[38;2;170;165;101m[48;2;255;247;175m▀[38;2;0;0;0m▀[49m▄▄                 [0m
    [38;2;0;0;0m▀[38;2;198;198;190m[48;2;0;0;0m▀[38;2;74;53;66m[48;2;198;198;190m▀[38;2;148;214;252m[48;2;66;66;66m▀[38;2;57;96;121m[48;2;140;231;252m▀[38;2;140;231;252m▀▀[38;2;74;74;66m▀[38;2;123;102;128m[48;2;107;181;219m▀▀[38;2;107;181;219m[48;2;167;192;191m▀[48;2;57;66;65m▀[38;2;74;70;66m[48;2;200;195;190m▀[38;2;255;255;255m[48;2;255;255;255m▀[38;2;255;255;215m▀[38;2;66;66;66m▀[48;2;66;66;66m▀[48;2;140;231;252m▀[38;2;140;231;252m[48;2;140;228;252m▀▀[38;2;0;0;0m[48;2;140;231;252m▀[48;2;66;66;66m▀[38;2;8;0;0m[49m▄▄             [0m
    [38;2;0;0;0m▀[38;2;198;198;190m[48;2;0;0;0m▀[48;2;189;189;181m▀▀[38;2;66;66;66m[48;2;200;195;190m▀[48;2;255;255;255m▀[38;2;111;181;223m[48;2;66;66;66m▀▀[38;2;107;181;219m▀[38;2;66;66;66m[48;2;255;255;255m▀[38;2;57;66;65m[48;2;200;195;190m▀[38;2;222;255;254m[48;2;255;255;255m▀[38;2;255;255;255m▀[38;2;200;195;190m▀[38;2;255;255;255m[48;2;66;66;66m▀[38;2;66;66;66m[48;2;140;231;252m▀[48;2;140;228;252m▀[38;2;140;231;252m▀[38;2;140;228;252m▀▀[38;2;140;231;252m▀▀[38;2;46;63;78m[48;2;57;61;65m▀[38;2;85;126;157m[48;2;94;141;158m▀[38;2;0;0;0m[48;2;74;123;162m▀[49m▄   ▄[48;2;111;181;223m▀[48;2;140;231;252m▀[48;2;148;222;244m▀[38;2;16;0;0m[49m▄   [0m
      [38;2;0;0;0m▀[38;2;63;63;60m[48;2;0;0;0m▀[38;2;255;255;255m▀[48;2;198;198;190m▀[38;2;192;192;192m[48;2;255;255;255m▀[38;2;255;255;255m▀[38;2;192;192;192m[48;2;192;192;192m▀[38;2;255;255;255m[48;2;255;255;255m▀[48;2;222;255;254m▀[38;2;200;195;190m[48;2;57;66;65m▀[38;2;255;255;255m[48;2;66;66;66m▀▀[38;2;66;66;66m[48;2;107;181;219m▀[38;2;115;176;190m▀[38;2;140;228;252m▀[48;2;0;0;0m▀[48;2;82;132;157m▀[48;2;123;198;235m▀[48;2;140;228;252m▀▀[38;2;132;222;252m[48;2;132;222;252m▀[38;2;57;61;65m[48;2;57;61;65m▀[38;2;74;123;162m[48;2;74;126;165m▀▀[38;2;0;0;0m[48;2;82;143;167m▀[49m▄[48;2;66;70;74m▀[38;2;107;181;219m[48;2;140;231;252m▀[38;2;140;231;252m[48;2;132;214;244m▀▀[38;2;60;74;81m[48;2;140;231;252m▀▀[38;2;0;0;0m[48;2;107;181;219m▀[49m▄ [0m
         [38;2;0;0;0m▀[38;2;8;8;8m▀[38;2;173;173;173m[48;2;0;0;0m▀[38;2;255;255;255m[48;2;49;63;73m▀[38;2;66;66;66m[48;2;115;181;219m▀[38;2;57;66;65m[48;2;82;82;74m▀[38;2;167;192;191m[48;2;115;181;193m▀[38;2;107;181;219m[48;2;110;181;222m▀▀[48;2;0;0;0m▀[38;2;0;0;0m[49m▀▀ ▀[38;2;123;198;235m[48;2;0;0;0m▀[38;2;140;228;252m[48;2;110;181;222m▀▀[38;2;57;61;65m[48;2;66;66;66m▀[38;2;94;141;158m[48;2;0;0;0m▀[38;2;74;126;165m▀[48;2;74;123;162m▀[38;2;82;143;167m[48;2;107;181;219m▀[38;2;123;214;251m▀[38;2;140;231;252m[48;2;0;0;0m▀[38;2;115;177;193m▀[38;2;0;0;0m[49m▀[38;2;132;214;244m[48;2;0;0;0m▀[38;2;111;181;223m▀▀[38;2;0;0;0m[49m▀  [0m
           [38;2;0;0;0m▄[38;2;16;4;0m[48;2;107;181;227m▀[38;2;115;181;219m▀[38;2;82;82;74m[48;2;82;82;66m▀[38;2;132;231;252m[48;2;140;231;252m▀[38;2;110;181;222m▀[48;2;0;0;0m▀[38;2;0;0;0m[49m▀   ▄[48;2;107;181;219m▀[38;2;110;181;222m[48;2;71;121;151m▀[48;2;107;181;227m▀[38;2;0;0;0m[48;2;0;0;0m▀[49m  ▀▀▀         [0m
          [38;2;0;0;0m▀[38;2;107;181;219m[48;2;0;0;0m▀[38;2;90;129;152m▀[38;2;74;76;76m[48;2;140;231;252m▀[38;2;140;231;252m[48;2;123;206;235m▀▀[48;2;0;0;0m▀[38;2;0;0;0m[49m▀     ▀▀▀               [0m
             [38;2;0;0;0m▀▀▀                         [0m
