
[38;2;0;0;0m                                        
[38;2;0;0;0m                [38;2;49;49;49m██████[38;2;0;0;0m      [38;2;49;49;49m██[38;2;0;0;0m          
[38;2;0;0;0m            [38;2;49;49;49m████[38;2;197;74;106m██████[38;2;49;49;49m██████[38;2;197;74;106m██[38;2;49;49;49m██[38;2;0;0;0m  [38;2;49;49;49m██[38;2;0;0;0m    
[38;2;0;0;0m          [38;2;49;49;49m██[38;2;197;74;106m██[38;2;205;115;131m██[38;2;197;74;106m██████[38;2;82;82;82m██[38;2;74;148;74m██[38;2;57;98;49m██[38;2;197;74;106m██[38;2;49;49;49m████[38;2;197;74;106m██[38;2;49;49;49m██[38;2;0;0;0m  
[38;2;0;0;0m    [38;2;49;49;49m██[38;2;0;0;0m  [38;2;49;49;49m██[38;2;197;74;106m██████[38;2;49;49;49m██[38;2;197;74;106m██████[38;2;82;82;82m██[38;2;74;148;74m██[38;2;57;98;49m██[38;2;82;82;82m██[38;2;49;49;49m██[38;2;197;74;106m██[38;2;49;49;49m██[38;2;0;0;0m  
[38;2;0;0;0m  [38;2;49;49;49m██[38;2;205;115;131m██[38;2;49;49;49m████[38;2;197;74;106m████[38;2;49;49;49m██[38;2;205;115;131m██[38;2;49;49;49m██[38;2;197;74;106m████[38;2;82;82;82m██[38;2;74;148;74m██[38;2;57;98;49m██[38;2;74;148;74m██[38;2;82;82;82m██[38;2;164;65;98m██[38;2;49;49;49m██[38;2;0;0;0m  
[38;2;0;0;0m  [38;2;49;49;49m██[38;2;197;74;106m██[38;2;49;49;49m██[38;2;197;74;106m██████[38;2;49;49;49m██[38;2;197;74;106m██[38;2;49;49;49m██[38;2;197;74;106m████[38;2;82;82;82m██[38;2;74;148;74m██[38;2;57;98;49m██[38;2;74;148;74m██[38;2;82;82;82m██[38;2;49;49;49m██[38;2;0;0;0m    
[38;2;0;0;0m  [38;2;49;49;49m██[38;2;82;82;82m██[38;2;49;49;49m██[38;2;197;74;106m██[38;2;82;82;82m██[38;2;197;74;106m██[38;2;49;49;49m██[38;2;82;82;82m██[38;2;49;49;49m██[38;2;197;74;106m██████[38;2;82;82;82m██[38;2;74;148;74m██[38;2;57;98;49m██[38;2;164;65;98m██[38;2;49;49;49m██[38;2;0;0;0m    
[38;2;0;0;0m  [38;2;49;49;49m██[38;2;82;82;82m██[38;2;49;49;49m██[38;2;82;82;82m██████[38;2;49;49;49m██[38;2;82;82;82m██[38;2;49;49;49m██[38;2;197;74;106m████[38;2;82;82;82m████[38;2;74;148;74m██[38;2;57;98;49m██[38;2;164;65;98m██[38;2;49;49;49m██[38;2;0;0;0m    
[38;2;0;0;0m    [38;2;49;49;49m██[38;2;197;74;106m██[38;2;49;49;49m██[38;2;197;74;106m██[38;2;49;49;49m██[38;2;197;74;106m██[38;2;49;49;49m██[38;2;197;74;106m████[38;2;82;82;82m██[38;2;197;74;106m████[38;2;82;82;82m██[38;2;57;98;49m██[38;2;49;49;49m██[38;2;0;0;0m      
[38;2;0;0;0m    [38;2;49;49;49m██[38;2;82;82;82m██[38;2;197;74;106m██████[38;2;82;82;82m████[38;2;197;74;106m████[38;2;82;82;82m██[38;2;197;74;106m██[38;2;164;65;98m██[38;2;82;82;82m██[38;2;49;49;49m██[38;2;0;0;0m        
[38;2;0;0;0m    [38;2;49;49;49m██[38;2;213;115;41m██[38;2;197;74;106m████[38;2;82;82;82m██[38;2;197;74;106m██[38;2;213;115;41m██[38;2;82;82;82m██[38;2;164;65;98m██[38;2;82;82;82m██[38;2;164;65;98m██[38;2;82;82;82m████[38;2;49;49;49m██[38;2;0;0;0m        
[38;2;0;0;0m      [38;2;49;49;49m██[38;2;197;74;106m████[38;2;213;115;41m██[38;2;49;49;49m██[38;2;246;230;41m██[38;2;164;65;98m██[38;2;82;82;82m██[38;2;49;49;49m████[38;2;82;82;82m██[38;2;49;49;49m██[38;2;0;0;0m          
[38;2;0;0;0m      [38;2;49;49;49m████[38;2;197;74;106m██[38;2;82;82;82m██[38;2;49;49;49m████[38;2;82;82;82m██[38;2;49;49;49m██[38;2;0;0;0m    [38;2;49;49;49m████[38;2;0;0;0m          
[38;2;0;0;0m          [38;2;49;49;49m████[38;2;0;0;0m    [38;2;49;49;49m████[38;2;0;0;0m                  
[38;2;0;0;0m                                        [0m
