
[38;2;0;0;0m                                      
[38;2;0;0;0m                ██                    
[38;2;0;0;0m              ██[38;2;248;248;248m██[38;2;0;0;0m██                  
[38;2;0;0;0m            ██[38;2;248;248;248m████[38;2;0;0;0m██      ██          
[38;2;0;0;0m            ██[38;2;248;248;248m██[38;2;0;0;0m██      ██[38;2;248;248;248m██[38;2;0;0;0m██        
[38;2;0;0;0m          ██[38;2;248;248;248m██[38;2;0;0;0m██      ██[38;2;248;248;248m████[38;2;0;0;0m██        
[38;2;0;0;0m          ██[38;2;248;248;248m██[38;2;0;0;0m████    ██[38;2;248;248;248m██[38;2;0;0;0m██          
[38;2;0;0;0m          ██[38;2;248;248;248m██[38;2;64;64;64m██[38;2;136;128;216m██[38;2;0;0;0m████[38;2;248;248;248m██[38;2;64;64;64m██[38;2;0;0;0m████        
[38;2;0;0;0m        ██[38;2;248;248;248m██[38;2;64;64;64m██[38;2;104;96;168m██[38;2;136;128;216m██[38;2;64;64;64m██[38;2;248;248;248m██[38;2;64;64;64m██[38;2;104;96;168m██[38;2;136;128;216m██[38;2;0;0;0m██        
[38;2;0;0;0m        ██[38;2;248;248;248m██[38;2;64;64;64m██[38;2;136;128;216m████[38;2;248;248;248m██[38;2;64;64;64m██[38;2;136;128;216m████[38;2;0;0;0m██          
[38;2;0;0;0m        ██[38;2;248;248;248m██[38;2;64;64;64m██[38;2;136;128;216m██[38;2;248;248;248m██[38;2;64;64;64m██[38;2;136;128;216m████[38;2;104;96;168m██[38;2;0;0;0m██          
[38;2;0;0;0m        ██[38;2;248;248;248m██[38;2;64;64;64m██[38;2;136;128;216m██[38;2;248;248;248m██[38;2;64;64;64m██[38;2;136;128;216m████[38;2;104;96;168m██[38;2;136;128;216m██[38;2;0;0;0m██        
[38;2;0;0;0m      ██[38;2;200;80;112m██[38;2;248;248;248m██[38;2;64;64;64m██[38;2;248;248;248m██[38;2;64;64;64m██[38;2;136;128;216m████[38;2;104;96;168m██[38;2;136;128;216m██████[38;2;0;0;0m██      
[38;2;0;0;0m    ██[38;2;200;80;112m██[38;2;240;120;136m██[38;2;104;96;168m██[38;2;136;128;216m██[38;2;248;248;248m██[38;2;64;64;64m██[38;2;136;128;216m████████████[38;2;0;0;0m██      
[38;2;0;0;0m    ██[38;2;240;120;136m██[38;2;104;96;168m██[38;2;136;128;216m██████[38;2;104;96;168m████[38;2;136;128;216m████████████[38;2;0;0;0m██    
[38;2;0;0;0m  ██[38;2;104;96;168m██[38;2;200;80;112m██[38;2;104;96;168m████[38;2;136;128;216m██[38;2;104;96;168m██[38;2;240;120;136m██[38;2;200;80;112m██[38;2;72;64;128m██[38;2;136;128;216m████████████[38;2;0;0;0m██  
[38;2;0;0;0m  ██[38;2;104;96;168m██[38;2;64;64;64m██[38;2;240;152;152m██[38;2;200;80;112m██[38;2;72;64;128m██[38;2;240;120;136m██[38;2;200;80;112m██[38;2;240;120;136m██[38;2;200;80;112m██[38;2;72;64;128m██[38;2;136;128;216m████████[38;2;0;0;0m██    
[38;2;0;0;0m  ██[38;2;104;96;168m██[38;2;248;248;248m██[38;2;240;120;136m██[38;2;240;152;152m██[38;2;72;64;128m██[38;2;200;80;112m██[38;2;240;120;136m██[38;2;160;72;96m██[38;2;200;80;112m██[38;2;72;64;128m██[38;2;136;128;216m████████[38;2;0;0;0m██    
[38;2;0;0;0m    ██[38;2;104;96;168m██[38;2;72;64;128m██[38;2;248;248;248m██[38;2;64;64;64m██[38;2;200;80;112m██[38;2;160;72;96m██[38;2;200;80;112m██[38;2;160;72;96m██[38;2;72;64;128m██[38;2;136;128;216m████[38;2;104;96;168m██[38;2;136;128;216m██[38;2;104;96;168m██[38;2;0;0;0m██  
[38;2;0;0;0m    ██[38;2;184;160;88m██[38;2;104;96;168m██[38;2;64;64;64m████[38;2;72;64;128m██[38;2;200;80;112m████[38;2;64;64;64m██[38;2;104;96;168m████[38;2;136;128;216m██[38;2;104;96;168m██████[38;2;0;0;0m██  
[38;2;0;0;0m      ██[38;2;104;96;168m████████[38;2;72;64;128m████[38;2;104;96;168m████████████[38;2;0;0;0m██    
[38;2;0;0;0m      ██[38;2;64;64;64m██[38;2;104;96;168m██[38;2;72;64;128m██[38;2;224;216;144m██[38;2;184;160;88m██[38;2;72;64;128m██[38;2;104;96;168m████████[38;2;72;64;128m██[38;2;104;96;168m██[38;2;0;0;0m██    
[38;2;0;0;0m        ██[38;2;64;64;64m██[38;2;104;96;168m██[38;2;72;64;128m██[38;2;224;216;144m████[38;2;104;96;168m██[38;2;72;64;128m██[38;2;104;96;168m████[38;2;72;64;128m██[38;2;0;0;0m██      
[38;2;0;0;0m      ██[38;2;184;160;88m████[38;2;64;64;64m██[38;2;104;96;168m████████[38;2;72;64;128m██[38;2;104;96;168m██[38;2;0;0;0m████        
[38;2;0;0;0m        ████████[38;2;104;96;168m████[38;2;72;64;128m██[38;2;184;160;88m██[38;2;0;0;0m██            
[38;2;0;0;0m                ██[38;2;224;216;144m██[38;2;184;160;88m██[38;2;224;216;144m██[38;2;0;0;0m██            
[38;2;0;0;0m                  ██████              
[38;2;0;0;0m                                      [0m
