
[38;2;0;0;0m                                                                                          
[38;2;0;0;0m                                      ██████████                                          
[38;2;0;0;0m                                  ████[38;2;255;123;143m██[38;2;255;231;223m██[38;2;255;206;207m██[38;2;195;158;160m██[38;2;247;132;151m██[38;2;0;16;8m██[38;2;0;0;0m                                        
[38;2;0;0;0m                          ████████[38;2;170;77;95m██[38;2;255;115;143m██[38;2;255;123;143m████[38;2;74;61;66m████[38;2;82;55;56m████[38;2;0;0;0m██      ████████                        
[38;2;0;0;0m                        ██[38;2;255;123;143m████[38;2;255;231;223m██[38;2;255;123;143m██[38;2;255;127;143m██[38;2;189;61;93m██[38;2;255;165;119m██[38;2;66;66;66m██[38;2;255;206;87m██[38;2;140;109;62m██[38;2;255;206;87m██[38;2;134;113;68m██[38;2;255;214;95m██[38;2;8;0;0m██[38;2;0;4;8m████[38;2;255;123;143m████[38;2;255;231;223m██[38;2;255;123;143m██[38;2;0;0;0m██████                  
[38;2;0;0;0m                    ████[38;2;255;127;143m██[38;2;255;123;143m██[38;2;255;231;223m██████[38;2;255;127;143m████[38;2;66;66;66m██[38;2;255;165;119m██[38;2;140;109;62m██[38;2;82;61;50m██[38;2;74;66;58m████[38;2;131;107;47m██[38;2;255;214;95m██[38;2;82;47;56m██[38;2;247;132;151m██[38;2;255;123;143m██[38;2;255;231;223m██████[38;2;255;127;143m██████[38;2;0;0;0m██                
[38;2;0;0;0m                  ██[38;2;255;127;143m██[38;2;255;231;223m██[38;2;255;123;143m██[38;2;255;127;143m██████[38;2;189;61;93m██████[38;2;66;66;66m██[38;2;255;165;119m██[38;2;148;107;56m██[38;2;247;214;95m██[38;2;148;107;56m██[38;2;247;214;95m██[38;2;134;109;68m██[38;2;255;206;87m██[38;2;74;53;66m██[38;2;164;86;104m██[38;2;189;61;93m██[38;2;255;127;143m██████[38;2;255;126;143m████[38;2;255;231;223m████[38;2;0;0;0m██              
[38;2;0;0;0m                    ██[38;2;255;123;143m████[38;2;189;61;93m██████[38;2;255;127;143m██████[38;2;255;165;119m██[38;2;66;66;66m██[38;2;247;214;95m████████[38;2;255;206;87m██[38;2;74;61;58m██[38;2;255;119;143m████[38;2;255;127;143m██[38;2;189;61;93m██████[38;2;255;126;143m████[38;2;255;123;143m████[38;2;255;127;143m██[38;2;0;0;0m██            
[38;2;0;0;0m                      [38;2;8;0;0m██[38;2;173;79;95m██[38;2;255;126;143m████████[38;2;255;123;143m████[38;2;255;127;143m████[38;2;66;66;66m████████[38;2;74;53;66m██[38;2;164;86;104m██[38;2;255;127;143m████[38;2;255;126;143m████[38;2;255;123;143m████[38;2;198;57;94m████[38;2;255;115;143m██[38;2;0;0;0m████              
[38;2;0;0;0m                    ██[38;2;255;119;143m████[38;2;255;126;143m████████[38;2;255;231;223m████[38;2;255;127;143m██[38;2;66;66;66m██████[38;2;255;127;143m████[38;2;255;119;143m████[38;2;189;61;93m████[38;2;255;126;143m████[38;2;255;123;143m██[38;2;255;231;223m██[38;2;255;222;215m██[38;2;226;139;154m██[38;2;170;77;95m██[38;2;0;0;0m██                
[38;2;0;0;0m                ████[38;2;255;127;143m██[38;2;255;123;143m██[38;2;255;231;223m████[38;2;255;123;143m████[38;2;255;231;223m████[38;2;0;0;0m██████[38;2;148;103;56m██[38;2;66;66;66m██[38;2;197;148;157m██[38;2;255;198;207m██[38;2;255;231;223m██[38;2;255;123;143m██[38;2;255;126;143m████[38;2;192;84;104m████[38;2;255;127;143m████[38;2;255;126;143m████[38;2;255;123;143m████[38;2;0;0;0m██              
[38;2;0;0;0m              ██[38;2;255;127;143m██████[38;2;255;231;223m██████[38;2;255;123;143m██████[38;2;0;0;0m██    ██[38;2;148;103;56m████[38;2;82;49;58m██[38;2;197;148;157m██[38;2;255;123;143m████[38;2;255;126;143m████[38;2;255;99;127m██[38;2;66;53;58m██[38;2;66;66;66m██[38;2;255;127;143m██[38;2;255;126;143m████[38;2;255;231;223m██████[38;2;0;0;0m██            
[38;2;0;0;0m                ██[38;2;255;127;143m████[38;2;255;126;143m████████[38;2;255;127;143m██[38;2;0;0;0m██    ██[38;2;159;126;63m██[38;2;148;105;55m██[38;2;165;148;69m██[38;2;66;66;66m██[38;2;255;127;143m██[38;2;255;126;143m████[38;2;255;123;143m██[38;2;255;231;223m██████[38;2;66;66;66m████[38;2;66;82;74m██[38;2;255;127;143m██[38;2;255;231;223m████[38;2;255;127;143m████[38;2;0;0;0m██          
[38;2;0;0;0m                  ████[38;2;255;126;143m████████[38;2;0;0;0m██      ██[38;2;159;126;63m██[38;2;165;148;69m██[38;2;148;105;55m██[38;2;66;66;66m██[38;2;255;127;143m██[38;2;255;126;143m████[38;2;255;123;143m████[38;2;255;231;223m████[38;2;255;127;143m██[38;2;66;66;66m██[38;2;66;82;74m████[38;2;255;123;143m████[38;2;255;127;143m██[38;2;0;0;0m██            
[38;2;0;0;0m                      [38;2;8;0;0m██[38;2;47;77;55m██[38;2;255;127;143m██[38;2;66;82;74m██[38;2;61;115;81m██[38;2;0;0;0m██████[38;2;66;66;66m██[38;2;148;103;56m██[38;2;148;105;55m████[38;2;137;115;63m██[38;2;66;66;66m██[38;2;255;123;143m██[38;2;255;231;223m████[38;2;255;123;143m██[38;2;255;126;143m████████[38;2;66;66;66m██[38;2;63;115;82m██[38;2;66;66;66m████[38;2;0;0;0m██              
[38;2;0;0;0m                  ████[38;2;66;115;82m████[38;2;66;82;74m████[38;2;61;115;81m████████[38;2;66;66;66m████[38;2;165;148;69m██[38;2;148;105;55m██[38;2;173;140;61m██[38;2;66;66;66m██[38;2;255;123;143m██[38;2;255;231;223m██████[38;2;255;126;143m████████[38;2;66;66;66m██[38;2;63;115;82m██████[38;2;61;115;81m██[38;2;0;0;0m██            
[38;2;0;0;0m              ████[38;2;63;115;82m████████████[38;2;66;66;66m██████[38;2;70;111;86m██[38;2;63;115;82m██[38;2;66;66;66m██[38;2;145;114;60m██[38;2;181;140;61m██[38;2;148;103;56m██[38;2;66;66;66m██[38;2;197;148;157m██[38;2;255;198;207m████[38;2;197;148;157m██[38;2;255;127;143m████[38;2;247;140;151m██[38;2;57;82;73m██[38;2;66;115;82m████[38;2;0;0;0m██████              
[38;2;0;0;0m            ██[38;2;61;115;81m████[38;2;66;66;66m████[38;2;63;115;82m██[38;2;66;66;66m██████[38;2;78;152;106m████[38;2;74;156;106m██[38;2;66;66;66m██████[38;2;74;61;58m██[38;2;145;114;60m██[38;2;148;103;56m████[38;2;82;49;58m██[38;2;197;148;157m████[38;2;82;49;58m██[38;2;255;127;143m██[38;2;66;66;66m██[38;2;57;82;73m██[38;2;120;101;99m██[38;2;47;77;55m██[38;2;8;0;0m██[38;2;0;0;0m                    
[38;2;0;0;0m              ██[38;2;66;66;66m██[38;2;82;140;170m████[38;2;57;70;73m██[38;2;123;222;123m██[38;2;123;214;115m████[38;2;132;214;116m██[38;2;66;115;82m██[38;2;66;119;82m████[38;2;78;152;106m██[38;2;66;66;66m████████████████[38;2;78;152;106m██[38;2;66;70;66m██[38;2;71;113;87m██[38;2;82;148;106m████[38;2;132;214;116m████[38;2;0;0;0m██████              
[38;2;0;0;0m                ██[38;2;66;66;66m████[38;2;90;146;98m████[38;2;79;151;98m██[38;2;57;119;89m██[38;2;66;115;82m██[38;2;132;214;116m██[38;2;123;214;115m██[38;2;85;151;93m██[38;2;78;152;106m██████[38;2;66;66;66m██████[38;2;78;152;106m████████[38;2;77;155;109m████[38;2;66;114;82m████[38;2;66;115;82m████[38;2;132;214;116m██████[38;2;0;0;0m██            
[38;2;0;0;0m              [38;2;8;0;16m██[38;2;132;222;132m██[38;2;126;214;113m████[38;2;132;214;116m██[38;2;66;115;82m████[38;2;132;214;116m██████[38;2;129;214;115m████[38;2;66;119;82m██[38;2;85;151;93m██[38;2;78;152;106m████[38;2;66;66;66m██[38;2;78;152;106m██[38;2;82;148;106m████[38;2;66;114;82m██[38;2;82;148;106m████[38;2;126;214;113m██[38;2;123;214;115m██[38;2;79;151;98m██[38;2;129;214;115m████[38;2;66;115;82m████[38;2;123;214;115m████[38;2;0;0;0m████        
[38;2;0;0;0m            ██[38;2;49;74;55m██[38;2;91;148;93m██[38;2;82;148;106m████[38;2;66;115;82m██[38;2;132;214;116m████████[38;2;66;115;82m██[38;2;129;214;115m████[38;2;123;214;115m██[38;2;66;119;82m██[38;2;78;152;106m██[38;2;66;66;66m██████[38;2;82;148;106m██[38;2;66;114;82m██[38;2;82;148;106m████[38;2;126;214;113m████[38;2;57;119;89m██[38;2;123;214;115m██[38;2;129;214;115m████[38;2;132;214;116m████[38;2;57;119;89m██[38;2;79;151;98m██[38;2;132;214;116m████[38;2;0;0;0m██      
[38;2;0;0;0m          [38;2;8;0;8m██[38;2;49;71;44m██[38;2;129;214;115m████[38;2;132;214;116m██[38;2;66;115;82m██[38;2;129;214;115m████████[38;2;126;214;113m████[38;2;66;115;82m██[38;2;132;214;116m██[38;2;123;214;155m██[38;2;66;66;66m████[38;2;123;206;187m██████[38;2;66;66;66m████[38;2;66;61;74m██[38;2;115;206;147m██[38;2;123;214;115m██[38;2;79;115;82m██[38;2;132;214;116m████[38;2;126;214;113m██[38;2;82;148;106m██[38;2;129;214;115m████[38;2;132;214;116m████[38;2;129;214;115m████[38;2;132;214;116m██[38;2;0;0;0m██    
[38;2;0;0;0m        ██[38;2;132;214;116m████[38;2;129;214;115m████[38;2;132;214;116m████[38;2;129;214;115m████████[38;2;82;148;106m██[38;2;126;214;113m██[38;2;132;214;116m██[38;2;66;115;82m██[38;2;66;66;66m██[38;2;123;214;155m██[38;2;123;206;187m████[38;2;156;66;68m████[38;2;255;127;143m██[38;2;66;66;66m██[38;2;99;158;123m██[38;2;66;61;74m██[38;2;57;66;65m████[38;2;66;66;66m██[38;2;132;214;116m██[38;2;82;148;106m██[38;2;126;214;113m██[38;2;129;214;115m████[38;2;66;115;82m██[38;2;132;214;116m██[38;2;129;214;115m████[38;2;132;214;116m██[38;2;0;0;0m██    
[38;2;0;0;0m        ██[38;2;63;115;82m████[38;2;82;148;106m██[38;2;126;214;113m██[38;2;132;214;116m██████[38;2;66;115;82m██[38;2;132;214;116m████[38;2;123;222;123m██[38;2;94;146;94m██[38;2;66;66;66m████[38;2;123;206;190m████[38;2;132;206;196m██[38;2;206;70;86m██[38;2;255;126;143m████[38;2;247;140;167m██[38;2;57;82;81m██[38;2;85;141;170m████████[38;2;82;140;170m██[38;2;66;66;66m██[38;2;66;61;74m██[38;2;115;206;147m██[38;2;123;214;115m██[38;2;74;115;82m██[38;2;129;214;115m████[38;2;82;148;106m██[38;2;126;214;113m██[38;2;74;115;82m██[38;2;123;214;115m██[38;2;0;0;0m██  
[38;2;0;0;0m      ██[38;2;123;206;187m██[38;2;66;66;66m████[38;2;126;214;113m████[38;2;132;214;116m██[38;2;66;115;82m██[38;2;132;214;116m████[38;2;66;115;82m██[38;2;132;214;116m██[38;2;66;70;66m████[38;2;123;206;187m████[38;2;123;206;190m████[38;2;132;206;196m██[38;2;181;115;123m██[38;2;255;126;143m████[38;2;57;82;81m██[38;2;120;101;110m██[38;2;85;141;170m████████[38;2;82;140;170m████[38;2;99;158;123m██[38;2;66;61;74m██[38;2;49;66;65m██[38;2;74;115;82m██[38;2;129;214;115m████[38;2;82;148;106m██[38;2;126;214;113m██[38;2;74;115;82m██[38;2;49;66;65m██[38;2;0;0;0m██  
[38;2;0;0;0m      ██[38;2;123;206;187m████[38;2;66;66;66m██[38;2;132;214;116m████[38;2;66;66;66m████[38;2;132;214;116m████[38;2;66;66;66m████[38;2;123;206;190m████████████[38;2;121;206;193m██[38;2;82;140;170m██[38;2;101;124;131m██[38;2;222;173;182m██[38;2;66;66;66m██[38;2;82;140;170m██[38;2;85;141;170m████████████[38;2;82;140;170m██[38;2;121;206;193m██[38;2;96;158;154m██[38;2;57;61;73m██[38;2;66;66;66m████[38;2;55;71;52m██[38;2;132;214;124m██[38;2;61;115;81m██[38;2;0;0;0m██    
[38;2;0;0;0m    ██[38;2;123;206;187m████████[38;2;66;66;66m████[38;2;123;206;187m████[38;2;66;66;66m████[38;2;123;206;187m████[38;2;123;206;190m████████████[38;2;121;206;193m████[38;2;162;148;156m██[38;2;41;99;105m██[38;2;82;140;170m████[38;2;85;141;170m████████████[38;2;121;206;193m████[38;2;115;206;195m████[38;2;82;140;170m████[38;2;55;71;52m██[38;2;16;0;16m██[38;2;0;0;0m██      
[38;2;0;0;0m  ██[38;2;66;66;66m██[38;2;123;206;190m████████████████████[38;2;121;206;193m████[38;2;82;140;170m████[38;2;123;206;190m████████████[38;2;121;206;193m██[38;2;82;140;170m██[38;2;85;143;170m████[38;2;123;206;190m████[38;2;85;143;170m████[38;2;82;140;170m████[38;2;123;206;187m████[38;2;121;206;193m████[38;2;85;141;170m████[38;2;82;140;170m██[38;2;0;0;0m██        
[38;2;0;0;0m  ██[38;2;66;66;66m██[38;2;123;206;190m████████████████████[38;2;121;206;193m██[38;2;82;140;170m██[38;2;121;206;193m████[38;2;123;206;190m████████████[38;2;121;206;193m████[38;2;85;143;170m██[38;2;123;206;187m██[38;2;123;206;190m████[38;2;123;206;187m██[38;2;85;143;170m██[38;2;66;66;66m██[38;2;82;140;170m██[38;2;57;85;110m██[38;2;123;206;187m██[38;2;121;206;193m██[38;2;82;140;170m██[38;2;85;141;170m████[38;2;82;140;170m██[38;2;0;0;0m██        
[38;2;0;0;0m  ██[38;2;57;86;109m██[38;2;66;66;66m██[38;2;123;206;187m██[38;2;123;206;190m████████████████[38;2;82;140;170m██[38;2;121;206;193m██[38;2;123;206;187m████[38;2;154;170;170m██[38;2;77;85;85m██[38;2;41;74;81m██[38;2;162;195;196m██[38;2;123;206;190m████[38;2;121;206;193m████[38;2;96;158;154m██[38;2;115;206;195m██[38;2;123;206;190m████[38;2;121;206;193m████[38;2;66;66;66m██[38;2;82;140;170m██[38;2;57;86;113m██[38;2;86;142;170m██[38;2;85;141;170m████[38;2;85;143;170m██[38;2;123;206;187m██[38;2;55;93;113m██[38;2;0;0;0m██        
[38;2;0;0;0m  ██[38;2;57;86;109m██[38;2;66;66;66m██[38;2;123;206;187m██[38;2;123;206;190m████████████████[38;2;82;140;170m██[38;2;121;206;193m██[38;2;123;206;187m██[38;2;66;66;66m██[38;2;0;0;0m██[38;2;231;255;255m██[38;2;222;255;254m██[38;2;101;134;139m██[38;2;123;206;190m████[38;2;121;206;193m██[38;2;82;140;170m██[38;2;57;61;73m██[38;2;115;206;195m██[38;2;123;206;190m████[38;2;121;206;193m██[38;2;82;140;170m████[38;2;66;66;66m██[38;2;57;86;113m██[38;2;86;142;170m██[38;2;85;141;170m████[38;2;85;143;170m████[38;2;82;140;170m██[38;2;0;0;0m██        
[38;2;0;0;0m  ██[38;2;57;86;109m██[38;2;66;66;66m██[38;2;156;198;196m██[38;2;123;206;190m████████████████[38;2;123;206;187m████[38;2;90;37;50m██[38;2;145;107;118m██[38;2;255;123;143m██[38;2;255;255;255m████[38;2;85;142;170m██[38;2;123;206;187m██[38;2;85;143;170m██[38;2;82;140;170m████[38;2;66;66;66m██[38;2;82;140;170m██[38;2;121;206;193m████[38;2;85;143;170m████[38;2;90;140;170m██[38;2;41;52;57m██[38;2;0;0;0m██[38;2;82;140;170m██[38;2;112;140;158m██[38;2;49;86;113m██[38;2;112;140;158m██[38;2;49;86;113m██[38;2;0;0;0m██          
[38;2;0;0;0m    ██[38;2;156;198;196m██[38;2;66;66;66m██[38;2;123;206;190m████████████████[38;2;123;206;187m██[38;2;66;66;66m██[38;2;255;247;255m████[38;2;255;255;255m████[38;2;85;142;170m████[38;2;85;143;170m████[38;2;82;140;170m██[38;2;66;66;66m██[38;2;82;140;170m████████[38;2;85;143;170m██[38;2;123;206;187m██[38;2;65;96;113m██[38;2;16;8;0m██[38;2;0;0;0m  ██[38;2;49;86;113m██[38;2;176;193;202m██[38;2;49;86;113m██[38;2;176;193;202m██[38;2;0;0;0m██          
[38;2;0;0;0m      ████[38;2;123;206;187m████████[38;2;123;206;190m████[38;2;121;206;193m████████[38;2;85;141;170m████[38;2;86;142;170m████████[38;2;82;140;170m████[38;2;66;90;106m██[38;2;44;60;71m██[38;2;85;141;170m████[38;2;85;143;170m████[38;2;86;142;170m████[38;2;82;140;170m██[38;2;0;0;0m██    ████████            
[38;2;0;0;0m          ██[38;2;123;206;187m████[38;2;57;85;110m██[38;2;123;206;190m████[38;2;121;206;193m██[38;2;82;140;170m██████[38;2;85;141;170m████[38;2;86;142;170m██[38;2;57;86;113m██████[38;2;55;93;113m██[38;2;0;0;0m██████[38;2;85;141;170m████[38;2;85;143;170m██[38;2;123;206;187m██[38;2;57;86;113m██[38;2;86;142;170m██[38;2;82;140;170m██[38;2;0;0;0m██                        
[38;2;0;0;0m            ████[38;2;82;140;170m██████████[38;2;49;123;153m██[38;2;79;101;122m██[38;2;57;85;113m████[38;2;103;90;95m████[38;2;189;189;197m██[38;2;0;0;0m████    ██[38;2;86;142;170m████████[38;2;85;141;170m████[38;2;0;0;0m██                          
[38;2;0;0;0m                ████████[38;2;55;93;113m██[38;2;79;101;122m██[38;2;140;57;60m██[38;2;156;66;68m████[38;2;198;181;190m██[38;2;8;0;0m██[38;2;0;0;0m██      ██[38;2;189;189;197m██[38;2;57;86;113m██[38;2;86;142;170m████[38;2;57;86;113m██[38;2;85;141;170m████[38;2;0;0;0m██                          
[38;2;0;0;0m                        ████████████          ████[38;2;247;255;255m██[38;2;82;85;90m████[38;2;247;255;255m██[38;2;57;86;109m██[38;2;0;0;0m██                            
[38;2;0;0;0m                                                  [38;2;0;0;8m████████[38;2;0;0;0m██                              
[38;2;0;0;0m                                                                                          [0m
