
[38;2;0;0;0m                                                                              
[38;2;0;0;0m                          ██                                                  
[38;2;0;0;0m                        ██[38;2;74;123;162m██[38;2;0;0;0m██                                                
[38;2;0;0;0m                        ██[38;2;74;123;162m██[38;2;0;0;0m██                                                
[38;2;0;0;0m                      ██[38;2;74;123;162m████[38;2;0;0;0m██                                                
[38;2;0;0;0m                      [38;2;0;8;16m██[38;2;77;113;146m██[38;2;74;126;165m████[38;2;0;0;0m██                                ██████        
[38;2;0;0;0m                    ██[38;2;115;165;211m██[38;2;77;113;146m██[38;2;74;126;165m████[38;2;0;0;0m██      ██████████            ████[38;2;74;123;162m██[38;2;78;90;106m██[38;2;0;0;0m██        
[38;2;0;0;0m                    ██[38;2;118;152;190m██[38;2;87;115;159m██[38;2;74;123;166m████[38;2;63;71;74m██[38;2;0;0;0m██████[38;2;231;247;255m██[38;2;189;214;221m██[38;2;231;247;255m██[38;2;189;214;221m██[38;2;231;247;255m██[38;2;0;0;0m██████  ████[38;2;74;123;162m████[38;2;79;90;103m██[38;2;0;0;0m██          
[38;2;0;0;0m                  ██[38;2;66;66;66m██[38;2;118;152;190m██[38;2;57;78;129m██[38;2;74;82;114m████[38;2;63;71;74m██[38;2;189;214;221m██[38;2;231;247;255m████[38;2;189;214;221m██[38;2;231;247;255m████[38;2;189;214;221m██[38;2;231;247;255m████[38;2;231;239;247m██[38;2;77;80;82m██[38;2;0;0;0m██[38;2;74;123;162m██████[38;2;79;90;103m████[38;2;0;0;0m██          
[38;2;0;0;0m              ████[38;2;231;247;255m██[38;2;66;66;66m██[38;2;123;148;187m██[38;2;85;90;106m██[38;2;80;91;104m██[38;2;66;66;66m██[38;2;231;247;255m████[38;2;181;193;192m██[38;2;239;255;255m██[38;2;181;193;192m██[38;2;239;255;255m██[38;2;187;207;216m██[38;2;231;247;255m██████[38;2;66;66;66m██[38;2;74;123;162m██[38;2;74;126;165m████[38;2;74;123;162m██[38;2;79;90;103m██[38;2;78;90;106m██[38;2;0;0;0m██            
[38;2;0;0;0m            ██[38;2;231;247;255m████████[38;2;66;61;66m██[38;2;85;90;106m██[38;2;80;91;104m██[38;2;66;66;66m██[38;2;189;214;221m██[38;2;231;247;255m██[38;2;66;70;66m████████[38;2;231;247;255m██[38;2;143;167;178m██[38;2;148;158;164m██[38;2;66;70;74m██[38;2;74;123;162m████[38;2;74;126;165m████[38;2;79;90;103m████[38;2;78;90;106m██[38;2;0;0;0m██            
[38;2;0;0;0m              ██████████[38;2;78;90;106m██[38;2;66;66;66m████████[38;2;123;148;187m████[38;2;79;90;103m████[38;2;66;66;66m██[38;2;140;165;180m██[38;2;143;165;175m██[38;2;66;66;66m██[38;2;79;90;103m██[38;2;74;123;162m██[38;2;74;125;165m██[38;2;74;85;111m██[38;2;79;91;103m████[38;2;66;70;66m██[38;2;239;255;255m██[38;2;0;0;0m██          
[38;2;0;0;0m                        ██[38;2;66;66;66m██[38;2;80;91;104m██[38;2;121;154;190m████[38;2;79;90;106m████[38;2;74;123;162m████[38;2;91;99;104m██[38;2;66;66;66m██[38;2;143;165;175m██[38;2;66;66;66m██[38;2;79;90;103m████[38;2;74;85;111m████[38;2;79;91;103m████[38;2;66;70;66m██[38;2;181;193;192m██[38;2;189;214;221m██[38;2;0;0;0m██        
[38;2;0;0;0m                      [38;2;8;0;0m██[38;2;85;126;157m██[38;2;93;120;149m██[38;2;74;90;106m██[38;2;79;90;103m████[38;2;74;123;162m████[38;2;74;126;165m████[38;2;79;90;103m██[38;2;74;123;162m██[38;2;57;66;65m██[38;2;123;156;187m██[38;2;66;66;66m██[38;2;80;91;104m██[38;2;80;90;104m██[38;2;66;74;122m██[38;2;91;99;104m██[38;2;66;66;66m██[38;2;231;247;255m████████[38;2;0;0;0m██      
[38;2;0;0;0m                      [38;2;8;0;0m██[38;2;46;63;78m██[38;2;74;90;106m██[38;2;113;151;193m██[38;2;79;90;103m██[38;2;74;123;162m██[38;2;66;66;66m████[38;2;74;126;165m████[38;2;79;90;103m██[38;2;74;123;162m██[38;2;101;126;146m██[38;2;57;66;65m██[38;2;66;66;66m██[38;2;80;91;104m██[38;2;80;90;104m██[38;2;66;74;122m██[38;2;66;66;66m██[38;2;140;165;180m██[38;2;140;164;176m██[38;2;231;247;255m██[38;2;189;214;221m████[38;2;0;0;0m██      
[38;2;0;0;0m            ██████[38;2;8;0;0m████[38;2;66;66;66m██[38;2;121;154;190m██[38;2;113;151;193m██[38;2;74;90;106m██[38;2;74;126;165m████████[38;2;66;66;66m██[38;2;74;123;162m██[38;2;82;90;106m██[38;2;74;123;166m██[38;2;74;123;162m████[38;2;66;66;66m██[38;2;80;91;104m██[38;2;66;66;66m████[38;2;140;165;180m████[38;2;139;164;175m██[38;2;189;214;221m██[38;2;231;247;255m████[38;2;206;231;238m██[38;2;0;0;0m██    
[38;2;0;0;0m          ██[38;2;189;189;69m██[38;2;74;123;162m████[38;2;85;126;157m██[38;2;46;63;78m██[38;2;121;154;190m████[38;2;74;90;106m██[38;2;93;120;149m██[38;2;74;126;165m████████[38;2;74;123;162m██[38;2;66;66;66m██[38;2;74;123;166m████[38;2;79;90;103m████[38;2;66;66;66m████[38;2;80;91;104m████[38;2;0;0;0m██[38;2;140;165;180m██[38;2;189;214;221m████████[38;2;206;231;238m██[38;2;0;0;0m██    
[38;2;0;0;0m            ██[38;2;189;189;69m████[38;2;98;110;90m██[38;2;57;70;89m██[38;2;57;66;73m██[38;2;148;160;164m██[38;2;82;90;106m██[38;2;74;123;166m██[38;2;74;126;165m████[38;2;74;123;162m██████[38;2;66;66;66m████[38;2;69;86;98m██[38;2;80;91;104m████[38;2;66;66;66m██[38;2;94;99;94m██[38;2;189;189;69m██[38;2;0;0;0m██  ██████[38;2;231;247;255m████[38;2;228;247;255m████[38;2;0;0;0m██  
[38;2;0;0;0m              ██[38;2;189;189;69m██[38;2;181;189;93m██[38;2;57;70;89m██[38;2;239;255;255m██[38;2;57;66;73m██[38;2;74;123;166m████[38;2;74;126;165m████[38;2;66;66;66m██████[38;2;74;123;162m██[38;2;74;127;162m██[38;2;66;66;66m████[38;2;80;91;104m██[38;2;66;66;66m████[38;2;189;189;69m██[38;2;0;0;0m██        ████[38;2;228;247;255m████[38;2;0;0;0m██  
[38;2;0;0;0m                ██[38;2;255;239;71m██[38;2;74;94;114m██[38;2;255;189;95m██[38;2;192;148;83m██[38;2;66;66;66m████[38;2;66;61;66m████[38;2;255;255;207m██[38;2;197;195;152m██[38;2;74;115;146m████[38;2;74;123;162m██████[38;2;66;66;66m██[38;2;74;70;66m██[38;2;77;89;98m██[38;2;66;66;66m████[38;2;0;0;0m██          ██████  
[38;2;0;0;0m                ██[38;2;255;239;71m██[38;2;74;94;114m██[38;2;66;66;58m██[38;2;255;189;95m██[38;2;192;137;80m██[38;2;255;173;87m██[38;2;187;163;91m██[38;2;247;214;103m██[38;2;197;195;152m██[38;2;82;74;42m██[38;2;74;115;146m██[38;2;255;239;71m██[38;2;255;231;55m██[38;2;195;195;91m██[38;2;74;123;162m████[38;2;82;127;162m██[38;2;74;70;66m██[38;2;94;99;94m██████[38;2;0;0;0m██                
[38;2;0;0;0m              ██[38;2;255;239;71m██[38;2;74;126;165m████[38;2;74;123;162m██[38;2;0;0;0m██[38;2;170;123;69m██[38;2;255;181;95m██[38;2;255;165;87m██[38;2;66;86;98m██[38;2;74;79;87m████[38;2;189;187;66m████[38;2;255;239;71m████████████[38;2;66;66;66m████[38;2;94;99;94m██[38;2;0;0;0m██                
[38;2;0;0;0m            ██[38;2;255;239;71m████[38;2;74;126;165m████[38;2;0;0;0m██  [38;2;0;8;16m██[38;2;85;66;42m██[38;2;66;86;98m████[38;2;189;189;69m████[38;2;189;187;66m████[38;2;0;0;0m████[38;2;66;66;66m████[38;2;85;80;34m██[38;2;0;0;16m██[38;2;66;66;66m██[38;2;198;198;190m██[38;2;0;0;0m██                  
[38;2;0;0;0m            ██[38;2;255;255;111m██[38;2;85;104;96m██[38;2;0;0;0m████  ██[38;2;74;126;165m████[38;2;74;123;162m██[38;2;189;189;69m████[38;2;0;0;0m██████    ██[38;2;94;99;94m██[38;2;0;0;0m██  ██[38;2;198;198;190m██[38;2;0;0;0m██                  
[38;2;0;0;0m          ██[38;2;255;239;71m██[38;2;85;104;96m██[38;2;0;28;88m██[38;2;0;0;0m      ██[38;2;74;126;165m████[38;2;189;189;69m████[38;2;0;0;0m██        ██[38;2;94;99;94m████[38;2;0;0;0m██    ██                    
[38;2;0;0;0m        ██[38;2;255;255;111m██[38;2;85;104;96m██[38;2;0;0;0m████  ████[38;2;74;123;162m████[38;2;189;189;69m████[38;2;0;0;0m██        ██[38;2;66;66;63m████[38;2;0;0;0m██                            
[38;2;0;0;0m      ██[38;2;255;239;71m██[38;2;85;104;96m██[38;2;0;28;88m██[38;2;0;0;0m      ██[38;2;74;123;162m████[38;2;189;189;69m████[38;2;0;0;0m██        ██[38;2;198;198;190m██[38;2;66;66;63m██[38;2;198;198;190m██[38;2;0;0;0m██                            
[38;2;0;0;0m    ██[38;2;255;255;111m██[38;2;85;104;96m██[38;2;0;0;0m████  ██[38;2;0;0;40m██[38;2;104;126;107m██[38;2;189;189;69m████[38;2;0;0;0m████            ████[38;2;198;198;190m██[38;2;0;0;0m██                            
[38;2;0;0;0m  ██[38;2;255;239;71m██[38;2;85;104;96m██[38;2;0;28;88m██[38;2;0;0;0m      ██[38;2;104;126;107m██[38;2;156;189;140m██[38;2;189;189;69m██[38;2;0;0;0m██                    ██                              
[38;2;0;0;0m  ██[38;2;74;123;162m██[38;2;0;0;0m██      [38;2;0;0;40m██[38;2;104;126;107m██[38;2;189;189;69m████[38;2;0;0;0m██                                                      
[38;2;0;0;0m    ████  ████[38;2;104;126;107m██[38;2;156;189;140m██[38;2;0;0;0m████                                                        
[38;2;0;0;0m          ██[38;2;74;123;162m████[38;2;0;0;0m██                                                            
[38;2;0;0;0m            ████                                                              
[38;2;0;0;0m                                                                              [0m
