
[38;2;0;0;0m                                        
[38;2;0;0;0m      ██                                
[38;2;0;0;0m    ██[38;2;99;110;64m██[38;2;0;0;0m██                              
[38;2;0;0;0m    ██[38;2;148;165;92m██[38;2;0;0;0m                                
[38;2;0;0;0m    ██[38;2;148;165;84m████[38;2;0;0;0m██████            ████        
[38;2;0;0;0m    [38;2;148;165;84m██[38;2;148;165;92m██[38;2;66;66;66m████[38;2;90;90;90m██[38;2;71;77;58m██[38;2;0;0;0m████        [38;2;189;222;109m██[38;2;189;222;101m██[38;2;0;0;0m██      
[38;2;0;0;0m    [38;2;148;156;92m██[38;2;66;66;66m██[38;2;90;90;90m████[38;2;189;222;109m████████████████[38;2;99;115;64m██[38;2;148;165;84m██[38;2;0;0;0m██      
[38;2;0;0;0m    [38;2;74;78;50m██[38;2;90;90;90m████[38;2;66;66;66m██[38;2;189;222;109m████████████[38;2;148;166;84m████[38;2;0;0;8m██[38;2;0;0;0m██        
[38;2;0;0;0m    [38;2;90;90;90m████[38;2;189;222;109m████[38;2;66;66;66m████[38;2;148;165;84m████████[38;2;0;0;0m██              
[38;2;0;0;0m  ██[38;2;90;90;90m██[38;2;66;66;66m██[38;2;173;159;133m██[38;2;8;0;0m██[38;2;255;255;255m██[38;2;66;70;66m██[38;2;99;115;75m██[38;2;148;165;84m██[38;2;0;0;0m████                
[38;2;0;0;0m    [38;2;239;239;223m██[38;2;189;189;173m██[38;2;239;239;223m██████[38;2;239;247;215m██[38;2;148;165;87m██[38;2;0;0;8m██[38;2;0;0;0m████                
[38;2;0;0;0m    ██[38;2;239;239;223m████[38;2;99;115;75m██[38;2;239;239;223m██[38;2;99;119;67m██[38;2;148;165;87m██[38;2;74;82;47m██[38;2;239;148;135m██[38;2;0;0;0m██                
[38;2;0;0;0m          ██[38;2;126;133;99m██[38;2;148;165;84m██[38;2;109;110;77m██[38;2;214;189;118m██[38;2;0;0;0m██    ████          
[38;2;0;0;0m            ██[38;2;189;222;109m████[38;2;148;166;84m██[38;2;0;0;0m████[38;2;148;165;84m████[38;2;189;222;109m████[38;2;0;0;0m        
[38;2;0;0;0m            [38;2;189;222;109m██████████████████[38;2;98;115;74m██[38;2;0;0;0m██      
[38;2;0;0;0m          ██[38;2;189;222;109m██████████[38;2;231;255;167m██[38;2;66;66;66m██[38;2;189;222;109m██[38;2;66;70;58m██[38;2;66;66;66m██[38;2;148;165;87m████[38;2;0;0;0m    
[38;2;0;0;0m          ██[38;2;189;222;109m██[38;2;98;115;74m██[38;2;189;222;109m██[38;2;98;115;74m██[38;2;189;222;109m██[38;2;176;195;131m██[38;2;66;66;66m██[38;2;189;222;109m██[38;2;239;255;199m██[38;2;239;239;223m██[38;2;74;82;47m██[38;2;0;0;8m██[38;2;0;0;0m██  
[38;2;0;0;0m          ██[38;2;239;239;223m████[38;2;189;222;109m████████[38;2;66;66;74m██[38;2;181;192;152m██[38;2;239;239;223m████[38;2;0;0;0m        
[38;2;0;0;0m            [38;2;189;189;173m████[38;2;98;115;74m██[38;2;189;222;109m████[38;2;115;129;86m██[38;2;148;148;140m██[38;2;66;66;66m██[38;2;247;247;223m██[38;2;189;189;173m██[38;2;0;0;0m██      
[38;2;0;0;0m            ██[38;2;154;133;90m██[38;2;66;66;66m██[38;2;189;222;101m██[38;2;99;140;75m██[38;2;66;66;66m██[38;2;0;0;0m██[38;2;239;148;135m██[38;2;189;198;149m██[38;2;66;90;58m██[38;2;148;165;84m██[38;2;0;0;0m██    
[38;2;0;0;0m              [38;2;0;20;0m██[38;2;66;66;66m██[38;2;148;170;89m██[38;2;239;173;135m██[38;2;0;0;0m██  ██[38;2;66;70;58m██[38;2;239;156;135m██[38;2;0;0;0m██      
[38;2;0;0;0m                [38;2;206;198;118m████[38;2;0;0;0m██        [38;2;0;0;8m██[38;2;0;0;0m██      
[38;2;0;0;0m                [38;2;90;93;88m██[38;2;189;231;101m██[38;2;0;0;0m          ████      
[38;2;0;0;0m                ████                    
[38;2;0;0;0m                                        [0m
