
      [38;2;49;49;49m▄▄                    [0m
 [38;2;49;49;49m▄▄▄  [48;2;49;49;49m▀[48;2;197;180;156m▀[48;2;49;49;49m▀[49m   ▄[48;2;82;82;82m▀[48;2;49;49;49m▀[49m▄            [0m
 [38;2;49;49;49m▀[48;2;49;49;49m▀[38;2;197;180;156m▀[38;2;49;49;49m▀[49m  ▀[48;2;49;49;49m▀[49m   [48;2;49;49;49m▀[38;2;172;65;82m[48;2;172;65;82m▀[38;2;82;82;82m[48;2;82;82;82m▀[38;2;49;49;49m[48;2;49;49;49m▀[49m            [0m
     [38;2;49;49;49m▀▄  [48;2;49;49;49m▀[49m [48;2;49;49;49m▀[38;2;222;98;131m[48;2;222;98;131m▀[38;2;172;65;82m[48;2;123;65;82m▀[38;2;123;65;82m[48;2;172;65;82m▀[38;2;49;49;49m[48;2;49;49;49m▀[49m     ▄▄[48;2;172;65;82m▀[48;2;82;82;82m▀▀[49m▄ [0m
      [38;2;49;49;49m▀▄ [48;2;49;49;49m▀[49m [48;2;49;49;49m▀[38;2;222;98;131m[48;2;205;82;106m▀[38;2;205;82;106m[48;2;222;98;131m▀[38;2;172;65;82m[48;2;49;49;49m▀[38;2;49;49;49m[49m▀  ▄[48;2;123;65;82m▀[48;2;172;65;82m▀[38;2;172;65;82m▀[48;2;123;65;82m▀[48;2;82;82;82m▀[38;2;82;82;82m▀[48;2;49;49;49m▀[38;2;49;49;49m[49m▀ [0m
      [38;2;49;49;49m▄[48;2;82;82;82m▀[48;2;123;123;123m▀[48;2;82;82;82m▀[48;2;123;123;123m▀[48;2;82;82;82m▀[38;2;205;82;106m▀[38;2;222;98;131m[48;2;222;98;131m▀[38;2;49;49;49m[48;2;49;49;49m▀[49m ▄[48;2;246;123;156m▀[38;2;246;123;156m▀▀[38;2;172;65;82m[48;2;172;65;82m▀[48;2;123;65;82m▀[38;2;82;82;82m▀▀[38;2;49;49;49m[48;2;49;49;49m▀[49m   [0m
    [38;2;49;49;49m▄[48;2;180;180;189m▀[38;2;180;180;189m[48;2;49;49;49m▀[38;2;123;123;123m[48;2;123;123;123m▀▀[48;2;82;82;82m▀▀▀[48;2;123;123;123m▀[38;2;49;49;49m[48;2;82;82;82m▀[49m▄[48;2;255;255;255m▀[38;2;255;255;255m[48;2;189;197;205m▀[38;2;123;197;255m[48;2;205;82;106m▀[38;2;205;82;106m[48;2;246;123;156m▀▀▀[38;2;172;65;82m[48;2;172;65;82m▀▀[38;2;82;82;82m[48;2;82;82;82m▀▀[38;2;49;49;49m[48;2;49;49;49m▀[49m  [0m
    [38;2;49;49;49m[48;2;49;49;49m▀[38;2;82;82;82m[48;2;82;82;82m▀[48;2;123;123;123m▀[38;2;123;123;123m▀[38;2;82;82;82m[48;2;82;82;82m▀[48;2;255;255;255m▀[38;2;255;255;255m[48;2;49;49;49m▀[38;2;82;82;82m[48;2;255;255;255m▀[48;2;82;82;82m▀[38;2;123;123;123m[48;2;180;180;189m▀[38;2;82;82;82m[48;2;82;82;82m▀[38;2;189;197;205m[48;2;246;123;156m▀[38;2;255;255;255m[48;2;189;197;205m▀▀[38;2;123;197;255m[48;2;205;82;106m▀[38;2;205;82;106m[48;2;246;123;156m▀[48;2;172;65;82m▀[38;2;123;65;82m▀[48;2;82;82;82m▀▀[38;2;82;82;82m[48;2;49;49;49m▀[38;2;49;49;49m[49m▀  [0m
     [38;2;49;49;49m▀[38;2;82;82;82m[48;2;49;49;49m▀[38;2;180;180;189m▀[48;2;82;82;82m▀[38;2;82;82;82m[48;2;180;180;189m▀▀▀[38;2;180;180;189m[48;2;82;82;82m▀[38;2;82;82;82m[48;2;222;98;131m▀[38;2;246;123;156m[48;2;82;82;82m▀[38;2;205;82;106m▀[38;2;255;255;255m▀[48;2;246;123;156m▀[38;2;123;197;255m▀[38;2;246;123;156m[48;2;172;65;82m▀[38;2;172;65;82m▀[48;2;82;82;82m▀[38;2;82;82;82m[48;2;49;49;49m▀▀[38;2;49;49;49m[49m▀   [0m
        [38;2;49;49;49m▀▀[38;2;82;82;82m[48;2;49;49;49m▀[48;2;180;180;189m▀[38;2;205;82;106m[48;2;82;82;82m▀[38;2;82;82;82m▀[38;2;222;98;131m[48;2;205;82;106m▀[38;2;246;123;156m▀[48;2;246;123;156m▀[38;2;82;82;82m▀▀[48;2;255;189;230m▀[48;2;172;65;82m▀[38;2;49;49;49m[48;2;82;82;82m▀[49m▄     [0m
         [38;2;49;49;49m▄[48;2;197;180;156m▀[38;2;82;82;82m[48;2;49;49;49m▀[38;2;180;180;189m[48;2;82;82;82m▀▀[38;2;82;82;82m[48;2;123;123;123m▀[38;2;246;123;156m[48;2;49;49;49m▀[38;2;205;82;106m[48;2;255;189;230m▀▀[38;2;255;189;230m[48;2;123;65;82m▀[38;2;172;65;82m▀[48;2;82;82;82m▀[38;2;82;82;82m▀[38;2;49;49;49m[48;2;49;49;49m▀[49m     [0m
        [38;2;49;49;49m[48;2;49;49;49m▀[38;2;82;82;82m▀[38;2;49;49;49m[49m▀ [48;2;49;49;49m▀[38;2;197;180;156m[48;2;82;82;82m▀[38;2;49;49;49m[48;2;49;49;49m▀[49m ▀[38;2;172;65;82m[48;2;49;49;49m▀▀[38;2;82;82;82m▀▀[38;2;49;49;49m[49m▀      [0m
            [38;2;49;49;49m▀[38;2;82;82;82m[48;2;49;49;49m▀[38;2;49;49;49m[49m▀             [0m
                            [0m
