
  [38;2;49;49;49m▄▄▄                 [0m
 [38;2;49;49;49m▀[38;2;246;213;57m[48;2;49;49;49m▀[48;2;189;164;65m▀[38;2;189;164;65m[48;2;246;213;57m▀[38;2;49;49;49m[48;2;189;164;65m▀[49m▄    ▄[48;2;246;213;57m▀[49m▄        [0m
  [38;2;49;49;49m[48;2;49;49;49m▀[38;2;246;213;57m[48;2;189;164;65m▀[38;2;49;49;49m[48;2;246;213;57m▀[38;2;246;213;57m[48;2;189;164;65m▀[38;2;49;49;49m▀[48;2;180;74;74m▀[48;2;238;98;82m▀[48;2;180;74;74m▀[38;2;82;82;82m[48;2;246;213;57m▀[38;2;189;164;65m[48;2;49;49;49m▀[38;2;246;213;57m[48;2;246;213;57m▀[38;2;49;49;49m[48;2;82;82;82m▀[49m▄       [0m
   [38;2;49;49;49m[48;2;49;49;49m▀[38;2;82;82;82m[48;2;180;74;74m▀[48;2;164;197;255m▀[38;2;246;213;57m[48;2;246;213;57m▀[38;2;180;74;74m[48;2;139;156;255m▀[38;2;238;98;82m[48;2;164;197;255m▀[38;2;180;74;74m▀[38;2;189;164;65m[48;2;246;213;57m▀[38;2;246;213;57m[48;2;82;82;82m▀[38;2;189;164;65m▀[38;2;82;82;82m[48;2;238;98;82m▀[38;2;238;98;82m▀[38;2;49;49;49m▀[49m▄     [0m
  [38;2;49;49;49m[48;2;49;49;49m▀[38;2;180;74;74m[48;2;255;255;255m▀[38;2;164;197;255m[48;2;189;164;65m▀[48;2;164;197;255m▀▀▀▀[38;2;246;213;57m▀[38;2;82;82;82m[48;2;139;156;255m▀[38;2;139;156;255m▀[38;2;82;82;82m▀[38;2;238;98;82m[48;2;82;82;82m▀[48;2;238;98;82m▀▀[38;2;49;49;49m[48;2;180;74;74m▀[49m▄    [0m
  [38;2;49;49;49m▀[38;2;246;213;57m[48;2;49;49;49m▀[38;2;49;49;49m[48;2;139;156;255m▀[38;2;164;197;255m[48;2;82;82;82m▀▀[48;2;139;156;255m▀[38;2;139;156;255m[48;2;189;164;65m▀[48;2;255;255;255m▀[48;2;139;156;255m▀▀[48;2;82;82;82m▀[38;2;82;82;82m[48;2;238;98;82m▀[38;2;238;98;82m▀[48;2;180;74;74m▀[38;2;180;74;74m▀[38;2;49;49;49m[48;2;49;49;49m▀[49m    [0m
   [38;2;49;49;49m▄[48;2;82;82;82m▀[38;2;139;156;255m▀▀[48;2;139;156;255m▀[38;2;49;49;49m▀[38;2;246;213;57m▀[38;2;139;156;255m[48;2;82;82;82m▀[38;2;82;82;82m▀[38;2;238;98;82m▀[48;2;180;74;74m▀[38;2;180;74;74m▀[48;2;82;82;82m▀[38;2;82;82;82m▀[38;2;49;49;49m[48;2;255;255;255m▀▀[49m▄  [0m
    [38;2;49;49;49m▀▀[38;2;82;82;82m[48;2;49;49;49m▀[48;2;246;213;57m▀▀[48;2;164;197;255m▀[38;2;123;123;115m[48;2;82;82;82m▀▀[38;2;238;98;82m▀[38;2;82;82;82m[48;2;180;74;74m▀[48;2;82;82;82m▀[38;2;189;189;189m▀[48;2;189;189;189m▀[38;2;255;255;255m▀[48;2;49;49;49m▀▀[38;2;49;49;49m[49m▀ [0m
      [38;2;49;49;49m▄[48;2;82;82;82m▀[38;2;164;197;255m[48;2;180;74;74m▀[38;2;246;213;57m[48;2;139;156;255m▀▀[38;2;189;164;65m▀[38;2;82;82;82m[48;2;180;74;74m▀▀[48;2;82;82;82m▀[48;2;49;49;49m▀[38;2;49;49;49m[49m▀▀    [0m
      [38;2;49;49;49m▀[38;2;82;82;82m[48;2;49;49;49m▀▀[38;2;49;49;49m[49m▀[38;2;189;164;65m[48;2;49;49;49m▀▀[38;2;82;82;82m[48;2;82;82;82m▀▀[38;2;180;74;74m▀[38;2;49;49;49m[49m▀      [0m
            [38;2;49;49;49m▀▀        [0m
