
[38;2;0;0;0m                                                                      
[38;2;0;0;0m                              ██████████                              
[38;2;0;0;0m                        ██████[38;2;82;156;202m██████████[38;2;0;0;0m████                          
[38;2;0;0;0m                    ████[38;2;90;156;194m██[38;2;118;168;198m████████[38;2;118;167;198m██[38;2;79;154;199m██[38;2;79;156;199m████[38;2;82;156;202m██[38;2;0;0;0m████                      
[38;2;0;0;0m            ████████[38;2;82;156;202m██[38;2;90;156;194m████[38;2;118;168;198m████████[38;2;118;167;198m████[38;2;79;156;199m████[38;2;82;156;202m██████[38;2;0;0;0m██                    
[38;2;0;0;0m        ████[38;2;74;132;186m██[38;2;74;133;178m██[38;2;57;86;113m██[38;2;79;156;199m████[38;2;118;168;198m████[38;2;119;171;199m████[38;2;118;168;198m████████[38;2;118;167;198m██[38;2;79;154;199m██[38;2;79;156;199m████████[38;2;0;0;0m██                  
[38;2;0;0;0m    ████[38;2;74;132;186m██████[38;2;74;133;178m██[38;2;82;156;210m██[38;2;79;156;199m████[38;2;118;168;198m████[38;2;57;111;161m██[38;2;119;171;199m██[38;2;118;168;198m████████[38;2;118;167;198m██[38;2;79;154;199m██[38;2;79;156;199m████████[38;2;82;156;202m██[38;2;0;0;0m██                
[38;2;0;0;0m  ██[38;2;74;132;186m██[38;2;79;132;189m████[38;2;77;132;189m████[38;2;79;156;199m████████[38;2;79;154;199m██[38;2;118;167;198m██[38;2;118;168;198m████[38;2;57;111;161m██[38;2;119;171;199m██[38;2;118;167;198m████[38;2;79;156;199m████████████████[38;2;0;0;0m██              
[38;2;0;0;0m  ██[38;2;74;132;186m██[38;2;79;132;189m████[38;2;77;132;189m██[38;2;66;66;66m██[38;2;79;156;199m████████[38;2;79;154;199m████[38;2;118;168;198m████[38;2;119;171;199m████[38;2;118;167;198m██[38;2;79;154;199m██[38;2;79;156;199m████████████████[38;2;0;0;0m██              
[38;2;0;0;0m  ██[38;2;74;132;186m██████[38;2;66;66;66m██[38;2;82;156;202m██[38;2;132;165;172m██[38;2;198;247;254m██[38;2;79;156;199m████████████████████████████████████[38;2;82;156;202m██[38;2;0;0;0m██            
[38;2;0;0;0m    ██████[38;2;66;66;66m██[38;2;82;156;202m██[38;2;132;165;172m██[38;2;0;0;8m██[38;2;79;156;199m████████████████████████████████████[38;2;82;156;202m████[38;2;0;0;0m██          
[38;2;0;0;0m        ██[38;2;82;156;202m████[38;2;79;156;199m████████████████████[38;2;82;156;202m████[38;2;79;156;199m████████████████████[38;2;38;57;67m██[38;2;16;8;0m██[38;2;0;0;0m        
[38;2;0;0;0m          ██[38;2;82;156;202m██[38;2;79;156;199m████████████████████[38;2;255;255;255m██[38;2;82;156;202m██[38;2;79;156;199m████████████████████[38;2;82;156;202m████[38;2;0;0;0m██      
[38;2;0;0;0m        ██[38;2;255;239;183m██[38;2;66;66;66m██[38;2;82;156;202m████[38;2;79;156;199m████████████████[38;2;0;0;0m██[38;2;82;156;202m██[38;2;79;156;199m████[38;2;74;148;202m████[38;2;79;156;199m████████████[38;2;57;111;161m██[38;2;79;158;199m██[38;2;82;156;202m██[38;2;0;0;0m██    
[38;2;0;0;0m        ██[38;2;255;239;183m████[38;2;66;66;66m████[38;2;79;156;199m████████████████[38;2;82;156;202m████[38;2;79;156;199m████[38;2;57;61;65m██[38;2;68;119;156m██[38;2;79;156;199m████████████[38;2;79;158;199m██[38;2;57;111;161m██[38;2;82;156;202m████[38;2;0;0;0m██  
[38;2;0;0;0m        ██[38;2;255;239;183m████[38;2;140;123;92m██[38;2;255;255;247m██[38;2;66;70;66m████[38;2;49;66;73m██[38;2;135;160;163m██[38;2;82;156;202m████████[38;2;115;165;190m██[38;2;66;66;66m██[38;2;66;70;66m████[38;2;129;137;126m██[38;2;66;90;114m██[38;2;93;104;109m██[38;2;57;70;81m██[38;2;79;156;199m████[38;2;57;111;161m██[38;2;79;158;199m██[38;2;79;156;199m████[38;2;55;104;148m██[38;2;82;156;218m██[38;2;0;0;0m██  
[38;2;0;0;0m          ██[38;2;255;239;183m██[38;2;217;211;195m██[38;2;140;123;92m██[38;2;255;255;255m██[38;2;160;162;160m██[38;2;222;255;254m██[38;2;49;66;73m██[38;2;66;66;66m██████████[38;2;115;165;190m██[38;2;255;255;255m██[38;2;160;162;160m██[38;2;129;137;126m██[38;2;255;231;151m██[38;2;165;173;165m██[38;2;57;70;81m██[38;2;79;156;199m████[38;2;79;158;199m██[38;2;57;111;161m██[38;2;79;156;199m████[38;2;55;104;148m██[38;2;0;0;8m██[38;2;0;0;0m    
[38;2;0;0;0m          ██[38;2;255;239;183m██[38;2;175;172;149m██[38;2;255;239;183m██[38;2;135;119;91m████[38;2;247;255;255m██[38;2;170;167;152m██[38;2;255;255;255m██[38;2;152;172;180m██[38;2;255;255;255m██[38;2;167;167;156m██[38;2;247;255;255m██[38;2;170;167;152m██[38;2;135;119;91m████[38;2;255;239;183m██[38;2;175;172;149m██[38;2;176;173;147m████[38;2;66;66;66m██[38;2;126;165;174m██[38;2;79;156;199m████[38;2;57;111;161m██[38;2;79;158;199m██[38;2;82;156;202m██[38;2;0;0;0m██    
[38;2;0;0;0m            ██[38;2;175;172;149m██[38;2;255;239;183m██████[38;2;132;123;100m████[38;2;255;255;255m██[38;2;152;172;180m██[38;2;255;255;255m██[38;2;123;123;107m██[38;2;132;123;100m████[38;2;255;239;183m██████[38;2;175;172;149m██[38;2;176;173;147m████[38;2;126;165;174m██[38;2;66;66;66m██[38;2;79;156;199m████[38;2;57;111;161m██[38;2;79;158;199m██[38;2;0;0;0m██      
[38;2;0;0;0m            ██[38;2;255;239;183m████[38;2;255;239;180m████[38;2;255;239;183m████[38;2;135;119;91m██████[38;2;255;239;183m██[38;2;255;239;180m████[38;2;255;239;183m████[38;2;176;173;147m████████[38;2;173;173;149m████[38;2;0;0;0m████████        
[38;2;0;0;0m              ██[38;2;255;239;183m██[38;2;255;239;180m████[38;2;177;173;149m██[38;2;255;239;183m██████████[38;2;255;239;180m████[38;2;255;239;183m██[38;2;177;173;149m██[38;2;176;173;147m████████[38;2;173;173;149m██[38;2;0;0;0m██                
[38;2;0;0;0m                ██[38;2;255;239;183m████[38;2;175;172;149m██[38;2;255;239;183m██[38;2;255;239;180m████[38;2;255;239;183m████[38;2;187;178;139m██[38;2;247;239;183m██[38;2;176;173;147m████████[38;2;173;173;149m████[38;2;0;0;0m██                  
[38;2;0;0;0m                  ████[38;2;255;239;183m██[38;2;175;172;149m██[38;2;255;239;180m████[38;2;255;239;183m██[38;2;177;173;149m██[38;2;126;118;94m██[38;2;187;178;139m██[38;2;176;173;147m████████[38;2;173;173;149m██[38;2;0;0;0m██                    
[38;2;0;0;0m                      ██████[38;2;173;173;149m██████[38;2;181;173;141m██[38;2;121;115;94m██[38;2;173;173;149m██████[38;2;0;0;0m████                      
[38;2;0;0;0m                            ████████████████                          
[38;2;0;0;0m                                                                      [0m
