
    [38;2;0;0;0m▄                     [0m
   [38;2;0;0;0m[48;2;0;0;0m▀[38;2;214;231;246m[48;2;214;231;246m▀[38;2;0;0;0m[48;2;0;0;0m▀[49m        ▄▄          [0m
  [38;2;0;0;0m[48;2;0;0;0m▀[38;2;165;198;205m[48;2;165;198;205m▀[38;2;99;123;203m[48;2;99;123;203m▀[38;2;214;231;246m[48;2;214;231;246m▀[38;2;0;0;0m[48;2;0;0;0m▀[49m    ▄[48;2;214;231;246m▀[38;2;8;12;8m[48;2;222;247;254m▀[38;2;222;247;254m[48;2;151;169;172m▀[38;2;0;0;0m[48;2;0;0;0m▀[49m    ▄▄▄   [0m
  [38;2;0;0;0m▀[38;2;165;198;205m[48;2;8;0;0m▀[48;2;60;66;68m▀[38;2;55;58;81m[48;2;148;165;244m▀[38;2;8;4;0m▀[38;2;0;0;8m[48;2;148;173;252m▀[48;2;99;115;171m▀[38;2;0;0;0m[49m▄[48;2;66;66;66m▀[38;2;214;231;246m[48;2;214;231;246m▀[48;2;99;123;203m▀[38;2;156;181;228m[48;2;156;181;228m▀[38;2;0;0;0m[48;2;0;0;0m▀[49m   ▄[48;2;214;231;246m▀[38;2;214;231;246m▀▀▀[38;2;0;0;0m▀[49m▄ [0m
  [38;2;0;0;0m[48;2;0;0;0m▀[38;2;98;123;202m[48;2;148;165;244m▀[38;2;148;165;244m▀▀▀▀▀[38;2;66;66;66m[48;2;66;66;66m▀[38;2;214;231;246m[48;2;214;231;246m▀[38;2;99;123;203m[48;2;99;123;203m▀[38;2;165;198;205m[48;2;165;198;205m▀[38;2;55;66;68m▀[38;2;0;0;0m[48;2;0;0;0m▀[49m  ▄[48;2;214;231;246m▀[38;2;214;231;246m▀▀[38;2;66;70;66m[48;2;165;188;191m▀[38;2;214;247;254m[48;2;66;70;66m▀[38;2;165;198;205m[48;2;55;66;68m▀[38;2;0;0;0m[48;2;0;0;0m▀[49m [0m
 [38;2;0;0;0m[48;2;0;0;0m▀[38;2;148;165;244m[48;2;148;165;244m▀▀▀[48;2;98;123;202m▀[48;2;148;165;244m▀[38;2;165;173;213m[48;2;0;0;0m▀[38;2;0;0;0m[48;2;165;173;213m▀[38;2;74;97;156m[48;2;74;97;156m▀[38;2;57;61;65m[48;2;82;115;202m▀[38;2;165;198;205m[48;2;66;66;66m▀▀[38;2;66;61;58m[48;2;104;85;64m▀[38;2;181;132;77m[48;2;181;132;77m▀[38;2;0;0;0m[48;2;140;99;60m▀[49m▄[48;2;181;214;221m▀[38;2;181;214;221m▀[38;2;214;231;246m[48;2;66;66;66m▀[38;2;66;66;66m[48;2;214;231;246m▀[38;2;63;71;74m[48;2;189;214;221m▀[38;2;189;214;221m[48;2;0;0;0m▀[38;2;0;0;0m[49m▀  [0m
  [38;2;0;0;0m[48;2;0;0;0m▀[38;2;148;165;244m[48;2;98;123;202m▀[48;2;148;165;244m▀[38;2;107;126;200m▀[38;2;65;88;156m▀[38;2;24;8;0m[48;2;101;90;85m▀[38;2;255;255;255m[48;2;255;255;255m▀[38;2;247;255;255m[48;2;57;86;153m▀[38;2;120;142;187m▀[38;2;66;66;66m[48;2;66;66;66m▀[38;2;255;255;255m▀[48;2;255;255;255m▀[38;2;107;74;43m[48;2;107;74;43m▀[38;2;181;132;77m[48;2;181;132;77m▀[38;2;66;61;66m[48;2;143;108;73m▀[38;2;165;198;205m[48;2;66;66;66m▀[48;2;165;198;205m▀[38;2;66;74;74m[48;2;165;189;194m▀[38;2;214;247;254m▀[38;2;214;231;246m[48;2;0;0;0m▀[38;2;0;0;0m[49m▀   [0m
 [38;2;0;0;8m[48;2;0;0;8m▀[38;2;115;121;150m[48;2;173;181;221m▀[38;2;0;0;0m[48;2;99;123;203m▀[38;2;99;123;203m[48;2;0;0;0m▀[38;2;82;101;157m[48;2;66;66;66m▀[38;2;90;119;202m▀[38;2;99;123;203m▀▀[38;2;66;66;66m[48;2;206;181;86m▀[48;2;66;66;66m▀[38;2;148;165;244m[48;2;148;165;244m▀▀[38;2;49;61;97m[48;2;118;126;150m▀[38;2;255;255;255m[48;2;255;255;255m▀[38;2;107;75;43m[48;2;107;75;43m▀[48;2;140;101;60m▀[38;2;66;66;66m[48;2;66;66;66m▀[38;2;165;198;205m[48;2;165;198;205m▀▀[48;2;0;0;0m▀[38;2;0;0;0m[49m▀    [0m
  [38;2;0;0;0m▀▀ ▀[38;2;247;231;151m[48;2;0;0;0m▀[48;2;206;181;86m▀▀[38;2;57;66;81m[48;2;57;66;81m▀[38;2;247;255;255m[48;2;120;129;139m▀[38;2;156;173;220m[48;2;156;173;220m▀[48;2;66;66;66m▀[38;2;66;66;66m▀[38;2;247;255;247m[48;2;187;192;187m▀[38;2;107;75;43m[48;2;107;75;43m▀[38;2;140;101;60m▀[38;2;66;66;66m[48;2;0;0;0m▀[38;2;0;0;0m[49m▀▀      [0m
     [38;2;0;0;0m[48;2;0;0;0m▀[38;2;66;90;154m[48;2;66;90;154m▀[38;2;66;66;66m▀[48;2;66;66;66m▀[38;2;255;239;143m[48;2;0;0;8m▀[38;2;85;80;53m[48;2;170;159;98m▀[38;2;66;66;66m[48;2;192;181;112m▀[38;2;255;239;135m[48;2;66;66;66m▀[38;2;66;66;66m[48;2;148;165;244m▀[48;2;66;66;66m▀[38;2;181;181;181m[48;2;181;181;181m▀[38;2;0;0;0m[48;2;0;0;0m▀[49m         [0m
      [38;2;0;0;0m▀▀▀ ▀[38;2;55;60;84m[48;2;8;4;0m▀[38;2;148;173;252m[48;2;101;117;168m▀[38;2;148;165;244m[48;2;65;88;156m▀[38;2;107;126;200m[48;2;107;126;200m▀[38;2;0;0;0m[48;2;0;0;0m▀[49m          [0m
            [38;2;0;0;0m▀▀▀           [0m
