
[38;2;0;0;0m                                            
[38;2;0;0;0m            [38;2;49;49;49m████[38;2;0;0;0m                            
[38;2;0;0;0m          [38;2;49;49;49m██[38;2;205;115;74m██[38;2;82;82;82m██[38;2;49;49;49m████[38;2;0;0;0m                        
[38;2;0;0;0m        [38;2;49;49;49m██[38;2;82;82;82m██[38;2;156;82;57m██[38;2;205;115;74m██████[38;2;49;49;49m████[38;2;0;0;0m                    
[38;2;0;0;0m      [38;2;49;49;49m██[38;2;156;82;57m██[38;2;205;115;74m████████████[38;2;156;82;57m██[38;2;49;49;49m████[38;2;0;0;0m    [38;2;49;49;49m██[38;2;0;0;0m  [38;2;49;49;49m██[38;2;0;0;0m      
[38;2;0;0;0m    [38;2;49;49;49m██[38;2;255;205;41m██[38;2;205;115;74m████████[38;2;156;82;57m██[38;2;82;82;82m██[38;2;205;115;74m██████[38;2;49;49;49m██[38;2;0;0;0m  [38;2;49;49;49m██[38;2;255;255;255m██[38;2;82;82;82m██[38;2;255;255;255m██[38;2;49;49;49m██[38;2;0;0;0m    
[38;2;0;0;0m  [38;2;49;49;49m██[38;2;238;205;172m██[38;2;246;98;82m██[38;2;205;115;74m██████[38;2;156;82;57m██[38;2;246;98;82m██[38;2;123;123;123m██[38;2;82;82;82m██[38;2;205;115;74m██[38;2;49;49;49m██[38;2;0;0;0m    [38;2;49;49;49m██[38;2;255;255;255m██████[38;2;49;49;49m██[38;2;0;0;0m    
[38;2;0;0;0m  [38;2;49;49;49m██[38;2;238;205;172m██[38;2;49;49;49m██[38;2;82;82;82m██[38;2;205;115;74m██[38;2;156;82;57m██[38;2;255;148;139m██[38;2;255;205;41m██[38;2;246;98;82m██[38;2;123;123;123m██[38;2;82;82;82m██[38;2;49;49;49m██[38;2;0;0;0m  [38;2;49;49;49m██[38;2;255;255;255m██[38;2;189;189;180m██[38;2;255;255;255m██[38;2;189;189;180m██[38;2;255;255;255m██[38;2;49;49;49m██[38;2;0;0;0m  
[38;2;0;0;0m  [38;2;49;49;49m██[38;2;238;205;172m████[38;2;123;123;123m██[38;2;238;205;172m██[38;2;246;98;82m██[38;2;49;49;49m██[38;2;255;205;41m██[38;2;246;98;82m██[38;2;123;123;123m██[38;2;82;82;82m██[38;2;205;115;74m██[38;2;49;49;49m██[38;2;0;0;0m  [38;2;49;49;49m██[38;2;189;189;180m██████[38;2;49;49;49m██[38;2;0;0;0m    
[38;2;0;0;0m    [38;2;49;49;49m██[38;2;189;156;115m████[38;2;238;205;172m████[38;2;123;123;123m██[38;2;255;205;41m██[38;2;246;98;82m██[38;2;238;205;172m██[38;2;205;115;74m██[38;2;156;82;57m██[38;2;49;49;49m██[38;2;0;0;0m    [38;2;49;49;49m██[38;2;189;189;180m██[38;2;49;49;49m██[38;2;0;0;0m      
[38;2;0;0;0m      [38;2;49;49;49m██[38;2;255;255;255m██[38;2;189;156;115m██[38;2;238;205;172m██████████[38;2;156;82;57m████[38;2;49;49;49m██[38;2;0;0;0m    [38;2;49;49;49m██[38;2;205;115;74m██[38;2;49;49;49m██[38;2;0;0;0m      
[38;2;0;0;0m        [38;2;49;49;49m██[38;2;82;82;82m██[38;2;189;156;115m██[38;2;238;205;172m████[38;2;189;156;115m██[38;2;156;82;57m██[38;2;255;205;41m██[38;2;49;49;49m██[38;2;0;0;0m      [38;2;49;49;49m██[38;2;255;205;41m██[38;2;49;49;49m██[38;2;0;0;0m      
[38;2;0;0;0m      [38;2;49;49;49m██[38;2;205;115;74m██[38;2;156;82;57m██[38;2;82;82;82m████████[38;2;255;205;41m██[38;2;205;115;74m██[38;2;49;49;49m██[38;2;0;0;0m      [38;2;49;49;49m██[38;2;205;115;74m██[38;2;49;49;49m██[38;2;0;0;0m      
[38;2;0;0;0m      [38;2;49;49;49m██[38;2;205;115;74m██[38;2;82;82;82m██[38;2;205;115;74m██[38;2;189;189;180m██[38;2;255;255;255m██[38;2;156;82;57m████[38;2;205;115;74m██[38;2;49;49;49m██[38;2;0;0;0m      [38;2;49;49;49m██[38;2;255;205;41m██[38;2;49;49;49m██[38;2;0;0;0m      
[38;2;0;0;0m        [38;2;49;49;49m██[38;2;156;82;57m██[38;2;82;82;82m██[38;2;205;115;74m██████[38;2;82;82;82m██[38;2;205;115;74m██[38;2;255;205;41m██[38;2;49;49;49m██[38;2;0;0;0m  [38;2;49;49;49m██[38;2;205;115;74m██[38;2;156;82;57m██[38;2;49;49;49m██[38;2;0;0;0m      
[38;2;0;0;0m      [38;2;49;49;49m██[38;2;255;205;41m██[38;2;205;115;74m████[38;2;82;82;82m██████[38;2;255;205;41m████[38;2;205;115;74m██[38;2;49;49;49m██[38;2;0;0;0m  [38;2;49;49;49m██[38;2;205;115;74m██[38;2;49;49;49m██[38;2;0;0;0m        
[38;2;0;0;0m      [38;2;49;49;49m██[38;2;205;115;74m██[38;2;255;205;41m██████[38;2;205;115;74m████████[38;2;255;205;41m██[38;2;156;82;57m██[38;2;49;49;49m██[38;2;205;115;74m██[38;2;156;82;57m██[38;2;49;49;49m██[38;2;0;0;0m        
[38;2;0;0;0m        [38;2;49;49;49m██[38;2;205;115;74m██████[38;2;255;205;41m████████[38;2;205;115;74m██[38;2;156;82;57m██[38;2;82;82;82m██[38;2;156;82;57m██[38;2;49;49;49m██[38;2;0;0;0m          
[38;2;0;0;0m      [38;2;49;49;49m██[38;2;255;255;255m██[38;2;189;189;180m██[38;2;49;49;49m████[38;2;156;82;57m██[38;2;205;115;74m████████[38;2;156;82;57m██[38;2;49;49;49m████[38;2;0;0;0m            
[38;2;0;0;0m      [38;2;49;49;49m██████[38;2;0;0;0m    [38;2;49;49;49m██[38;2;156;82;57m██[38;2;205;115;74m████[38;2;156;82;57m██[38;2;49;49;49m██[38;2;0;0;0m                
[38;2;0;0;0m                  [38;2;49;49;49m██[38;2;189;189;180m████[38;2;49;49;49m██[38;2;0;0;0m                  
[38;2;0;0;0m                    [38;2;49;49;49m██[38;2;255;255;255m██[38;2;49;49;49m██[38;2;0;0;0m                  
[38;2;0;0;0m                    [38;2;49;49;49m████[38;2;0;0;0m                    
[38;2;0;0;0m                                            [0m
