
[38;2;0;0;0m                                    
[38;2;0;0;0m        ████                        
[38;2;0;0;0m        ██[38;2;248;248;248m██[38;2;0;0;0m██████                  
[38;2;0;0;0m        ██[38;2;248;248;248m████[38;2;144;96;56m██[38;2;208;168;72m██[38;2;0;0;0m████              
[38;2;0;0;0m      ██[38;2;176;128;56m██[38;2;248;248;248m██[38;2;184;184;184m██[38;2;144;96;56m██[38;2;208;168;72m████[38;2;176;128;56m██[38;2;0;0;0m██            
[38;2;0;0;0m      ██[38;2;208;168;72m██[38;2;144;96;56m████[38;2;208;168;72m████████[38;2;0;0;0m██            
[38;2;0;0;0m    ██[38;2;208;168;72m██████████████████[38;2;0;0;0m██          
[38;2;0;0;0m    ██[38;2;144;96;56m██[38;2;208;168;72m██████[38;2;248;248;248m██[38;2;0;0;0m██[38;2;208;168;72m██████[38;2;0;0;0m██          
[38;2;0;0;0m  ██[38;2;232;112;152m██[38;2;208;72;112m██[38;2;64;64;64m██[38;2;208;168;72m████[38;2;0;0;0m██[38;2;64;64;64m██[38;2;208;168;72m████[38;2;176;128;56m██[38;2;0;0;0m██          
[38;2;0;0;0m  ██[38;2;208;72;112m██████[38;2;64;64;64m██[38;2;208;168;72m██████[38;2;176;128;56m████[38;2;0;0;0m██            
[38;2;0;0;0m    ██[38;2;208;72;112m████[38;2;64;64;64m██[38;2;176;128;56m████████[38;2;144;96;56m██[38;2;0;0;0m██      ██    
[38;2;0;0;0m      ████[38;2;176;128;56m████████[38;2;64;64;64m██[38;2;0;0;0m██      ██[38;2;184;184;184m██[38;2;0;0;0m██  
[38;2;0;0;0m          ██[38;2;64;64;64m██████[38;2;176;128;56m████[38;2;0;0;0m██  ██[38;2;184;184;184m████[38;2;0;0;0m██  
[38;2;0;0;0m          ██[38;2;208;72;112m██[38;2;208;168;72m████[38;2;208;72;112m██[38;2;176;128;56m██[38;2;0;0;0m██  ██[38;2;184;184;184m██[38;2;0;0;0m██    
[38;2;0;0;0m            ██[38;2;176;128;56m██████[38;2;64;64;64m██[38;2;176;128;56m██[38;2;0;0;0m██[38;2;176;128;56m██[38;2;0;0;0m██      
[38;2;0;0;0m              ██[38;2;64;64;64m████[38;2;176;128;56m██████[38;2;64;64;64m██[38;2;0;0;0m██      
[38;2;0;0;0m                ██[38;2;176;128;56m██[38;2;208;72;112m██[38;2;176;128;56m██[38;2;0;0;0m████        
[38;2;0;0;0m                  ██████            
[38;2;0;0;0m                                    [0m
