
[38;2;0;0;0m                                                                  
[38;2;0;0;0m                          [38;2;192;181;70m██[38;2;228;228;183m████[38;2;192;181;70m██[38;2;0;0;0m                                
[38;2;0;0;0m                        [38;2;193;181;69m██[38;2;228;228;183m████████[38;2;192;181;70m██[38;2;0;0;0m                              
[38;2;0;0;0m                        [38;2;193;181;69m██[38;2;228;228;183m████████[38;2;192;181;70m██[38;2;0;0;0m          [38;2;189;165;81m██[38;2;0;0;0m                  
[38;2;0;0;0m        [38;2;193;181;69m██[38;2;0;0;0m                  [38;2;192;181;70m██[38;2;231;231;183m██[38;2;192;181;70m██[38;2;0;0;0m        [38;2;189;165;81m██[38;2;206;189;144m██████[38;2;189;164;81m██[38;2;0;0;0m              
[38;2;0;0;0m    [38;2;192;181;70m████[38;2;228;228;183m██[38;2;189;181;69m██[38;2;0;0;0m                  [38;2;193;181;69m██[38;2;0;0;0m          [38;2;189;165;81m██[38;2;206;189;144m██[38;2;206;189;142m████[38;2;189;162;83m██[38;2;0;0;0m              
[38;2;0;0;0m  [38;2;192;181;70m██[38;2;228;228;183m██████[38;2;231;231;183m██[38;2;0;0;0m          ██                    [38;2;189;164;81m██[38;2;189;165;81m████[38;2;0;0;0m                
[38;2;0;0;0m  [38;2;192;181;70m██[38;2;228;228;183m██████[38;2;192;181;70m██[38;2;0;0;0m        [38;2;78;74;102m██[38;2;156;148;204m██[38;2;0;4;0m██[38;2;0;0;0m            [38;2;0;4;0m████[38;2;0;0;0m                        
[38;2;0;0;0m    [38;2;228;228;183m████[38;2;192;181;70m██[38;2;228;228;183m██[38;2;193;181;69m██[38;2;0;0;0m      [38;2;107;107;139m██[38;2;156;156;220m██████[38;2;0;4;0m██[38;2;156;156;220m██[38;2;0;4;0m██[38;2;0;0;0m    [38;2;107;103;139m██[38;2;165;148;229m██[38;2;165;156;221m██[38;2;156;156;220m██[38;2;0;4;0m██[38;2;156;156;220m██[38;2;0;4;0m██[38;2;0;0;0m              
[38;2;0;0;0m    [38;2;193;181;69m████[38;2;0;0;0m  [38;2;193;181;69m██[38;2;0;0;0m    [38;2;0;4;0m████[38;2;159;156;223m████████████[38;2;123;118;166m██[38;2;0;0;0m  [38;2;0;4;0m██[38;2;159;156;223m████████[38;2;159;152;221m██[38;2;132;111;172m██[38;2;0;4;0m██[38;2;0;0;0m              
[38;2;0;0;0m              [38;2;0;4;0m██[38;2;156;156;220m██[38;2;132;111;172m██[38;2;156;156;220m████[38;2;159;152;221m██[38;2;159;156;223m████████[38;2;66;66;66m██[38;2;159;156;223m██[38;2;156;156;220m██████[38;2;165;148;229m██[38;2;159;156;223m████[38;2;0;0;0m                
[38;2;0;0;0m              [38;2;0;4;0m██[38;2;127;111;171m██[38;2;159;152;221m██[38;2;156;156;220m██[38;2;94;86;122m██[38;2;159;152;221m██[38;2;159;156;223m████████[38;2;156;156;220m██[38;2;159;156;223m██[38;2;79;90;106m██████[38;2;82;90;106m██[38;2;159;156;223m████[38;2;0;4;0m██[38;2;0;0;0m              
[38;2;0;0;0m              [38;2;0;4;0m██[38;2;159;159;173m██[38;2;159;156;223m██[38;2;159;152;221m██[38;2;132;111;172m██[38;2;90;82;130m██[38;2;94;86;122m██[38;2;159;156;223m██████[38;2;156;156;220m██[38;2;159;156;223m██[38;2;187;183;213m██[38;2;134;126;172m██[38;2;255;255;255m████[38;2;159;156;223m████[38;2;0;4;8m██[38;2;0;0;0m              
[38;2;0;0;0m              [38;2;0;4;0m██[38;2;156;156;220m██[38;2;159;156;223m██[38;2;159;152;221m██[38;2;132;111;172m██[38;2;255;255;255m██[38;2;0;4;0m██[38;2;96;85;122m████[38;2;156;156;220m██[38;2;111;107;143m██[38;2;156;156;220m████████[38;2;156;148;220m██[38;2;82;91;104m████[38;2;0;4;0m██[38;2;0;0;0m    [38;2;189;181;69m██[38;2;192;181;70m██[38;2;0;0;0m      
[38;2;0;0;0m            [38;2;0;4;0m██[38;2;198;198;190m██[38;2;79;92;106m████[38;2;156;156;220m██████[38;2;127;111;171m██[38;2;124;118;169m██[38;2;165;148;229m██[38;2;57;66;57m██[38;2;156;140;220m██[38;2;104;100;136m██[38;2;74;70;114m██[38;2;255;247;255m██[38;2;129;112;174m██[38;2;127;111;175m██[38;2;132;123;152m████[38;2;0;0;0m    [38;2;231;231;183m████[38;2;228;228;183m████[38;2;193;181;69m██[38;2;0;0;0m  
[38;2;0;0;0m            [38;2;0;4;0m██[38;2;66;69;63m██[38;2;189;61;93m████[38;2;79;90;106m████[38;2;156;156;220m████[38;2;165;148;229m██[38;2;82;87;109m██[38;2;156;148;220m██[38;2;57;66;65m██[38;2;66;70;66m██[38;2;134;129;161m████[38;2;129;112;174m██[38;2;198;198;190m██[38;2;198;189;214m██[38;2;66;57;90m██[38;2;0;4;0m██[38;2;0;0;0m  [38;2;192;181;70m██[38;2;231;231;183m██[38;2;228;228;183m████[38;2;193;181;69m██[38;2;0;0;0m  
[38;2;0;0;0m        [38;2;206;189;142m████[38;2;0;0;0m  [38;2;0;4;0m██[38;2;156;148;220m██[38;2;77;91;103m██[38;2;110;74;83m██[38;2;170;127;125m████[38;2;206;111;110m██[38;2;197;200;197m██[38;2;255;255;247m██[38;2;79;92;106m██[38;2;129;112;174m██[38;2;126;113;169m██[38;2;0;0;0m  [38;2;0;4;0m██[38;2;66;63;74m██[38;2;0;4;0m██[38;2;0;0;0m  [38;2;0;4;0m██[38;2;0;0;0m  [38;2;189;181;69m██[38;2;228;228;183m██████[38;2;231;231;183m██[38;2;0;0;0m    
[38;2;0;0;0m      [38;2;189;165;81m██[38;2;206;189;142m████[38;2;0;0;0m    [38;2;132;123;180m██[38;2;156;156;220m████[38;2;79;90;106m████[38;2;82;90;106m██[38;2;82;91;104m████[38;2;132;111;174m██[38;2;129;112;174m██[38;2;66;63;77m██[38;2;0;0;0m    [38;2;94;84;122m██[38;2;0;4;0m██[38;2;0;0;0m      [38;2;189;181;69m██[38;2;228;228;183m██████[38;2;231;231;183m██[38;2;0;0;0m    
[38;2;0;0;0m        [38;2;189;165;81m██[38;2;0;0;0m    [38;2;0;4;0m██[38;2;66;66;66m██[38;2;198;198;206m██[38;2;198;198;190m██[38;2;127;111;175m██[38;2;129;112;171m██[38;2;127;111;175m██████[38;2;129;112;174m██[38;2;0;4;0m████[38;2;66;66;66m██[38;2;94;86;122m██[38;2;96;86;122m██[38;2;94;84;122m██[38;2;0;0;0m        [38;2;193;181;69m██████[38;2;0;0;0m      
[38;2;0;0;0m              [38;2;0;4;0m██[38;2;94;86;122m██[38;2;0;4;16m██[38;2;198;198;190m████[38;2;129;112;171m██[38;2;127;111;175m██[38;2;198;198;190m██[38;2;127;111;175m██[38;2;129;112;174m██[38;2;0;0;0m    [38;2;66;66;66m██[38;2;94;86;122m██[38;2;96;86;122m██[38;2;94;84;122m██[38;2;0;0;0m                    
[38;2;0;0;0m    [38;2;193;181;69m████[38;2;231;231;183m██[38;2;189;181;69m██[38;2;193;181;69m██[38;2;0;0;0m        [38;2;0;4;0m██[38;2;66;63;74m██[38;2;77;85;109m██[38;2;77;92;103m██[38;2;132;119;180m██[38;2;0;0;0m        [38;2;0;4;0m████[38;2;0;0;0m  [38;2;189;165;81m██[38;2;0;0;0m                  
[38;2;0;0;0m    [38;2;228;228;183m██████[38;2;231;231;183m██[38;2;0;0;0m            [38;2;0;4;0m██[38;2;66;61;82m██[38;2;123;119;171m██[38;2;82;82;114m██[38;2;0;0;0m              [38;2;206;189;144m██[38;2;189;165;83m██[38;2;0;0;0m                
[38;2;0;0;0m  [38;2;192;181;70m██[38;2;228;228;183m████████[38;2;193;181;69m██[38;2;0;0;0m                              [38;2;189;162;83m██[38;2;206;189;142m████[38;2;189;164;81m██[38;2;0;0;0m              
[38;2;0;0;0m  [38;2;192;181;70m██[38;2;228;228;183m████████[38;2;193;181;69m██[38;2;0;0;0m                    [38;2;193;181;69m████[38;2;0;0;0m      [38;2;189;162;83m██[38;2;206;189;142m████[38;2;0;0;0m                
[38;2;0;0;0m    [38;2;192;181;70m██[38;2;231;231;183m██[38;2;228;228;183m██[38;2;189;181;69m██[38;2;0;0;0m                [38;2;189;181;69m██[38;2;231;231;183m████[38;2;228;228;183m██[38;2;231;231;183m██[38;2;193;181;69m██[38;2;0;0;0m                          
[38;2;0;0;0m      [38;2;193;181;69m████[38;2;0;0;0m                [38;2;192;181;70m██[38;2;228;228;183m████████[38;2;231;231;183m██[38;2;193;181;69m██[38;2;0;0;0m                          
[38;2;0;0;0m                        [38;2;193;181;69m██[38;2;231;231;183m██[38;2;228;228;183m██████[38;2;231;231;183m████[38;2;0;0;0m                            
[38;2;0;0;0m                          [38;2;192;181;70m██[38;2;228;228;183m██████[38;2;192;181;70m██[38;2;189;181;69m██[38;2;0;0;0m                            
[38;2;0;0;0m                            [38;2;192;181;70m████[38;2;0;0;0m                                  
[38;2;0;0;0m                                                                  [0m
