
      [38;2;49;49;49m▄▄ ▄▄▄▄▄▄         [0m
      [38;2;49;49;49m[48;2;49;49;49m▀[38;2;172;172;197m[48;2;82;82;82m▀[38;2;49;49;49m[48;2;180;74;90m▀[38;2;180;74;90m[48;2;172;172;197m▀[38;2;82;82;82m[48;2;82;82;82m▀[48;2;172;172;197m▀[38;2;123;115;131m[48;2;82;82;82m▀[48;2;172;172;197m▀[38;2;172;172;197m[48;2;123;115;131m▀[38;2;49;49;49m[48;2;172;172;197m▀[48;2;180;74;90m▀[49m▄▄▄    [0m
 [38;2;49;49;49m[48;2;49;49;49m▀[48;2;172;172;197m▀[49m▄ [48;2;49;49;49m▀[38;2;139;139;164m[48;2;82;82;82m▀[38;2;172;172;197m▀[48;2;123;115;131m▀[38;2;180;74;90m▀[48;2;172;172;197m▀[38;2;82;82;82m▀[38;2;172;172;197m▀[48;2;139;139;164m▀▀[38;2;123;115;131m[48;2;123;115;131m▀[38;2;172;172;197m[48;2;139;139;164m▀[38;2;82;82;82m[48;2;172;172;197m▀[38;2;172;172;197m[48;2;49;49;49m▀[38;2;49;49;49m[49m▀    [0m
 [38;2;49;49;49m▀[38;2;172;172;197m[48;2;49;49;49m▀[38;2;123;115;131m[48;2;123;115;131m▀[38;2;49;49;49m[48;2;172;172;197m▀[38;2;139;139;164m[48;2;82;82;82m▀[38;2;82;82;82m▀[38;2;172;172;197m[48;2;172;172;197m▀[38;2;82;82;82m[48;2;123;115;131m▀[38;2;172;172;197m[48;2;82;82;82m▀[38;2;123;115;131m[48;2;172;172;197m▀[48;2;139;139;164m▀[38;2;139;139;164m[48;2;82;82;82m▀[38;2;82;82;82m[48;2;115;115;115m▀▀▀[38;2;139;139;164m[48;2;82;82;82m▀[48;2;123;115;131m▀[38;2;123;115;131m[48;2;139;139;164m▀[38;2;49;49;49m[48;2;49;49;49m▀[49m    [0m
   [38;2;49;49;49m▀[38;2;82;82;82m[48;2;49;49;49m▀[48;2;180;74;90m▀[38;2;139;139;164m[48;2;172;172;197m▀[38;2;82;82;82m[48;2;180;74;90m▀[38;2;123;115;131m[48;2;82;82;82m▀[38;2;172;172;197m▀[38;2;82;82;82m[48;2;139;139;164m▀[48;2;82;82;82m▀[38;2;115;115;115m[48;2;115;115;115m▀[48;2;82;82;82m▀[38;2;82;82;82m[48;2;123;115;131m▀▀[38;2;115;115;115m[48;2;82;82;82m▀[38;2;82;82;82m▀[38;2;139;139;164m[48;2;139;139;164m▀[38;2;49;49;49m[48;2;49;49;49m▀[49m    [0m
    [38;2;49;49;49m[48;2;49;49;49m▀[38;2;172;172;197m[48;2;123;115;131m▀[38;2;180;74;90m[48;2;172;172;197m▀▀[38;2;172;172;197m▀[48;2;123;115;131m▀[38;2;139;139;164m▀[38;2;82;82;82m[48;2;82;82;82m▀▀[38;2;123;115;131m[48;2;197;139;106m▀[48;2;49;49;49m▀[38;2;197;139;106m[48;2;246;246;41m▀[38;2;82;82;82m[48;2;82;82;82m▀▀[38;2;123;115;131m[48;2;139;139;164m▀[38;2;49;49;49m[48;2;82;82;82m▀[49m▄   [0m
    [38;2;49;49;49m▄[48;2;123;115;131m▀[38;2;123;115;131m[48;2;49;49;49m▀[48;2;180;74;90m▀▀[38;2;139;139;164m[48;2;82;82;82m▀[48;2;123;115;131m▀[48;2;139;139;164m▀[38;2;82;82;82m▀[48;2;82;82;82m▀[38;2;246;246;41m▀[38;2;197;139;106m▀[38;2;82;82;82m[48;2;139;139;164m▀[38;2;139;139;164m▀[48;2;82;82;82m▀[38;2;82;82;82m[48;2;49;49;49m▀[38;2;172;172;197m[48;2;123;115;131m▀[38;2;49;49;49m[48;2;172;172;197m▀[49m▄ [0m
    [38;2;49;49;49m▀▀▀[38;2;139;139;164m[48;2;49;49;49m▀[38;2;82;82;82m▀[38;2;139;139;164m[48;2;82;82;82m▀[38;2;82;82;82m[48;2;139;139;164m▀[38;2;139;139;164m▀[48;2;123;115;131m▀[38;2;123;115;131m[48;2;139;139;164m▀[38;2;139;139;164m▀[48;2;49;49;49m▀[38;2;123;115;131m[48;2;139;139;164m▀[38;2;82;82;82m[48;2;49;49;49m▀[38;2;49;49;49m[49m▀ ▀▀▀ [0m
         [38;2;49;49;49m▀▀▀▀▀▀ ▀▀      [0m
