
[38;2;0;0;0m                                      
[38;2;0;0;0m          [38;2;49;49;49m██████[38;2;0;0;0m                      
[38;2;0;0;0m      [38;2;49;49;49m████[38;2;238;197;230m██████[38;2;49;49;49m██[38;2;0;0;0m                    
[38;2;0;0;0m    [38;2;49;49;49m██[38;2;246;222;98m██████[38;2;238;197;230m██████[38;2;49;49;49m██[38;2;0;0;0m    [38;2;49;49;49m██████[38;2;0;0;0m        
[38;2;0;0;0m  [38;2;49;49;49m██[38;2;246;222;98m████████[38;2;246;189;98m██[38;2;131;115;131m██[38;2;238;197;230m██[38;2;82;82;82m██[38;2;49;49;49m████[38;2;172;131;205m██[38;2;238;197;230m████[38;2;49;49;49m██[38;2;0;0;0m      
[38;2;0;0;0m  [38;2;49;49;49m██[38;2;246;222;98m██████[38;2;246;189;98m████[38;2;82;82;82m██[38;2;213;172;213m██████[38;2;131;115;131m██[38;2;246;189;98m██[38;2;246;222;98m██[38;2;238;197;230m████[38;2;49;49;49m██[38;2;0;0;0m    
[38;2;0;0;0m    [38;2;49;49;49m██[38;2;246;189;98m██████[38;2;49;49;49m██[38;2;213;172;213m██[38;2;238;197;230m██████[38;2;82;82;82m██[38;2;246;222;98m██████[38;2;238;197;230m████[38;2;49;49;49m██[38;2;0;0;0m  
[38;2;0;0;0m      [38;2;49;49;49m██████[38;2;213;172;213m██[38;2;238;197;230m████████[38;2;82;82;82m██[38;2;246;222;98m████████[38;2;238;197;230m██[38;2;49;49;49m██[38;2;0;0;0m  
[38;2;0;0;0m          [38;2;49;49;49m██[38;2;238;197;230m████████████[38;2;82;82;82m██[38;2;246;222;98m██████[38;2;213;172;213m██[38;2;49;49;49m██[38;2;0;0;0m  
[38;2;0;0;0m        [38;2;49;49;49m██[38;2;131;115;131m████[38;2;238;197;230m██████[38;2;131;115;131m██[38;2;238;197;230m████[38;2;82;82;82m██[38;2;246;189;98m████[38;2;49;49;49m██[38;2;0;0;0m    
[38;2;0;0;0m        [38;2;49;49;49m██[38;2;131;115;131m██[38;2;238;197;230m██████[38;2;131;115;131m██████[38;2;238;197;230m████[38;2;82;82;82m██[38;2;49;49;49m██[38;2;0;0;0m      
[38;2;0;0;0m        [38;2;49;49;49m██[38;2;213;172;213m██[38;2;156;98;123m████[38;2;238;197;230m████[38;2;131;115;131m██[38;2;238;197;230m████[38;2;213;172;213m████[38;2;49;49;49m██[38;2;0;0;0m      
[38;2;0;0;0m        [38;2;49;49;49m██[38;2;172;131;205m██[38;2;213;172;213m██[38;2;156;98;123m████[38;2;213;172;213m████[38;2;172;131;205m██[38;2;213;172;213m████[38;2;172;131;205m██[38;2;49;49;49m██[38;2;0;0;0m      
[38;2;0;0;0m          [38;2;49;49;49m██[38;2;213;172;213m████████[38;2;131;115;131m██[38;2;238;197;230m██[38;2;213;172;213m██[38;2;172;131;205m██[38;2;131;115;131m██[38;2;49;49;49m██[38;2;0;0;0m      
[38;2;0;0;0m            [38;2;49;49;49m██[38;2;246;222;98m██[38;2;172;131;205m████[38;2;131;115;131m████[38;2;172;131;205m██[38;2;131;115;131m██[38;2;49;49;49m██[38;2;0;0;0m        
[38;2;0;0;0m              [38;2;49;49;49m██████[38;2;246;222;98m████[38;2;213;172;213m██[38;2;49;49;49m██[38;2;0;0;0m          
[38;2;0;0;0m                    [38;2;49;49;49m██████[38;2;0;0;0m            
[38;2;0;0;0m                                      [0m
