
        [38;2;0;0;0m▄▄▄▄                        [0m
     [38;2;0;0;0m▄[48;2;206;181;62m▀▀[38;2;206;181;62m[48;2;66;66;66m▀▀[48;2;0;0;0m▀[48;2;206;181;62m▀[38;2;0;0;0m▀[49m▄      ▄[48;2;115;189;251m▀[48;2;107;189;251m▀[48;2;93;148;192m▀[49m▄           [0m
   [38;2;0;0;0m▄[48;2;206;181;62m▀[38;2;206;181;62m[48;2;0;0;0m▀[38;2;0;0;0m[49m▀▀[38;2;66;66;66m[48;2;0;0;0m▀[38;2;0;0;0m[48;2;206;181;62m▀[38;2;0;4;24m[49m▄[38;2;0;0;0m[48;2;69;63;39m▀[38;2;206;181;62m[48;2;206;181;78m▀[38;2;0;0;0m[48;2;0;4;32m▀[49m     [48;2;0;0;0m▀[38;2;115;189;251m[48;2;107;189;251m▀[48;2;93;148;192m▀[38;2;66;66;74m[48;2;66;66;66m▀[38;2;93;148;192m[48;2;74;123;178m▀[38;2;0;0;0m[48;2;0;0;0m▀[49m   ▄▄▄     [0m
  [38;2;0;0;0m[48;2;0;0;0m▀[38;2;206;181;62m[48;2;206;181;62m▀[38;2;0;0;0m[48;2;0;0;0m▀[49m    [48;2;0;0;0m▀[38;2;206;181;70m[48;2;66;66;66m▀▀[38;2;69;63;47m[48;2;88;104;184m▀▀[38;2;0;0;0m▀▀[48;2;90;107;186m▀[49m▄[48;2;8;0;0m▀[38;2;115;189;251m[48;2;123;181;251m▀[38;2;66;66;74m[48;2;90;148;226m▀[38;2;93;148;192m[48;2;66;66;66m▀[38;2;74;123;178m[48;2;90;148;218m▀[48;2;0;0;0m▀[38;2;0;0;0m[49m▀ [38;2;0;0;8m▄[38;2;0;0;0m[48;2;247;222;135m▀[38;2;247;222;127m[48;2;66;66;66m▀[48;2;0;0;0m▀[48;2;85;80;45m▀[38;2;0;0;0m[48;2;255;239;119m▀[49m▄   [0m
 [38;2;0;0;0m[48;2;0;0;0m▀[38;2;206;181;62m[48;2;206;181;62m▀[38;2;0;0;0m[48;2;0;0;0m▀[49m  ▄[48;2;90;107;186m▀[48;2;88;107;181m▀[38;2;90;107;186m[48;2;231;206;95m▀[38;2;88;107;184m[48;2;88;104;181m▀▀[38;2;88;104;184m[48;2;88;104;184m▀▀[48;2;85;104;181m▀▀[38;2;90;107;186m[48;2;88;104;184m▀▀[38;2;85;121;167m▀[38;2;46;60;84m▀[38;2;66;66;66m[48;2;74;91;154m▀[38;2;82;121;173m[48;2;57;66;73m▀[38;2;0;0;0m[48;2;0;0;0m▀[49m  [48;2;0;0;0m▀[38;2;247;222;135m[48;2;247;222;127m▀[38;2;82;74;50m[48;2;0;0;0m▀[38;2;0;0;0m[48;2;206;181;62m▀[49m▄[38;2;0;0;8m[48;2;66;66;66m▀[38;2;170;159;82m[48;2;206;181;62m▀[38;2;0;0;0m[48;2;46;60;78m▀[38;2;16;4;0m[49m▄  [0m
 [38;2;0;0;0m[48;2;0;0;0m▀[38;2;206;181;62m[48;2;206;181;70m▀[38;2;0;0;0m[48;2;69;63;39m▀[49m▄[48;2;247;255;255m▀[38;2;90;107;186m[48;2;88;104;184m▀▀[38;2;88;107;181m[48;2;231;214;103m▀[38;2;231;206;95m▀[38;2;88;104;181m[48;2;247;222;127m▀[38;2;247;222;127m▀[38;2;88;104;184m[48;2;231;214;103m▀▀[38;2;206;181;62m[48;2;88;104;184m▀[38;2;85;104;181m▀[38;2;88;104;184m▀▀▀▀[38;2;82;103;194m[48;2;88;107;184m▀[38;2;74;91;154m[48;2;68;86;164m▀[38;2;66;86;162m[48;2;66;86;165m▀[38;2;0;0;0m▀[48;2;66;66;66m▀[38;2;247;222;127m[48;2;247;222;127m▀[38;2;0;0;0m[48;2;49;55;77m▀[38;2;16;12;0m[49m▄[38;2;0;0;0m[48;2;66;66;66m▀[38;2;206;181;62m▀▀[38;2;66;66;66m[48;2;90;148;218m▀[38;2;107;173;235m[48;2;99;173;235m▀▀[38;2;0;0;0m[48;2;0;0;0m▀[49m [0m
  [38;2;0;4;24m[48;2;0;0;0m▀[38;2;206;181;70m[48;2;206;181;62m▀[38;2;82;85;85m[48;2;66;66;66m▀[38;2;165;170;170m▀[38;2;88;104;184m[48;2;88;107;184m▀▀[38;2;231;214;103m[48;2;88;104;184m▀[38;2;88;107;184m▀[38;2;88;104;181m[48;2;85;104;181m▀[38;2;247;222;127m[48;2;206;181;62m▀[38;2;231;214;103m[48;2;88;104;184m▀[38;2;88;107;184m▀[38;2;88;104;184m[48;2;90;107;178m▀[48;2;145;156;201m▀[48;2;255;255;255m▀[48;2;170;170;173m▀[48;2;88;107;184m▀▀[38;2;88;107;184m[48;2;66;86;165m▀[38;2;68;86;164m▀[38;2;66;86;165m[48;2;66;85;167m▀[48;2;66;66;66m▀[38;2;66;66;66m[48;2;247;222;127m▀[38;2;247;222;127m[48;2;66;66;66m▀[38;2;49;55;77m[48;2;66;86;165m▀[38;2;82;99;154m▀[38;2;66;85;167m[48;2;66;85;167m▀[38;2;66;66;66m▀[38;2;90;148;218m[48;2;0;0;0m▀▀[38;2;0;0;0m[49m▀▀  [0m
   [38;2;0;0;0m[48;2;0;0;0m▀[38;2;99;148;189m[48;2;115;189;251m▀[38;2;115;189;251m[48;2;82;104;186m▀[38;2;66;66;66m[48;2;115;189;251m▀[38;2;88;107;184m[48;2;66;57;74m▀[38;2;88;104;184m[48;2;66;66;66m▀▀[38;2;85;104;181m[48;2;88;107;184m▀▀[38;2;88;104;184m▀▀[38;2;90;107;178m[48;2;99;108;139m▀[38;2;255;255;247m[48;2;140;156;204m▀[38;2;0;0;8m[48;2;231;239;255m▀[38;2;255;255;255m[48;2;168;174;197m▀[38;2;68;86;164m[48;2;66;86;165m▀▀[38;2;66;86;165m[48;2;66;85;167m▀▀[38;2;66;85;167m[48;2;66;66;66m▀[38;2;66;66;66m[48;2;247;222;127m▀[38;2;247;222;127m[48;2;66;66;66m▀[38;2;66;66;66m[48;2;66;85;167m▀[38;2;66;86;165m▀▀[38;2;66;85;167m[48;2;66;66;66m▀[38;2;0;0;0m[48;2;66;85;167m▀[49m▄     [0m
   [38;2;0;0;0m▀[38;2;99;146;219m[48;2;0;0;0m▀[38;2;115;189;251m[48;2;90;148;218m▀[38;2;90;123;162m[48;2;115;189;251m▀[38;2;115;189;251m[48;2;90;123;162m▀[48;2;86;104;182m▀▀[38;2;66;66;66m[48;2;115;189;251m▀▀▀▀[38;2;57;60;73m▀▀[38;2;41;45;81m▀[38;2;104;110;139m[48;2;66;66;66m▀[38;2;66;86;165m[48;2;66;85;167m▀[48;2;66;66;66m▀[38;2;66;66;66m[48;2;247;222;127m▀▀[38;2;247;222;127m[48;2;66;66;66m▀[38;2;66;66;66m[48;2;66;85;167m▀[38;2;66;85;167m[48;2;74;90;162m▀[48;2;8;8;0m▀[38;2;0;0;0m[49m▀▀[38;2;66;85;167m[48;2;0;0;0m▀▀[38;2;0;0;0m[49m▀     [0m
   [38;2;0;0;0m▄[48;2;90;148;218m▀[38;2;90;148;218m[48;2;41;55;73m▀[38;2;66;57;74m[48;2;0;0;0m▀[38;2;115;189;251m[48;2;66;66;66m▀▀▀[38;2;86;104;182m[48;2;115;189;251m▀▀▀▀▀▀[38;2;115;189;251m[48;2;148;206;236m▀[48;2;99;86;51m▀[38;2;66;66;66m[48;2;206;181;62m▀[38;2;66;85;167m[48;2;66;66;66m▀[38;2;66;66;66m[48;2;69;66;74m▀▀[38;2;66;85;167m[48;2;45;53;85m▀[48;2;82;99;170m▀[38;2;74;90;162m[48;2;66;86;165m▀[38;2;41;49;81m▀[38;2;0;0;0m[48;2;66;85;167m▀[49m▄        [0m
   [38;2;0;0;0m▀[38;2;90;148;218m[48;2;0;0;0m▀[38;2;16;8;0m[49m▀ [38;2;0;0;0m▀[38;2;206;181;62m[48;2;0;0;0m▀▀[38;2;66;66;66m▀[48;2;206;181;62m▀▀▀[38;2;66;66;74m[48;2;49;57;73m▀[38;2;99;148;192m[48;2;99;156;219m▀[38;2;99;86;51m[48;2;115;189;251m▀[38;2;115;126;113m[48;2;66;66;66m▀[38;2;206;181;62m[48;2;206;181;62m▀[48;2;0;0;0m▀[38;2;206;181;94m▀[38;2;0;8;64m[49m▀[38;2;8;8;0m▀[38;2;82;99;170m[48;2;0;0;0m▀[38;2;66;86;165m[48;2;90;107;186m▀▀[38;2;66;85;167m▀[38;2;0;0;0m[48;2;0;0;0m▀[49m        [0m
           [38;2;0;0;0m▀▀▀[38;2;24;8;0m▀[38;2;49;57;73m[48;2;0;0;0m▀[38;2;115;189;251m[48;2;115;189;251m▀▀[38;2;0;0;0m[48;2;0;0;0m▀[49m     ▀▀▀         [0m
                [38;2;0;0;0m▀▀                  [0m
