
[38;2;0;0;0m                                                        
[38;2;0;0;0m                                ████                    
[38;2;0;0;0m    ██████              [38;2;33;33;33m██[38;2;0;0;0m  ████[38;2;165;198;253m██[38;2;107;140;251m██[38;2;0;0;0m████                
[38;2;0;0;0m  ██[38;2;255;255;255m████[38;2;181;198;197m██[38;2;0;0;0m██████      ██[38;2;255;255;255m██[38;2;33;33;33m██[38;2;247;255;247m██[38;2;82;85;82m██[38;2;107;140;251m██[38;2;165;198;253m██[38;2;140;173;252m████[38;2;0;0;0m██              
[38;2;0;0;0m    [38;2;0;8;8m██[38;2;170;173;173m██[38;2;255;255;255m████[38;2;173;197;253m██[38;2;99;140;251m██[38;2;0;0;0m██████[38;2;255;255;255m██[38;2;181;199;197m██[38;2;255;255;255m████[38;2;129;134;118m██[38;2;247;255;255m██[38;2;206;214;211m██[38;2;140;173;252m████[38;2;0;0;0m██              
[38;2;0;0;0m  ██[38;2;255;255;255m██████[38;2;165;198;253m██[38;2;173;197;253m██[38;2;247;255;255m██[38;2;255;255;247m██[38;2;127;127;123m██[38;2;255;255;255m██████████[38;2;192;195;187m██[38;2;123;132;123m██[38;2;247;255;255m██[38;2;0;0;0m████                
[38;2;0;0;0m    ██████[38;2;107;140;251m██[38;2;255;255;255m████[38;2;132;132;116m██[38;2;189;193;185m██[38;2;255;255;255m████████████[38;2;189;198;189m██[38;2;0;0;0m██                    
[38;2;0;0;0m          ██████[38;2;132;132;116m██[38;2;247;255;255m██[38;2;255;255;255m██████[38;2;181;199;197m██[38;2;255;255;255m████[38;2;126;132;126m██[38;2;0;0;0m████                  
[38;2;0;0;0m                ██[38;2;247;255;247m██[38;2;255;255;255m████[38;2;66;66;66m██[38;2;255;255;255m████[38;2;192;195;187m██[38;2;255;255;255m████[38;2;170;173;173m██[38;2;0;8;8m██[38;2;0;0;0m██████          
[38;2;0;0;0m                ██[38;2;82;85;82m██[38;2;189;132;93m██[38;2;255;255;255m██[38;2;66;66;66m██[38;2;255;255;255m████[38;2;129;134;118m██[38;2;255;255;255m████████████[38;2;107;140;251m██[38;2;0;0;0m██████    
[38;2;0;0;0m                ██[38;2;247;181;87m██[38;2;255;189;111m██[38;2;173;127;77m██[38;2;255;255;255m██[38;2;170;171;170m██[38;2;0;0;0m██████[38;2;181;198;197m██[38;2;255;255;255m████[38;2;247;255;255m██[38;2;173;197;253m██[38;2;165;198;253m██[38;2;255;255;255m██████[38;2;0;0;0m██  
[38;2;0;0;0m              ██[38;2;247;181;87m████[38;2;173;127;77m██[38;2;8;4;8m██[38;2;0;4;0m████[38;2;0;0;0m      ██████[38;2;99;140;251m██[38;2;173;197;253m██[38;2;255;255;255m████[38;2;170;173;173m██[38;2;0;8;8m██[38;2;0;0;0m    
[38;2;0;0;0m            ██[38;2;132;132;116m██[38;2;159;132;109m████[38;2;0;0;0m██                  ██████[38;2;181;198;197m██[38;2;255;255;255m████[38;2;0;0;0m██  
[38;2;0;0;0m            ██[38;2;132;132;116m██[38;2;80;66;58m██[38;2;0;0;8m██[38;2;0;0;0m                          ██████    
[38;2;0;0;0m              ████                                      
[38;2;0;0;0m                                                        [0m
