
    [38;2;0;4;0m▄▄▄▄           [0m
  [38;2;115;206;251m[48;2;115;206;251m▀▀▀[48;2;148;231;252m▀[38;2;186;247;253m[48;2;181;247;253m▀▀[38;2;55;74;84m▀[38;2;0;4;0m[48;2;186;247;253m▀[48;2;181;247;253m▀[49m▄       [0m
 [38;2;0;4;0m[48;2;0;4;0m▀[38;2;82;154;206m[48;2;82;154;206m▀[38;2;115;206;251m▀[38;2;66;66;66m[48;2;82;156;202m▀[48;2;115;206;251m▀[38;2;115;208;251m[48;2;115;208;251m▀[38;2;181;247;253m▀[38;2;186;247;253m[48;2;186;247;253m▀▀[38;2;186;239;253m[48;2;186;239;253m▀[38;2;181;247;253m[48;2;115;208;251m▀[38;2;115;208;251m▀[38;2;0;8;8m[48;2;82;151;170m▀[38;2;0;4;0m[49m▄    [0m
 [38;2;0;4;0m[48;2;0;4;0m▀[38;2;82;148;210m[48;2;82;156;202m▀[38;2;66;61;74m[48;2;66;66;66m▀[38;2;115;206;251m▀[48;2;115;206;251m▀▀▀[38;2;118;209;251m[48;2;118;209;251m▀[48;2;66;66;66m▀▀▀▀[38;2;115;206;251m[48;2;118;209;251m▀[38;2;82;156;202m[48;2;82;156;202m▀[38;2;0;4;0m[49m▄   [0m
  [38;2;82;156;202m[48;2;82;156;202m▀[38;2;66;66;66m▀[38;2;115;206;251m[48;2;115;206;251m▀[38;2;159;66;76m[48;2;159;66;76m▀[38;2;66;66;66m[48;2;66;66;66m▀[38;2;115;206;251m▀▀[38;2;118;209;251m[48;2;118;209;251m▀[38;2;115;206;251m[48;2;115;206;251m▀[38;2;66;66;66m▀[38;2;115;206;251m▀[38;2;118;209;251m[48;2;118;209;251m▀[38;2;66;66;66m[48;2;82;156;202m▀[38;2;82;156;202m▀[38;2;0;4;0m[48;2;0;4;0m▀[49m  [0m
  [38;2;0;4;0m[48;2;0;4;0m▀[38;2;82;156;202m[48;2;115;206;251m▀[38;2;115;206;251m[48;2;118;209;251m▀[38;2;159;66;76m[48;2;159;66;76m▀[38;2;193;61;93m[48;2;160;63;76m▀[38;2;156;66;76m[48;2;255;123;143m▀[38;2;159;66;76m[48;2;255;126;143m▀[38;2;107;66;75m[48;2;160;63;76m▀[38;2;160;66;76m[48;2;156;66;76m▀[38;2;118;209;251m[48;2;118;209;251m▀▀[48;2;77;145;170m▀[38;2;66;66;66m[48;2;0;4;0m▀[38;2;0;4;0m[49m▀   [0m
  [38;2;0;4;0m[48;2;0;4;0m▀[38;2;115;206;251m[48;2;115;206;251m▀[38;2;118;209;251m[48;2;118;209;251m▀[38;2;115;206;251m[48;2;115;206;251m▀[38;2;255;123;143m[48;2;160;63;76m▀[48;2;255;123;143m▀[38;2;255;126;143m[48;2;255;126;143m▀[38;2;189;66;77m[48;2;148;214;252m▀[38;2;115;206;251m[48;2;74;111;190m▀[38;2;118;209;251m[48;2;118;209;251m▀▀[49m      [0m
   [38;2;0;4;0m[48;2;0;4;0m▀[38;2;118;209;251m[48;2;123;222;251m▀[48;2;118;209;251m▀[38;2;115;206;251m▀▀[48;2;66;66;66m▀[48;2;118;209;251m▀[38;2;118;209;251m[48;2;107;206;251m▀[38;2;46;71;81m[48;2;0;4;0m▀[38;2;8;4;0m[49m▀[38;2;0;4;0m▄[48;2;255;255;255m▀[38;2;82;94;106m[48;2;85;88;90m▀[38;2;55;64;71m[48;2;255;255;255m▀[38;2;0;4;0m[49m▄ [0m
    [38;2;82;156;202m[48;2;0;4;0m▀[38;2;82;156;205m[48;2;82;156;205m▀[38;2;107;206;251m[48;2;93;159;189m▀[38;2;66;66;66m[48;2;66;66;66m▀[38;2;115;206;251m[48;2;82;154;206m▀[38;2;82;156;202m[48;2;66;66;66m▀[38;2;35;57;67m[48;2;90;156;202m▀[49m  [38;2;78;88;106m[48;2;78;88;106m▀[38;2;79;91;103m[48;2;79;91;103m▀[38;2;255;255;255m[48;2;82;90;106m▀▀[38;2;0;4;0m[49m▀ [0m
  [38;2;0;8;8m▄▄[38;2;82;156;202m[48;2;82;154;206m▀[38;2;82;156;205m[48;2;82;156;205m▀[38;2;66;66;66m[48;2;82;156;202m▀[38;2;82;156;202m[48;2;66;66;66m▀[38;2;82;156;205m▀[38;2;82;156;202m[48;2;82;156;202m▀[38;2;0;4;0m▀[48;2;44;55;65m▀[38;2;78;88;106m[48;2;71;101;130m▀[38;2;79;91;103m[48;2;0;4;0m▀[38;2;0;4;0m[49m▀    [0m
  [38;2;35;57;67m[48;2;8;8;0m▀[38;2;90;156;202m▀[38;2;82;156;202m[48;2;0;4;0m▀[38;2;0;4;0m[49m▀▀[38;2;82;156;202m[48;2;0;4;0m▀[38;2;115;206;251m[48;2;115;206;251m▀[38;2;82;154;206m▀[38;2;38;57;67m[48;2;82;156;202m▀[38;2;82;156;202m[48;2;0;4;0m▀[38;2;0;4;0m[49m▀      [0m
        [38;2;0;0;0m▀[38;2;0;8;8m▀         [0m
