
[38;2;0;0;0m                                                
[38;2;0;0;0m                        [38;2;49;49;49m████[38;2;0;0;0m                    
[38;2;0;0;0m                    [38;2;49;49;49m████[38;2;115;115;115m██[38;2;49;49;49m██[38;2;0;0;0m                    
[38;2;0;0;0m                  [38;2;49;49;49m██[38;2;82;82;82m██[38;2;115;115;115m████[38;2;49;49;49m██[38;2;0;0;0m                    
[38;2;0;0;0m                  [38;2;49;49;49m██[38;2;115;115;115m██[38;2;82;82;82m████[38;2;0;0;0m                      
[38;2;0;0;0m                    [38;2;49;49;49m██[38;2;115;115;115m████[38;2;49;49;49m██[38;2;0;0;0m                    
[38;2;0;0;0m    [38;2;49;49;49m████████[38;2;0;0;0m      [38;2;49;49;49m██[38;2;115;115;115m████[38;2;82;82;82m██[38;2;49;49;49m██[38;2;0;0;0m                    
[38;2;0;0;0m  [38;2;49;49;49m██[38;2;57;98;74m████[38;2;74;123;106m████[38;2;49;49;49m██████[38;2;0;0;0m  [38;2;49;49;49m██[38;2;115;115;115m██[38;2;49;49;49m██[38;2;0;0;0m    [38;2;49;49;49m██████[38;2;0;0;0m            
[38;2;0;0;0m    [38;2;49;49;49m██[38;2;74;123;106m██[38;2;57;98;74m████[38;2;74;123;106m██████[38;2;49;49;49m████[38;2;115;115;115m██[38;2;49;49;49m██[38;2;0;0;0m  [38;2;49;49;49m██[38;2;74;164;98m████[38;2;49;49;49m██[38;2;0;0;0m            
[38;2;0;0;0m    [38;2;49;49;49m██[38;2;74;123;106m██████[38;2;57;98;74m██[38;2;82;82;82m████[38;2;115;115;115m██████[38;2;49;49;49m████[38;2;74;164;98m████[38;2;49;49;49m██[38;2;0;0;0m              
[38;2;0;0;0m      [38;2;49;49;49m██[38;2;74;123;106m██[38;2;82;82;82m████[38;2;115;115;115m████████████[38;2;82;82;82m██████[38;2;49;49;49m████[38;2;0;0;0m            
[38;2;0;0;0m      [38;2;49;49;49m██[38;2;57;98;74m██[38;2;82;82;82m██[38;2;255;255;255m██[38;2;115;115;115m██████████████[38;2;82;82;82m██[38;2;57;98;74m██[38;2;74;164;98m████[38;2;49;49;49m████[38;2;0;0;0m        
[38;2;0;0;0m    [38;2;49;49;49m██[38;2;156;205;74m██[38;2;82;82;82m██[38;2;115;115;115m██[38;2;49;49;49m██[38;2;115;115;115m██████████[38;2;82;82;82m██[38;2;115;115;115m██[38;2;82;82;82m██[38;2;74;164;98m██[38;2;57;98;74m████[38;2;74;164;98m████[38;2;49;49;49m██[38;2;0;0;0m      
[38;2;0;0;0m  [38;2;49;49;49m██[38;2;156;205;74m████[38;2;123;156;74m██[38;2;115;115;115m██[38;2;255;255;255m██[38;2;115;115;115m████████[38;2;255;255;255m██[38;2;115;115;115m██████[38;2;82;82;82m██[38;2;74;164;98m████[38;2;57;98;74m██[38;2;74;164;98m████[38;2;49;49;49m██[38;2;0;0;0m    
[38;2;0;0;0m  [38;2;49;49;49m██[38;2;156;205;74m████[38;2;255;255;255m██[38;2;82;82;82m██[38;2;115;115;115m██████████[38;2;49;49;49m██[38;2;189;189;189m██[38;2;115;115;115m████[38;2;82;82;82m██[38;2;57;98;74m██[38;2;74;164;98m████[38;2;57;98;74m██[38;2;74;164;98m██[38;2;49;49;49m██[38;2;0;0;0m    
[38;2;0;0;0m    [38;2;49;49;49m██[38;2;255;255;255m██[38;2;123;156;74m██[38;2;255;255;255m██[38;2;82;82;82m██[38;2;115;115;115m████████[38;2;255;255;255m██[38;2;115;115;115m████[38;2;82;82;82m██[38;2;156;205;74m██[38;2;82;82;82m██[38;2;57;98;74m██[38;2;74;164;98m████[38;2;57;98;74m██[38;2;74;164;98m██[38;2;49;49;49m██[38;2;0;0;0m  
[38;2;0;0;0m    [38;2;49;49;49m██[38;2;123;156;74m██[38;2;255;255;255m██[38;2;123;156;74m██[38;2;82;82;82m██[38;2;123;156;74m████[38;2;82;82;82m████████[38;2;123;156;74m██[38;2;156;205;74m██████[38;2;82;82;82m████[38;2;57;98;74m██[38;2;74;164;98m██[38;2;57;98;74m██[38;2;49;49;49m██[38;2;0;0;0m  
[38;2;0;0;0m      [38;2;49;49;49m████[38;2;123;156;74m██[38;2;82;82;82m██[38;2;123;156;74m██[38;2;82;82;82m██[38;2;156;205;74m████████[38;2;255;255;255m██[38;2;156;205;74m██████[38;2;123;156;74m████[38;2;82;82;82m██[38;2;49;49;49m██████[38;2;0;0;0m  
[38;2;0;0;0m          [38;2;49;49;49m██[38;2;82;82;82m████[38;2;156;205;74m████████[38;2;255;255;255m██[38;2;123;156;74m██[38;2;255;255;255m██[38;2;123;156;74m████[38;2;82;82;82m██[38;2;123;156;74m██[38;2;49;49;49m██[38;2;0;0;0m        
[38;2;0;0;0m            [38;2;49;49;49m██[38;2;156;205;74m██[38;2;255;255;255m██[38;2;156;205;74m██████[38;2;123;156;74m██[38;2;255;255;255m██[38;2;82;82;82m██[38;2;123;156;74m██████[38;2;49;49;49m██[38;2;0;0;0m          
[38;2;0;0;0m              [38;2;49;49;49m██[38;2;123;156;74m██[38;2;255;255;255m██[38;2;123;156;74m██████████[38;2;49;49;49m██████[38;2;0;0;0m            
[38;2;0;0;0m              [38;2;49;49;49m██[38;2;255;255;255m██[38;2;123;156;74m████████[38;2;49;49;49m████[38;2;0;0;0m                  
[38;2;0;0;0m                [38;2;49;49;49m██[38;2;123;156;74m██████[38;2;49;49;49m██[38;2;0;0;0m                      
[38;2;0;0;0m                  [38;2;49;49;49m██████[38;2;0;0;0m                        
[38;2;0;0;0m                                                [0m
