
       [38;2;49;49;49m▄▄           [0m
      [38;2;49;49;49m[48;2;49;49;49m▀[38;2;255;180;164m[48;2;255;180;164m▀[48;2;246;139;131m▀[38;2;49;49;49m[48;2;49;49;49m▀[49m          [0m
  [38;2;49;49;49m[48;2;49;49;49m▀[48;2;246;246;123m▀[49m▄[48;2;189;74;90m▀[38;2;255;180;164m[48;2;255;180;164m▀[38;2;246;139;131m[48;2;238;90;98m▀[38;2;238;90;98m▀[38;2;49;49;49m[48;2;189;74;90m▀[49m▄   ▄     [0m
  [38;2;49;49;49m[48;2;49;49;49m▀[38;2;246;246;123m[48;2;246;246;123m▀[48;2;197;148;65m▀[38;2;238;90;98m[48;2;238;90;98m▀▀▀▀▀[38;2;49;49;49m[48;2;49;49;49m▀[49m  [48;2;49;49;49m▀[38;2;246;246;123m[48;2;246;246;123m▀[38;2;49;49;49m[48;2;82;82;82m▀[49m▄[48;2;246;246;123m▀[49m▄ [0m
 [38;2;49;49;49m▄[48;2;148;148;123m▀[38;2;238;90;98m[48;2;238;90;98m▀[48;2;189;74;90m▀[48;2;148;148;123m▀[38;2;197;148;65m[48;2;246;246;123m▀[38;2;246;246;123m[48;2;49;49;49m▀[38;2;238;90;98m[48;2;246;246;123m▀[48;2;238;90;98m▀[38;2;189;74;90m▀[38;2;49;49;49m[48;2;82;82;82m▀[48;2;238;90;98m▀[38;2;238;90;98m▀[38;2;246;246;123m▀[38;2;197;148;65m[48;2;197;148;65m▀[38;2;246;246;123m[48;2;246;246;123m▀[48;2;49;49;49m▀[38;2;49;49;49m[49m▀ [0m
 [38;2;49;49;49m[48;2;49;49;49m▀[38;2;238;238;205m[48;2;238;238;205m▀[38;2;148;148;123m[48;2;197;197;164m▀[38;2;238;238;205m[48;2;238;238;205m▀▀[38;2;246;246;123m▀[38;2;49;49;49m[48;2;246;246;123m▀[38;2;246;246;123m[48;2;238;90;98m▀[38;2;238;90;98m[48;2;246;139;131m▀[48;2;255;180;164m▀[48;2;238;90;98m▀[38;2;246;139;131m▀[38;2;255;180;164m[48;2;255;180;164m▀[38;2;238;90;98m[48;2;238;90;98m▀[48;2;189;74;90m▀[38;2;49;49;49m[48;2;49;49;49m▀[49m   [0m
  [38;2;49;49;49m▀[38;2;148;148;123m[48;2;49;49;49m▀[38;2;238;238;205m▀▀[38;2;197;197;164m[48;2;148;148;123m▀[38;2;148;148;123m▀[48;2;197;197;164m▀[38;2;238;90;98m▀[38;2;255;180;164m[48;2;238;90;98m▀[38;2;238;90;98m▀[48;2;197;197;164m▀[38;2;189;74;90m▀[38;2;197;197;164m[48;2;148;148;123m▀[38;2;148;148;123m▀[38;2;255;255;255m[48;2;49;49;49m▀[38;2;49;49;49m▀[49m  [0m
     [38;2;49;49;49m▄[48;2;255;255;255m▀[38;2;197;197;164m[48;2;82;82;82m▀[48;2;148;148;123m▀[38;2;148;148;123m[48;2;197;197;164m▀[48;2;148;148;123m▀[38;2;197;197;164m▀[38;2;148;148;123m[48;2;255;255;255m▀[48;2;49;49;49m▀[38;2;255;255;255m▀[38;2;49;49;49m▀[49m    [0m
     [38;2;49;49;49m▀▀▀▀[38;2;148;148;123m[48;2;49;49;49m▀[38;2;255;255;255m▀[38;2;49;49;49m▀[49m▀▀      [0m
                    [0m
