
           [38;2;0;0;0m▄▄▄             [0m
         [38;2;0;0;0m▄[48;2;115;206;251m▀[38;2;115;206;251m▀▀[38;2;98;166;210m▀[38;2;0;0;0m[48;2;99;173;219m▀[48;2;66;115;146m▀[49m▄          [0m
         [38;2;0;0;0m▀[38;2;107;181;227m[48;2;0;0;0m▀[48;2;107;181;227m▀[38;2;115;206;251m[48;2;98;166;210m▀[38;2;98;166;210m▀[38;2;99;165;211m[48;2;99;165;211m▀▀[38;2;66;115;146m[48;2;99;173;219m▀[38;2;0;0;0m[48;2;0;0;0m▀[49m         [0m
         [38;2;0;0;0m▄▄[48;2;115;206;251m▀[38;2;66;66;66m[48;2;115;214;251m▀[38;2;99;165;189m[48;2;66;66;66m▀[38;2;99;165;211m[48;2;60;68;71m▀[48;2;80;117;141m▀[38;2;98;166;210m[48;2;115;206;251m▀[38;2;115;206;251m▀[38;2;0;0;0m▀[49m▄       [0m
       [38;2;0;0;0m▄[38;2;8;0;0m[48;2;123;206;243m▀[38;2;46;69;81m[48;2;8;0;0m▀[38;2;115;206;251m[48;2;0;0;0m▀[48;2;115;206;251m▀▀▀▀▀▀▀▀[38;2;0;0;0m▀[49m▄      [0m
  [38;2;0;0;0m▄▄▄▄[48;2;115;206;251m▀[38;2;115;206;251m▀[38;2;66;66;66m[48;2;66;66;66m▀[38;2;115;206;251m[48;2;115;206;251m▀[38;2;0;0;0m▀[38;2;115;206;251m▀▀[48;2;66;123;154m▀[38;2;46;63;76m[48;2;107;189;227m▀[38;2;16;0;0m▀[38;2;107;198;243m[48;2;0;0;0m▀[38;2;71;132;162m[48;2;71;132;162m▀[38;2;115;206;251m[48;2;115;206;251m▀▀[38;2;0;0;0m[48;2;0;0;0m▀[49m      [0m
 [38;2;0;0;0m▀[38;2;115;206;251m[48;2;0;0;0m▀[48;2;115;206;251m▀▀▀▀[48;2;0;0;0m▀[38;2;0;0;0m[49m▀[38;2;66;66;66m[48;2;0;0;0m▀[38;2;148;206;244m[48;2;99;61;59m▀[38;2;99;61;59m[48;2;115;109;121m▀[38;2;115;206;251m[48;2;66;66;66m▀[48;2;115;206;251m▀[48;2;66;66;66m▀[48;2;115;206;251m▀[38;2;115;214;251m[48;2;57;70;81m▀[38;2;76;118;138m[48;2;96;166;194m▀[38;2;115;206;251m[48;2;66;66;66m▀[48;2;115;206;251m▀▀[38;2;0;0;0m[48;2;0;0;0m▀[49m ▄▄  [0m
   [38;2;0;0;0m▀▀▀▀  ▀[38;2;140;165;196m[48;2;33;0;1m▀[38;2;104;110;131m[48;2;140;165;196m▀[38;2;195;107;99m[48;2;195;107;99m▀[38;2;74;57;58m[48;2;255;132;119m▀[38;2;195;112;107m[48;2;255;140;127m▀[38;2;74;57;66m▀[38;2;104;110;131m[48;2;140;165;196m▀[38;2;140;165;196m[48;2;33;0;1m▀[38;2;46;63;76m[48;2;16;0;0m▀[38;2;107;189;227m[48;2;107;189;227m▀[38;2;99;165;211m[48;2;99;165;211m▀[38;2;0;0;0m[48;2;0;0;0m▀[48;2;66;66;66m▀[38;2;66;66;66m[48;2;0;0;0m▀▀[38;2;0;0;0m[49m▀ [0m
          [38;2;0;0;0m▄[48;2;115;206;251m▀[38;2;132;82;68m[48;2;132;214;252m▀[38;2;132;126;129m[48;2;132;170;191m▀[38;2;222;181;182m[48;2;127;137;151m▀[38;2;33;94;121m▀[38;2;0;0;0m[48;2;115;206;251m▀[49m▄▀[38;2;99;165;211m[48;2;0;0;0m▀[48;2;99;165;211m▀▀[38;2;0;0;0m▀[49m▄   [0m
          [38;2;0;0;0m▀[38;2;66;66;66m[48;2;0;0;0m▀[38;2;115;206;251m[48;2;115;206;251m▀[48;2;66;66;66m▀[48;2;66;123;154m▀[48;2;115;206;251m▀[48;2;66;66;66m▀▀[38;2;0;0;0m[48;2;0;0;0m▀[49m▀[38;2;99;165;211m[48;2;0;0;0m▀[48;2;99;165;211m▀[48;2;0;0;0m▀[38;2;0;0;0m[49m▀   [0m
           [38;2;0;0;0m▀[38;2;66;123;154m[48;2;0;0;0m▀▀[38;2;66;66;66m[48;2;99;165;211m▀▀[38;2;107;165;211m[48;2;41;58;70m▀[38;2;8;4;0m[48;2;8;4;0m▀[49m   [38;2;0;0;0m▀     [0m
              [38;2;0;0;0m▀▀▀          [0m
