
       [38;2;0;0;0m▄▄▄         [0m
    [38;2;0;0;0m▄[48;2;195;239;131m▀[38;2;198;255;134m▀▀[38;2;148;214;92m[48;2;148;214;92m▀▀▀[38;2;0;0;0m▀[49m▄      [0m
   [38;2;0;0;0m▄[38;2;148;214;92m[48;2;148;214;92m▀▀[38;2;197;236;131m▀▀[38;2;148;214;92m▀▀▀▀▀[38;2;0;0;0m[49m▄     [0m
   [38;2;0;0;0m[48;2;0;0;0m▀[38;2;148;214;92m[48;2;66;66;66m▀▀[48;2;148;214;92m▀▀[38;2;66;66;66m[48;2;255;255;255m▀[38;2;181;181;189m[48;2;0;0;0m▀[38;2;8;4;0m▀[38;2;66;78;50m[48;2;66;78;50m▀[38;2;74;70;58m[48;2;140;173;68m▀[38;2;0;0;0m[48;2;0;0;0m▀[49m     [0m
 [38;2;0;0;0m▄[38;2;250;192;79m[48;2;250;192;79m▀▀[38;2;247;189;79m[48;2;193;172;93m▀[38;2;192;176;91m[48;2;192;176;91m▀[38;2;140;173;68m[48;2;140;173;68m▀▀[38;2;66;66;66m▀▀▀[38;2;140;173;68m▀[48;2;0;0;0m▀[49m      [0m
  [38;2;214;181;86m[48;2;0;0;0m▀[38;2;0;0;0m[49m▀  [38;2;66;66;66m[48;2;88;93;104m▀[38;2;140;173;68m[48;2;66;66;66m▀▀▀[38;2;66;66;66m[48;2;88;93;104m▀[38;2;107;93;67m[48;2;66;66;66m▀[38;2;156;66;68m[48;2;156;66;68m▀[38;2;0;0;0m[49m▄     [0m
    [38;2;0;0;0m[48;2;255;255;255m▀[38;2;140;214;100m[48;2;148;214;92m▀[38;2;87;93;101m[48;2;231;115;111m▀[38;2;148;214;92m▀[38;2;93;104;88m[48;2;255;255;255m▀[38;2;66;78;50m▀[38;2;156;166;140m▀[38;2;148;214;92m[48;2;148;214;92m▀[38;2;66;66;66m▀[38;2;156;66;68m[48;2;156;66;68m▀[38;2;0;0;0m[48;2;231;90;103m▀[49m    [0m
   [38;2;0;0;0m▄[38;2;255;255;255m[48;2;255;255;255m▀[38;2;66;66;66m[48;2;82;86;90m▀[38;2;148;115;88m[48;2;255;255;255m▀[38;2;66;115;66m▀[38;2;129;129;129m[48;2;231;90;103m▀[38;2;123;132;134m[48;2;255;140;87m▀[38;2;255;255;255m[48;2;214;129;105m▀[38;2;148;214;92m[48;2;66;66;66m▀[48;2;156;222;92m▀[38;2;231;90;103m[48;2;66;66;66m▀[48;2;231;90;103m▀[38;2;0;0;0m[49m▄   [0m
   [38;2;0;0;0m[48;2;0;0;0m▀[38;2;255;255;255m[48;2;87;93;103m▀[38;2;85;93;101m[48;2;255;255;255m▀[38;2;255;255;255m▀▀[38;2;123;132;134m[48;2;211;214;211m▀[38;2;214;129;105m[48;2;214;222;182m▀[38;2;255;140;87m[48;2;66;74;50m▀[38;2;156;222;84m[48;2;140;173;68m▀[38;2;140;173;68m▀[38;2;66;66;66m[48;2;66;66;66m▀[38;2;231;90;103m[48;2;231;90;103m▀[38;2;231;90;106m[48;2;231;90;106m▀[38;2;0;0;0m[48;2;231;90;103m▀[49m  [0m
   [38;2;0;0;0m[48;2;0;0;0m▀[38;2;87;93;103m[48;2;82;86;90m▀[38;2;255;255;255m[48;2;156;125;128m▀[48;2;231;90;108m▀[38;2;211;211;211m▀[38;2;211;214;211m[48;2;156;125;128m▀[38;2;66;74;50m[48;2;66;74;66m▀[38;2;140;148;116m[48;2;156;140;72m▀[38;2;247;189;79m[48;2;247;189;79m▀[48;2;247;206;87m▀[38;2;66;66;66m[49m▀[38;2;231;90;103m[48;2;0;0;0m▀[38;2;231;90;106m[48;2;231;90;106m▀[38;2;231;90;103m▀[38;2;0;0;0m[49m▄ [0m
    [38;2;66;66;66m[48;2;214;214;214m▀[38;2;88;93;104m[48;2;231;198;199m▀[48;2;156;66;68m▀▀[38;2;90;94;98m[49m▀[38;2;82;63;48m[48;2;0;0;0m▀[38;2;247;189;95m[48;2;154;63;69m▀[38;2;82;63;48m[49m▀[38;2;0;0;0m▀ ▀[38;2;231;90;103m▀▀  [0m
    [38;2;0;0;0m▀[38;2;8;0;0m▀[38;2;0;0;0m▀▀[48;2;0;0;0m▀[38;2;154;63;69m[48;2;16;0;0m▀[38;2;231;94;103m▀[38;2;0;0;0m[49m▀       [0m
                   [0m
