
[38;2;0;0;0m                                                              
[38;2;0;0;0m    [38;2;49;49;49m████[38;2;0;0;0m  [38;2;49;49;49m████[38;2;0;0;0m  [38;2;49;49;49m██[38;2;0;0;0m    [38;2;49;49;49m██[38;2;0;0;0m  [38;2;49;49;49m████[38;2;0;0;0m  [38;2;49;49;49m████[38;2;0;0;0m    [38;2;49;49;49m██[38;2;0;0;0m    [38;2;49;49;49m██[38;2;0;0;0m  [38;2;49;49;49m████[38;2;0;0;0m        
[38;2;0;0;0m  [38;2;49;49;49m██[38;2;82;82;82m██[38;2;255;148;65m██[38;2;49;49;49m████[38;2;255;246;156m██[38;2;49;49;49m██[38;2;255;49;49m██[38;2;49;49;49m████[38;2;205;197;98m██[38;2;49;49;49m██[38;2;65;172;156m██[38;2;49;49;49m██[38;2;0;0;0m  [38;2;49;49;49m██[38;2;65;172;156m██[38;2;49;49;49m████[38;2;205;197;98m██[38;2;49;49;49m████[38;2;205;197;98m██[38;2;49;49;49m██[38;2;255;148;65m██[38;2;49;49;49m██[38;2;0;0;0m        
[38;2;0;0;0m  [38;2;49;49;49m██[38;2;255;246;156m██[38;2;82;82;82m██[38;2;255;148;65m██[38;2;82;82;82m██[38;2;172;156;57m██[38;2;255;246;156m██[38;2;172;156;57m██[38;2;255;49;49m██[38;2;49;49;49m██[38;2;205;197;98m██[38;2;65;172;156m██[38;2;49;49;49m██[38;2;0;0;0m      [38;2;49;49;49m██[38;2;65;172;156m██[38;2;82;82;82m████[38;2;255;49;49m██[38;2;82;82;82m████[38;2;255;148;65m██[38;2;82;82;82m██[38;2;49;49;49m████[38;2;0;0;0m      
[38;2;0;0;0m    [38;2;49;49;49m██[38;2;255;246;156m████[38;2;205;197;98m██[38;2;82;82;82m████[38;2;255;246;156m████[38;2;172;156;57m██[38;2;82;82;82m██[38;2;205;197;98m██[38;2;57;65;139m██[38;2;49;49;49m██[38;2;0;0;0m    [38;2;49;49;49m██[38;2;65;172;156m██[38;2;205;197;98m██[38;2;255;49;49m██[38;2;82;82;82m████[38;2;255;148;65m████[38;2;82;82;82m██[38;2;255;246;156m██[38;2;49;49;49m██[38;2;0;0;0m      
[38;2;0;0;0m      [38;2;49;49;49m████[38;2;255;246;156m████[38;2;205;197;98m██[38;2;82;82;82m████[38;2;255;246;156m██[38;2;57;65;139m████[38;2;139;74;164m██[38;2;49;49;49m██[38;2;0;0;0m      [38;2;49;49;49m██[38;2;172;156;57m██[38;2;82;82;82m██[38;2;205;197;98m██[38;2;82;82;82m██[38;2;255;148;65m██[38;2;82;82;82m██[38;2;255;246;156m██[38;2;49;49;49m██[38;2;0;0;0m        
[38;2;0;0;0m        [38;2;49;49;49m██[38;2;65;65;65m██[38;2;172;156;57m██[38;2;255;246;156m██[38;2;57;65;139m██████[38;2;255;131;255m██[38;2;57;65;139m████[38;2;139;74;164m██[38;2;49;49;49m██████[38;2;90;106;213m██[38;2;82;82;82m██[38;2;205;197;98m██[38;2;172;156;57m██[38;2;82;82;82m██[38;2;205;197;98m██[38;2;255;246;156m██[38;2;49;49;49m██[38;2;0;0;0m          
[38;2;0;0;0m        [38;2;49;49;49m██[38;2;255;148;65m██[38;2;65;65;65m██[38;2;205;197;98m██[38;2;57;65;139m██[38;2;205;197;98m██[38;2;57;65;139m████[38;2;255;131;255m██[38;2;57;65;139m██████[38;2;205;197;98m██[38;2;90;106;213m██[38;2;255;246;156m██[38;2;82;82;82m████[38;2;255;246;156m██████[38;2;49;49;49m██[38;2;0;0;0m            
[38;2;0;0;0m          [38;2;49;49;49m██[38;2;255;148;65m██[38;2;65;65;65m██[38;2;205;197;98m██[38;2;57;65;139m██[38;2;205;197;98m██[38;2;57;65;139m██████[38;2;205;197;98m██[38;2;82;82;82m██[38;2;90;106;213m██[38;2;82;82;82m████[38;2;255;246;156m████[38;2;172;156;57m██[38;2;82;82;82m████[38;2;49;49;49m██[38;2;0;0;0m            
[38;2;0;0;0m            [38;2;49;49;49m██████[38;2;172;156;57m██[38;2;57;65;139m████[38;2;172;156;57m██[38;2;205;197;98m██[38;2;82;82;82m██[38;2;255;246;156m██[38;2;65;82;164m██[38;2;255;246;156m██████[38;2;82;82;82m██[38;2;255;148;65m████[38;2;49;49;49m██[38;2;0;0;0m              
[38;2;0;0;0m                  [38;2;49;49;49m██[38;2;205;197;98m██[38;2;82;82;82m████[38;2;90;106;213m██[38;2;65;82;164m████[38;2;255;246;156m████[38;2;65;82;164m██[38;2;65;65;65m██[38;2;49;49;49m██████[38;2;0;0;0m                
[38;2;0;0;0m                  [38;2;49;49;49m██[38;2;82;82;82m██[38;2;255;246;156m██[38;2;65;82;164m██[38;2;90;106;213m██[38;2;49;49;49m██[38;2;255;255;255m██[38;2;205;197;98m██[38;2;65;65;65m████[38;2;90;106;213m██[38;2;49;49;49m██[38;2;0;0;0m                    
[38;2;0;0;0m                [38;2;49;49;49m██[38;2;255;246;156m████[38;2;65;82;164m██[38;2;90;106;213m██[38;2;65;82;164m██[38;2;255;246;156m████[38;2;90;106;213m██████[38;2;49;49;49m██[38;2;0;0;0m                      
[38;2;0;0;0m                  [38;2;49;49;49m██[38;2;205;197;98m██[38;2;65;82;164m██[38;2;90;106;213m████████[38;2;65;65;65m██[38;2;49;49;49m████[38;2;0;0;0m      [38;2;49;49;49m██████[38;2;0;0;0m            
[38;2;0;0;0m                    [38;2;49;49;49m████[38;2;65;82;164m██[38;2;90;106;213m████[38;2;57;65;139m██[38;2;49;49;49m██[38;2;0;0;0m        [38;2;49;49;49m██[38;2;65;82;164m██████[38;2;49;49;49m████████[38;2;0;0;0m    
[38;2;0;0;0m                        [38;2;49;49;49m████[38;2;65;82;164m████[38;2;49;49;49m██[38;2;0;0;0m    [38;2;49;49;49m████[38;2;65;65;65m██████████[38;2;82;82;82m██████[38;2;49;49;49m██[38;2;0;0;0m  
[38;2;0;0;0m                  [38;2;49;49;49m████[38;2;0;0;0m    [38;2;49;49;49m██[38;2;65;82;164m██[38;2;90;106;213m██[38;2;49;49;49m██[38;2;0;0;0m  [38;2;49;49;49m██[38;2;65;65;65m██[38;2;90;106;213m██[38;2;65;65;65m██[38;2;82;82;82m██[38;2;65;65;65m██████████[38;2;49;49;49m██[38;2;0;0;0m    
[38;2;0;0;0m                  [38;2;49;49;49m██[38;2;65;82;164m██[38;2;49;49;49m██████[38;2;90;106;213m████[38;2;65;65;65m██[38;2;49;49;49m████[38;2;90;106;213m██[38;2;65;82;164m██[38;2;65;65;65m██[38;2;82;82;82m████[38;2;65;65;65m██[38;2;82;82;82m████[38;2;49;49;49m██[38;2;0;0;0m      
[38;2;0;0;0m                  [38;2;49;49;49m██[38;2;65;82;164m████[38;2;65;65;65m██[38;2;90;106;213m██[38;2;205;197;98m██[38;2;90;106;213m████[38;2;65;65;65m██[38;2;90;106;213m██████[38;2;65;65;65m██[38;2;82;82;82m████[38;2;65;65;65m██[38;2;49;49;49m████[38;2;0;0;0m        
[38;2;0;0;0m                    [38;2;49;49;49m██[38;2;65;82;164m██████[38;2;255;246;156m██[38;2;65;82;164m██[38;2;90;106;213m████████[38;2;65;65;65m██[38;2;82;82;82m██████[38;2;49;49;49m██[38;2;0;0;0m            
[38;2;0;0;0m                      [38;2;49;49;49m██[38;2;65;82;164m██[38;2;205;197;98m██[38;2;255;246;156m██[38;2;205;197;98m██[38;2;90;106;213m██████[38;2;65;65;65m██[38;2;82;82;82m████████[38;2;49;49;49m██[38;2;0;0;0m            
[38;2;0;0;0m                      [38;2;49;49;49m████[38;2;255;246;156m██[38;2;65;65;65m██[38;2;255;246;156m██[38;2;90;106;213m██[38;2;65;65;65m██[38;2;49;49;49m████[38;2;65;65;65m██[38;2;82;82;82m████[38;2;49;49;49m██[38;2;0;0;0m              
[38;2;0;0;0m                      [38;2;49;49;49m██[38;2;65;65;65m██[38;2;49;49;49m██[38;2;82;82;82m██[38;2;172;156;57m██[38;2;90;106;213m██[38;2;65;65;65m██[38;2;49;49;49m██[38;2;0;0;0m  [38;2;49;49;49m██[38;2;82;82;82m████[38;2;49;49;49m██[38;2;0;0;0m              
[38;2;0;0;0m                      [38;2;49;49;49m██[38;2;65;65;65m████[38;2;49;49;49m██[38;2;65;65;65m████[38;2;49;49;49m██[38;2;0;0;0m      [38;2;49;49;49m██[38;2;82;82;82m██[38;2;205;197;98m██[38;2;49;49;49m██[38;2;0;0;0m            
[38;2;0;0;0m                        [38;2;49;49;49m██[38;2;65;65;65m██[38;2;49;49;49m██[38;2;172;156;57m██[38;2;65;65;65m██[38;2;49;49;49m██[38;2;0;0;0m      [38;2;49;49;49m██[38;2;82;82;82m██[38;2;205;197;98m██[38;2;49;49;49m██[38;2;0;0;0m            
[38;2;0;0;0m                        [38;2;49;49;49m██[38;2;65;65;65m██[38;2;205;197;98m██[38;2;82;82;82m██[38;2;255;246;156m██[38;2;49;49;49m██[38;2;0;0;0m      [38;2;49;49;49m██[38;2;255;246;156m██[38;2;49;49;49m██[38;2;0;0;0m              
[38;2;0;0;0m                        [38;2;49;49;49m██[38;2;65;65;65m██[38;2;172;156;57m██[38;2;82;82;82m██[38;2;205;197;98m██[38;2;49;49;49m██[38;2;0;0;0m      [38;2;49;49;49m██[38;2;205;197;98m██[38;2;49;49;49m██[38;2;0;0;0m              
[38;2;0;0;0m                          [38;2;49;49;49m██[38;2;65;65;65m██[38;2;205;197;98m██[38;2;49;49;49m██[38;2;0;0;0m        [38;2;49;49;49m████[38;2;0;0;0m                
[38;2;0;0;0m                            [38;2;49;49;49m██[38;2;255;246;156m██[38;2;49;49;49m██[38;2;0;0;0m                            
[38;2;0;0;0m                            [38;2;49;49;49m██[38;2;205;197;98m██[38;2;49;49;49m██[38;2;0;0;0m                            
[38;2;0;0;0m                              [38;2;49;49;49m██[38;2;0;0;0m                              
[38;2;0;0;0m                                                              [0m
