
         [38;2;0;0;0m▄▄▄            [0m
        [38;2;0;0;0m▄[48;2;0;0;0m▀[38;2;115;118;115m[48;2;115;118;115m▀▀[38;2;0;0;0m[48;2;115;115;115m▀[49m▄          [0m
      [38;2;0;0;0m▄[48;2;115;115;115m▀[38;2;66;66;66m▀[38;2;115;115;115m▀[48;2;189;49;45m▀[48;2;115;115;115m▀▀[38;2;0;0;0m▀[49m▄         [0m
   [38;2;0;0;0m▄▄ [48;2;0;0;0m▀[38;2;115;115;115m[48;2;115;115;115m▀▀[38;2;208;63;43m[48;2;208;63;43m▀[38;2;173;49;39m[48;2;8;0;8m▀[48;2;255;74;55m▀[38;2;115;115;115m[48;2;66;66;66m▀[38;2;66;66;66m▀[38;2;0;0;0m▀[49m▄        [0m
 [38;2;0;0;0m▄[38;2;0;4;0m[48;2;115;119;115m▀[38;2;115;119;115m[48;2;57;61;57m▀[38;2;118;122;118m[48;2;63;63;63m▀[38;2;8;4;8m▀[38;2;66;66;66m[49m▄[38;2;0;0;0m[48;2;0;0;0m▀[38;2;66;66;66m▀[48;2;66;66;66m▀[38;2;231;74;47m▀[38;2;66;66;66m▀[38;2;231;86;63m[48;2;77;45;42m▀[38;2;77;45;42m[48;2;0;24;32m▀[38;2;66;66;66m[48;2;0;0;0m▀[38;2;0;0;0m[49m▀        [0m
 [38;2;0;0;0m▀[38;2;66;66;66m[48;2;0;0;0m▀▀▀[38;2;0;0;0m[49m▀▀▄[48;2;247;239;119m▀[38;2;247;239;119m▀[38;2;247;231;47m[48;2;255;255;255m▀▀[38;2;80;77;42m[48;2;239;231;63m▀[48;2;0;0;32m▀[38;2;115;115;115m[48;2;0;0;0m▀[38;2;0;0;0m[48;2;115;115;115m▀▀[49m▄▄[48;2;115;115;115m▀[48;2;115;119;115m▀[48;2;57;59;57m▀[49m▄ [0m
       [38;2;0;0;0m[48;2;0;0;0m▀[38;2;189;165;93m[48;2;189;165;93m▀[38;2;255;255;255m[48;2;255;255;255m▀[38;2;189;165;93m[48;2;189;165;93m▀[48;2;247;231;47m▀[38;2;247;231;47m▀[38;2;0;0;0m[48;2;0;0;0m▀[49m ▀[38;2;66;66;66m[48;2;0;0;0m▀▀[38;2;115;115;115m[48;2;66;66;66m▀▀[38;2;66;66;66m▀[48;2;0;0;0m▀[38;2;0;0;0m[49m▀ [0m
        [38;2;0;0;0m▀[38;2;189;165;93m[48;2;0;0;0m▀[38;2;187;176;67m[48;2;66;66;74m▀[38;2;247;231;63m▀[38;2;66;66;66m[48;2;0;0;0m▀[38;2;0;0;0m[49m▀    ▀▀▀   [0m
          [38;2;0;0;0m▀▀            [0m
