
[38;2;0;0;0m                                                
[38;2;0;0;0m            [38;2;0;4;0m██[38;2;0;0;0m                                  
[38;2;0;0;0m          [38;2;0;4;0m██[38;2;140;115;116m██[38;2;0;4;0m██[38;2;0;0;0m        [38;2;0;4;0m████[38;2;0;0;0m                    
[38;2;0;0;0m          [38;2;0;4;0m██[38;2;140;115;116m██[38;2;0;4;0m██[38;2;0;0;0m    [38;2;0;4;0m████[38;2;189;165;125m████[38;2;0;4;0m██[38;2;0;0;0m                  
[38;2;0;0;0m        [38;2;0;4;0m██[38;2;140;115;112m████[38;2;0;4;0m██[38;2;0;0;0m  [38;2;0;4;0m██[38;2;189;165;125m██[38;2;187;170;107m██[38;2;66;66;66m██[38;2;52;74;49m██[38;2;0;0;8m██[38;2;0;0;0m                  
[38;2;0;0;0m        [38;2;0;4;0m██[38;2;140;115;112m██[38;2;66;66;66m██[38;2;66;65;66m██[38;2;0;4;0m██[38;2;189;165;125m████[38;2;66;66;66m██[38;2;247;222;127m██[38;2;156;222;132m██[38;2;0;0;8m██[38;2;0;0;0m                  
[38;2;0;0;0m        [38;2;0;4;0m██[38;2;255;255;255m██████[38;2;195;164;110m██[38;2;198;165;126m██[38;2;71;66;74m██[38;2;222;233;91m██[38;2;255;239;71m██[38;2;148;222;132m██[38;2;0;4;0m██[38;2;0;0;0m                  
[38;2;0;0;0m      [38;2;0;4;0m██[38;2;255;255;255m██████[38;2;195;164;110m████[38;2;198;165;126m██[38;2;135;115;100m██[38;2;255;239;71m██[38;2;156;222;132m██[38;2;148;222;132m██[38;2;0;4;0m██[38;2;0;0;0m            [38;2;0;4;0m██[38;2;0;0;0m    
[38;2;0;0;0m    [38;2;0;4;0m██[38;2;195;164;126m██[38;2;255;255;255m██████[38;2;189;162;82m██[38;2;255;239;71m██[38;2;193;164;125m████[38;2;123;126;102m██[38;2;173;190;130m██[38;2;0;4;0m██[38;2;0;0;0m            [38;2;0;4;0m██[38;2;255;239;71m██[38;2;0;4;0m██[38;2;0;0;0m  
[38;2;0;0;0m    [38;2;0;4;0m██[38;2;255;255;255m██████[38;2;189;165;85m██[38;2;255;239;71m██████[38;2;193;164;125m██[38;2;173;190;130m██[38;2;74;61;74m██[38;2;0;4;0m██[38;2;0;0;0m          [38;2;0;4;0m██[38;2;66;65;66m██[38;2;255;239;71m██[38;2;0;4;0m██[38;2;0;0;0m  
[38;2;0;0;0m    [38;2;0;4;0m██[38;2;255;255;255m██████[38;2;189;165;85m██[38;2;239;255;223m██[38;2;57;78;41m██[38;2;255;239;71m██[38;2;193;164;125m██[38;2;164;160;148m██[38;2;74;66;58m██[38;2;255;239;71m██[38;2;0;0;16m██[38;2;0;4;0m████[38;2;0;0;0m  [38;2;0;4;0m██[38;2;255;247;71m██[38;2;173;167;50m██[38;2;255;239;71m██[38;2;0;4;0m██[38;2;0;0;0m  
[38;2;0;0;0m  [38;2;0;4;0m██[38;2;255;239;71m████[38;2;255;255;255m██████[38;2;178;196;162m██[38;2;118;137;102m██[38;2;255;239;71m██[38;2;193;164;125m██[38;2;255;255;239m██[38;2;74;66;58m██[38;2;255;239;71m██[38;2;85;80;34m██[38;2;173;198;125m████[38;2;0;4;0m██[38;2;66;65;66m██[38;2;255;247;71m██[38;2;8;8;8m██[38;2;0;4;0m██[38;2;0;0;0m    
[38;2;0;0;0m  [38;2;0;4;0m██[38;2;255;255;255m██[38;2;151;126;130m██[38;2;255;255;255m██████████████[38;2;66;66;66m██[38;2;255;239;71m████[38;2;66;66;66m██[38;2;192;165;125m████[38;2;148;206;132m██[38;2;255;222;71m██[38;2;0;4;0m██[38;2;0;0;0m        
[38;2;0;0;0m    [38;2;0;4;0m██[38;2;99;61;67m████[38;2;66;66;66m████[38;2;255;255;255m██████[38;2;66;66;66m██[38;2;255;239;71m██████[38;2;66;66;66m██[38;2;192;165;125m████[38;2;184;211;112m██[38;2;148;206;132m██[38;2;255;239;71m██[38;2;0;4;0m██[38;2;0;0;0m      
[38;2;0;0;0m      [38;2;16;0;0m██[38;2;119;61;67m██[38;2;90;57;66m██[38;2;198;198;190m██[38;2;214;206;150m██[38;2;74;70;58m██[38;2;66;66;66m██[38;2;255;239;71m██████[38;2;66;66;66m██[38;2;192;165;123m██[38;2;192;165;125m████████[38;2;173;198;125m██[38;2;0;4;0m██[38;2;0;0;0m      
[38;2;0;0;0m    [38;2;0;4;0m██[38;2;119;61;67m██[38;2;222;123;134m██[38;2;90;57;66m████[38;2;74;70;58m██[38;2;167;161;119m██[38;2;255;239;71m████[38;2;193;181;69m████[38;2;66;66;66m██[38;2;192;165;123m██[38;2;192;165;125m████████[38;2;173;198;125m██[38;2;0;4;0m██[38;2;0;0;0m      
[38;2;0;0;0m    [38;2;0;4;0m██[38;2;206;140;150m██[38;2;0;4;0m██[38;2;189;173;69m████[38;2;192;181;67m████[38;2;192;181;69m████[38;2;192;176;96m██[38;2;66;66;66m██[38;2;193;164;125m████████[38;2;170;173;162m██[38;2;231;222;207m██[38;2;140;148;148m██[38;2;0;4;0m██[38;2;0;0;0m      
[38;2;0;0;0m      [38;2;0;4;0m██[38;2;0;0;0m  [38;2;0;4;0m██[38;2;189;173;69m██[38;2;192;181;67m████[38;2;192;181;69m██[38;2;66;66;66m████[38;2;192;176;96m██[38;2;193;164;125m██[38;2;222;222;222m██████[38;2;140;148;140m████[38;2;0;4;0m██[38;2;0;0;0m        
[38;2;0;0;0m            [38;2;0;4;0m██[38;2;66;66;66m████[38;2;66;74;74m██[38;2;255;255;255m██████[38;2;66;65;66m██[38;2;0;4;0m████[38;2;66;65;66m██[38;2;222;222;222m████[38;2;0;4;0m██[38;2;0;0;0m        
[38;2;0;0;0m            [38;2;0;4;0m██[38;2;136;148;148m██[38;2;66;66;66m██[38;2;255;255;255m██[38;2;129;134;134m██[38;2;255;255;255m██[38;2;135;146;147m██[38;2;0;4;0m██[38;2;0;0;0m    [38;2;0;4;0m██████[38;2;0;0;0m          
[38;2;0;0;0m              [38;2;0;4;0m████████████[38;2;0;0;0m                      
[38;2;0;0;0m                                                [0m
