
[38;2;0;0;0m                                                                
[38;2;0;0;0m                                      [38;2;49;49;49m████[38;2;0;0;0m  [38;2;49;49;49m████[38;2;0;0;0m                
[38;2;0;0;0m                                    [38;2;49;49;49m██[38;2;255;255;255m████[38;2;49;49;49m██[38;2;98;131;57m██[38;2;49;49;49m██[38;2;0;0;0m  [38;2;49;49;49m████[38;2;0;0;0m          
[38;2;0;0;0m                                    [38;2;49;49;49m██[38;2;189;189;189m██[38;2;255;255;255m████[38;2;82;82;82m████[38;2;49;49;49m██[38;2;98;131;57m██[38;2;49;49;49m██[38;2;0;0;0m          
[38;2;0;0;0m                                      [38;2;49;49;49m████[38;2;189;189;189m██[38;2;82;82;82m██[38;2;115;115;115m██[38;2;82;82;82m██[38;2;98;131;57m██[38;2;49;49;49m████████[38;2;0;0;0m    
[38;2;0;0;0m                                          [38;2;49;49;49m██[38;2;115;115;115m████[38;2;82;82;82m██[38;2;115;115;115m██[38;2;189;189;189m██[38;2;255;255;255m████[38;2;189;189;189m██[38;2;49;49;49m██[38;2;0;0;0m  
[38;2;0;0;0m        [38;2;49;49;49m██████[38;2;0;0;0m            [38;2;49;49;49m██[38;2;0;0;0m              [38;2;49;49;49m██[38;2;82;82;82m████[38;2;123;164;74m██[38;2;49;49;49m████[38;2;189;189;189m██[38;2;255;255;255m████[38;2;49;49;49m██[38;2;0;0;0m  
[38;2;0;0;0m    [38;2;49;49;49m████[38;2;230;98;57m██████[38;2;49;49;49m████[38;2;0;0;0m      [38;2;49;49;49m██[38;2;115;115;115m██[38;2;49;49;49m██[38;2;0;0;0m    [38;2;49;49;49m██[38;2;0;0;0m    [38;2;49;49;49m██[38;2;230;98;57m████[38;2;123;164;74m██[38;2;98;131;57m██[38;2;49;49;49m██[38;2;0;0;0m  [38;2;49;49;49m██████[38;2;0;0;0m    
[38;2;0;0;0m  [38;2;49;49;49m██[38;2;230;98;57m████[38;2;82;82;82m████[38;2;255;255;255m██[38;2;82;82;82m██[38;2;115;115;115m██[38;2;49;49;49m██[38;2;0;0;0m  [38;2;49;49;49m██[38;2;115;115;115m████[38;2;49;49;49m██[38;2;0;0;0m  [38;2;49;49;49m██[38;2;115;115;115m██[38;2;49;49;49m██[38;2;0;0;0m  [38;2;49;49;49m██[38;2;98;131;57m████[38;2;123;164;74m██[38;2;49;49;49m██[38;2;0;0;0m              
[38;2;0;0;0m  [38;2;49;49;49m██[38;2;230;98;57m████[38;2;238;164;131m██[38;2;189;189;189m██[38;2;82;82;82m████[38;2;115;115;115m████[38;2;49;49;49m██[38;2;115;115;115m██[38;2;82;82;82m████[38;2;115;115;115m██[38;2;49;49;49m██[38;2;82;82;82m██[38;2;115;115;115m██[38;2;49;49;49m██[38;2;230;98;57m████[38;2;123;164;74m████[38;2;49;49;49m██[38;2;0;0;0m                
[38;2;0;0;0m    [38;2;49;49;49m████[38;2;255;255;255m██[38;2;82;82;82m████[38;2;115;115;115m████[38;2;82;82;82m██████[38;2;98;131;57m████[38;2;82;82;82m██[38;2;49;49;49m██[38;2;98;131;57m██[38;2;82;82;82m████[38;2;98;131;57m██████[38;2;123;164;74m██[38;2;49;49;49m██[38;2;0;0;0m                
[38;2;0;0;0m        [38;2;49;49;49m██[38;2;98;131;57m██[38;2;123;164;74m██[38;2;115;115;115m██[38;2;82;82;82m██[38;2;123;164;74m████[38;2;98;131;57m██[38;2;82;82;82m██[38;2;123;164;74m████[38;2;82;82;82m██[38;2;123;164;74m████[38;2;82;82;82m██[38;2;230;98;57m██[38;2;123;164;74m████[38;2;49;49;49m██[38;2;0;0;0m                  
[38;2;0;0;0m      [38;2;49;49;49m██[38;2;230;98;57m██[38;2;123;164;74m████[38;2;82;82;82m██[38;2;123;164;74m████████[38;2;98;131;57m██[38;2;82;82;82m██[38;2;123;164;74m████[38;2;98;131;57m██[38;2;123;164;74m████[38;2;82;82;82m████[38;2;49;49;49m██[38;2;0;0;0m                    
[38;2;0;0;0m      [38;2;49;49;49m██[38;2;82;82;82m██[38;2;123;164;74m██████████████[38;2;98;131;57m██[38;2;230;98;57m██[38;2;123;164;74m██[38;2;82;82;82m████████[38;2;189;189;189m████[38;2;82;82;82m██[38;2;49;49;49m████[38;2;0;0;0m                
[38;2;0;0;0m      [38;2;49;49;49m██[38;2;230;98;57m████[38;2;123;164;74m██████████[38;2;238;164;131m██[38;2;230;98;57m████[38;2;82;82;82m████[38;2;189;189;189m██████[38;2;82;82;82m████[38;2;255;255;255m██████[38;2;49;49;49m████[38;2;0;0;0m            
[38;2;0;0;0m        [38;2;49;49;49m██[38;2;98;131;57m██████[38;2;230;98;57m████[38;2;82;82;82m██[38;2;230;98;57m████[38;2;82;82;82m████[38;2;98;131;57m██[38;2;82;82;82m██[38;2;189;189;189m████[38;2;255;255;255m████[38;2;82;82;82m████[38;2;255;255;255m██[38;2;238;164;131m██[38;2;230;98;57m██[38;2;49;49;49m██[38;2;0;0;0m          
[38;2;0;0;0m      [38;2;49;49;49m████[38;2;255;255;255m██[38;2;123;164;74m████[38;2;98;131;57m██[38;2;230;98;57m██[38;2;82;82;82m██████[38;2;230;98;57m██[38;2;82;82;82m██[38;2;49;49;49m████[38;2;82;82;82m██[38;2;255;255;255m██████████[38;2;82;82;82m██[38;2;230;98;57m████[38;2;49;49;49m██[38;2;0;0;0m          
[38;2;0;0;0m      [38;2;49;49;49m██[38;2;0;0;0m  [38;2;49;49;49m██[38;2;98;131;57m██[38;2;255;255;255m██[38;2;98;131;57m██[38;2;230;98;57m██[38;2;82;82;82m██[38;2;230;98;57m████[38;2;49;49;49m████[38;2;0;0;0m  [38;2;49;49;49m████[38;2;82;82;82m██[38;2;189;189;189m██[38;2;255;255;255m██[38;2;238;164;131m████[38;2;230;98;57m██[38;2;82;82;82m██[38;2;49;49;49m██[38;2;0;0;0m            
[38;2;0;0;0m      [38;2;49;49;49m██[38;2;0;0;0m    [38;2;49;49;49m████[38;2;230;98;57m██[38;2;82;82;82m██[38;2;230;98;57m██[38;2;49;49;49m████[38;2;0;0;0m  [38;2;49;49;49m██[38;2;0;0;0m    [38;2;49;49;49m██[38;2;0;0;0m  [38;2;82;82;82m████[38;2;230;98;57m██████[38;2;49;49;49m██[38;2;0;0;0m              
[38;2;0;0;0m                [38;2;49;49;49m██████[38;2;0;0;0m      [38;2;49;49;49m██[38;2;0;0;0m  [38;2;49;49;49m████[38;2;0;0;0m      [38;2;82;82;82m██████[38;2;0;0;0m                
[38;2;0;0;0m                          [38;2;49;49;49m████[38;2;0;0;0m  [38;2;49;49;49m██[38;2;0;0;0m                              
[38;2;0;0;0m                        [38;2;49;49;49m████[38;2;0;0;0m                                    
[38;2;0;0;0m                                                                [0m
