
[38;2;0;0;0m                                                            
[38;2;0;0;0m                [38;2;49;49;49m██[38;2;0;0;0m                  [38;2;49;49;49m██████[38;2;0;0;0m  [38;2;49;49;49m████[38;2;0;0;0m            
[38;2;0;0;0m              [38;2;49;49;49m██[38;2;255;139;98m██[38;2;49;49;49m██[38;2;0;0;0m      [38;2;49;49;49m████[38;2;0;0;0m      [38;2;49;49;49m██[38;2;230;98;41m████[38;2;49;49;49m██[38;2;255;255;255m██[38;2;49;49;49m██████[38;2;0;0;0m        
[38;2;0;0;0m          [38;2;49;49;49m██████[38;2;230;98;41m██[38;2;49;49;49m██[38;2;0;0;0m    [38;2;49;49;49m██[38;2;255;139;98m██[38;2;49;49;49m██[38;2;0;0;0m        [38;2;49;49;49m██[38;2;82;82;82m██[38;2;255;139;98m██[38;2;230;98;41m████[38;2;255;255;255m██[38;2;49;49;49m██[38;2;0;0;0m        
[38;2;0;0;0m    [38;2;49;49;49m██████[38;2;255;255;255m████[38;2;82;82;82m██[38;2;230;98;41m████[38;2;49;49;49m████[38;2;255;139;98m██[38;2;230;98;41m██[38;2;49;49;49m██[38;2;0;0;0m      [38;2;49;49;49m████[38;2;230;98;41m██[38;2;172;57;49m████[38;2;230;98;41m██[38;2;172;57;49m████[38;2;49;49;49m████[38;2;0;0;0m    
[38;2;0;0;0m  [38;2;49;49;49m██[38;2;255;255;255m██████[38;2;82;82;82m██[38;2;189;189;189m██[38;2;82;82;82m██[38;2;230;98;41m████[38;2;82;82;82m██[38;2;230;98;41m████[38;2;49;49;49m██[38;2;0;0;0m    [38;2;49;49;49m████[38;2;172;57;49m██████[38;2;230;98;41m██[38;2;172;57;49m██[38;2;49;49;49m████[38;2;172;57;49m██[38;2;230;98;41m████[38;2;49;49;49m██[38;2;0;0;0m  
[38;2;0;0;0m  [38;2;49;49;49m██[38;2;255;255;255m██[38;2;230;98;41m██████[38;2;49;49;49m██[38;2;98;172;90m██[38;2;230;98;41m██[38;2;82;82;82m██[38;2;230;98;41m████[38;2;82;82;82m██[38;2;230;98;41m██[38;2;49;49;49m████[38;2;255;139;98m██[38;2;230;98;41m██[38;2;82;82;82m██[38;2;230;98;41m██[38;2;172;57;49m██[38;2;49;49;49m████[38;2;0;0;0m    [38;2;49;49;49m██████[38;2;0;0;0m    
[38;2;0;0;0m    [38;2;49;49;49m████[38;2;230;98;41m██[38;2;82;82;82m██[38;2;255;255;255m██[38;2;148;246;74m██[38;2;230;98;41m██████[38;2;148;246;74m██████[38;2;230;98;41m██[38;2;82;82;82m██[38;2;230;98;41m████[38;2;172;57;49m██[38;2;82;82;82m██[38;2;49;49;49m██[38;2;0;0;0m                  
[38;2;0;0;0m        [38;2;49;49;49m██[38;2;82;82;82m██[38;2;65;82;156m██[38;2;148;246;74m██[38;2;230;98;41m████[38;2;148;246;74m██████████[38;2;172;57;49m██[38;2;82;82;82m██[38;2;172;57;49m██[38;2;255;255;255m████[38;2;82;82;82m██[38;2;49;49;49m██████[38;2;0;0;0m            
[38;2;0;0;0m          [38;2;49;49;49m████[38;2;148;246;74m████████[38;2;255;255;255m██[38;2;49;49;49m██[38;2;148;246;74m████[38;2;172;57;49m██[38;2;189;189;189m████[38;2;82;82;82m████[38;2;255;255;255m████[38;2;230;98;41m████[38;2;49;49;49m██████[38;2;0;0;0m      
[38;2;0;0;0m          [38;2;49;49;49m██[38;2;98;172;90m██[38;2;82;82;82m████[38;2;148;246;74m████[38;2;65;82;156m██[38;2;49;49;49m██[38;2;148;246;74m██[38;2;98;172;90m██[38;2;172;57;49m██[38;2;49;49;49m██[38;2;255;255;255m██████[38;2;82;82;82m██████[38;2;230;98;41m████[38;2;255;255;255m████[38;2;49;49;49m██[38;2;0;0;0m    
[38;2;0;0;0m            [38;2;49;49;49m██[38;2;230;98;41m████[38;2;82;82;82m██[38;2;98;172;90m██[38;2;49;49;49m██[38;2;82;82;82m██[38;2;148;246;74m██[38;2;82;82;82m██[38;2;49;49;49m██[38;2;0;0;0m  [38;2;49;49;49m██[38;2;255;255;255m████[38;2;255;139;98m██[38;2;230;98;41m████[38;2;82;82;82m████[38;2;255;255;255m████[38;2;49;49;49m██[38;2;0;0;0m    
[38;2;0;0;0m              [38;2;49;49;49m██[38;2;172;57;49m██[38;2;230;98;41m██[38;2;82;82;82m██[38;2;148;246;74m████[38;2;49;49;49m██[38;2;82;82;82m██[38;2;49;49;49m██[38;2;0;0;0m  [38;2;49;49;49m██████[38;2;230;98;41m██████[38;2;255;255;255m████[38;2;49;49;49m████[38;2;0;0;0m      
[38;2;0;0;0m                [38;2;49;49;49m██████████[38;2;0;0;0m  [38;2;49;49;49m████[38;2;0;0;0m  [38;2;49;49;49m██[38;2;0;0;0m  [38;2;49;49;49m██████[38;2;255;255;255m██████[38;2;49;49;49m██[38;2;0;0;0m        
[38;2;0;0;0m              [38;2;49;49;49m██[38;2;0;0;0m  [38;2;49;49;49m██[38;2;0;0;0m      [38;2;82;82;82m██[38;2;49;49;49m██[38;2;0;0;0m  [38;2;49;49;49m████[38;2;0;0;0m  [38;2;49;49;49m██[38;2;0;0;0m    [38;2;49;49;49m██████[38;2;0;0;0m          
[38;2;0;0;0m                          [38;2;49;49;49m████[38;2;0;0;0m  [38;2;49;49;49m██[38;2;0;0;0m                          
[38;2;0;0;0m                        [38;2;49;49;49m██[38;2;0;0;0m  [38;2;49;49;49m██[38;2;0;0;0m                              
[38;2;0;0;0m                                                            [0m
