
[38;2;0;0;0m                                                      
[38;2;0;0;0m                                            [38;2;32;32;32m██[38;2;0;0;0m        
[38;2;0;0;0m                                          [38;2;32;32;32m██[38;2;238;213;106m██[38;2;32;32;32m████[38;2;0;0;0m    
[38;2;0;0;0m            [38;2;32;32;32m██████[38;2;0;0;0m                        [38;2;32;32;32m██[38;2;238;213;106m██[38;2;189;156;65m██[38;2;238;213;106m██[38;2;32;32;32m██[38;2;0;0;0m  
[38;2;0;0;0m        [38;2;32;32;32m████[38;2;238;213;106m██████[38;2;32;32;32m██[38;2;0;0;0m            [38;2;32;32;32m██████[38;2;0;0;0m    [38;2;32;32;32m██[38;2;238;213;106m██████[38;2;32;32;32m██[38;2;0;0;0m  
[38;2;0;0;0m    [38;2;32;32;32m████[38;2;238;213;106m████████████[38;2;32;32;32m████[38;2;0;0;0m      [38;2;32;32;32m██[38;2;238;213;106m██████[38;2;32;32;32m████[38;2;238;213;106m██████[38;2;32;32;32m██[38;2;0;0;0m    
[38;2;0;0;0m  [38;2;32;32;32m██[38;2;180;131;98m██[38;2;238;213;106m████████████[38;2;180;131;98m████[38;2;74;74;74m██[38;2;32;32;32m██████[38;2;238;213;106m██████[38;2;180;131;98m██████████[38;2;139;98;74m██[38;2;32;32;32m██[38;2;0;0;0m    
[38;2;0;0;0m  [38;2;32;32;32m██[38;2;180;131;98m██[38;2;238;213;106m████████████[38;2;180;131;98m██[38;2;230;123;139m██[38;2;180;131;98m██[38;2;74;74;74m██[38;2;238;213;106m████████[38;2;180;131;98m████████[38;2;139;98;74m████[38;2;32;32;32m██[38;2;0;0;0m      
[38;2;0;0;0m    [38;2;32;32;32m██[38;2;238;213;106m██[38;2;189;156;65m██[38;2;238;213;106m██████[38;2;180;131;98m████[38;2;230;123;139m██[38;2;180;131;98m██[38;2;74;74;74m██[38;2;238;213;106m████[38;2;180;131;98m████████[38;2;74;74;74m██[38;2;139;98;74m██[38;2;32;32;32m████[38;2;0;0;0m        
[38;2;0;0;0m  [38;2;32;32;32m██[38;2;238;213;106m██[38;2;189;156;65m██[38;2;238;213;106m████[38;2;255;255;255m██[38;2;32;32;32m██[38;2;180;131;98m██████[38;2;74;74;74m██[38;2;139;98;74m██[38;2;180;131;98m████████████[38;2;74;74;74m██[38;2;32;32;32m██[38;2;0;0;0m            
[38;2;0;0;0m  [38;2;32;32;32m██[38;2;238;213;106m██[38;2;189;156;65m██[38;2;238;213;106m██[38;2;180;131;98m██[38;2;32;32;32m████[38;2;180;131;98m████[38;2;139;98;74m████████[38;2;180;131;98m██████[38;2;74;74;74m██[38;2;180;131;98m████[38;2;32;32;32m██[38;2;0;0;0m            
[38;2;0;0;0m    [38;2;32;32;32m██[38;2;230;123;139m████[38;2;180;131;98m██[38;2;139;98;74m██[38;2;180;131;98m██[38;2;197;197;197m██[38;2;131;131;131m██[38;2;139;98;74m██████████████[38;2;74;74;74m██[38;2;180;131;98m██[38;2;139;98;74m██[38;2;32;32;32m██[38;2;0;0;0m            
[38;2;0;0;0m    [38;2;32;32;32m████[38;2;197;197;197m██[38;2;131;131;131m██[38;2;197;197;197m██[38;2;131;131;131m██[38;2;74;74;74m████[38;2;139;98;74m████████[38;2;74;74;74m██[38;2;139;98;74m██[38;2;32;32;32m████[38;2;74;74;74m██[38;2;139;98;74m██[38;2;32;32;32m██[38;2;0;0;0m            
[38;2;0;0;0m        [38;2;32;32;32m████████[38;2;74;74;74m██[38;2;139;98;74m██[38;2;189;156;65m████[38;2;74;74;74m██[38;2;180;131;98m██[38;2;74;74;74m██[38;2;32;32;32m██[38;2;0;0;0m    [38;2;32;32;32m████[38;2;0;0;0m              
[38;2;0;0;0m              [38;2;32;32;32m██[38;2;139;98;74m████[38;2;32;32;32m██████[38;2;180;131;98m████[38;2;32;32;32m██[38;2;0;0;0m                      
[38;2;0;0;0m                [38;2;32;32;32m████[38;2;0;0;0m    [38;2;32;32;32m██[38;2;74;74;74m██[38;2;180;131;98m██[38;2;32;32;32m██[38;2;0;0;0m                      
[38;2;0;0;0m                          [38;2;32;32;32m████[38;2;0;0;0m                        
[38;2;0;0;0m                                                      [0m
