
                          [38;2;49;49;49m▄▄▄▄▄ [0m
                    [38;2;49;49;49m▄[48;2;131;131;139m▀[49m▄[48;2;98;98;98m▀[48;2;131;131;139m▀▀[38;2;131;131;139m[48;2;98;98;98m▀[38;2;65;65;65m[48;2;131;131;139m▀[38;2;131;131;139m▀[48;2;49;49;49m▀[38;2;49;49;49m[49m▀ [0m
               [38;2;49;49;49m▄▄[48;2;65;65;65m▀[48;2;82;82;82m▀[49m▄[48;2;131;131;139m▀[38;2;131;131;139m[48;2;49;49;49m▀▀▀[48;2;131;131;139m▀▀▀▀▀[38;2;49;49;49m[48;2;49;49;49m▀[49m  [0m
             [38;2;49;49;49m▄[48;2;82;82;82m▀[38;2;65;65;65m▀[38;2;82;82;82m[48;2;65;65;65m▀▀[48;2;49;49;49m▀[38;2;49;49;49m[48;2;65;65;65m▀[48;2;82;82;82m▀[38;2;65;65;65m▀[38;2;82;82;82m▀[38;2;65;65;65m▀[38;2;49;49;49m[48;2;49;49;49m▀[38;2;131;131;139m[48;2;131;131;139m▀[48;2;49;49;49m▀[38;2;49;49;49m[49m▀▀   [0m
       [38;2;49;49;49m▄▄▄▄▄[48;2;65;65;65m▀▀[48;2;49;49;49m▀[48;2;82;82;82m▀[38;2;65;65;65m[48;2;255;65;57m▀[38;2;49;49;49m[48;2;49;49;49m▀[38;2;65;65;65m▀[38;2;82;82;82m▀[38;2;65;65;65m▀[48;2;82;82;82m▀[38;2;82;82;82m▀[38;2;49;49;49m[48;2;65;65;65m▀[38;2;131;131;139m[48;2;131;131;139m▀[48;2;65;65;65m▀[38;2;49;49;49m[48;2;82;82;82m▀[49m▄    [0m
   [38;2;49;49;49m▄▄[48;2;65;65;65m▀[48;2;189;57;65m▀[38;2;82;82;82m▀▀[48;2;139;65;74m▀[48;2;82;82;82m▀[38;2;65;65;65m[48;2;189;57;65m▀▀[38;2;139;65;74m[48;2;49;49;49m▀[38;2;49;49;49m[48;2;82;82;82m▀[38;2;189;57;65m[48;2;139;65;74m▀[38;2;139;65;74m[48;2;82;82;82m▀[38;2;82;82;82m▀[48;2;82;180;246m▀[38;2;255;255;255m▀[38;2;82;180;246m[48;2;255;65;57m▀[38;2;255;65;57m[48;2;189;57;65m▀[38;2;65;65;65m[48;2;139;65;74m▀[38;2;131;131;139m[48;2;49;49;49m▀[38;2;65;65;65m[48;2;82;82;82m▀[38;2;82;82;82m▀[48;2;65;65;65m▀[48;2;82;82;82m▀[38;2;49;49;49m[48;2;49;49;49m▀[49m   [0m
 [38;2;49;49;49m▄[48;2;82;82;82m▀[38;2;82;82;82m[48;2;49;49;49m▀▀[48;2;139;65;74m▀[38;2;65;65;65m[48;2;255;65;57m▀[38;2;189;57;65m▀[38;2;255;65;57m▀▀[38;2;189;57;65m▀[38;2;82;82;82m[48;2;189;57;65m▀[38;2;65;65;65m[48;2;139;65;74m▀[38;2;49;49;49m[48;2;49;49;49m▀[38;2;82;82;82m▀▀[38;2;189;57;65m[48;2;65;65;65m▀[38;2;255;65;57m▀▀[38;2;189;57;65m▀[38;2;65;65;65m▀[48;2;189;57;65m▀[38;2;139;65;74m[48;2;49;49;49m▀[38;2;49;49;49m[48;2;82;82;82m▀[38;2;131;131;139m[48;2;131;131;139m▀[38;2;82;82;82m[48;2;82;82;82m▀[38;2;49;49;49m▀[38;2;82;82;82m[48;2;49;49;49m▀[48;2;82;82;82m▀[38;2;49;49;49m[48;2;49;49;49m▀[49m  [0m
 [38;2;49;49;49m▀▀[38;2;131;115;164m[48;2;49;49;49m▀[38;2;49;49;49m[48;2;82;82;82m▀[38;2;82;82;82m▀[48;2;255;65;57m▀[38;2;255;65;57m[48;2;139;65;74m▀[38;2;139;65;74m[48;2;82;82;82m▀[38;2;255;65;57m[48;2;49;49;49m▀[38;2;49;49;49m[49m▀▀▀[38;2;139;65;74m[48;2;49;49;49m▀[38;2;49;49;49m▀[49m ▀▀[48;2;49;49;49m▀[38;2;98;98;98m▀[48;2;98;98;98m▀[48;2;49;49;49m▀[38;2;49;49;49m[48;2;82;82;82m▀[38;2;82;82;82m[48;2;131;131;139m▀[48;2;82;82;82m▀[38;2;65;65;65m▀[38;2;49;49;49m▀[38;2;82;82;82m[48;2;49;49;49m▀[48;2;82;82;82m▀[38;2;49;49;49m[48;2;49;49;49m▀[49m  [0m
  [38;2;49;49;49m[48;2;49;49;49m▀[38;2;82;82;82m[48;2;82;82;82m▀[38;2;65;65;65m[48;2;49;49;49m▀[38;2;49;49;49m[49m▀[38;2;65;65;65m[48;2;49;49;49m▀[38;2;82;82;82m[48;2;82;82;82m▀[38;2;65;65;65m[48;2;49;49;49m▀[38;2;49;49;49m[49m▀        ▄▄[48;2;82;82;82m▀[38;2;82;82;82m▀[38;2;131;131;139m[48;2;131;131;139m▀[48;2;82;82;82m▀[38;2;82;82;82m▀[38;2;65;65;65m▀[48;2;49;49;49m▀[38;2;49;49;49m[48;2;65;65;65m▀[38;2;65;65;65m[48;2;49;49;49m▀[38;2;49;49;49m[49m▀  [0m
  [38;2;49;49;49m▀▀  ▀[38;2;82;82;82m[48;2;49;49;49m▀[38;2;49;49;49m▀[49m      ▄[48;2;82;82;82m▀▀[38;2;82;82;82m[48;2;131;131;139m▀[38;2;131;131;139m▀▀[38;2;82;82;82m[48;2;82;82;82m▀▀[48;2;65;65;65m▀[38;2;65;65;65m[48;2;49;49;49m▀[38;2;49;49;49m[48;2;189;57;65m▀[38;2;189;57;65m[48;2;65;65;65m▀[38;2;65;65;65m▀[38;2;49;49;49m[48;2;49;49;49m▀[49m   [0m
            [38;2;49;49;49m▄[48;2;82;82;82m▀▀[38;2;82;82;82m[48;2;65;65;65m▀[48;2;82;82;82m▀▀[38;2;131;131;139m▀▀[38;2;82;82;82m▀[48;2;49;49;49m▀[38;2;49;49;49m[48;2;139;65;74m▀[48;2;65;65;65m▀[38;2;139;65;74m[48;2;139;65;74m▀[48;2;65;65;65m▀[38;2;65;65;65m▀[38;2;49;49;49m[48;2;49;49;49m▀[49m    [0m
           [38;2;49;49;49m▄[48;2;82;82;82m▀[38;2;82;82;82m[48;2;65;65;65m▀[38;2;65;65;65m[48;2;82;82;82m▀[38;2;82;82;82m▀[48;2;65;65;65m▀[38;2;65;65;65m[48;2;82;82;82m▀[38;2;82;82;82m▀[48;2;49;49;49m▀[38;2;49;49;49m[49m▀[38;2;65;65;65m[48;2;49;49;49m▀[48;2;65;65;65m▀▀▀[48;2;49;49;49m▀▀[38;2;49;49;49m[49m▀    [0m
           [38;2;49;49;49m▀▀[38;2;65;65;65m[48;2;49;49;49m▀[38;2;82;82;82m[48;2;82;82;82m▀[38;2;65;65;65m[48;2;49;49;49m▀▀[38;2;82;82;82m[48;2;82;82;82m▀[48;2;49;49;49m▀[38;2;49;49;49m[49m▀  ▀▀▀       [0m
             [38;2;49;49;49m▀▀ ▀[38;2;82;82;82m[48;2;49;49;49m▀[38;2;49;49;49m[49m▀             [0m
                                [0m
