
             [38;2;8;12;0m▄[38;2;189;187;66m▄▄[38;2;66;66;66m▄▄[38;2;189;187;66m▄▄[38;2;0;4;0m▄  ▄▄▄[38;2;255;255;183m▄[38;2;225;228;134m▄[38;2;222;222;134m▄[38;2;0;4;0m▄  [0m
           [38;2;0;4;0m▄[38;2;231;231;127m[48;2;157;158;85m▀[38;2;189;189;69m[48;2;66;66;66m▀[48;2;189;189;69m▀[38;2;66;66;66m▀[38;2;189;187;66m[48;2;189;187;66m▀[38;2;189;189;69m[48;2;66;66;66m▀[38;2;66;66;66m[48;2;74;123;162m▀[48;2;66;66;66m▀[48;2;255;255;183m▀[38;2;0;4;0m[48;2;247;239;167m▀[38;2;255;255;183m[48;2;225;228;134m▀[38;2;225;228;134m▀[38;2;222;222;134m[48;2;66;66;66m▀▀[38;2;66;66;66m▀[48;2;0;4;0m▀[49m    [0m
         [38;2;8;4;0m▄▄[38;2;0;4;0m[48;2;79;122;162m▀[38;2;53;65;77m[48;2;57;70;89m▀[38;2;189;189;69m[48;2;189;187;66m▀▀[38;2;66;66;66m▀[38;2;74;123;162m[48;2;66;66;66m▀[38;2;189;189;69m▀[38;2;255;255;183m▀[38;2;195;195;144m▀[38;2;66;66;66m[48;2;222;222;134m▀[38;2;225;225;134m▀[38;2;222;222;134m▀▀[48;2;66;66;66m▀[38;2;225;225;134m▀[38;2;222;222;134m[48;2;0;4;0m▀[38;2;0;4;0m[49m▀    [0m
      [38;2;0;4;0m▄[48;2;189;189;69m▀[38;2;66;66;66m[48;2;66;66;66m▀[38;2;74;123;162m[48;2;74;123;162m▀▀[48;2;66;66;66m▀[38;2;176;176;93m[48;2;66;66;58m▀[38;2;189;187;66m[48;2;189;187;66m▀[38;2;115;133;131m[48;2;82;78;50m▀[38;2;82;78;50m[48;2;148;189;212m▀[38;2;66;66;66m[48;2;66;66;66m▀[38;2;115;133;131m[48;2;82;78;50m▀[38;2;66;66;66m[48;2;115;165;243m▀[48;2;66;66;66m▀[38;2;222;222;134m▀[38;2;57;70;73m[48;2;82;121;162m▀[38;2;123;162;177m[48;2;74;127;186m▀[38;2;74;127;186m[48;2;222;231;158m▀[38;2;103;119;115m[48;2;0;8;48m▀[38;2;0;4;0m[49m▀      [0m
      [38;2;0;4;0m[48;2;16;4;0m▀[38;2;94;96;94m[48;2;53;65;77m▀[38;2;222;222;134m[48;2;222;222;134m▀[38;2;66;66;66m[48;2;247;206;143m▀[38;2;74;123;162m[48;2;98;110;90m▀[38;2;66;66;66m[48;2;57;70;89m▀[38;2;184;183;85m[48;2;222;222;134m▀[38;2;66;66;66m[48;2;66;66;66m▀[38;2;115;165;243m[48;2;115;165;243m▀[38;2;74;123;162m[48;2;74;123;162m▀[38;2;115;165;243m[48;2;115;165;243m▀[38;2;66;66;66m[48;2;66;66;66m▀[38;2;222;222;134m[48;2;222;222;134m▀▀[38;2;225;225;134m[48;2;0;4;0m▀[38;2;0;4;0m[49m▀▀[48;2;0;4;0m▀[49m        [0m
    [38;2;0;4;0m▄[38;2;0;8;48m[48;2;206;231;182m▀[38;2;109;121;104m[48;2;57;66;81m▀[38;2;57;66;81m[48;2;214;231;150m▀[38;2;222;131;134m[48;2;222;222;134m▀[38;2;66;66;66m[48;2;66;66;66m▀[38;2;165;156;53m[48;2;90;140;226m▀[48;2;140;151;111m▀[38;2;222;231;118m[48;2;222;231;118m▀[38;2;66;66;66m[48;2;66;66;66m▀[38;2;115;165;243m▀[48;2;115;165;243m▀[38;2;222;222;134m[48;2;222;222;134m▀[38;2;214;231;150m[48;2;109;121;104m▀[38;2;66;66;66m[48;2;189;189;69m▀[38;2;189;189;69m▀[38;2;0;4;0m[49m▄[38;2;0;0;8m[48;2;74;74;53m▀[38;2;222;222;134m[48;2;96;145;205m▀▀[38;2;0;4;0m[49m▄   [48;2;222;132;134m▀[49m▄[48;2;0;4;0m▀[49m [0m
     [38;2;0;0;8m[48;2;0;0;8m▀[38;2;222;131;134m[48;2;173;78;85m▀[48;2;206;146;118m▀[38;2;206;146;118m[48;2;222;132;134m▀[38;2;222;131;134m[48;2;132;109;84m▀[38;2;222;222;134m[48;2;192;193;173m▀[48;2;66;70;58m▀[48;2;170;192;191m▀[38;2;115;165;243m[48;2;173;198;189m▀[38;2;66;66;66m[48;2;123;165;243m▀[48;2;52;60;81m▀[38;2;74;123;162m[48;2;107;121;112m▀[38;2;96;145;205m[48;2;167;170;183m▀[38;2;222;222;134m[48;2;33;66;97m▀[38;2;66;66;66m[48;2;154;176;191m▀[48;2;115;165;246m▀[38;2;222;222;134m[48;2;33;70;105m▀[38;2;57;66;81m[48;2;107;165;251m▀[38;2;109;121;104m[48;2;66;66;66m▀[38;2;115;165;243m[48;2;74;123;162m▀[48;2;66;66;66m▀[38;2;0;4;0m[48;2;225;132;134m▀[38;2;66;65;66m▀[38;2;222;132;134m[48;2;222;132;134m▀[48;2;0;4;0m▀[49m  [0m
  [38;2;0;4;16m[48;2;110;122;83m▀[48;2;165;181;117m▀[38;2;222;228;134m[48;2;222;228;134m▀[38;2;239;214;135m[48;2;8;0;0m▀[38;2;74;57;58m[48;2;74;57;58m▀[38;2;126;112;81m[48;2;231;222;127m▀[38;2;66;66;66m[48;2;66;66;66m▀[38;2;82;82;82m[48;2;82;82;82m▀[38;2;172;154;152m[48;2;255;255;247m▀[38;2;255;255;247m[48;2;90;53;58m▀[38;2;0;0;8m[48;2;222;222;142m▀[48;2;126;143;113m▀[38;2;8;8;0m[48;2;82;82;114m▀[38;2;57;57;76m[48;2;57;57;76m▀[38;2;66;66;66m[48;2;115;165;243m▀[38;2;115;165;243m▀[38;2;255;231;191m[48;2;74;123;162m▀▀[38;2;115;165;243m[48;2;115;165;243m▀[38;2;173;165;221m[48;2;82;66;58m▀[38;2;66;66;66m[48;2;222;222;134m▀▀[38;2;225;132;134m[48;2;225;132;134m▀[38;2;222;132;134m[48;2;66;66;66m▀[38;2;74;49;53m[48;2;222;132;142m▀[38;2;0;8;8m[48;2;0;8;8m▀[49m    [0m
 [38;2;0;8;0m[48;2;0;4;0m▀[38;2;115;165;243m[48;2;145;137;57m▀[38;2;74;123;162m▀[38;2;148;137;55m[48;2;198;189;70m▀[38;2;148;143;63m[48;2;66;66;58m▀[38;2;255;231;191m[48;2;226;132;134m▀[38;2;66;66;66m▀[38;2;252;231;194m[48;2;255;231;191m▀[38;2;66;66;66m[48;2;80;82;48m▀[38;2;0;8;0m[48;2;222;222;134m▀▀[38;2;74;123;162m[48;2;82;53;74m▀[38;2;123;165;243m[48;2;74;66;50m▀[38;2;99;74;67m[48;2;0;0;8m▀[38;2;115;165;243m▀[48;2;231;231;223m▀[38;2;66;127;186m[48;2;77;118;162m▀[38;2;66;66;66m[48;2;66;66;66m▀[38;2;115;165;243m▀[38;2;82;66;58m[48;2;222;222;134m▀[38;2;222;131;134m[48;2;225;132;134m▀[38;2;225;132;134m[48;2;222;132;134m▀[48;2;66;66;66m▀[38;2;66;66;66m[48;2;115;165;246m▀[38;2;74;90;106m[48;2;66;66;66m▀[38;2;225;132;134m[48;2;156;91;63m▀[48;2;222;132;134m▀[38;2;0;4;0m[49m▄   [0m
 [38;2;0;4;0m▀[38;2;222;222;134m[48;2;0;4;0m▀[49m▀[38;2;0;8;0m▀[38;2;148;99;92m▀[38;2;226;132;134m[48;2;160;90;64m▀[38;2;255;231;191m▀[38;2;66;66;66m[48;2;74;123;162m▀[38;2;0;4;8m[48;2;115;173;243m▀[38;2;222;222;134m[48;2;222;222;134m▀[38;2;222;131;134m▀[38;2;197;150;125m[48;2;49;66;97m▀[38;2;222;181;134m[48;2;222;222;134m▀[38;2;189;214;165m▀[38;2;126;143;113m▀[38;2;0;8;16m▀[38;2;0;8;0m▀[38;2;0;4;0m[48;2;222;165;134m▀[38;2;66;66;66m▀[38;2;222;131;134m[48;2;222;181;134m▀[38;2;225;132;134m[48;2;222;222;134m▀[38;2;222;132;134m[48;2;8;4;0m▀[38;2;66;66;66m▀[38;2;115;165;246m[48;2;0;4;0m▀[38;2;66;66;66m[48;2;0;12;16m▀[38;2;156;91;63m[48;2;160;90;64m▀[48;2;66;66;66m▀[38;2;222;132;134m[48;2;156;91;63m▀[38;2;0;4;0m[48;2;222;132;134m▀[49m  [0m
      [38;2;159;89;63m▀[48;2;0;4;0m▀[38;2;66;66;66m[48;2;156;90;68m▀[38;2;123;165;243m[48;2;53;65;77m▀[38;2;222;222;134m[48;2;0;4;0m▀[38;2;74;123;162m[48;2;222;222;134m▀[38;2;8;8;0m[48;2;0;5;0m▀[38;2;0;4;0m[49m▀▀[48;2;0;4;0m▀[38;2;115;165;243m[48;2;192;163;149m▀[38;2;126;143;113m[48;2;222;132;134m▀[38;2;222;222;134m▀[48;2;0;4;0m▀[38;2;222;131;134m▀▀▀[38;2;222;222;134m[48;2;239;231;167m▀[38;2;222;231;126m[48;2;222;222;134m▀[38;2;173;173;111m[48;2;170;173;106m▀[38;2;8;0;0m[48;2;255;255;183m▀[38;2;131;119;87m▀[38;2;160;90;64m[48;2;0;4;0m▀[38;2;222;132;134m[49m▀  [0m
        [38;2;0;4;0m▀[38;2;16;4;0m▀[38;2;0;4;0m[48;2;143;139;127m▀[38;2;222;222;134m▀[38;2;0;5;0m[49m▀  [38;2;0;4;0m[48;2;0;4;0m▀[38;2;66;61;66m[48;2;252;231;194m▀[38;2;66;66;66m[48;2;0;4;0m▀[38;2;0;4;0m[49m▀  ▄[38;2;239;231;167m[48;2;247;231;199m▀[38;2;0;4;0m[48;2;0;4;0m▀[49m▀[38;2;0;8;0m▀[38;2;0;4;0m▀▀    [0m
         [38;2;0;4;0m[48;2;0;4;0m▀[38;2;140;140;132m▀[49m▀  [38;2;0;0;0m▄[38;2;0;4;0m[48;2;247;222;199m▀[38;2;252;231;194m[48;2;255;231;191m▀[38;2;0;4;0m[48;2;0;4;0m▀[49m  ▀[38;2;66;65;66m▀▀[38;2;0;4;0m▀        [0m
              [38;2;82;74;66m[48;2;0;4;0m▀▀[38;2;0;4;0m[49m▀               [0m
                                [0m
