
                                 [0m
         [38;2;0;4;0m▄   [48;2;0;4;0m▀[48;2;52;57;84m▀[38;2;8;12;0m[49m▄[38;2;0;4;0m[48;2;88;99;184m▀[48;2;90;99;186m▀[38;2;90;99;186m[48;2;87;99;186m▀[38;2;0;4;0m[48;2;0;4;0m▀[49m             [0m
      [38;2;0;4;0m▄▄[38;2;222;214;134m[48;2;222;214;134m▀[38;2;222;206;110m[48;2;148;139;73m▀[38;2;0;4;0m[49m▄[48;2;181;206;253m▀[38;2;87;99;186m[48;2;87;99;186m▀[38;2;88;99;184m[48;2;88;99;184m▀[38;2;88;99;186m[48;2;181;206;253m▀[38;2;181;206;253m[48;2;88;99;186m▀[38;2;87;99;186m[48;2;87;99;186m▀▀[38;2;90;99;186m[48;2;90;99;186m▀[49m              [0m
     [38;2;0;4;0m[48;2;0;4;0m▀[38;2;144;136;56m[48;2;66;66;66m▀[38;2;66;66;66m[48;2;192;181;69m▀[38;2;145;137;57m[48;2;144;136;56m▀[38;2;144;136;56m▀[38;2;181;206;253m[48;2;129;91;124m▀[38;2;88;99;186m[48;2;57;66;73m▀[38;2;165;103;149m[48;2;198;94;110m▀[38;2;66;66;66m[48;2;74;78;106m▀[38;2;88;99;186m[48;2;87;99;186m▀[38;2;181;206;253m▀[38;2;88;99;186m▀[38;2;88;99;184m[48;2;88;99;184m▀[38;2;90;99;186m[48;2;66;66;66m▀[38;2;0;4;0m[48;2;192;184;67m▀[38;2;222;214;134m[48;2;66;74;122m▀[38;2;90;99;186m[48;2;88;99;187m▀[48;2;104;107;141m▀[38;2;0;4;0m[48;2;74;71;50m▀[38;2;0;0;8m[49m▄[38;2;0;4;0m[48;2;222;214;134m▀[48;2;127;77;107m▀[38;2;222;214;134m[48;2;222;214;134m▀[38;2;0;4;0m[48;2;0;4;0m▀[49m    [0m
   [38;2;0;4;0m[48;2;0;4;0m▀[38;2;0;4;16m[48;2;63;63;34m▀[38;2;145;137;57m[48;2;145;137;57m▀[38;2;66;66;74m[48;2;66;66;74m▀[38;2;189;181;77m[48;2;107;104;75m▀[38;2;66;66;66m[48;2;66;66;66m▀[38;2;144;136;56m[48;2;144;136;56m▀[38;2;140;70;108m[48;2;231;206;135m▀[38;2;170;115;117m[48;2;140;70;108m▀[38;2;74;61;74m[48;2;214;156;86m▀[38;2;192;181;69m[48;2;192;181;69m▀[38;2;88;99;184m[48;2;88;99;184m▀[48;2;66;66;66m▀[38;2;66;66;66m[48;2;127;78;107m▀[48;2;222;214;134m▀[38;2;66;75;125m[48;2;66;66;66m▀[38;2;66;74;122m[48;2;66;74;122m▀[48;2;192;184;67m▀[38;2;192;184;67m[48;2;66;74;122m▀[38;2;66;66;66m[48;2;66;66;66m▀[38;2;231;206;135m[48;2;140;70;108m▀[38;2;140;70;108m[48;2;170;115;117m▀[38;2;198;94;110m[48;2;127;77;107m▀[38;2;137;107;87m[48;2;69;57;47m▀[38;2;0;4;0m[49m▄▄[48;2;222;214;134m▀[38;2;225;211;134m[48;2;225;211;134m▀[38;2;0;4;0m[48;2;0;4;0m▀[49m [0m
   [38;2;0;4;0m▀[38;2;192;181;67m[48;2;189;173;85m▀[38;2;66;66;66m[48;2;189;181;69m▀[48;2;74;82;125m▀[38;2;94;99;94m[48;2;206;198;102m▀[38;2;222;214;134m[48;2;74;70;58m▀[38;2;66;66;66m[48;2;222;214;134m▀[38;2;140;70;108m[48;2;121;107;97m▀[38;2;170;115;117m[48;2;66;57;74m▀[38;2;94;99;94m[48;2;112;118;128m▀[38;2;192;181;69m[48;2;192;181;69m▀[38;2;127;78;107m[48;2;121;107;97m▀[48;2;66;57;74m▀[38;2;66;66;66m[48;2;222;214;134m▀[38;2;222;214;134m▀[38;2;66;66;66m[48;2;66;66;66m▀[48;2;176;171;93m▀[48;2;231;222;111m▀[38;2;222;214;134m[48;2;225;211;134m▀[48;2;231;206;135m▀[38;2;198;94;110m[48;2;198;94;110m▀[38;2;127;77;107m[48;2;127;77;107m▀[38;2;222;214;134m▀▀[38;2;129;79;110m[48;2;198;94;110m▀▀[38;2;127;77;107m[48;2;222;206;134m▀[38;2;222;214;134m[48;2;0;4;0m▀[49m  [0m
  [38;2;0;4;0m[48;2;0;4;0m▀[48;2;189;181;69m▀[38;2;99;74;75m[48;2;99;74;75m▀[38;2;127;78;107m[48;2;127;78;107m▀[38;2;222;214;134m[48;2;66;66;66m▀[48;2;222;214;134m▀[38;2;85;99;183m[48;2;85;99;183m▀[48;2;222;214;134m▀▀▀[38;2;222;214;134m[48;2;66;66;66m▀[38;2;127;77;107m[48;2;198;94;110m▀▀▀[38;2;222;214;134m[48;2;222;214;134m▀[38;2;66;70;58m[48;2;176;171;93m▀[38;2;66;66;66m[48;2;192;181;69m▀[38;2;192;181;67m[48;2;192;181;67m▀▀[38;2;132;79;95m[48;2;198;94;118m▀[38;2;198;97;107m[48;2;198;97;107m▀[38;2;198;94;110m[48;2;127;77;107m▀▀[38;2;140;70;108m[48;2;231;206;135m▀[38;2;129;79;110m[48;2;222;214;134m▀[38;2;222;214;134m[48;2;66;66;66m▀▀[38;2;74;81;125m▀[38;2;66;75;125m[48;2;66;75;125m▀[38;2;0;4;0m[49m▄ [0m
  [38;2;132;129;57m[48;2;144;136;56m▀[38;2;66;68;37m[48;2;66;66;66m▀[38;2;99;74;75m[48;2;192;181;69m▀[38;2;127;78;107m[48;2;74;68;71m▀[38;2;192;181;69m[48;2;74;70;58m▀[48;2;231;214;127m▀[38;2;145;137;57m[48;2;222;214;126m▀[38;2;66;66;66m[48;2;222;214;134m▀[38;2;0;24;16m[48;2;255;255;199m▀[38;2;198;107;118m[48;2;195;193;149m▀[38;2;66;66;66m[48;2;77;81;127m▀[38;2;77;81;127m[48;2;66;66;66m▀[38;2;198;94;110m[48;2;170;115;117m▀[38;2;127;77;107m[48;2;140;70;108m▀[38;2;222;214;134m[48;2;225;211;134m▀[38;2;66;66;66m[48;2;198;94;118m▀[38;2;140;74;108m[48;2;162;107;95m▀[38;2;121;90;86m[48;2;198;173;78m▀[38;2;82;49;90m[48;2;74;57;74m▀[38;2;222;206;134m[48;2;222;214;134m▀[38;2;222;214;134m▀[38;2;225;211;134m[48;2;145;137;57m▀▀[38;2;145;137;57m[48;2;222;214;118m▀[38;2;144;140;88m[48;2;222;214;134m▀[38;2;66;66;66m[48;2;41;45;62m▀[38;2;88;99;184m[48;2;90;103;186m▀[38;2;87;99;186m[48;2;87;99;186m▀[38;2;0;4;0m[48;2;90;99;186m▀[49m  [0m
 [38;2;0;4;0m[48;2;0;4;0m▀[38;2;144;136;56m[48;2;222;214;134m▀[48;2;145;137;57m▀[38;2;192;181;69m[48;2;66;66;66m▀[38;2;189;181;69m[48;2;192;181;69m▀[38;2;179;166;104m[48;2;222;214;134m▀[38;2;231;214;127m[48;2;66;66;66m▀[38;2;66;66;50m▀[38;2;66;66;66m[48;2;222;222;222m▀[38;2;74;70;50m[48;2;198;94;110m▀▀[38;2;198;94;110m[48;2;231;206;135m▀[48;2;222;214;134m▀[38;2;140;70;108m[48;2;225;211;134m▀[38;2;231;206;135m▀[38;2;225;211;134m[48;2;176;171;93m▀[38;2;132;79;95m[48;2;66;66;66m▀[38;2;140;74;108m[48;2;74;57;74m▀[38;2;74;57;74m[48;2;127;78;107m▀[38;2;115;96;75m[48;2;66;66;66m▀[38;2;222;214;134m[48;2;222;214;126m▀[38;2;145;137;57m[48;2;129;79;110m▀[38;2;222;214;134m[48;2;198;94;110m▀▀[38;2;123;82;91m[48;2;66;64;77m▀[38;2;222;214;134m[48;2;66;66;66m▀[38;2;65;74;124m[48;2;66;72;126m▀[38;2;16;16;0m[48;2;0;4;0m▀[38;2;87;99;186m▀[38;2;90;99;186m[48;2;87;99;186m▀[38;2;0;4;0m[49m▄ [0m
 [38;2;0;4;0m▀[48;2;0;4;0m▀[38;2;66;65;66m[48;2;148;139;57m▀[38;2;66;66;66m[48;2;0;4;0m▀[38;2;189;181;69m[49m▀[38;2;74;70;66m[48;2;192;184;67m▀[38;2;85;100;183m[48;2;99;74;75m▀[38;2;222;222;222m[48;2;66;70;66m▀[38;2;66;66;66m[48;2;127;77;107m▀[38;2;198;94;110m[48;2;148;61;100m▀[48;2;239;206;135m▀[38;2;231;206;135m[48;2;198;94;110m▀[38;2;198;94;110m[48;2;222;214;134m▀[38;2;222;214;134m[48;2;66;66;66m▀[48;2;192;181;69m▀[38;2;192;181;69m[48;2;74;57;74m▀[38;2;127;78;107m[48;2;231;206;143m▀[38;2;121;107;97m▀[38;2;74;49;74m[48;2;132;79;95m▀[38;2;222;206;134m[48;2;198;94;118m▀[38;2;140;70;108m[48;2;127;77;107m▀[38;2;198;94;110m[48;2;198;94;110m▀[38;2;121;107;97m[48;2;225;211;134m▀[38;2;66;57;74m▀[38;2;222;214;134m[48;2;74;69;58m▀[48;2;66;75;125m▀[38;2;66;75;125m[48;2;0;4;0m▀[38;2;0;4;0m[49m▀▀[38;2;90;99;186m[48;2;0;4;0m▀[49m  [0m
  [38;2;0;4;0m▀[38;2;148;139;57m▀  [38;2;192;184;67m▀[48;2;0;4;0m▀[38;2;132;78;108m[48;2;192;184;67m▀[38;2;198;94;110m[48;2;140;70;108m▀[38;2;178;109;112m[48;2;222;214;134m▀[48;2;66;66;66m▀[38;2;222;214;134m[48;2;160;127;100m▀[38;2;66;66;66m[48;2;129;76;110m▀[38;2;192;181;69m[48;2;192;181;69m▀[48;2;66;66;66m▀[38;2;115;96;75m[48;2;66;75;125m▀[38;2;66;57;74m[48;2;74;49;69m▀[48;2;66;57;74m▀[38;2;66;64;71m[48;2;129;79;110m▀▀[38;2;198;94;110m[48;2;127;77;107m▀[48;2;66;57;74m▀[38;2;225;211;134m[48;2;222;222;214m▀[48;2;0;0;0m▀[38;2;74;69;58m[49m▀[38;2;66;75;125m[48;2;0;4;0m▀[38;2;0;4;0m[49m▀     [0m
       [38;2;0;4;0m▀[38;2;198;173;78m[48;2;123;82;107m▀[38;2;222;214;134m[48;2;192;181;67m▀[38;2;74;53;82m[48;2;148;70;116m▀[38;2;198;181;70m[48;2;165;107;101m▀[38;2;198;94;110m[48;2;198;181;70m▀[38;2;162;133;77m[48;2;82;61;90m▀[38;2;66;66;66m[48;2;107;103;35m▀[38;2;144;136;56m[48;2;93;95;83m▀[38;2;66;75;125m[48;2;121;126;163m▀[38;2;214;206;150m[48;2;0;0;0m▀[38;2;127;76;107m[49m▀[38;2;198;103;126m▀[38;2;132;71;87m▀[38;2;0;4;0m[48;2;0;4;0m▀[48;2;222;222;222m▀[38;2;222;222;222m[48;2;0;4;0m▀[38;2;0;4;0m[49m▀        [0m
        [38;2;82;57;71m[48;2;0;4;0m▀[38;2;192;181;67m[48;2;148;143;63m▀[38;2;198;181;70m[48;2;74;68;71m▀▀[38;2;74;53;82m[48;2;144;136;56m▀[38;2;104;85;80m[48;2;0;4;0m▀[38;2;93;95;83m[49m▀[38;2;66;78;178m[48;2;0;4;0m▀[38;2;66;66;66m[48;2;87;99;186m▀[38;2;74;74;70m[48;2;8;8;0m▀[38;2;0;4;0m[49m▀  [38;2;66;65;66m▀[38;2;66;66;66m▀[38;2;0;4;0m▀         [0m
         [38;2;0;4;0m▀[38;2;110;77;94m[48;2;0;4;0m▀▀[38;2;0;4;0m[49m▀ ▀[38;2;66;65;66m[48;2;0;4;0m▀[38;2;88;99;184m▀[49m                [0m
                                 [0m
