
[38;2;0;0;0m                                                  
[38;2;0;0;0m                [38;2;49;49;49m██[38;2;0;0;0m                                
[38;2;0;0;0m              [38;2;49;49;49m██[38;2;189;189;189m██[38;2;49;49;49m██[38;2;0;0;0m                              
[38;2;0;0;0m              [38;2;49;49;49m██[38;2;189;189;189m██[38;2;49;49;49m██[38;2;0;0;0m            [38;2;49;49;49m████[38;2;0;0;0m              
[38;2;0;0;0m            [38;2;49;49;49m██[38;2;189;189;189m████[38;2;49;49;49m██[38;2;0;0;0m        [38;2;49;49;49m████[38;2;238;106;106m██[38;2;49;49;49m██[38;2;0;0;0m              
[38;2;0;0;0m            [38;2;49;49;49m██[38;2;189;189;189m██[38;2;131;131;115m██[38;2;82;82;82m██[38;2;49;49;49m██[38;2;0;0;0m    [38;2;49;49;49m██[38;2;238;106;106m████[38;2;49;49;49m██[38;2;0;0;0m                
[38;2;0;0;0m            [38;2;49;49;49m██[38;2;131;131;115m██[38;2;255;255;255m██████[38;2;49;49;49m████[38;2;238;106;106m██████[38;2;180;90;90m██[38;2;49;49;49m██[38;2;0;0;0m              
[38;2;0;0;0m          [38;2;49;49;49m██[38;2;255;255;255m██████[38;2;238;106;106m██[38;2;255;255;255m████[38;2;255;164;156m██[38;2;255;255;255m██[38;2;238;106;106m██[38;2;180;90;90m██[38;2;49;49;49m██[38;2;0;0;0m    [38;2;82;82;82m██[38;2;0;0;0m          
[38;2;0;0;0m          [38;2;49;49;49m██[38;2;255;255;255m██████[38;2;238;106;106m██[38;2;82;82;82m██[38;2;131;131;115m██[38;2;255;255;255m██[38;2;255;164;156m██[38;2;180;90;90m██[38;2;49;49;49m██[38;2;0;0;0m    [38;2;82;82;82m██[38;2;189;189;189m██[38;2;82;82;82m██[38;2;0;0;0m  [38;2;82;82;82m██[38;2;0;0;0m    
[38;2;0;0;0m        [38;2;49;49;49m██[38;2;255;255;255m██████[38;2;82;82;82m██[38;2;49;49;49m██[38;2;246;172;255m██[38;2;255;255;255m████[38;2;238;106;106m██[38;2;49;49;49m██[38;2;0;0;0m  [38;2;82;82;82m████[38;2;189;189;189m████[38;2;82;82;82m████[38;2;255;255;255m██[38;2;49;49;49m██[38;2;0;0;0m  
[38;2;0;0;0m        [38;2;82;82;82m██[38;2;255;255;255m██[38;2;238;106;106m██[38;2;255;255;255m██[38;2;246;172;255m██[38;2;49;49;49m██[38;2;246;172;255m██[38;2;255;255;255m██[38;2;238;106;106m████[38;2;49;49;49m██[38;2;82;82;82m██[38;2;189;189;189m██████[38;2;82;82;82m████[38;2;255;255;255m████[38;2;49;49;49m██[38;2;0;0;0m  
[38;2;0;0;0m          [38;2;82;82;82m██[38;2;255;255;255m████████[38;2;238;106;106m██████[38;2;82;82;82m██[38;2;189;189;189m████████[38;2;82;82;82m██[38;2;255;255;255m██████[38;2;49;49;49m██[38;2;0;0;0m    
[38;2;0;0;0m        [38;2;49;49;49m██[38;2;189;189;189m████[38;2;238;106;106m██[38;2;255;255;255m████[38;2;255;164;156m██[38;2;238;106;106m██[38;2;255;255;255m██[38;2;82;82;82m████[38;2;189;189;189m████[38;2;255;255;255m████████[38;2;189;189;189m██[38;2;49;49;49m██[38;2;0;0;0m    
[38;2;0;0;0m      [38;2;49;49;49m██[38;2;189;189;189m██[38;2;82;82;82m██[38;2;255;255;255m██[38;2;238;106;106m██[38;2;255;164;156m██[38;2;255;255;255m████████████[38;2;82;82;82m██[38;2;189;189;189m██[38;2;255;255;255m██████[38;2;189;189;189m██[38;2;49;49;49m██[38;2;0;0;0m      
[38;2;0;0;0m    [38;2;49;49;49m██[38;2;180;90;90m██[38;2;82;82;82m██[38;2;238;106;106m██[38;2;255;164;156m██[38;2;255;255;255m██[38;2;238;106;106m██[38;2;255;255;255m██[38;2;131;131;115m██[38;2;255;255;255m██████[38;2;82;82;82m██[38;2;189;189;189m████████[38;2;49;49;49m████[38;2;0;0;0m        
[38;2;0;0;0m  [38;2;49;49;49m██[38;2;82;82;82m██[38;2;180;90;90m██[38;2;82;82;82m██[38;2;238;106;106m██[38;2;255;255;255m████████[38;2;131;131;115m██[38;2;255;255;255m██[38;2;180;90;90m██[38;2;255;255;255m██[38;2;82;82;82m██[38;2;189;189;189m██████[38;2;49;49;49m██[38;2;0;0;0m            
[38;2;0;0;0m  [38;2;49;49;49m██[38;2;82;82;82m██[38;2;49;49;49m████[38;2;131;131;115m██[38;2;189;189;189m██[38;2;255;255;255m████████[38;2;82;82;82m██[38;2;238;106;106m██[38;2;180;90;90m██[38;2;238;106;106m██[38;2;82;82;82m██[38;2;189;189;189m████[38;2;49;49;49m██[38;2;0;0;0m            
[38;2;0;0;0m  [38;2;49;49;49m████[38;2;0;0;0m    [38;2;49;49;49m██[38;2;189;189;189m██[38;2;131;131;115m██[38;2;255;255;255m██████[38;2;82;82;82m██[38;2;238;106;106m██████[38;2;82;82;82m██[38;2;189;189;189m██[38;2;49;49;49m██[38;2;0;0;0m              
[38;2;0;0;0m        [38;2;49;49;49m██[38;2;131;131;115m██[38;2;189;189;189m████[38;2;82;82;82m██[38;2;189;189;189m████[38;2;82;82;82m██[38;2;238;106;106m██[38;2;82;82;82m██[38;2;238;106;106m██[38;2;131;131;115m██[38;2;49;49;49m██[38;2;0;0;0m                
[38;2;0;0;0m        [38;2;49;49;49m██[38;2;189;189;189m██[38;2;131;131;115m██[38;2;189;189;189m██[38;2;49;49;49m████[38;2;189;189;189m██[38;2;255;255;255m██[38;2;82;82;82m██[38;2;131;131;115m██[38;2;82;82;82m██[38;2;131;131;115m██[38;2;49;49;49m██[38;2;0;0;0m                
[38;2;0;0;0m          [38;2;49;49;49m██████[38;2;0;0;0m    [38;2;49;49;49m██[38;2;255;255;255m██[38;2;82;82;82m██[38;2;131;131;115m██[38;2;82;82;82m██[38;2;49;49;49m██[38;2;0;0;0m                  
[38;2;0;0;0m                      [38;2;49;49;49m██[38;2;255;255;255m██[38;2;82;82;82m██[38;2;255;255;255m██[38;2;49;49;49m██[38;2;0;0;0m                  
[38;2;0;0;0m                      [38;2;49;49;49m████████[38;2;0;0;0m                    
[38;2;0;0;0m                                                  [0m
