
[38;2;0;0;0m                                                              
[38;2;0;0;0m    ██[38;2;248;224;64m██[38;2;0;0;0m                                                      
[38;2;0;0;0m      ████      ██[38;2;64;64;64m██[38;2;0;0;0m                                          
[38;2;0;0;0m      ██[38;2;248;224;64m██[38;2;0;0;0m████  ██[38;2;64;64;64m██[38;2;0;0;0m                                          
[38;2;0;0;0m        [38;2;248;224;64m████[38;2;64;64;64m██[38;2;0;0;0m██  ████                                  ████  
[38;2;0;0;0m        ██[38;2;248;224;64m██[38;2;64;64;64m████[38;2;0;0;0m  ████                            ██████[38;2;248;224;64m██[38;2;0;0;0m    
[38;2;0;0;0m    [38;2;248;224;64m██[38;2;0;0;0m████[38;2;128;112;88m██[38;2;248;224;64m██[38;2;64;64;64m██[38;2;0;0;0m████[38;2;64;64;64m██[38;2;0;0;0m██                ████    ██[38;2;64;64;64m████[38;2;128;112;88m██[38;2;0;0;0m██    
[38;2;0;0;0m    ██[38;2;248;224;64m██[38;2;0;0;0m  ██[38;2;248;224;64m██[38;2;128;112;88m██[38;2;64;64;64m██[38;2;0;0;0m██[38;2;64;64;64m████[38;2;0;0;0m              ██[38;2;64;64;64m██[38;2;0;0;0m    ██[38;2;64;64;64m████[38;2;248;224;64m██[38;2;0;0;0m██      
[38;2;0;0;0m      ██[38;2;248;224;64m██[38;2;64;64;64m██[38;2;248;224;64m████[38;2;64;64;64m██[38;2;248;240;120m██[38;2;64;64;64m████[38;2;0;0;0m██          ██[38;2;64;64;64m██[38;2;0;0;0m██████[38;2;64;64;64m██[38;2;248;224;64m██[38;2;192;168;88m██[38;2;0;0;0m██        
[38;2;0;0;0m        [38;2;248;224;64m████████[38;2;64;64;64m██[38;2;248;240;120m██[38;2;64;64;64m████[38;2;0;0;0m████        ████  [38;2;248;224;64m██[38;2;64;64;64m██[38;2;248;224;64m████[38;2;128;112;88m██[38;2;0;0;0m██        
[38;2;0;0;0m          ██[38;2;248;224;64m████[38;2;248;240;120m████[38;2;64;64;64m████[38;2;248;240;120m████[38;2;0;0;0m      [38;2;64;64;64m██████[38;2;248;224;64m██[38;2;64;64;64m██[38;2;192;168;88m██████[38;2;0;0;0m            
[38;2;0;0;0m            [38;2;248;224;64m████[38;2;248;240;120m████[38;2;64;64;64m████[38;2;248;240;120m██[38;2;0;0;0m██    ██[38;2;64;64;64m████[38;2;248;224;64m██[38;2;192;168;88m████████[38;2;0;0;0m██████        
[38;2;0;0;0m            [38;2;248;240;120m██[38;2;64;64;64m██[38;2;248;240;120m████████[38;2;64;64;64m████[38;2;0;0;0m████[38;2;64;64;64m████[38;2;248;224;64m██[38;2;192;168;88m██[38;2;64;64;64m██[38;2;192;168;88m████████[38;2;0;0;0m████        
[38;2;0;0;0m          ██[38;2;248;240;120m██████[38;2;64;64;64m██[38;2;248;240;120m████[38;2;64;64;64m██[38;2;248;240;120m██[38;2;248;224;64m██[38;2;64;64;64m████[38;2;248;224;64m████[38;2;64;64;64m██[38;2;192;168;88m████████[38;2;0;0;0m██            
[38;2;0;0;0m          ██[38;2;128;112;88m██[38;2;248;240;120m██████████[38;2;248;224;64m████[38;2;64;64;64m████[38;2;248;224;64m██[38;2;192;168;88m████████[38;2;0;0;0m██                  
[38;2;0;0;0m            [38;2;192;168;88m██[38;2;248;224;64m██[38;2;248;240;120m████[38;2;248;224;64m██[38;2;64;64;64m██[38;2;248;224;64m████████[38;2;64;64;64m██[38;2;192;168;88m██████████[38;2;0;0;0m██                
[38;2;0;0;0m            ██[38;2;136;88;88m██[38;2;248;224;64m██[38;2;192;168;88m██[38;2;248;248;248m██[38;2;64;64;64m██[38;2;248;224;64m████[38;2;64;64;64m██[38;2;192;168;88m██████[38;2;0;0;0m██                        
[38;2;0;0;0m            ██[38;2;248;208;80m██[38;2;136;88;88m██[38;2;248;248;248m████[38;2;64;64;64m██[38;2;248;224;64m██[38;2;64;64;64m██[38;2;192;168;88m██████[38;2;0;0;0m██                          
[38;2;0;0;0m            [38;2;248;208;80m██[38;2;208;160;120m██[38;2;248;208;80m██[38;2;208;160;120m██[38;2;192;168;88m████[38;2;248;224;64m████[38;2;64;64;64m██[38;2;0;0;0m██                              
[38;2;0;0;0m          ██[38;2;248;208;80m████[38;2;0;0;0m██[38;2;136;88;88m██[38;2;192;168;88m████[38;2;64;64;64m████[38;2;248;224;64m██[38;2;0;0;0m                                
[38;2;0;0;0m        [38;2;248;208;80m████[38;2;0;0;0m██      ████[38;2;64;64;64m██[38;2;192;168;88m████[38;2;64;64;64m██████[38;2;0;0;0m██                        
[38;2;0;0;0m      ██[38;2;136;88;88m██[38;2;0;0;0m██            [38;2;64;64;64m██[38;2;192;168;88m████[38;2;136;88;88m██[38;2;160;128;96m██[38;2;248;224;64m████[38;2;0;0;0m████                    
[38;2;0;0;0m    [38;2;248;208;80m██[38;2;0;0;0m██        ██    ██[38;2;160;128;96m████[38;2;64;64;64m██[38;2;160;128;96m████[38;2;64;64;64m██[38;2;248;224;64m██[38;2;64;64;64m████[38;2;0;0;0m██                  
[38;2;0;0;0m  ████        ██[38;2;64;64;64m██[38;2;0;0;0m████[38;2;64;64;64m██████[38;2;192;168;88m██[38;2;64;64;64m██[38;2;136;88;88m██[38;2;64;64;64m██[38;2;248;224;64m██[38;2;64;64;64m████[38;2;0;0;0m                    
[38;2;0;0;0m            ██[38;2;64;64;64m██[38;2;0;0;0m████[38;2;248;208;80m██[38;2;0;0;0m████[38;2;248;224;64m██[38;2;64;64;64m██[38;2;248;224;64m████[38;2;64;64;64m██[38;2;248;208;80m██[38;2;0;0;0m██                      
[38;2;0;0;0m              ██    [38;2;248;208;80m██[38;2;0;0;0m██  ██[38;2;192;168;88m██[38;2;248;224;64m██[38;2;64;64;64m██[38;2;192;144;80m████[38;2;64;64;64m██[38;2;0;0;0m██                    
[38;2;0;0;0m                  ██[38;2;64;64;64m██[38;2;0;0;0m██    ████[38;2;248;248;248m██[38;2;192;144;80m████[38;2;0;0;0m██[38;2;248;248;248m██[38;2;0;0;0m                    
[38;2;0;0;0m                  ████          ██[38;2;192;144;80m██[38;2;0;0;0m██  ██                    
[38;2;0;0;0m                                  ████                        
[38;2;0;0;0m                                                              [0m
