
[38;2;0;0;0m                                                          
[38;2;0;0;0m    ████                    [38;2;8;0;0m██[38;2;0;0;0m██                          
[38;2;0;0;0m  ██[38;2;63;63;65m██[38;2;90;94;98m██[38;2;101;115;125m██[38;2;0;0;0m████              [38;2;99;189;251m██[38;2;0;0;0m██                          
[38;2;0;0;0m    [38;2;8;0;0m██[38;2;63;63;65m██[38;2;101;115;125m██[38;2;107;119;123m██[38;2;99;115;127m██[38;2;0;0;0m██        ████[38;2;49;71;84m██[38;2;0;0;0m                    ████    
[38;2;0;0;0m    [38;2;66;66;66m████[38;2;79;91;103m██[38;2;77;92;103m██[38;2;0;0;0m██        ██[38;2;99;118;128m██[38;2;79;91;103m██[38;2;0;0;0m██            ████[38;2;99;115;127m██████[38;2;99;118;128m██[38;2;0;0;0m██  
[38;2;0;0;0m    ██[38;2;55;63;71m██[38;2;66;66;66m██[38;2;79;91;103m██[38;2;99;115;127m██[38;2;0;0;0m██  ████[38;2;99;115;127m██[38;2;79;91;103m██[38;2;78;90;106m██[38;2;0;0;0m██        ████[38;2;66;66;66m██[38;2;99;118;128m██████[38;2;99;115;131m██[38;2;78;90;106m██[38;2;0;0;0m    
[38;2;0;0;0m      ████[38;2;82;94;106m██[38;2;80;91;104m██[38;2;66;66;66m██[38;2;82;80;69m██[38;2;66;66;66m██[38;2;99;118;128m████[38;2;0;0;0m██            ██[38;2;99;115;127m██[38;2;101;115;125m██[38;2;99;115;127m██[38;2;80;91;104m██[38;2;66;66;66m████[38;2;0;0;0m██    
[38;2;0;0;0m          ██[38;2;80;91;104m██[38;2;66;66;66m████[38;2;99;115;127m██[38;2;99;118;128m████[38;2;0;0;0m██              ██[38;2;101;115;125m██[38;2;99;115;127m██[38;2;66;66;66m██[38;2;80;91;104m██[38;2;99;115;131m██[38;2;99;115;127m██[38;2;0;0;0m    
[38;2;0;0;0m          ██[38;2;66;66;66m██[38;2;82;80;69m██[38;2;66;66;66m██[38;2;99;115;127m██[38;2;66;66;58m██[38;2;77;82;80m██[38;2;0;0;0m              ██[38;2;99;115;127m██[38;2;99;118;128m████[38;2;79;91;103m████[38;2;66;66;66m██[38;2;0;0;0m██    
[38;2;0;0;0m        ██[38;2;82;81;69m██[38;2;82;80;69m████[38;2;0;24;24m██[38;2;255;239;239m██[38;2;82;79;69m████[38;2;0;0;0m              ██[38;2;107;123;139m██[38;2;66;66;66m████████[38;2;0;0;0m██      
[38;2;0;0;0m        ██[38;2;82;80;69m██[38;2;66;66;66m██[38;2;99;115;127m██████[38;2;99;115;131m██[38;2;82;90;101m██[38;2;0;0;0m██          ██[38;2;79;91;103m████[38;2;107;123;139m██[38;2;99;115;127m██████[38;2;0;0;0m        
[38;2;0;0;0m          ██[38;2;66;66;66m██[38;2;99;115;127m██[38;2;66;66;66m████[38;2;66;66;71m██[38;2;82;90;101m██[38;2;78;90;106m██[38;2;0;0;0m██  ██████[38;2;78;90;106m██[38;2;79;91;103m████[38;2;0;0;0m████████        
[38;2;0;0;0m            ████[38;2;82;80;69m████[38;2;66;66;66m██[38;2;82;80;69m██[38;2;79;91;103m██[38;2;71;83;95m██[38;2;71;71;66m██[38;2;66;66;66m████[38;2;63;67;71m██[38;2;78;90;106m██[38;2;0;0;0m██                  
[38;2;0;0;0m                [38;2;55;63;71m██[38;2;66;66;66m████[38;2;80;91;104m██[38;2;82;94;98m██[38;2;99;115;127m██[38;2;82;80;69m██[38;2;82;81;69m████[38;2;66;66;66m██[38;2;0;0;0m██                    
[38;2;0;0;0m          ██[38;2;79;91;103m████[38;2;82;94;106m██[38;2;71;83;95m██[38;2;99;115;127m██[38;2;66;66;66m██[38;2;66;66;58m██[38;2;99;118;128m██[38;2;99;115;127m██[38;2;66;66;66m████[38;2;99;115;127m██[38;2;66;66;66m██[38;2;80;91;104m████[38;2;0;0;0m████    ████    
[38;2;0;0;0m        ██[38;2;78;90;106m██[38;2;79;91;103m████[38;2;0;0;0m██[38;2;0;4;8m██[38;2;99;115;127m████[38;2;99;115;123m██[38;2;99;118;128m██[38;2;99;115;127m██████████[38;2;66;66;66m██[38;2;80;91;104m██[38;2;78;90;106m██[38;2;66;66;66m██[38;2;0;0;0m████[38;2;99;115;127m██[38;2;0;0;0m██    
[38;2;0;0;0m        [38;2;78;90;106m██[38;2;80;91;104m██[38;2;78;90;106m██[38;2;0;0;0m██    [38;2;99;115;127m██████[38;2;99;118;128m████[38;2;99;115;131m██[38;2;66;66;66m██[38;2;99;115;127m██[38;2;99;118;128m██[38;2;99;115;127m██[38;2;66;66;66m██[38;2;82;91;98m██[38;2;80;91;104m██[38;2;82;80;69m██[38;2;66;66;66m██[38;2;82;91;98m██[38;2;77;74;69m██[38;2;0;0;0m    
[38;2;0;0;0m      ██[38;2;66;66;66m██[38;2;82;78;70m██[38;2;0;0;0m          ██[38;2;82;80;69m██[38;2;66;66;66m██████[38;2;80;91;104m██[38;2;66;66;66m████[38;2;99;118;128m████[38;2;98;115;128m██[38;2;66;66;66m████[38;2;71;75;77m██[38;2;77;92;103m██[38;2;82;78;70m██[38;2;0;0;0m    
[38;2;0;0;0m    ██[38;2;78;90;106m██[38;2;80;91;104m██[38;2;0;0;0m██        ██[38;2;99;115;127m██[38;2;82;80;69m██[38;2;66;66;66m██[38;2;99;115;127m██[38;2;66;66;66m████[38;2;80;91;104m██[38;2;66;66;66m██[38;2;99;118;128m████[38;2;74;74;68m██[38;2;80;91;104m██[38;2;82;94;98m██[38;2;66;66;66m██[38;2;77;92;103m██[38;2;0;0;0m██    
[38;2;0;0;0m    [38;2;78;90;106m██[38;2;0;0;0m██████    ████[38;2;99;115;127m██[38;2;66;66;66m██[38;2;66;66;58m██[38;2;98;113;128m██[38;2;99;115;127m████████[38;2;99;118;128m██████[38;2;82;80;69m██[38;2;79;91;103m██[38;2;71;75;77m██[38;2;66;66;66m██[38;2;90;99;106m██[38;2;0;0;0m██    
[38;2;0;0;0m    [38;2;78;90;106m██[38;2;0;0;0m██        [38;2;101;117;125m██[38;2;99;115;127m██[38;2;99;115;131m██[38;2;66;66;66m██[38;2;74;74;68m██[38;2;96;114;133m██[38;2;66;66;66m██[38;2;99;115;127m██[38;2;66;66;66m██[38;2;99;114;128m██[38;2;82;79;69m██[38;2;99;114;128m████[38;2;66;66;66m██[38;2;79;81;69m██[38;2;78;90;106m██[38;2;0;0;0m████      
[38;2;0;0;0m  ██          ██[38;2;66;66;66m████[38;2;78;90;106m████[38;2;66;66;66m██[38;2;71;75;77m██[38;2;66;66;66m██[38;2;82;80;69m██████[38;2;99;115;127m██[38;2;82;80;69m████[38;2;66;66;66m██[38;2;78;90;106m██[38;2;0;0;0m██          
[38;2;0;0;0m              ██[38;2;66;66;66m██[38;2;80;91;104m██[38;2;78;90;106m██[38;2;0;0;0m████[38;2;66;66;66m██████[38;2;82;80;69m██[38;2;66;66;66m████[38;2;82;80;69m██[38;2;66;66;66m████[38;2;78;90;106m██[38;2;0;0;0m            
[38;2;0;0;0m                ██[38;2;66;66;66m██[38;2;78;90;106m██[38;2;0;0;0m██    ██[38;2;8;4;0m██[38;2;57;61;65m██[38;2;99;115;127m████[38;2;66;66;66m██[38;2;80;91;104m██[38;2;0;0;0m                
[38;2;0;0;0m                [38;2;99;115;127m██[38;2;82;80;69m██[38;2;82;94;106m████[38;2;0;0;0m        ██[38;2;82;80;69m██████[38;2;0;0;0m██                
[38;2;0;0;0m                ██████        [38;2;99;115;127m██[38;2;66;66;66m██[38;2;99;115;127m██[38;2;66;66;66m██[38;2;66;66;58m██[38;2;77;82;80m██[38;2;0;0;0m                
[38;2;0;0;0m                              [38;2;99;115;127m██[38;2;66;66;66m██[38;2;99;115;127m██[38;2;66;66;66m██[38;2;99;115;123m██[38;2;66;66;58m██[38;2;0;0;0m                
[38;2;0;0;0m                                  ██  ██                  
[38;2;0;0;0m                                                          [0m
