
[38;2;0;0;0m                                                
[38;2;0;0;0m                                    ████        
[38;2;0;0;0m                  ████    ████    ██[38;2;239;231;223m██[38;2;0;0;0m██        
[38;2;0;0;0m        ██  ██  ██[38;2;247;231;215m██[38;2;123;115;107m██[38;2;0;0;0m████[38;2;239;231;223m██[38;2;0;0;0m██  ██[38;2;239;231;223m████[38;2;0;0;0m██████    
[38;2;0;0;0m      ██[38;2;165;140;109m██[38;2;8;8;16m██[38;2;173;148;117m██[38;2;0;0;0m██[38;2;206;189;174m██████[38;2;132;115;95m██[38;2;165;140;109m██[38;2;239;231;223m████[38;2;0;0;0m██[38;2;80;77;74m██[38;2;160;146;128m██[38;2;247;231;207m██[38;2;239;231;223m████[38;2;0;0;0m██    
[38;2;0;0;0m      ██[38;2;165;140;109m██[38;2;118;101;83m██[38;2;63;55;50m██[38;2;69;63;58m██[38;2;206;189;174m██[38;2;118;107;97m██[38;2;74;66;58m██[38;2;66;66;66m██[38;2;165;140;109m██████[38;2;239;231;223m████[38;2;74;61;50m██[38;2;160;146;128m██[38;2;165;140;109m██[38;2;239;231;223m██[38;2;0;0;0m████  
[38;2;0;0;0m      [38;2;8;4;8m██[38;2;118;95;81m██[38;2;165;140;109m████[38;2;132;115;95m██[38;2;66;66;66m████[38;2;165;140;109m██[38;2;66;66;66m████[38;2;165;140;109m████[38;2;239;231;223m████[38;2;66;66;66m████[38;2;119;103;87m██[38;2;222;198;174m██[38;2;239;231;223m██[38;2;0;0;0m██  
[38;2;0;0;0m    ██[38;2;173;140;117m████[38;2;165;140;109m██████[38;2;66;66;66m██[38;2;165;140;109m██████[38;2;66;66;66m██[38;2;165;140;109m██[38;2;132;107;92m████[38;2;239;231;223m████[38;2;66;66;66m██[38;2;119;103;87m██[38;2;16;8;0m██[38;2;0;0;0m██    
[38;2;0;0;0m    ██[38;2;66;66;66m████[38;2;165;140;109m████████████[38;2;74;70;66m██[38;2;189;183;171m██[38;2;239;231;223m██[38;2;132;107;92m████[38;2;239;231;223m██[38;2;69;60;55m██[38;2;137;121;111m██[38;2;0;0;0m██        
[38;2;0;0;0m    ██[38;2;66;66;66m████████[38;2;165;140;109m██████[38;2;66;66;66m██[38;2;247;239;223m████[38;2;132;107;92m████[38;2;203;190;179m████[38;2;206;181;166m██[38;2;0;0;0m██          
[38;2;0;0;0m  ██[38;2;159;137;111m██[38;2;165;140;109m██[38;2;66;66;66m██[38;2;107;70;51m██[38;2;255;255;255m██[38;2;66;66;66m██[38;2;165;140;109m██████[38;2;66;66;66m██[38;2;206;189;174m██[38;2;126;107;97m██████[38;2;214;189;174m██[38;2;0;0;0m██            
[38;2;0;0;0m  ██[38;2;80;69;56m██[38;2;165;140;109m██[38;2;66;66;66m██[38;2;107;70;51m████[38;2;66;66;66m██[38;2;165;140;109m████[38;2;66;66;66m██[38;2;206;189;174m████[38;2;214;189;174m██[38;2;82;66;58m████[38;2;126;107;97m██[38;2;0;0;0m██            
[38;2;0;0;0m  ██[38;2;132;107;92m██[38;2;173;140;117m████[38;2;66;66;66m████[38;2;165;140;109m████████[38;2;69;60;55m██[38;2;206;181;166m██[38;2;132;107;92m██[38;2;0;0;0m██[38;2;206;198;174m██[38;2;140;132;116m██[38;2;0;0;0m██            
[38;2;0;0;0m    ██[38;2;8;4;8m██[38;2;118;95;81m██[38;2;165;140;109m██████[38;2;132;107;92m██[38;2;66;66;66m████[38;2;137;121;111m██[38;2;0;0;0m████  [38;2;8;0;0m████[38;2;0;0;0m              
[38;2;0;0;0m        ████████[38;2;82;85;82m██[38;2;206;189;174m████[38;2;0;0;0m██                        
[38;2;0;0;0m              ██[38;2;247;255;247m██[38;2;206;189;174m██[38;2;0;0;0m██                          
[38;2;0;0;0m                ████                            
[38;2;0;0;0m                                                [0m
