
        [38;2;49;49;49m▄         [0m
 [38;2;49;49;49m[48;2;49;49;49m▀[48;2;139;139;172m▀[49m▄ ▄[48;2;213;90;98m▀▀[38;2;213;90;98m[48;2;189;57;90m▀[38;2;49;49;49m[48;2;49;49;49m▀[49m  ▄▄▄   [0m
 [38;2;49;49;49m[48;2;49;49;49m▀[38;2;139;139;172m[48;2;82;82;82m▀[48;2;139;139;172m▀[38;2;49;49;49m[48;2;82;82;82m▀[38;2;139;139;172m[48;2;139;139;172m▀[38;2;213;90;98m▀[38;2;189;57;90m▀[38;2;139;139;172m▀[38;2;82;82;82m[48;2;82;82;82m▀[38;2;49;49;49m[48;2;139;139;172m▀▀[38;2;139;139;172m▀[48;2;106;106;115m▀[38;2;49;49;49m[48;2;49;49;49m▀[49m   [0m
  [38;2;49;49;49m[48;2;49;49;49m▀[38;2;82;82;82m[48;2;82;82;82m▀[48;2;213;90;98m▀[38;2;106;106;115m[48;2;82;82;82m▀[38;2;139;139;172m▀▀[38;2;82;82;82m[48;2;189;57;90m▀[38;2;139;139;172m▀[48;2;82;82;82m▀[38;2;82;82;82m▀[48;2;106;106;115m▀[38;2;49;49;49m[48;2;49;49;49m▀[49m ▄  [0m
 [38;2;49;49;49m[48;2;49;49;49m▀[38;2;82;82;82m[48;2;139;139;172m▀[38;2;213;90;98m[48;2;255;255;255m▀[38;2;139;139;172m[48;2;139;139;172m▀▀[38;2;213;90;98m▀[38;2;139;139;172m[48;2;213;90;98m▀[38;2;213;90;98m[48;2;57;197;164m▀[48;2;255;255;255m▀[38;2;139;139;172m[48;2;139;139;172m▀[38;2;82;82;82m▀[38;2;49;49;49m[48;2;49;49;49m▀[49m [48;2;49;49;49m▀[38;2;139;139;172m[48;2;139;139;172m▀[38;2;49;49;49m[48;2;49;49;49m▀[49m [0m
  [38;2;49;49;49m[48;2;49;49;49m▀[38;2;57;197;164m[48;2;139;139;172m▀[38;2;139;139;172m[48;2;106;106;115m▀[48;2;139;139;172m▀▀[38;2;255;255;255m[48;2;57;197;164m▀[38;2;57;197;164m[48;2;255;255;255m▀[38;2;255;255;255m[48;2;139;139;172m▀[38;2;139;139;172m▀[48;2;82;82;82m▀▀[38;2;49;49;49m[48;2;106;106;115m▀[38;2;139;139;172m[48;2;139;139;172m▀[48;2;106;106;115m▀[38;2;49;49;49m[48;2;49;49;49m▀[49m [0m
   [38;2;49;49;49m[48;2;49;49;49m▀[38;2;139;139;172m[48;2;106;106;115m▀[48;2;82;82;82m▀▀[38;2;82;82;82m▀[38;2;139;139;172m▀[48;2;106;106;115m▀[38;2;82;82;82m▀[38;2;106;106;115m[48;2;82;82;82m▀[38;2;139;139;172m[48;2;139;139;172m▀▀[38;2;49;49;49m[48;2;49;49;49m▀[49m▀  [0m
    [38;2;49;49;49m[48;2;49;49;49m▀[38;2;106;106;115m[48;2;189;57;90m▀[48;2;49;49;49m▀▀[48;2;82;82;82m▀[48;2;139;139;172m▀[38;2;82;82;82m[48;2;49;49;49m▀[38;2;49;49;49m[49m▀[38;2;106;106;115m[48;2;49;49;49m▀[38;2;139;139;172m[48;2;213;90;98m▀[38;2;49;49;49m[48;2;49;49;49m▀[49m   [0m
    [38;2;49;49;49m▀▀ [48;2;49;49;49m▀[38;2;213;90;98m▀[38;2;49;49;49m[49m▀  ▀▀    [0m
                  [0m
