
[38;2;0;0;0m                                              
[38;2;0;0;0m    ████                                      
[38;2;0;0;0m    ██[38;2;72;128;144m██[38;2;0;0;0m██                                    
[38;2;0;0;0m    ██[38;2;176;120;152m██[38;2;72;128;144m██[38;2;0;0;0m██                ██████            
[38;2;0;0;0m    ██[38;2;176;120;152m██[38;2;72;128;144m██[38;2;0;0;0m██              ██[38;2;104;176;192m██████[38;2;0;0;0m████        
[38;2;0;0;0m      ██[38;2;64;64;64m████[38;2;0;0;0m██    ████████[38;2;64;64;64m██[38;2;104;176;192m██[38;2;72;128;144m████████[38;2;0;0;0m██      
[38;2;0;0;0m    ██[38;2;104;176;192m████████[38;2;0;0;0m████[38;2;72;128;144m██[38;2;104;176;192m██████[38;2;64;64;64m██[38;2;104;176;192m██[38;2;72;128;144m██[38;2;176;120;152m██[38;2;72;128;144m████[38;2;0;0;0m██      
[38;2;0;0;0m  ██[38;2;104;176;192m████████[38;2;64;64;64m████[38;2;104;176;192m████[38;2;192;160;200m████[38;2;64;64;64m██[38;2;104;176;192m██[38;2;72;128;144m██[38;2;176;120;152m████[38;2;192;160;200m██[38;2;72;128;144m████[38;2;0;0;0m██    
[38;2;0;0;0m  ██[38;2;72;128;144m██[38;2;104;176;192m████████████[38;2;176;120;152m████[38;2;64;64;64m██[38;2;104;176;192m██[38;2;72;128;144m████[38;2;176;120;152m██[38;2;192;160;200m██████[38;2;72;128;144m██[38;2;0;0;0m██    
[38;2;0;0;0m  ██[38;2;248;248;248m██[38;2;64;64;64m████[38;2;72;128;144m██[38;2;104;176;192m████[38;2;72;128;144m██[38;2;64;64;64m████[38;2;72;128;144m████[38;2;176;120;152m██[38;2;72;128;144m████[38;2;192;160;200m████[38;2;0;0;0m████[38;2;72;128;144m██[38;2;0;0;0m██  
[38;2;0;0;0m    ██[38;2;64;64;64m████[38;2;248;248;248m██[38;2;64;64;64m██[38;2;72;128;144m██████████[38;2;176;120;152m██[38;2;192;160;200m████[38;2;72;128;144m████[38;2;0;0;0m██    ████  
[38;2;0;0;0m      ██[38;2;64;64;64m████████[38;2;72;128;144m████[38;2;176;120;152m████[38;2;64;64;64m████[38;2;192;160;200m████[38;2;0;0;0m██            
[38;2;0;0;0m      ██[38;2;200;200;192m██[38;2;64;64;64m██████[38;2;104;176;192m██[38;2;72;128;144m████[38;2;64;64;64m██[38;2;72;128;144m████[38;2;0;0;0m██[38;2;72;128;144m██[38;2;0;0;0m██            
[38;2;0;0;0m        ██[38;2;104;176;192m██[38;2;72;128;144m██[38;2;200;200;192m██[38;2;72;128;144m██[38;2;64;64;64m██[38;2;72;128;144m██████[38;2;0;0;0m██  ████            
[38;2;0;0;0m          ██████[38;2;64;64;64m██[38;2;72;128;144m██████[38;2;0;0;0m████                  
[38;2;0;0;0m                ████████  ████                
[38;2;0;0;0m                    ██      ██                
[38;2;0;0;0m                    ██      ██                
[38;2;0;0;0m                            ████              
[38;2;0;0;0m                              ██              
[38;2;0;0;0m                              ██              
[38;2;0;0;0m                                              [0m
