
       [38;2;0;0;0m▄                    [0m
 [38;2;0;0;0m▄[48;2;132;115;116m▀▀[49m▄ [48;2;0;0;0m▀[38;2;132;115;116m[48;2;132;115;116m▀[38;2;0;0;0m[48;2;0;0;0m▀[49m▄[48;2;132;115;116m▀[48;2;0;0;0m▀[49m ▄              [0m
  [38;2;0;0;0m▀[38;2;132;115;116m[48;2;0;0;0m▀[48;2;88;77;77m▀[38;2;0;0;0m[48;2;132;115;116m▀[38;2;82;66;74m[48;2;107;91;93m▀[38;2;131;115;113m[48;2;82;66;74m▀[38;2;82;66;74m[48;2;132;115;116m▀[38;2;132;115;116m[48;2;82;66;74m▀[48;2;0;0;0m▀[38;2;0;0;0m[49m▀[48;2;0;0;0m▀[38;2;132;115;116m[48;2;132;115;116m▀[38;2;0;0;0m[48;2;0;0;0m▀[49m▄[48;2;132;115;116m▀[48;2;0;0;0m▀[49m          [0m
  [38;2;0;0;0m[48;2;0;0;0m▀[38;2;156;140;140m[48;2;156;140;140m▀[38;2;132;115;116m▀[48;2;132;115;116m▀[38;2;132;118;116m[48;2;132;118;116m▀▀[38;2;132;115;116m[48;2;82;66;74m▀▀[38;2;0;0;0m[48;2;132;115;116m▀▀[38;2;82;66;74m[48;2;107;91;93m▀[38;2;131;115;113m[48;2;82;66;74m▀[38;2;82;66;74m[48;2;132;115;116m▀[38;2;132;115;116m▀[48;2;0;0;0m▀[38;2;0;0;0m[49m▀   ▄▄▄    [0m
 [38;2;0;0;0m[48;2;0;0;0m▀[38;2;132;115;116m[48;2;107;90;91m▀[48;2;132;115;116m▀[38;2;131;115;118m[48;2;107;91;96m▀[38;2;156;140;140m[48;2;82;66;74m▀[48;2;131;115;118m▀[38;2;82;66;74m[48;2;82;66;74m▀[38;2;132;115;116m[48;2;156;140;140m▀▀[38;2;132;118;116m[48;2;132;118;116m▀▀▀▀[38;2;140;119;116m[48;2;140;119;116m▀[38;2;8;4;0m[48;2;96;81;77m▀[38;2;0;0;0m[49m▄ ▄[48;2;107;90;91m▀[48;2;132;115;116m▀[38;2;132;115;116m▀[38;2;132;118;116m[48;2;132;118;116m▀▀[38;2;0;0;0m[48;2;132;115;116m▀▀[49m▄ [0m
  [38;2;8;0;0m[48;2;8;0;0m▀[38;2;74;88;119m[48;2;107;132;179m▀[38;2;82;66;74m[48;2;132;173;244m▀[38;2;132;173;244m▀[38;2;82;66;74m[48;2;82;66;74m▀[38;2;132;115;116m[48;2;132;115;116m▀▀[38;2;156;140;140m▀[48;2;82;66;74m▀[48;2;107;91;96m▀[48;2;132;115;116m▀[38;2;132;115;116m[48;2;156;140;140m▀▀[48;2;132;115;116m▀[38;2;88;74;77m[48;2;88;74;77m▀[38;2;0;0;0m[48;2;132;111;116m▀[38;2;107;90;91m[48;2;132;115;116m▀[38;2;132;115;116m▀[38;2;137;122;124m[48;2;69;63;66m▀[38;2;69;63;66m[48;2;0;4;8m▀[38;2;0;0;0m[49m▀▀▀▀  [0m
   [38;2;0;0;0m▀[38;2;156;119;196m[48;2;0;4;0m▀[48;2;78;61;98m▀[38;2;132;173;244m[48;2;82;66;74m▀[38;2;82;66;74m▀[38;2;101;104;128m[48;2;112;139;189m▀[38;2;90;70;66m[48;2;123;173;251m▀[38;2;132;173;244m[48;2;132;173;244m▀[38;2;107;90;91m▀[38;2;107;107;125m[48;2;90;70;66m▀[38;2;90;70;66m[48;2;140;181;244m▀[38;2;132;115;116m[48;2;132;115;116m▀[38;2;107;90;94m[48;2;82;66;71m▀[38;2;82;66;74m[48;2;132;115;116m▀[38;2;132;115;116m▀[38;2;94;105;130m[48;2;82;70;66m▀[38;2;82;70;66m[48;2;107;140;195m▀[38;2;90;132;202m[48;2;90;132;202m▀[38;2;0;0;0m▀[48;2;0;0;0m▀[49m     [0m
   [38;2;0;0;0m[48;2;0;0;0m▀[38;2;132;115;116m[48;2;82;66;74m▀[48;2;132;115;116m▀[38;2;82;66;74m[48;2;107;90;91m▀[38;2;107;90;91m[48;2;82;66;74m▀[38;2;82;70;66m[48;2;107;86;109m▀[38;2;156;119;196m[48;2;82;70;66m▀[38;2;129;132;193m[48;2;90;66;74m▀[38;2;148;165;252m▀[38;2;132;173;244m[48;2;90;74;82m▀[38;2;90;74;82m▀[38;2;107;90;94m[48;2;132;115;116m▀[38;2;82;66;71m▀[38;2;132;115;116m[48;2;82;66;74m▀[48;2;132;115;116m▀[38;2;99;106;133m[48;2;90;71;72m▀[38;2;90;71;72m[48;2;107;140;195m▀[38;2;90;132;202m[48;2;90;132;202m▀[38;2;0;0;0m[48;2;0;0;0m▀[49m      [0m
 [38;2;0;0;0m▄[38;2;0;0;24m[48;2;231;255;255m▀[38;2;154;170;178m[48;2;154;170;178m▀[38;2;132;173;244m[48;2;132;173;244m▀[38;2;82;66;74m▀[38;2;107;91;91m[48;2;82;66;74m▀[48;2;107;91;91m▀▀▀[38;2;107;90;94m[48;2;132;115;116m▀[38;2;82;66;71m▀[38;2;132;118;116m[48;2;132;118;116m▀▀▀▀[38;2;132;115;116m[48;2;132;115;116m▀[48;2;82;66;74m▀[38;2;101;104;128m[48;2;112;139;189m▀[38;2;90;70;66m[48;2;123;173;251m▀[38;2;132;173;244m[48;2;132;173;244m▀[38;2;91;132;203m▀[38;2;0;0;0m[48;2;0;0;0m▀[49m     [0m
  [38;2;0;0;0m▀[38;2;90;132;202m[48;2;0;0;0m▀[38;2;159;170;173m[48;2;0;0;8m▀[38;2;239;255;255m▀[38;2;0;0;0m[49m▀[38;2;107;90;91m[48;2;0;0;0m▀[38;2;0;0;0m[49m▀[38;2;132;115;116m[48;2;0;0;0m▀[38;2;90;70;66m[48;2;140;181;244m▀[38;2;107;107;125m[48;2;90;70;66m▀[38;2;90;78;82m[48;2;115;173;251m▀[48;2;107;141;195m▀[38;2;148;123;124m[48;2;101;83;85m▀[38;2;101;83;85m[48;2;8;4;8m▀[38;2;38;49;68m[48;2;8;4;0m▀[38;2;99;140;203m▀[38;2;0;0;0m[49m▀[38;2;132;173;244m[48;2;0;0;0m▀[38;2;132;176;244m[48;2;132;176;244m▀▀[38;2;132;173;244m[48;2;0;0;0m▀[38;2;0;0;0m[49m▀    [0m
        [38;2;0;0;0m▀[38;2;255;255;255m[48;2;0;0;0m▀[38;2;132;181;252m[48;2;0;4;8m▀[48;2;88;122;171m▀[38;2;154;170;178m[48;2;231;255;255m▀[48;2;0;0;24m▀[38;2;0;0;0m[49m▀▀   ▀▀▀      [0m
           [38;2;0;0;0m▀▀               [0m
