
            [38;2;49;49;49m▄                 [0m
     [38;2;49;49;49m▄[48;2;82;82;82m▀[49m▄   [48;2;49;49;49m▀[38;2;82;82;82m[48;2;82;82;82m▀[38;2;49;49;49m[48;2;49;49;49m▀[49m   ▄            [0m
 [38;2;49;49;49m▄▄  [48;2;49;49;49m▀[38;2;82;82;82m[48;2;82;82;82m▀[38;2;65;65;65m▀[38;2;49;49;49m[48;2;148;213;74m▀[49m▄[48;2;82;82;82m▀[38;2;82;82;82m[48;2;148;213;74m▀[48;2;82;82;82m▀[48;2;148;213;74m▀[38;2;49;49;49m[48;2;82;82;82m▀[49m▄[48;2;49;49;49m▀[38;2;82;82;82m[48;2;82;82;82m▀[38;2;49;49;49m[48;2;49;49;49m▀[49m           [0m
 [38;2;49;49;49m[48;2;49;49;49m▀[38;2;82;82;82m[48;2;82;82;82m▀[38;2;49;49;49m▀▀[38;2;65;65;65m[48;2;65;65;65m▀[38;2;123;172;82m[48;2;123;172;82m▀[38;2;82;82;82m[48;2;82;82;82m▀[38;2;148;213;74m▀[38;2;65;65;65m[48;2;65;65;65m▀[38;2;82;82;82m[48;2;82;82;82m▀[38;2;148;213;74m▀[38;2;82;82;82m▀[38;2;148;213;74m▀[38;2;82;82;82m[48;2;65;65;65m▀[38;2;65;65;65m[48;2;148;213;74m▀[38;2;82;82;82m[48;2;82;82;82m▀▀[38;2;65;65;65m▀[38;2;49;49;49m[48;2;49;49;49m▀[49m ▄[48;2;82;82;82m▀[48;2;49;49;49m▀[49m      [0m
  [38;2;49;49;49m[48;2;49;49;49m▀[38;2;82;82;82m[48;2;82;82;82m▀[38;2;115;148;74m[48;2;115;148;74m▀[38;2;65;65;65m[48;2;82;82;82m▀[38;2;82;82;82m[48;2;65;65;65m▀[48;2;49;49;49m▀[38;2;65;65;65m[48;2;65;65;65m▀[48;2;49;49;49m▀▀[38;2;82;82;82m[48;2;65;65;65m▀▀▀[38;2;65;65;65m[48;2;82;82;82m▀[38;2;148;213;74m▀[38;2;82;82;82m▀[38;2;123;172;82m[48;2;123;172;82m▀[38;2;82;82;82m[48;2;65;65;65m▀[38;2;65;65;65m▀[38;2;49;49;49m[48;2;82;82;82m▀[38;2;82;82;82m[48;2;65;65;65m▀[38;2;65;65;65m[48;2;49;49;49m▀[38;2;49;49;49m[49m▀      [0m
  [38;2;49;49;49m▀[38;2;82;82;82m[48;2;49;49;49m▀[48;2;82;82;82m▀[48;2;49;49;49m▀[38;2;49;49;49m[48;2;82;82;82m▀[38;2;82;82;82m[48;2;131;131;139m▀[38;2;49;49;49m[48;2;82;82;82m▀[38;2;82;82;82m[48;2;65;65;65m▀[38;2;49;49;49m[48;2;82;82;82m▀[38;2;82;82;82m[48;2;49;49;49m▀[38;2;65;65;65m[48;2;82;82;82m▀▀[48;2;65;65;65m▀[38;2;82;82;82m▀[48;2;82;82;82m▀[48;2;65;65;65m▀[38;2;65;65;65m▀[38;2;115;148;74m[48;2;115;148;74m▀[38;2;82;82;82m[48;2;82;82;82m▀▀[38;2;49;49;49m[48;2;49;49;49m▀[49m       [0m
   [38;2;49;49;49m▄[48;2;49;49;49m▀[38;2;82;82;82m[48;2;189;189;189m▀[38;2;255;255;255m[48;2;65;65;65m▀[38;2;82;82;82m[48;2;82;82;82m▀[48;2;255;255;255m▀[38;2;255;255;255m▀[38;2;148;213;74m[48;2;123;172;82m▀[38;2;82;82;82m[48;2;115;148;74m▀[48;2;49;49;49m▀▀[48;2;82;82;82m▀[38;2;65;65;65m▀[48;2;65;65;65m▀▀▀▀[48;2;49;49;49m▀[38;2;49;49;49m[49m▀        [0m
  [38;2;49;49;49m[48;2;49;49;49m▀[38;2;65;65;65m[48;2;65;65;65m▀[38;2;82;82;82m[48;2;82;82;82m▀[38;2;189;189;189m▀[38;2;82;82;82m▀[38;2;148;213;74m[48;2;148;213;74m▀[38;2;255;255;255m[48;2;123;172;82m▀[38;2;148;213;74m[48;2;148;213;74m▀[48;2;82;82;82m▀[38;2;82;82;82m▀▀[48;2;49;49;49m▀[38;2;49;49;49m▀[38;2;82;82;82m[48;2;82;82;82m▀[38;2;65;65;65m▀[48;2;49;49;49m▀[38;2;49;49;49m[49m▀▀          [0m
   [38;2;49;49;49m▀[38;2;82;82;82m[48;2;49;49;49m▀▀[38;2;49;49;49m[49m▀[38;2;82;82;82m[48;2;49;49;49m▀[38;2;123;172;82m▀[38;2;82;82;82m▀[38;2;49;49;49m[48;2;65;65;65m▀▀▀[38;2;65;65;65m▀[48;2;115;148;74m▀[38;2;82;82;82m[48;2;65;65;65m▀▀[38;2;49;49;49m[48;2;123;172;82m▀[48;2;148;213;74m▀▀[48;2;49;49;49m▀[49m         [0m
 [38;2;49;49;49m[48;2;49;49;49m▀[48;2;82;82;82m▀▀[49m▄▄▄[48;2;82;82;82m▀[38;2;82;82;82m▀[38;2;65;65;65m▀▀[48;2;148;213;74m▀[38;2;82;82;82m[48;2;82;82;82m▀[38;2;123;172;82m[48;2;148;213;74m▀[38;2;148;213;74m[48;2;123;172;82m▀[48;2;115;148;74m▀[48;2;82;82;82m▀[48;2;49;49;49m▀[38;2;49;49;49m[49m▀▀   ▄▄     [0m
  [38;2;49;49;49m▀[38;2;82;82;82m[48;2;49;49;49m▀▀▀[38;2;65;65;65m▀[38;2;82;82;82m[48;2;115;148;74m▀[38;2;255;255;255m[48;2;148;213;74m▀[38;2;82;82;82m[48;2;82;82;82m▀[38;2;115;148;74m[48;2;148;213;74m▀[38;2;148;213;74m[48;2;115;148;74m▀[38;2;123;172;82m[48;2;148;213;74m▀[38;2;255;255;255m[48;2;255;255;255m▀[38;2;148;213;74m[48;2;115;148;74m▀[48;2;49;49;49m▀[48;2;148;213;74m▀[38;2;49;49;49m▀▀[49m▄ ▄[48;2;148;213;74m▀[38;2;148;213;74m[48;2;115;148;74m▀[38;2;115;148;74m[48;2;148;213;74m▀[38;2;49;49;49m▀[49m▄[48;2;148;213;74m▀[48;2;49;49;49m▀[49m [0m
      [38;2;49;49;49m▄[48;2;123;172;82m▀[38;2;148;213;74m[48;2;148;213;74m▀▀[48;2;115;148;74m▀[48;2;148;213;74m▀[48;2;49;49;49m▀[38;2;49;49;49m[49m▀▀▄[48;2;65;65;65m▀[38;2;65;65;65m[48;2;82;82;82m▀▀▀[38;2;49;49;49m[48;2;115;148;74m▀[38;2;148;213;74m[48;2;148;213;74m▀▀▀▀[38;2;115;148;74m▀[38;2;148;213;74m[48;2;49;49;49m▀[38;2;49;49;49m[49m▀  [0m
     [38;2;49;49;49m▄[48;2;148;213;74m▀[38;2;148;213;74m[48;2;123;172;82m▀[48;2;255;255;255m▀[48;2;148;213;74m▀▀[48;2;115;148;74m▀[38;2;49;49;49m[48;2;65;65;65m▀[49m▄[48;2;82;82;82m▀[38;2;82;82;82m[48;2;115;148;74m▀[48;2;82;82;82m▀[38;2;115;148;74m▀▀[38;2;82;82;82m▀▀▀[38;2;115;148;74m▀[38;2;148;213;74m[48;2;49;49;49m▀[38;2;115;148;74m▀[38;2;49;49;49m[49m▀    [0m
     [38;2;49;49;49m[48;2;49;49;49m▀[38;2;148;213;74m[48;2;115;148;74m▀[48;2;148;213;74m▀[38;2;255;255;255m▀[38;2;123;172;82m▀[38;2;148;213;74m▀[38;2;82;82;82m[48;2;115;148;74m▀[48;2;82;82;82m▀[38;2;65;65;65m▀[38;2;82;82;82m▀▀[48;2;148;213;74m▀[38;2;123;172;82m▀[38;2;115;148;74m[48;2;49;49;49m▀[38;2;49;49;49m[49m▀▀▀▀       [0m
      [38;2;49;49;49m▀[38;2;123;172;82m[48;2;49;49;49m▀[38;2;148;213;74m▀[48;2;123;172;82m▀[48;2;148;213;74m▀▀[38;2;115;148;74m▀[38;2;82;82;82m▀[38;2;115;148;74m[48;2;115;148;74m▀[38;2;148;213;74m[48;2;49;49;49m▀[38;2;115;148;74m▀[38;2;49;49;49m[49m▀            [0m
         [38;2;49;49;49m▀▀▀▀▀▀               [0m
